   1  -0.002071061419000000000000000000  -0.972366963454000000000000000000
   2   0.055483504704000000000000000000  -0.970800743966000000000000000000
   3  -0.060218714815587997537988171525  -0.970537919867668973305435456443
   4   0.111238930143744116861640766293  -0.966020728522725942384620377204
   5  -0.117523148853456528647719500112  -0.965276363016660248952090332320
   6   0.193726735130127986093793207275  -0.952911380775213636991398512690
   7  -0.206863737796446193254694134454  -0.950145766191815507900596161179
   8   0.247543267763225077196261065461  -0.940368267276287461019141343766
   9  -0.260438460879000000000000000000  -0.936873684182000000000000000000
  10  -0.156930450130808646095082367565  -0.926635032573856861371340643349
  11   0.300496133687500236281975190824  -0.924809289072058869241168421342
  12  -0.029699367207758961081550479642  -0.924552517467054691601491511576
  13   0.025491857995916103302323726971  -0.924424170783638170712452761809
  14   0.146819250348578687121806970902  -0.923829157960878371871681295239
  15  -0.084766854894523211078138554673  -0.920856626204856981384253343261
  16  -0.313181810235000000000000000000  -0.920585490736000000000000000000
  17   0.080518962461220056889039279462  -0.920169104800783455337294119233
  18   0.370473562580775079308155965114  -0.899065896886213502190112253931
  19   0.214071295135229185377136121341  -0.896485299501254110795848495342
  20  -0.218247048140000000000000000000  -0.896129951614000000000000000000
  21  -0.271829464349000000000000000000  -0.882860551532000000000000000000
  22  -0.408114070834000000000000000000  -0.882601716820000000000000000000
  23  -0.352913830741000000000000000000  -0.882264466014000000000000000000
  24   0.266542539986616476123686645021  -0.879372255467544491273966511002
  25   0.420885141917966307598981912592  -0.876599021689960773799349730044
  26  -0.002680701811394546794746150381  -0.876426853497056086910614886748
  27   0.321444148863941226323303017385  -0.873724144718348982208602041651
  28  -0.112939528144628196255702903131  -0.872793817343282352932919655946
  29  -0.057748189498158796791334209734  -0.872730962234858376693376707019
  30   0.052383851265636505792251515207  -0.872687494356674982631001645034
  31  -0.168303511734645008646192674505  -0.872628169286777646503177645649
  32   0.108329184783328076555488006150  -0.872496477993056083168454448252
  33   0.164786340061058020809410325894  -0.871644184073583564037337040178
  34  -0.460133795259000000000000000000  -0.856637255631000000000000000000
  35  -0.304644611639000000000000000000  -0.838472433060000000000000000000
  36  -0.508008903878000000000000000000  -0.829142599800000000000000000000
  37   0.245960482912740453233219403503  -0.828162229701473726299045969196
  38   0.356239220172000000000000000000  -0.827652332572000000000000000000
  39   0.468053839309000000000000000000  -0.826713062233000000000000000000
  40  -0.413765106431000000000000000000  -0.826683200177000000000000000000
  41  -0.358564001708000000000000000000  -0.826645352102000000000000000000
  42   0.080194073587744525458700247071  -0.825014867548947610462161993047
  43  -0.251120662655000000000000000000  -0.824969208059000000000000000000
  44   0.024840845320643466698699530487  -0.824859985160941197499518597370
  45  -0.195925289735829803986944908773  -0.824846109971515967788424241358
  46  -0.085541888943876997295300061094  -0.824824327561195737517357167617
  47  -0.030350514671425649515589185430  -0.824820052971492121090061860492
  48  -0.140733262806634786454060588152  -0.824816359172523732525436600886
  49   0.135841914413510503668785879976  -0.824651545966242589114248149893
  50   0.191009171780939071176261754329  -0.823020127286130058324729846491
  51   0.300862091790065203432835759725  -0.822514118952278217233681501287
  52   0.411189112992912332479870569206  -0.822266022182861606759861793414
  53   0.533370722966549139744954144241  -0.813071841473583223888599852021
  54  -0.554246520288000000000000000000  -0.798970663154000000000000000000
  55   0.578641067536657672089910459062  -0.781501543488648609171181042390
  56  -0.446304671537000000000000000000  -0.780454547420000000000000000000
  57  -0.389158079283000000000000000000  -0.777264206102000000000000000000
  58  -0.333954713138000000000000000000  -0.777222945166000000000000000000
  59  -0.278753424288000000000000000000  -0.777182082117000000000000000000
  60   0.107706803217926952571998115915  -0.777169935522134116407955675536
  61   0.052471107607169657903975119005  -0.777082831433121766785685601876
  62  -0.223552464367000000000000000000  -0.777062439916000000000000000000
  63  -0.002720252384899458310313515984  -0.777042899243672690376228906399
  64  -0.168341266727490139657436996967  -0.777026340006802977217996812908
  65  -0.113114914570191113267689915975  -0.777014097488698236285855761694
  66  -0.057923540342267092483241693183  -0.777009282183321484399218843957
  67   0.162869834535252203669780679787  -0.775401380112282549092166875953
  68   0.218059039219059674726337463620  -0.774911994045127821647708874153
  69   0.273250101613798283305333075315  -0.774726402843850721367252701870
  70   0.328441472840668788529113074583  -0.774707575956370956553153750469
  71   0.438823582070684811536841904100  -0.774491301554232512247195315212
  72   0.383632226400516255683279114694  -0.774445786250488917467332265229
  73   0.494014840503687045962649461892  -0.774378142659392487903181854254
  74  -0.504630157485000000000000000000  -0.774044322554000000000000000000
  75  -0.581708414239000000000000000000  -0.751073239195000000000000000000
  76   0.630969229413214817837332642260  -0.739897276011202008668673749517
  77  -0.634958734109000000000000000000  -0.736450665156000000000000000000
  78  -0.472007714927000000000000000000  -0.729500593826000000000000000000
  79  -0.416800595873000000000000000000  -0.729469425782000000000000000000
  80  -0.361589202320000000000000000000  -0.729427539387000000000000000000
  81  -0.306387964947000000000000000000  -0.729386873461000000000000000000
  82   0.080164308925817095231711333879  -0.729342131678313129177075962696
  83  -0.251186359070000000000000000000  -0.729278166346000000000000000000
  84   0.024900924885765375542366549613  -0.729260492664091225846100023420
  85  -0.195971307944000000000000000000  -0.729245683723000000000000000000
  86  -0.030292791520119727537392421209  -0.729232409829835182988809926293
  87  -0.140738175487000000000000000000  -0.729225511182000000000000000000
  88  -0.085528140789542636561127125204  -0.729204461797202667240649535961
  89   0.135327340243142346329493882856  -0.727573576268461561861287153350
  90   0.190516544926949817386050685167  -0.727084190201306834416829159406
  91   0.245707607321688425965046296864  -0.726898599000029734136372987122
  92   0.300898978548558931188826278332  -0.726879772112549969322274026733
  93   0.522146696105000000000000000000  -0.726821084673000000000000000000
  94   0.411281090467822264490626853170  -0.726660110739866202790205617695
  95   0.356089732108406398342992337480  -0.726617982406667930236452548455
  96   0.466493790514231418949432104348  -0.726537996131274431720019056797
  97   0.577473304968530969073142621131  -0.726322524442108793033356450776
  98  -0.532264653813000000000000000000  -0.726245259131000000000000000000
  99   0.671930827682504798265007802753  -0.702907611514491285558695431001
 100  -0.680621507482000000000000000000  -0.694481720977000000000000000000
 101  -0.572290967466000000000000000000  -0.688223949958000000000000000000
 102   0.613327464978000000000000000000  -0.684165950034000000000000000000
 103  -0.499641772115000000000000000000  -0.681704484358000000000000000000
 104  -0.444426461883000000000000000000  -0.681676213592000000000000000000
 105  -0.389219830128000000000000000000  -0.681627480058000000000000000000
 106  -0.334013304993000000000000000000  -0.681585933721000000000000000000
 107   0.052603195402138285304405645958  -0.681525054878399788110417453718
 108  -0.278812160583000000000000000000  -0.681486933953000000000000000000
 109  -0.223597693310000000000000000000  -0.681454868086000000000000000000
 110  -0.002671614249454893684712352151  -0.681450003250253718458681021383
 111  -0.168369680620738338791605196936  -0.681439503742709310434035884750
 112  -0.057886288148705529084129892618  -0.681434012825729013107096742107
 113  -0.113139756938536405759630435782  -0.681416529575829579590477633380
 114  -0.627047351306000000000000000000  -0.681144842349000000000000000000
 115   0.107766226719463536402188208736  -0.679756499468548220794628651915
 116   0.162955431403271007458744993128  -0.679267113401393493350170651053
 117   0.218146490870737411622231892572  -0.679080653720741968080652158479
 118   0.273337862387525215727139366845  -0.679062696832772267057832045125
 119   0.383720690224000000000000000000  -0.678827122483000000000000000000
 120   0.549400812103736328254542089113  -0.678803865404737213887898879584
 121   0.328528566045476305426872918783  -0.678790590063018408245180325092
 122   0.494209440903215946242742224724  -0.678784961429201915416496536384
 123   0.438949576019287766812050546500  -0.678711182938145436844003788337
 124  -0.718940332965000000000000000000  -0.654732995092000000000000000000
 125   0.684487845247920313501457054902  -0.649163689791046429759296001624
 126  -0.665364464805000000000000000000  -0.641395755131000000000000000000
 127  -0.582494255548000000000000000000  -0.633964318821000000000000000000
 128  -0.527282586944000000000000000000  -0.633913828573000000000000000000
 129  -0.472053588478000000000000000000  -0.633885776928000000000000000000
 130  -0.416846657610000000000000000000  -0.633828887423000000000000000000
 131  -0.361637562193000000000000000000  -0.633783461688000000000000000000
 132   0.737491687729305554599592357292  -0.633779266026653337600493279434
 133   0.025030656266918016077326744850  -0.633714565464562280722998466488
 134  -0.306436054877000000000000000000  -0.633696206981000000000000000000
 135  -0.251213648091000000000000000000  -0.633659653494000000000000000000
 136  -0.195968924612511228006178392133  -0.633644425089813364513153112161
 137  -0.030211539107731400391151044337  -0.633620719844013923481088101357
 138  -0.085436581323639049437590522025  -0.633610700954538691292819001876
 139  -0.140716771448353392627843571232  -0.633608621411183167776195393961
 140   0.080193132959979341147769775620  -0.631928794639011652870409888731
 141   0.135382339215961466773431904292  -0.631439585901778679639083190241
 142   0.245764694674297577401821207402  -0.631251465676457761677127668134
 143   0.190573323634574957873171664012  -0.631232097930357398100535572519
 144   0.632311258350794294819997785552  -0.631172258716210300016630568476
 145   0.577115557237478173091861710075  -0.631075292148693670339734495915
 146   0.356180995051000000000000000000  -0.630986614991000000000000000000
 147   0.521874111905288129380119979035  -0.630966969722234220167086064763
 148   0.300974663837000000000000000000  -0.630952352707000000000000000000
 149   0.466681499587000000000000000000  -0.630942387528000000000000000000
 150   0.411406840169175185814596269480  -0.630883518200623023780583519657
 151  -0.718813462647000000000000000000  -0.599526474499000000000000000000
 152   0.772470989496000000000000000000  -0.590580616966000000000000000000
 153  -0.773142735852000000000000000000  -0.589754866039000000000000000000
 154  -0.665247483085000000000000000000  -0.586190102692000000000000000000
 155  -0.610037784523000000000000000000  -0.586125790481000000000000000000
 156  -0.554830316764000000000000000000  -0.586075546832000000000000000000
 157  -0.499610796397000000000000000000  -0.586055359008000000000000000000
 158  -0.444409198481000000000000000000  -0.585988912738000000000000000000
 159  -0.389196681965000000000000000000  -0.585945359056000000000000000000
 160  -0.002509268591358490629111949446  -0.585885282058322485745405534798
 161  -0.333995498253000000000000000000  -0.585866687512000000000000000000
 162  -0.223570904709106421171528412704  -0.585850926503697234865491684072
 163  -0.278773698336000000000000000000  -0.585830653866000000000000000000
 164  -0.057789221414830256751229986829  -0.585813196890794015291120335318
 165  -0.113027436660275948696066910607  -0.585810779258507673534887352846
 166  -0.168302820403151432879217448405  -0.585805925719230735544881137954
 167   0.052652456555921282472507866912  -0.584076445103291997862856805415
 168   0.660390304526000000000000000000  -0.583638349808000000000000000000
 169   0.107841646231803395824651731505  -0.583585369474260353814315929344
 170   0.218233123448000000000000000000  -0.583393620955000000000000000000
 171   0.163032641762817167305832792724  -0.583380858717722764212986321919
 172   0.604795293533000000000000000000  -0.583319305653000000000000000000
 173   0.549583164657000000000000000000  -0.583234350243000000000000000000
 174   0.494329807639526418563809708633  -0.583140208229644499833751110516
 175   0.328658640354000000000000000000  -0.583135763889000000000000000000
 176   0.439132711883000000000000000000  -0.583110522415000000000000000000
 177   0.273451530355000000000000000000  -0.583103051722000000000000000000
 178   0.383885012218868174449512633853  -0.583043819219257960823800594218
 179   0.716307644892000000000000000000  -0.582809336875000000000000000000
 180   0.805356682008000000000000000000  -0.544941379197000000000000000000
 181  -0.805540009389000000000000000000  -0.544670345520000000000000000000
 182  -0.748008644991000000000000000000  -0.540608284917000000000000000000
 183   0.750432491787000000000000000000  -0.539420503762000000000000000000
 184  -0.692852305368000000000000000000  -0.538386888015000000000000000000
 185  -0.637651685133000000000000000000  -0.538327684058000000000000000000
 186  -0.582450360148000000000000000000  -0.538281113837000000000000000000
 187  -0.527237816729000000000000000000  -0.538264847937000000000000000000
 188  -0.472036442127000000000000000000  -0.538191099466000000000000000000
 189  -0.416826753195000000000000000000  -0.538144580653000000000000000000
 190  -0.030086950898457346989190891782  -0.538077759105102577555437768849
 191  -0.361622817657000000000000000000  -0.538077337010000000000000000000
 192  -0.195975762222990371690260543830  -0.538053479673088441263083623315
 193  -0.306404962899322734400623007505  -0.538046654398047407290614848808
 194  -0.140660933763308719977828016168  -0.538035496420929400230965057297
 195  -0.085406237674164961150777331033  -0.538028385231799645619151857351
 196  -0.251167128786535675830455384748  -0.538023997436146879780373541985
 197   0.025074094580639521934423547770  -0.536248312738868095381381296350
 198   0.080263361644177087933205917844  -0.535766012683457275621613155930
 199   0.687666295286000000000000000000  -0.535625293930000000000000000000
 200   0.190655082487000000000000000000  -0.535566931407000000000000000000
 201   0.135454348224996101595564004448  -0.535559100649546165887085575485
 202   0.632467443389000000000000000000  -0.535557219955000000000000000000
 203   0.577266180069000000000000000000  -0.535474571496000000000000000000
 204   0.522045757271000000000000000000  -0.535394752913000000000000000000
 205   0.466800874825378351298029810085  -0.535304597326594004282402816417
 206   0.301125059763000000000000000000  -0.535291643761000000000000000000
 207   0.245899974387000000000000000000  -0.535269635895000000000000000000
 208   0.411598631421000000000000000000  -0.535266879659000000000000000000
 209   0.356352743812088888308036063020  -0.535210128072421039542737508553
 210  -0.835390067099000000000000000000  -0.497678538626000000000000000000
 211  -0.780088695738000000000000000000  -0.495686718447000000000000000000
 212   0.782664282696000000000000000000  -0.494608001347000000000000000000
 213   0.837854629218000000000000000000  -0.493518097252000000000000000000
 214   0.721786325716000000000000000000  -0.492234123186000000000000000000
 215  -0.722353206987000000000000000000  -0.491602181046000000000000000000
 216  -0.665394689273000000000000000000  -0.490499117702000000000000000000
 217  -0.610115421624000000000000000000  -0.490485011400000000000000000000
 218  -0.554857795574000000000000000000  -0.490471042693000000000000000000
 219  -0.499656783068000000000000000000  -0.490390323573000000000000000000
 220  -0.444455497083000000000000000000  -0.490345758608000000000000000000
 221  -0.057703967157792051388738233558  -0.490292947446108207883469294746
 222  -0.389252838945000000000000000000  -0.490288511353000000000000000000
 223  -0.168333875583147658788871103403  -0.490283050374787105949167524770
 224  -0.334042047581000000000000000000  -0.490259764406000000000000000000
 225  -0.113039734777197732432538430305  -0.490253102394221372315229558798
 226  -0.278809491578138395937342996976  -0.490249397416965173076118171949
 227  -0.223563803252969023438497571046  -0.490231275899893381363890478511
 228  -0.002543871987538755205816753320  -0.488435068773395519491987395559
 229   0.052645535361318178332498363945  -0.487969097920382188427165454295
 230   0.107836531985534640719252733336  -0.487764882397836213405771952784
 231   0.163054371685000000000000000000  -0.487749365550000000000000000000
 232   0.549734381531000000000000000000  -0.487629214422000000000000000000
 233   0.605205079538000000000000000000  -0.487558510354000000000000000000
 234   0.494508769125000000000000000000  -0.487554667761000000000000000000
 235   0.660599563779000000000000000000  -0.487520769959000000000000000000
 236   0.439274048920263150964945429986  -0.487467773979475725919943812228
 237   0.218297455148461729214277200705  -0.487467278882557636975224152250
 238   0.273563290936000000000000000000  -0.487463484080000000000000000000
 239   0.384059131276000000000000000000  -0.487435954418000000000000000000
 240   0.328791327949778570741365084355  -0.487393225537661315871170135720
 241  -0.809455595173298803192618159243  -0.448952919261561962826687696586
 242   0.754018497040000000000000000000  -0.447421141850000000000000000000
 243  -0.754220982238000000000000000000  -0.446443842874000000000000000000
 244   0.809305138013000000000000000000  -0.446260529891000000000000000000
 245  -0.864654249147000000000000000000  -0.444892494601000000000000000000
 246   0.864709354422000000000000000000  -0.444662539568000000000000000000
 247   0.694715800902000000000000000000  -0.444123797789000000000000000000
 248  -0.694784196825000000000000000000  -0.443771805851000000000000000000
 249  -0.637776991026000000000000000000  -0.442703207141000000000000000000
 250  -0.582498681173000000000000000000  -0.442688414512000000000000000000
 251  -0.527297190164000000000000000000  -0.442602086988000000000000000000
 252  -0.472096073450000000000000000000  -0.442552552092000000000000000000
 253  -0.085337464260824822670499337201  -0.442517664608529934579546988562
 254  -0.416888794963000000000000000000  -0.442503464585000000000000000000
 255  -0.140712676597036671243581530908  -0.442500656348079078033432025210
 256  -0.361671525461000000000000000000  -0.442471779326000000000000000000
 257  -0.195904043170859134164728253356  -0.442471193356475996645005966749
 258  -0.251203885234540543669000704906  -0.442457993265630262854317290453
 259  -0.306441617403000000000000000000  -0.442456510039000000000000000000
 260  -0.030178428158549364109381613752  -0.440628604360206906401907913409
 261   0.025011119123067907119393492055  -0.440179512828274561424244828470
 262   0.080202134349113012956677170161  -0.439980388062414139780691632313
 263   0.135416630223000000000000000000  -0.439956166406000000000000000000
 264   0.577419611194000000000000000000  -0.439861264115000000000000000000
 265   0.632880625961000000000000000000  -0.439789005878000000000000000000
 266   0.522199478662000000000000000000  -0.439787795924000000000000000000
 267   0.466982834705000000000000000000  -0.439707169033000000000000000000
 268   0.190658402988905561285408129235  -0.439695209552506052923926417001
 269   0.245944604759914765514159398620  -0.439678838251904974582847707744
 270   0.411761643643446095099966902993  -0.439622655438102137926299140884
 271   0.356491114472107745794953374196  -0.439622635371670861179874449181
 272   0.301183343635999433365640594420  -0.439603195045057037079133716782
 273  -0.833501298791244573613113346095  -0.399275037363559997392794012941
 274   0.779032846977000000000000000000  -0.398214325380000000000000000000
 275   0.834220635998000000000000000000  -0.397002447850000000000000000000
 276   0.723465009987000000000000000000  -0.396996861330000000000000000000
 277  -0.778364928683997076179535489690  -0.396811604037783498712792081888
 278  -0.723174819246569710543550487839  -0.396437929528735178274558611105
 279   0.666988222870000000000000000000  -0.396383001404000000000000000000
 280  -0.667164552945000000000000000000  -0.395959710432000000000000000000
 281  -0.888532272467155851916467466544  -0.395070308045865265874928290094
 282  -0.610149322035000000000000000000  -0.394913297541000000000000000000
 283  -0.554948122936000000000000000000  -0.394825362270000000000000000000
 284  -0.113010406080663761481542426137  -0.394765218562387640297749466699
 285  -0.499745501345000000000000000000  -0.394763957788000000000000000000
 286  -0.444532819433000000000000000000  -0.394716029374000000000000000000
 287  -0.223542562495578187332354433138  -0.394698815752979505756556683829
 288  -0.168282844184748146619438673943  -0.394688799329767968729270463143
 289  -0.389306740431000000000000000000  -0.394687102529000000000000000000
 290  -0.278824796576000000000000000000  -0.394669523472000000000000000000
 291  -0.334070093017000000000000000000  -0.394666009328000000000000000000
 292   0.889299461649000000000000000000  -0.393328055861000000000000000000
 293  -0.057853506563552927461027732899  -0.392814770405358000720331981567
 294  -0.002663698971482180406855685617  -0.392398897463064562203603329067
 295   0.052527282463665782241724588925  -0.392190617413432808191144716830
 296   0.107766145267389077614566063883  -0.392164981398336926565032339837
 297   0.605093369166000000000000000000  -0.392097007811000000000000000000
 298   0.549885275268000000000000000000  -0.392019316505000000000000000000
 299   0.162990203555655307365185960991  -0.391940015568230248283304588458
 300   0.494672224268000000000000000000  -0.391939783459000000000000000000
 301   0.218300960231062486477513336587  -0.391909058649414991684581042703
 302   0.439454735831000000000000000000  -0.391863221362000000000000000000
 303   0.273498540245923933906215537781  -0.391857624846275393402800154741
 304   0.384143723291838772816033710098  -0.391838366306566490976645935095
 305   0.328874684770390343872931287786  -0.391837484719150966002774464690
 306  -0.857399540351060222454091418093  -0.349497939187736446608708482400
 307  -0.747097667936924932828475302250  -0.346589539952401960859517950225
 308  -0.691906302555925199229683141275  -0.346557921367585374692484852537
 309  -0.139855901318921243299543456518  -0.346542742498143318437212243606
 310   0.798419180665000000000000000000  -0.346531499875000000000000000000
 311  -0.802288988137494653033865411366  -0.346512165072069826186913626680
 312  -0.636714953725455028902580405928  -0.346504755332557033938919323067
 313  -0.250375578270824507484459489658  -0.346469394475513364082839439983
 314  -0.195122908962048599237936245983  -0.346463300523594514309048803976
 315  -0.581523651548552083434662232221  -0.346415444797288985029752558015
 316  -0.305566892433593064299547408220  -0.346387826463985626009746793493
 317  -0.360758246058202174137408985889  -0.346339894874521615632784274219
 318  -0.526332347254783927915860130023  -0.346327452146400215308585761279
 319  -0.471140978839832814963391448223  -0.346301667673197401981746134252
 320  -0.415949604529534319224231725853  -0.346297913416291370962569104858
 321   0.855100911680000000000000000000  -0.345902546915000000000000000000
 322   0.743228892128000000000000000000  -0.345453087684000000000000000000
 323   0.688027685097000000000000000000  -0.345343469057000000000000000000
 324   0.632835184331000000000000000000  -0.344366196239000000000000000000
 325   0.577617018710000000000000000000  -0.344223280361000000000000000000
 326  -0.029531884618571531182999247717  -0.344147861669012806192879242182
 327   0.522417493433000000000000000000  -0.344136532582000000000000000000
 328   0.467220995916000000000000000000  -0.344050058058000000000000000000
 329  -0.084723064861552965845907369045  -0.344001452172540004252170895800
 330   0.080850396168365859976283445759  -0.343980688885052093344424878453
 331   0.412025438998683334641212933164  -0.343968530771011869455861414109
 332   0.025659047855348011433481707989  -0.343926988372358484289853955396
 333   0.356833999732368815048000829056  -0.343877269452352937525941671857
 334   0.301642643665612664872366455515  -0.343832237614051917664986654165
 335   0.191246013441726472923472658444  -0.343803781739494614379237396044
 336   0.136041388077920844111671618038  -0.343775203135283505769683994999
 337   0.246451333519478866424615992724  -0.343747995657818054293352384308
 338   0.910183318409000000000000000000  -0.342223354134000000000000000000
 339  -0.911519696225327248868857012191  -0.338676823695377909431656062412
 340  -0.830995382942008710231077494234  -0.299373744333978801160864212507
 341   0.826233510532000000000000000000  -0.298850161025000000000000000000
 342  -0.167420732031089773824826994868  -0.298727808427673115445685274764
 343  -0.719495418488826045461345971200  -0.298704634635973549802184052229
 344  -0.664299675241563454368619024168  -0.298701293624928928714946982230
 345  -0.774694798615030663931298693025  -0.298687332524193899436336273671
 346  -0.222754513325926920292271754008  -0.298686922964888557126012551187
 347  -0.609101093291932686248995621095  -0.298607783076134177113829900873
 348  -0.277945827488695477107359663593  -0.298605354953360819052919896646
 349  -0.333137181113304586945221252840  -0.298557423363896808675957383302
 350  -0.553902641487428799712989316320  -0.298508547403588018626741690989
 351  -0.388328522865327823523648681784  -0.298497357023086606701193196059
 352  -0.498711270205698858436465983320  -0.298489882030375255156433169733
 353  -0.443519895965776842381043650398  -0.298485206263681197241159831471
 354   0.771039315183000000000000000000  -0.297624288187000000000000000000
 355   0.715772325569000000000000000000  -0.297564370035000000000000000000
 356   0.660569504908000000000000000000  -0.296626048603000000000000000000
 357   0.605334615856000000000000000000  -0.296490737746000000000000000000
 358   0.550094736704000000000000000000  -0.296375942246000000000000000000
 359   0.494895658264000000000000000000  -0.296287224255000000000000000000
 360  -0.057096524949401675354689967075  -0.296207035482234014120010202932
 361   0.439700073784796897502678497497  -0.296203343875938578300251735102
 362  -0.112287895573721496371190918858  -0.296186518102069801260643915381
 363   0.384508753718024060947244047476  -0.296125873617389319633633454726
 364   0.053286123163386570927408719404  -0.296123088295274635001541061480
 365  -0.001905247770775100595787280805  -0.296103422037473661448719545048
 366   0.329313963327163205941914019790  -0.296036539852877977088394702159
 367   0.163668442631316462948408588764  -0.295996194469786645373829623892
 368   0.274122607260407055766279662944  -0.295991508014576957227439695362
 369   0.108477121651808844206727364761  -0.295919377213366902901539251506
 370   0.218911020072450025795364356264  -0.295918936001649566215673337566
 371   0.893226567738000000000000000000  -0.289680693932000000000000000000
 372  -0.901034813161494212017612544791  -0.284490524324672874886072447501
 373   0.937787937285000000000000000000  -0.257080433641000000000000000000
 374   0.853789613444000000000000000000  -0.251022831175000000000000000000
 375  -0.195052336394968094879162501742  -0.250951430868967158262649000667
 376  -0.747047634706791263361826712157  -0.250882430652547439864050034801
 377  -0.691856260274952401782523133089  -0.250881606950385295349663019441
 378  -0.802239004793408925981119396941  -0.250860514541424959539882194510
 379  -0.250295737493901832477870159470  -0.250837609230237278871010543791
 380  -0.636664958104890844836787129504  -0.250792292187439028532974303928
 381  -0.305499994326880432494408929019  -0.250784274850466968049286819486
 382  -0.360691299998608002752077246337  -0.250697150778857524177009261499
 383  -0.581469028474000000000000000000  -0.250688092526000000000000000000
 384  -0.415882670485066562997163268694  -0.250676265846665635884935708525
 385  -0.526268717815000000000000000000  -0.250670390968000000000000000000
 386  -0.471074043440768945410336466189  -0.250663474502508697136704395444
 387  -0.857430003949275885494613666402  -0.250656984369179576859409662522
 388   0.743417445424000000000000000000  -0.249769360160000000000000000000
 389   0.798616459919000000000000000000  -0.249349310895000000000000000000
 390   0.688225514954000000000000000000  -0.248844540245000000000000000000
 391   0.633026398515000000000000000000  -0.248738489449000000000000000000
 392   0.577792882911000000000000000000  -0.248626497408000000000000000000
 393   0.522570984992000000000000000000  -0.248524769048000000000000000000
 394   0.467373722336000000000000000000  -0.248442025632000000000000000000
 395  -0.084733369618240411971752200474  -0.248365644921808434293751168065
 396   0.412180371120811364999835452930  -0.248360298158976246570292717268
 397  -0.139924704581288326990302093652  -0.248299634691037184331364782501
 398   0.356989048111021451052559427363  -0.248284953730143936659266300173
 399   0.025649228059191296049275738426  -0.248282519974780204458365592667
 400  -0.029542132039198228123868798773  -0.248242735005025719240776844607
 401   0.301774173193366848477124913208  -0.248207178873032401901603239957
 402   0.191222906342745041776987761934  -0.248175285424375481613021935331
 403   0.246581488036324090677555467483  -0.248162912339617302316240758520
 404   0.136031585363237423035306540353  -0.248098468167955739140731559092
 405   0.080840215558594132933483505915  -0.248075853105927292189150565386
 406  -0.940734122803269175919228276557  -0.246149259004910734046295899451
 407   0.898226633819000000000000000000  -0.218273248268000000000000000000
 408  -0.896647187645000000000000000000  -0.210907076668000000000000000000
 409  -0.222575588588980196245162615254  -0.203112551272777515464510053199
 410  -0.719454623193999367626443890718  -0.203083753599632517475178909568
 411  -0.774648037306030561273136735932  -0.203060657580714798008475235438
 412  -0.277851691383363923726215828934  -0.203017558858078941733820090184
 413  -0.664259525088000000000000000000  -0.202988146408000000000000000000
 414  -0.333042988361365816357820166364  -0.202925091350700259509456823769
 415  -0.609061111929000000000000000000  -0.202876897367000000000000000000
 416  -0.388244589220521385888823139058  -0.202875565010425362466779576768
 417  -0.443455059555501159371994497694  -0.202865689890058498530348589738
 418  -0.553859736949000000000000000000  -0.202859263887000000000000000000
 419  -0.829839036461897520786630986753  -0.202857127408469415328002690688
 420  -0.498658685660000000000000000000  -0.202855078612000000000000000000
 421   0.951097877869000000000000000000  -0.202418671891000000000000000000
 422   0.826798717727000000000000000000  -0.201879078856000000000000000000
 423   0.771226617194000000000000000000  -0.201412500445000000000000000000
 424   0.716015701879000000000000000000  -0.201137882146000000000000000000
 425   0.660717295513000000000000000000  -0.200988973722000000000000000000
 426   0.605507310636000000000000000000  -0.200891226012000000000000000000
 427   0.550266150541000000000000000000  -0.200774684252000000000000000000
 428   0.495046970352000000000000000000  -0.200679870676000000000000000000
 429   0.439850499054000000000000000000  -0.200601062663000000000000000000
 430  -0.112256033979064090167905559429  -0.200526427131010811072898913834
 431   0.384656452909441539877078719339  -0.200521801750249663775124118556
 432  -0.167447956775300428356302218854  -0.200460755094847541533225823970
 433   0.329452354075031835771410147269  -0.200453810173647029242816155020
 434  -0.001873427850150978666287591165  -0.200429011257452525647039153746
 435   0.218891524959627189296572547494  -0.200420334307371453098681146258
 436  -0.057064796400021906320022171319  -0.200403517214228096019924586300
 437   0.274236912361364324021250568741  -0.200376361629082018953032985214
 438   0.163700354311392286521935098428  -0.200270351537241632599904952926
 439   0.108508980996800385188563911013  -0.200259215861481481586065946391
 440   0.053317611192157095086740861515  -0.200236600799453034634484948764
 441  -0.953184092616620160699567541412  -0.192380438448750392340843216621
 442   0.908180253398000000000000000000  -0.163979286798000000000000000000
 443  -0.250131542478442287493508285316  -0.155292500900619178327319581857
 444  -0.747035881342103071588714287209  -0.155273037265640882039868998100
 445  -0.691839898273000000000000000000  -0.155173337551000000000000000000
 446  -0.305388083835883998764523260665  -0.155162197091239736758319495037
 447  -0.360579411749674651339665911784  -0.155090534923016844758232132218
 448  -0.857446180639301729772716013756  -0.155066611584490924251490920738
 449  -0.802237600782063388396600741433  -0.155063314411744609351058624114
 450  -0.415813722260931701107806890186  -0.155063111447006574437230034736
 451  -0.636643515741000000000000000000  -0.155061396760000000000000000000
 452  -0.471034787778000000000000000000  -0.155052294487000000000000000000
 453  -0.581442966365000000000000000000  -0.155043276539000000000000000000
 454  -0.526241541070000000000000000000  -0.155039296107000000000000000000
 455  -0.912637401548985046279844395305  -0.154936431507456295605305686502
 456   0.798790282828000000000000000000  -0.153559780438000000000000000000
 457   0.853991368220000000000000000000  -0.153480451663000000000000000000
 458   0.743594237793000000000000000000  -0.153317440424000000000000000000
 459   0.688394797310000000000000000000  -0.153226494400000000000000000000
 460   0.633198364841000000000000000000  -0.153141893988000000000000000000
 461   0.577989496148000000000000000000  -0.153043485761000000000000000000
 462   0.522739666014000000000000000000  -0.152926764513000000000000000000
 463   0.467524003043000000000000000000  -0.152838783992000000000000000000
 464   0.412327551331303679883610415728  -0.152761805657314774603484638738
 465   0.357120829048118525246754687896  -0.152690042103319881324954926228
 466  -0.139812708221510067775928341923  -0.152686485349260121861341131970
 467   0.246526278581232796944016222386  -0.152645778269381132232269877314
 468  -0.195004060993115540862081892454  -0.152637581421825437255660411681
 469   0.301915320900402135618462280253  -0.152622861863026372989493382696
 470  -0.029430108913663769414723136832  -0.152569921153365743039579329508
 471  -0.084621482170640573176141993132  -0.152558503492162624605897894406
 472   0.191335107932997894169378781314  -0.152495795499251311733493676033
 473   0.136143768751047113010962972114  -0.152433412354202739859390007236
 474   0.080952394483417568553130399471  -0.152429075954654975355300553416
 475   0.025761024531993839857342069278  -0.152406821988635501341061214553
 476   0.961051547631000000000000000000  -0.148122971986000000000000000000
 477  -0.963386912411000000000000000000  -0.131982470557000000000000000000
 478  -0.277647144648524093755552027687  -0.107449220812693443940298717596
 479  -0.774469220903223412334437597943  -0.107366303066605207324897691460
 480  -0.332925935076296587126467525655  -0.107324526897779618964633397304
 481  -0.719277909993488467255470021770  -0.107282562879752646915291665618
 482  -0.829844744959467597382685771883  -0.107272798587766118274546850187
 483  -0.388117271866791808058422864410  -0.107260062705778492174400315405
 484  -0.443308611140532339694149544590  -0.107197760821476019489173770439
 485  -0.498499979350137648960069118680  -0.107171540491765813922074751281
 486  -0.664086648715745388381275037226  -0.107170800069215861461218102450
 487  -0.608890919067000000000000000000  -0.107154669068000000000000000000
 488  -0.553694353904000000000000000000  -0.107151489555000000000000000000
 489  -0.885057153603923140134465205387  -0.107130388629564486392939681303
 490   0.883922263571000000000000000000  -0.107001450509000000000000000000
 491   0.826486435250000000000000000000  -0.105618992824000000000000000000
 492   0.771285213116000000000000000000  -0.105540659454000000000000000000
 493   0.716079557361000000000000000000  -0.105460986463000000000000000000
 494   0.660878913425000000000000000000  -0.105376041233000000000000000000
 495   0.605682385142000000000000000000  -0.105294070712000000000000000000
 496   0.550467671829000000000000000000  -0.105200895835000000000000000000
 497   0.495215711639000000000000000000  -0.105086222154000000000000000000
 498   0.439999227153597751676763801633  -0.104999702735467442852010887800
 499   0.384795836895466117533799945873  -0.104927795658388119190090837318
 500   0.274201048043392064805552885087  -0.104894391403968956011481503242
 501   0.329587216276704290538469691479  -0.104857124775315136071965646465
 502  -0.167329179476307026912026111252  -0.104843705099384860939535142310
 503  -0.222520513250589968710247316710  -0.104776708311277376287260188929
 504   0.219009944461682668820903499357  -0.104721481638640462714910271644
 505  -0.056946649870001398514455001573  -0.104709785379111932229501986514
 506  -0.112138020566555202882266809959  -0.104689463235925152168316588939
 507   0.163818612473647406875871353565  -0.104653029170479459580244675784
 508   0.108627273291696625717455548881  -0.104590646025430887706141015002
 509   0.053435899024067081259622971634  -0.104586309625883123202051553224
 510  -0.001755470509930252832430026212  -0.104563043434261678432569466874
 511   0.943536359280000000000000000000  -0.095776478963000000000000000000
 512  -0.969337911605000000000000000000  -0.077102941493000000000000000000
 513  -0.916345514403000000000000000000  -0.061660575908000000000000000000
 514  -0.305178779882048770684959610228  -0.059615165227555523494555637688
 515  -0.802073684704626420236203917850  -0.059574238970241335472002941090
 516  -0.360472196865812599348310873577  -0.059491478463159828646574933533
 517  -0.746874395686000000000000000000  -0.059468409543000000000000000000
 518  -0.415663536139553130984037565290  -0.059429176578857355961348400506
 519  -0.857336392060946871841007678447  -0.059405686515969584942063781857
 520  -0.470871540147794453864775808970  -0.059381730487554003309504358686
 521  -0.691678066372000000000000000000  -0.059354886603000000000000000000
 522  -0.526077986531000000000000000000  -0.059354259253000000000000000000
 523  -0.636480854320000000000000000000  -0.059337799830000000000000000000
 524  -0.581279588396000000000000000000  -0.059333771272000000000000000000
 525   0.854160444203000000000000000000  -0.057855790482000000000000000000
 526   0.798959432705000000000000000000  -0.057771680395000000000000000000
 527   0.743758822363000000000000000000  -0.057692358334000000000000000000
 528   0.688557849960000000000000000000  -0.057610028178000000000000000000
 529   0.633359895860000000000000000000  -0.057528930125000000000000000000
 530   0.578161204235000000000000000000  -0.057451951858000000000000000000
 531   0.522944253991000000000000000000  -0.057360065753000000000000000000
 532   0.467690284136000000000000000000  -0.057246618752000000000000000000
 533   0.412469889135188892846054479900  -0.057164325025846394240532240207
 534   0.301862009755095069453027629293  -0.057135004792145494947732193805
 535   0.357262670733505960177155444793  -0.057094621255555372941190912157
 536  -0.194861383272001253276139933734  -0.057001957096695753184957847171
 537   0.246670937484659063258199385485  -0.056952374035066023245070146156
 538  -0.250052712162104153260724402282  -0.056931050831706918541559261371
 539   0.191479607414035061456236574435  -0.056882392685004103259976655406
 540  -0.084478881157072717195444000614  -0.056848038410490933919635416487
 541  -0.139670254544375192619346680640  -0.056837269135596456093276672379
 542   0.136288273345990896112156393931  -0.056815638333317074055628573969
 543   0.081096935128554431668337629688  -0.056752407625122240785075758417
 544   0.025904194279000000000000000000  -0.056746546902000000000000000000
 545  -0.029287645266369621290942975873  -0.056724372688934324774580538242
 546   0.909114149516000000000000000000  -0.052627401828000000000000000000
 547   0.971213085083000000000000000000  -0.048017032209000000000000000000
 548  -0.956154011732000000000000000000  -0.023105536748000000000000000000
 549  -0.888619374734000000000000000000  -0.013933145809000000000000000000
 550  -0.332718636504721818568058368814  -0.011785842531571910627920248709
 551  -0.829559319858816789528032045761  -0.011713736752602036788516798598
 552  -0.388017723965798547361321557643  -0.011656424907248478735086061864
 553  -0.774364744568000000000000000000  -0.011604098756000000000000000000
 554  -0.443209396503800058210712125285  -0.011603311305479062231818874201
 555  -0.498400727392965792174477882146  -0.011533978509905925755353457722
 556  -0.553592089937035712761938218407  -0.011497744783110358591838114430
 557  -0.719169647142000000000000000000  -0.011490766983000000000000000000
 558  -0.663976494079000000000000000000  -0.011474820705000000000000000000
 559  -0.608783459247686086203940907714  -0.011473954673362924321073252991
 560   0.826644648105000000000000000000  -0.010001492811000000000000000000
 561   0.771435793475000000000000000000  -0.009923406612000000000000000000
 562   0.716234117194000000000000000000  -0.009842706120000000000000000000
 563   0.661033367696000000000000000000  -0.009761649748000000000000000000
 564   0.605836108697000000000000000000  -0.009684538980000000000000000000
 565   0.550636754365000000000000000000  -0.009611694575000000000000000000
 566   0.495418697515000000000000000000  -0.009520445162000000000000000000
 567   0.440161690879017262845341379047  -0.009410763297018528698662472119
 568   0.329527543356616055744696637409  -0.009378266389098800724626633772
 569   0.384937190120428561376555564062  -0.009330881732303986480373681117
 570   0.274336573159507809709330551195  -0.009167029423036876589583582070
 571  -0.222402682364574682951326493080  -0.009147641025347246059394891333
 572   0.219145229283317572718317635604  -0.009108947635529096083926460327
 573  -0.277594005490914928147015739801  -0.009072382020423610703936903162
 574   0.163953897910477554975834696191  -0.009040000936646008364896826352
 575  -0.112020192213184274700716709074  -0.008995251460856213909128847698
 576  -0.167211564372992461569577129175  -0.008979393608811660924919025800
 577   0.108762378021000000000000000000  -0.008975793939000000000000000000
 578   0.053569247425000000000000000000  -0.008913402753000000000000000000
 579  -0.001628694426000000000000000000  -0.008905885593000000000000000000
 580  -0.056828934225481555833098269195  -0.008881875587044789982004918803
 581   0.936799415083000000000000000000  -0.004857136706000000000000000000
 582   0.881597572115000000000000000000  -0.004772959598000000000000000000
 583  -0.971945340786000000000000000000   0.029788495652000000000000000000
 584  -0.916872839673000000000000000000   0.033484169854000000000000000000
 585  -0.860836791090000000000000000000   0.033761325774000000000000000000
 586  -0.360256392868806291176452889534   0.036044689420166267798335693749
 587  -0.802053476696000000000000000000   0.036144859474000000000000000000
 588  -0.415569007074735477510193058075   0.036167984307719211744681885710
 589  -0.470760334299877029931939542429   0.036240174897622190375734083205
 590  -0.525954150393480690918229228665   0.036287530179266755206367261945
 591  -0.746857166736000000000000000000   0.036290683568000000000000000000
 592  -0.581160840529000000000000000000   0.036317369285000000000000000000
 593  -0.636386704883000000000000000000   0.036333932315000000000000000000
 594  -0.691625362214000000000000000000   0.036342772005000000000000000000
 595   0.799108046302000000000000000000   0.037841324668000000000000000000
 596   0.743906963663000000000000000000   0.037923856719000000000000000000
 597   0.688706624134000000000000000000   0.038004505908000000000000000000
 598   0.633508494762000000000000000000   0.038082162021000000000000000000
 599   0.971630078480000000000000000000   0.038131371522000000000000000000
 600   0.578312575890000000000000000000   0.038156230761000000000000000000
 601   0.523112767874000000000000000000   0.038228772300000000000000000000
 602   0.467892156894434278077835695942   0.038316753114259869364879160418
 603   0.357191546120488424007396280388   0.038379358797193530686195729633
 604   0.412629305544086115329285795785   0.038422860547749807614702394347
 605   0.302000631041878065854466129201   0.038604536814640786549673573168
 606   0.246809300525411889474703440180   0.038674165660035903915588298571
 607  -0.249941005013960867600451801599   0.038716305906949799952666618109
 608   0.191617956779202916441696991558   0.038732370829233795685375370152
 609  -0.305132353200050115621602582915   0.038770136713972776164042758207
 610   0.136425873412000000000000000000   0.038798909691000000000000000000
 611  -0.139558447682044370620226435538   0.038854086712321460288222590484
 612  -0.194749821619139843593384675829   0.038861522411362144195640286618
 613   0.081232765114000000000000000000   0.038862521222000000000000000000
 614   0.026032048816000000000000000000   0.038922089565000000000000000000
 615  -0.029169839668000000000000000000   0.038934439717000000000000000000
 616  -0.084367169904059365879627540014   0.038957380406321967847850224683
 617   0.854061567171000000000000000000   0.043065620814000000000000000000
 618   0.909432054342000000000000000000   0.043080850699000000000000000000
 619  -0.947835169251000000000000000000   0.080207217223000000000000000000
 620  -0.889088340914000000000000000000   0.081175832944000000000000000000
 621  -0.833327849290000000000000000000   0.081626442944000000000000000000
 622  -0.387806235992523094416470798448   0.083868260556296572950949878302
 623  -0.443099298323000000000000000000   0.084018256582000000000000000000
 624  -0.498314979085000000000000000000   0.084061582868000000000000000000
 625  -0.774644140297000000000000000000   0.084089288058000000000000000000
 626  -0.553529198410000000000000000000   0.084099296204000000000000000000
 627  -0.719286432718000000000000000000   0.084112559518000000000000000000
 628  -0.608759462941000000000000000000   0.084118816815000000000000000000
 629  -0.663999183588000000000000000000   0.084132048599000000000000000000
 630   0.771579815547000000000000000000   0.085687560900000000000000000000
 631   0.716378925467000000000000000000   0.085769226920000000000000000000
 632   0.661178830348000000000000000000   0.085848837002000000000000000000
 633   0.605981528692000000000000000000   0.085924893495000000000000000000
 634   0.550786766186000000000000000000   0.085995705652000000000000000000
 635   0.944098210424000000000000000000   0.086044847886000000000000000000
 636   0.495585820921290265679534340602   0.086066403212961306648995301834
 637   0.384872975639472691047208042640   0.086126885142957539521594878721
 638   0.440361031598430040212315277686   0.086151102198256373964919035914
 639   0.329682111878451799330809873183   0.086364308112260309074774225077
 640   0.274490834512384481736831448184   0.086467821665706641713668312368
 641   0.219299490336301922933900970100   0.086525617782526815116239682085
 642  -0.277492386998182138581451544272   0.086548894138953710409680269710
 643   0.164106826599000000000000000000   0.086583219335000000000000000000
 644  -0.332683710122034294174027784175   0.086624154968500097087012199209
 645   0.108905770233000000000000000000   0.086643221784000000000000000000
 646  -0.167109839102034465705971832210   0.086689236230715870009467729384
 647   0.053688663972000000000000000000   0.086694034433000000000000000000
 648  -0.222301212905674641487685496900   0.086697604072888627315714454572
 649  -0.001529071830000000000000000000   0.086746243504000000000000000000
 650  -0.056725657540000000000000000000   0.086760548423000000000000000000
 651  -0.111918439720000000000000000000   0.086785657529000000000000000000
 652   0.881734365247000000000000000000   0.090830571545000000000000000000
 653   0.826532500025000000000000000000   0.090913210935000000000000000000
 654  -0.912034961881000000000000000000   0.131372776244000000000000000000
 655  -0.856842054155052042154526385730   0.131562902261001021550017670291
 656  -0.415234184856481996275562795794   0.131761845027183456629413999410
 657  -0.470497395800263251702882409461   0.131928955057556726826904859210
 658  -0.525689318332214706736072347717   0.131986837988239211721713364596
 659  -0.580880903715000000000000000000   0.132038519309000000000000000000
 660  -0.636074050982000000000000000000   0.132086515388000000000000000000
 661  -0.691267105125000000000000000000   0.132126952383000000000000000000
 662  -0.746460255638000000000000000000   0.132168111779000000000000000000
 663  -0.801653268087000000000000000000   0.132245803596000000000000000000
 664   0.744050037804000000000000000000   0.133534535429000000000000000000
 665   0.688849900640000000000000000000   0.133615796930000000000000000000
 666   0.633652745827000000000000000000   0.133691972143000000000000000000
 667   0.578456923618000000000000000000   0.133765105255000000000000000000
 668   0.523261234162057458026669108080   0.133834794677221117627555967705
 669   0.412596180684645518917787226057   0.133850167871382933704520078333
 670   0.468055858212424279937886438618   0.133901421406773775074814871973
 671   0.357405617918446039120128131879   0.134149490279694268422324382073
 672   0.302214319094945051089386149339   0.134240849619337936870820219576
 673   0.247022333577000000000000000000   0.134347028044000000000000000000
 674   0.191829199099000000000000000000   0.134405885338000000000000000000
 675   0.136636082623000000000000000000   0.134465509765000000000000000000
 676  -0.304923354630686843199689671182   0.134527653150908727140164995205
 677   0.081442023998000000000000000000   0.134529341878000000000000000000
 678  -0.360115198701698544197761503790   0.134587650686232180480203495270
 679   0.026245720645000000000000000000   0.134590689711000000000000000000
 680  -0.028950763233000000000000000000   0.134650017367000000000000000000
 681  -0.194540884138135507944060176519   0.134664591299610068077020883484
 682  -0.084148751753000000000000000000   0.134669868248000000000000000000
 683  -0.139345624422000000000000000000   0.134695709888000000000000000000
 684  -0.249732247568760590033273868860   0.134699448473649888091573904854
 685   0.909408590532000000000000000000   0.138592303259000000000000000000
 686   0.854205953194000000000000000000   0.138675996338000000000000000000
 687   0.799003470907000000000000000000   0.138757744463000000000000000000
 688  -0.959123552329988956210537057622   0.160162913563052713663680734342
 689   0.958497384598000000000000000000   0.163839115406000000000000000000
 690  -0.884405643764168094450945885694   0.179378551793493532323518118296
 691  -0.442721320563587313186126237656   0.179621485466420957888482236875
 692  -0.498055786560303466255854086518   0.179762100773122914449654186550
 693  -0.553247167183376456368953368878   0.179815380260775067907976452548
 694  -0.608440073833000000000000000000   0.179863616450000000000000000000
 695  -0.663634072579000000000000000000   0.179908437862000000000000000000
 696  -0.718828581656000000000000000000   0.179951723017000000000000000000
 697  -0.774024138884000000000000000000   0.180037108828000000000000000000
 698  -0.829218547494229966085456891756   0.180065732735096827606420953470
 699   0.716522347971000000000000000000   0.181379873103000000000000000000
 700   0.661322871886000000000000000000   0.181458492339000000000000000000
 701   0.606125903187000000000000000000   0.181533552272000000000000000000
 702   0.440281919155703255294230516978   0.181595195860338132414651362353
 703   0.550930789208000000000000000000   0.181604393315000000000000000000
 704   0.495730940121796143288932966819   0.181669622181986659616444684035
 705   0.385091561348546891862293352581   0.181930184624293456682463442399
 706   0.329899380647621154197213285848   0.181999988999807184762724216594
 707   0.274707403140000000000000000000   0.182129294504000000000000000000
 708   0.219514331222000000000000000000   0.182200794021000000000000000000
 709   0.164321197664000000000000000000   0.182260507440000000000000000000
 710   0.109128079663000000000000000000   0.182319887497000000000000000000
 711   0.053934677778000000000000000000   0.182384171347000000000000000000
 712  -0.332410825923093870742205521700   0.182387100852517457757367962395
 713  -0.001258453607000000000000000000   0.182445861128000000000000000000
 714  -0.387602409287624616188057017381   0.182448751302254922450449731798
 715  -0.056451559168000000000000000000   0.182505941858000000000000000000
 716  -0.222028358961954924038356990348   0.182525122714623545809387195362
 717  -0.111644720850000000000000000000   0.182527417583000000000000000000
 718  -0.166836992344105757845765844004   0.182554503117724298590861518330
 719  -0.277219722367827880618234403291   0.182560019058116109928415368370
 720   0.881880061023000000000000000000   0.186439791975000000000000000000
 721   0.826671735027192846713700284860   0.186515756130907357200290085548
 722   0.771473060831856871942943979245   0.186603473477255313279892066377
 723  -0.931596076823569766440481098752   0.207999363103099195299263232880
 724   0.930968934129854309613672985929   0.211681133276875731614340725427
 725  -0.470267197714355982392220435803   0.227447341071403940933703081112
 726  -0.525613413885227457216005535108   0.227590514912714678995450088779
 727  -0.580805510821000000000000000000   0.227640334976000000000000000000
 728  -0.635998274512732864771862766838   0.227684031860815539214035699842
 729  -0.691209989785667783327471551630   0.227737509981268367864462657945
 730  -0.746403708229000000000000000000   0.227826224535000000000000000000
 731  -0.801599907969283243000182241788   0.227854403072358119850726231758
 732  -0.858265752981000000000000000000   0.228430351293000000000000000000
 733   0.688994838019000000000000000000   0.229224559582000000000000000000
 734   0.633796882862000000000000000000   0.229301647414000000000000000000
 735   0.467942374266693019368427893452   0.229354875878182074321448654582
 736   0.578601031363000000000000000000   0.229373553240000000000000000000
 737   0.523400966226500661196431133422   0.229439680696167588391285942775
 738   0.412752065583911991825581657818   0.229697862544492578641659834643
 739   0.357555922118632284453396998740   0.229761935423881687508674496330
 740   0.302364762945749126191576799357   0.229916083104360151836251997420
 741   0.247173429621564918082114852687   0.229983449659232739798130008167
 742   0.191980678067000000000000000000   0.230042675792000000000000000000
 743   0.136785769467000000000000000000   0.230101712695000000000000000000
 744   0.081589953046000000000000000000   0.230161568907000000000000000000
 745  -0.359953227063624003007132365090   0.230214958339217049014916699184
 746   0.026394244771000000000000000000   0.230222022149000000000000000000
 747  -0.415148286438393285394151206957   0.230274606907237905495670575980
 748  -0.028800940523000000000000000000   0.230283849085000000000000000000
 749  -0.083994076712000000000000000000   0.230341078763000000000000000000
 750  -0.139187204596000000000000000000   0.230366448430000000000000000000
 751  -0.249570799441895215220047372072   0.230386239188595777754714990043
 752  -0.194379425319836034499332297917   0.230392144509744643572740522713
 753  -0.304762171466689278148437772584   0.230402560178178862548287408341
 754   0.854340498084676834272038025455   0.234270623560549867027939815743
 755   0.799141297116818338368203543558   0.234358646110525768075517921770
 756   0.743946809924000000000000000000   0.234452891712000000000000000000
 757  -0.936162570860559011345148485985   0.263001498921302322069283606683
 758   0.935110826419604031176086083143   0.266716872034650515220047995360
 759  -0.497816776907451598652132544184   0.275271064249731188001258936082
 760  -0.553172106662000000000000000000   0.275417711137000000000000000000
 761  -0.608365243045000000000000000000   0.275466754917000000000000000000
 762  -0.663557841518784953293365219156   0.275502000019164203981785917819
 763  -0.773657995002726408158391804863   0.275820822078958717190115899022
 764  -0.828849361850041409925341098469   0.275849768218946549040834898506
 765   0.661468720100000000000000000000   0.277067779042000000000000000000
 766   0.495598699445810871053241861641   0.277116947545361813622488015901
 767   0.606271505588000000000000000000   0.277142164410000000000000000000
 768   0.551071315788704962804034181162   0.277209663873036539738092343775
 769   0.440408437222117362210206495794   0.277467330241668154055666265562
 770   0.385209476150169040875245964056   0.277525611599180410827252360047
 771   0.330018396816569646522697645613   0.277706095244587703356392727152
 772   0.274827072941445030510501722070   0.277780803109108192216699396733
 773   0.219633979241100424208547575846   0.277820484389353052562505169080
 774   0.164438850540168566878636756576   0.277878164518365330821008496428
 775   0.109241272378000000000000000000   0.277939627368000000000000000000
 776   0.054045618934000000000000000000   0.277998597943000000000000000000
 777  -0.387499104214392672213226553574   0.278040813944200032060137529247
 778  -0.001150912702000000000000000000   0.278059518880000000000000000000
 779  -0.442697865631488901654063321705   0.278098330085565152563226427939
 780  -0.056346445470000000000000000000   0.278116971989000000000000000000
 781  -0.111539626261863911710322637089   0.278168648732524895278799579144
 782  -0.166734031465791857975309667660   0.278202076069339746189773123964
 783  -0.221925398897534326253731678685   0.278229885569846836198368532009
 784  -0.277116772680128250765372519920   0.278238391093091749272008763117
 785  -0.332308144673774647655480181965   0.278254817074518082311088437930
 786  -0.718596108289874721671696275217   0.279610163013530118179978337795
 787  -0.883839238786440036966737453883   0.280561588129942301510590720699
 788   0.882074178863188648668732449211   0.281987819232859927806296578699
 789   0.826810487647518972962027955333   0.282113265863275428177005528595
 790   0.771619261823025067595621383565   0.282241345305961241419083734722
 791   0.716418638438000000000000000000   0.282300727472000000000000000000
 792  -0.525367874982382484873378682098   0.323093912421075617955860804748
 793  -0.581024597274000000000000000000   0.323412299225000000000000000000
 794  -0.636222842920618613238992081019   0.323448696088780574335698002117
 795  -0.801602300642139210910777202036   0.324821172673448312209598490514
 796   0.523255256316865049195973244496   0.324878885052042461264395676189
 797   0.633944361886894413701281731278   0.324908779193104598640406494231
 798   0.578744374166145303907172047959   0.324979780666014306596954697366
 799  -0.916415703679004474686043838830   0.325189125730838038826209390622
 800   0.468065036999437024165835860013   0.325235962141921013483195268004
 801   0.916381932204186923040081309681   0.325264260931345824866664797427
 802   0.412859420535117071833777579464   0.325291377455735066583559220916
 803   0.357668436814110233764889467656   0.325499050904880274799614484633
 804   0.302477111455920333424962598373   0.325572654983205743045814331349
 805   0.247285470932000000000000000000   0.325642712748000000000000000000
 806   0.192093484876811060113054310108   0.325649439871617846087305471436
 807   0.136897896456054050379570165039   0.325706855285420805453557247512
 808   0.081695496829918287093221596022   0.325775097966107494322159010132
 809   0.026499293259000000000000000000   0.325835317549000000000000000000
 810  -0.415048683407488288473138671641   0.325864537122527279127693399212
 811  -0.028696864444015466808763892794   0.325894207535238761218723382371
 812  -0.470248963706419787875309452253   0.325921178256909582517828298654
 813  -0.083890659092741181156740632535   0.325945135739729373384715302499
 814  -0.139092395700086265673791258703   0.325990533980161064791728888927
 815  -0.194283747849246401211559514664   0.326040135404722873572483475606
 816  -0.249475116169653815192607312978   0.326066121459648162787675189181
 817  -0.304666485380240044957211055755   0.326090142589430124769357103399
 818  -0.359857856138451803558398477951   0.326110296584807796631671673158
 819  -0.746464346738179395836887552808   0.327248898283710777746724021709
 820  -0.691259978555000000000000000000   0.327574460658000000000000000000
 821  -0.856664218508964098926324661646   0.328599136831689076468235416867
 822   0.854550783258191223468978130855   0.329826616319792727178641975376
 823   0.799300241940000000000000000000   0.330021851057000000000000000000
 824   0.744093295615000000000000000000   0.330102358037000000000000000000
 825   0.688892042066000000000000000000   0.330148512873000000000000000000
 826  -0.552920312483379238756033957765   0.370915988914130469668152983705
 827  -0.608676575632150168053880423847   0.371274326987140660320646968444
 828   0.550912435682243039898592207548   0.372640462097877448602379098227
 829   0.606405844244794514693317403153   0.372738872841660988346209597590
 830   0.495722260993951848603218609295   0.373004371743014779991064061786
 831   0.440510203296114176500322449693   0.373056657995663511623037169529
 832   0.385319315136324184627273475912   0.373288339862615928112634529429
 833   0.330127975750668770999076963021   0.373350542525928542897906581181
 834   0.274936668947377022510409738679   0.373436946801538209447121890588
 835   0.164551214817627485595300383718   0.373477372843270736570248235327
 836   0.219742582725081932076147456378   0.373504221640805565487566065328
 837   0.109355780739210602357152552240   0.373534877136569184241208848884
 838   0.054144002675345247270067851929   0.373608497375015849546552752421
 839  -0.001050853515112166794730361400   0.373669501887292638234403408487
 840  -0.442599781482419174694384798794   0.373687385293871709082295251816
 841  -0.056243375931611721883785931839   0.373719697780688929808316555746
 842  -0.497799401014354969190737592570   0.373744407094948686128309406399
 843  -0.111452221225200699780845854750   0.373761953964831879519774045108
 844  -0.166643563197632199746957753609   0.373821817443203083077297100875
 845  -0.221834911567575401349451867913   0.373875459418274626711728813433
 846  -0.277026278702417249150608430407   0.373903852040922713232335280916
 847  -0.332217648152288291078303326597   0.373927316945847205165642593034
 848  -0.387409018978934836634556886161   0.373947282654206272792174164550
 849  -0.896492164277694488587225227276   0.376658926488936667718294852661
 850   0.896460284925458814726215375866   0.376734794074648961137695306172
 851  -0.786411132184303852321913287615   0.378644749340146650893794998653
 852  -0.731244592511210642446181580391   0.380300259186373665388246999845
 853  -0.675997615033864282158527722749   0.380617391827028912911404089129
 854  -0.841529180908750684604852015597   0.381674728671950715185759036764
 855   0.841684789981287050497187126146   0.383497409395287505950537635406
 856   0.675149755312000000000000000000   0.383611694914000000000000000000
 857   0.786375763101000000000000000000   0.383710474552000000000000000000
 858   0.731148450027000000000000000000   0.383785027152000000000000000000
 859  -0.580480859327895842146673818057   0.418733392335741806347542649836
 860  -0.636358922073116576498312189997   0.419021321739441418002287951711
 861   0.578571063456135834038843993168   0.420401200388016639158905581052
 862   0.634084835116615026809047203968   0.420487812899756502466345827589
 863   0.523380938736759998131936723872   0.420772610960916742001649478642
 864   0.468161490722255040621469073092   0.420821646387066537469557601613
 865   0.412970653812377762582192532184   0.421065231159270343470551429016
 866   0.357779314686506019760858650301   0.421127663898603162527101155037
 867   0.302588021856780193616712114567   0.421222575106457045362932154893
 868   0.247394160400000000000000000000   0.421296215824000000000000000000
 869   0.137006500233715479673551303197   0.421303898023809902761102647713
 870   0.192197844079631596428333702523   0.421362008571723849200988834807
 871   0.081813617211143100241462156831   0.421362871455243158480717298066
 872   0.026598836237350829675903974196   0.421435415140851021692778929102
 873  -0.028602767241500379156123810262   0.421498914212674523452966240172
 874  -0.470150218790354356009812944813   0.421510614131910812692776373515
 875  -0.083811219105210048193125597156   0.421532895070870328354648689025
 876  -0.525361943776018517558759990818   0.421560660073045893040205114503
 877  -0.139002561077641548159237483343   0.421592758549241531912171754752
 878  -0.194193887967723051711923538963   0.421665204847200932042638070459
 879  -0.249385371037488656364537503852   0.421707207945901477393878479861
 880  -0.304576746894043327803906719965   0.421732230041688794486326380426
 881  -0.359768116748737312506995353035   0.421754722624860999555465440701
 882  -0.414959486731727409564088516564   0.421776898165922412336262679543
 883  -0.873486834568000000000000000000   0.427224481333000000000000000000
 884  -0.762578462205000000000000000000   0.428826496454000000000000000000
 885  -0.705509745809243394459938718559   0.429124489621477986979270254279
 886   0.871903260407684269110738065645   0.430528572809695026717151841077
 887   0.702963399536000000000000000000   0.431293717152000000000000000000
 888  -0.818308678022098262410957584558   0.431743641762259438212130471119
 889   0.760796103188000000000000000000   0.432652630806000000000000000000
 890   0.816756133468519386067311062114   0.432738143516768351118702583639
 891  -0.664758177736038238966880503964   0.466345418034520667601128690276
 892  -0.608087896264890609017950010536   0.466523970109120193000986035457
 893   0.606238317923908162431800566408   0.468156941849849831036108035645
 894   0.661891320922431773531905423101   0.468162619239004839914174385072
 895   0.551048314889941488455927951918   0.468546014419778622483543990300
 896   0.495813651843236505735865579295   0.468586128983376557117431033612
 897   0.440622832174471612455700694609   0.468833589371713495429978408415
 898   0.385431496120013390895920085749   0.468898680675139234411015142103
 899   0.330240211971876823579465809211   0.468998512701918899071715123985
 900   0.275046293487000000000000000000   0.469082317222000000000000000000
 901   0.109461129312035842055577822015   0.469130045193961582709003889437
 902   0.219846203026000000000000000000   0.469147900833000000000000000000
 903   0.054269015814071272148158374808   0.469189461823262812749145278461
 904   0.164652440410335565030095270727   0.469213661009567837832034557268
 905  -0.000946987328570417150466438831   0.469261301608631829136667531106
 906  -0.056177577032229121618684799334   0.469308094056707112327248368100
 907  -0.497712761552017904377835340747   0.469326867110008019604672069673
 908  -0.552968984960602281829917294231   0.469351235392732279321544025739
 909  -0.111370568997885578072183828689   0.469368911869263279049819614219
 910  -0.166561891612948812531931423228   0.469444544890697356109068930605
 911  -0.221753252451322305333915407047   0.469483289727443153193043294714
 912  -0.276945858339919016566028545792   0.469524645685773074990905388635
 913  -0.332138750508369545779051275740   0.469548793794407267822861660517
 914  -0.387330659510400860875017743211   0.469570975602958206467361140845
 915  -0.442522029493390957932110922851   0.469593151144019619248158387647
 916  -0.734164154208238146408616860999   0.476294529812870030027159700756
 917   0.730725740668000000000000000000   0.479005683922000000000000000000
 918  -0.845945805475503559750850510865   0.479526685090104709306017499063
 919  -0.790754444117987831042206373738   0.479564683222180539432493348206
 920   0.789585799670207290281365438045   0.480778343075494385563110661463
 921   0.844771161142158838174683339273   0.481593015748392746613911173632
 922  -0.693412586135032990915558650525   0.513515458225912710649018153872
 923  -0.636572261914975012724104600012   0.513796887576378477060699796555
 924   0.634035549741527960641086245704   0.515837144404279349757877198693
 925   0.689647837187470353746538916029   0.515866535400915178591313329468
 926   0.523465687278535729440824213068   0.516350684342333660514093993366
 927   0.578801459561212944632952483890   0.516353530611822445964375711257
 928   0.468274872094499107877443914036   0.516599142941368531901162594072
 929   0.413083534869574632691410909262   0.516663234115391193161110157394
 930   0.357892270615679036091487240534   0.516773517435017542325266440996
 931   0.302699964135000000000000000000   0.516867066819000000000000000000
 932   0.247498701110000000000000000000   0.516934304036000000000000000000
 933   0.081916527914964013962274044570   0.516956635561981236977431851877
 934   0.192299144124423749434767096413   0.517000430673434714212138714552
 935   0.026723192248150025321787958882   0.517015348291043620193033863502
 936   0.137107803200071245668422178764   0.517061252756711989865662376534
 937  -0.028521797119299159613027430219   0.517070481452664418010949647060
 938  -0.581421335240539100159637214865   0.517101545184655861446784660067
 939  -0.525319802736601668648992644181   0.517117442429694405886010997066
 940  -0.083726784129872785653486517059   0.517138242726257169262620921302
 941  -0.138925323679852446664661445607   0.517218051410873068835441344178
 942  -0.194116663983997048172612449121   0.517279433704943576153732199150
 943  -0.249311741414105677812626819334   0.517301879192650810148827943277
 944  -0.304521392318054043852120110278   0.517333407834302315793515959835
 945  -0.359715495249826578123867677624   0.517356857568403005612406942877
 946  -0.470129071345129819816273899816   0.517383864704148914424203765316
 947  -0.414937698431934540648585727135   0.517396838159205930670834039997
 948  -0.759754738624318452491138192258   0.525227644927042459435324920617
 949   0.758825263553213921643120713570   0.526602760476581638267788487981
 950  -0.816144014998000000000000000000   0.528648691286000000000000000000
 951   0.815357701618000000000000000000   0.529800635296000000000000000000
 952  -0.663794671537615408925531150489   0.561807597076354596809626584945
 953  -0.718982709169831251585917591242   0.562426158694615886444637827404
 954   0.717692283763913231322206803857   0.563401752120469145887542068052
 955   0.661644358590143265753646619863   0.563626698559079150559349308283
 956   0.551131117058241449340630493042   0.564107482889326879113202680159
 957   0.606455163099169468163245749605   0.564117120227645213667700018165
 958   0.495940354357610079140521563572   0.564367338380934766709473920580
 959   0.440734708066898864227025826631   0.564428288633998200684484161505
 960   0.385543464996790471254919776204   0.564548707611464221713298376579
 961  -0.553384037776903430729989373802   0.564640978955889722563471524758
 962   0.330352178086906927833770468932   0.564647000972578294586857189981
 963   0.275152046554000000000000000000   0.564715195775000000000000000000
 964   0.054370704349042767135903622923   0.564782522029762044421320454867
 965   0.219951214958000000000000000000   0.564784540320000000000000000000
 966  -0.000851617542578717140773033066   0.564824528135076209067315996401
 967   0.164753306599509294557925300655   0.564841517036460419374990531800
 968   0.109561960053559457854312991700   0.564897003960980547134008720867
 969  -0.056065626993567845879124389319   0.564897516152834420493245378151
 970  -0.111256949615423290491102149784   0.564973144217659086948837589513
 971  -0.166482968527098626296371424519   0.565059260813435906901931313803
 972  -0.221682770784035535415529343363   0.565093632100846790812741762344
 973  -0.276886876214451761812908956193   0.565110871580031910515234490591
 974  -0.332098137059511076196936506414   0.565141471608298053583061224251
 975  -0.387291998420826643542088055417   0.565165060684748478751532305287
 976  -0.442544620230186411994924120306   0.565187482444244894087472467624
 977  -0.608687236242336844713673650112   0.565369828072596785058043918584
 978  -0.498199750584305692837616888204   0.565525433250251476918050586930
 979  -0.784509862768865649100665893067   0.574555848228419432453752638285
 980   0.783454677419027417740302945109   0.575993850614180297777553503802
 981  -0.690853001955493121710894923488   0.609910970839021965395765202505
 982   0.689859148558183865075054729962   0.611061005125247873555926159067
 983   0.578784820596197972870923761019   0.611871072505149646816526983112
 984   0.468390297441535890723755748510   0.612190786356535547845762523788
 985   0.413199074785635266485509932075   0.612320223989097789854102982463
 986   0.358007795776680604810238102549   0.612422857851161978495074769979
 987   0.302809718138000000000000000000   0.612487923491000000000000000000
 988   0.247603038656000000000000000000   0.612562867962000000000000000000
 989   0.026795894558314024673342631521   0.612591701873794633295602570825
 990  -0.028395447416847403406869985134   0.612651562835246211549611715595
 991   0.137198708770000000000000000000   0.612675461067000000000000000000
 992   0.192399953508000000000000000000   0.612678085531000000000000000000
 993   0.081997419177000000000000000000   0.612730968354000000000000000000
 994  -0.083587423735525786117553601788   0.612752473329708444913424636356
 995  -0.580406210450954970681351795994   0.612764673705229822660569862800
 996  -0.138795442419159186713563224722   0.612803252167072162993960903487
 997  -0.194051943069691192126774540168   0.612871817673090133417108261007
 998  -0.249257515836426231727557519346   0.612902849283829158565605530830
 999  -0.304466018968155016986509696240   0.612917552047564676704771963676
1000  -0.359674640230511141615156885759   0.612949674724643526722186605676
1001  -0.414891430600150531286597879924   0.612960030668344270826879134044
1002  -0.470082774819847883435654683949   0.613017785120998137776201582892
1003   0.523606799500808551136219205033   0.613085074297027085649653579895
1004   0.634121480620000000000000000000   0.613539558708000000000000000000
1005  -0.635709377665000000000000000000   0.615164598558000000000000000000
1006  -0.525268108688674506309915080224   0.615189038860548967642368624941
1007  -0.750643553002015464798251670358   0.618135211178440506483441649388
1008   0.749506769170818203817851080949   0.619509679204764327849792470569
1009  -0.714191073735591394460929081994   0.659925190996302257746578304591
1010   0.495224677728933299094752779528   0.660419448446057158953541952997
1011   0.604987691933467185131155722418   0.660445729951563381013690771915
1012   0.440033503198895234423244724703   0.660567995909176809584086121625
1013   0.384842299024914045839474353516   0.660705087775613516445927391811
1014   0.329650941998033633841060571727   0.660748927088334431401732413007
1015   0.053694546483006335451788242574   0.660784547162158427075426717039
1016   0.274459610287968323616770871988   0.660817603310282294228518101732
1017   0.164077024897923181479581659466   0.660901527833481617603924070211
1018   0.219268382384969676000078096437   0.660944783942397308907516687225
1019   0.108885672012700023967025468916   0.660950303367216467165226168656
1020   0.713073242631780990507732300456   0.661132889937945952092164780433
1021  -0.054255609947389880016396522433   0.661409534555241379999566309660
1022  -0.109446891459222776894207513292   0.661510813553725456124472534626
1023  -0.164638233695528045646010975021   0.661570433256406773782327145611
1024  -0.605983002015014282441898315553   0.661671887341283411453165156167
1025  -0.219829511887077165461733345277   0.661673505740398337800275294557
1026  -0.275020872871815637886202723886   0.661712041518704064982172676859
1027  -0.330212242202841024398549873741   0.661735784312812012819563554728
1028  -0.385403601246116480641491898062   0.661777007002901186557562647344
1029  -0.440594970577141867153839050686   0.661800749797009134394953521936
1030  -0.495786314796839219302895842034   0.661858504249663001344275960561
1031  -0.550890080642321021814095580866   0.664967009034963297962576043734
1032   0.550104786464188777260684424147   0.666272778913445535740178218055
1033  -0.660262420421618919545989954345   0.671663511323132978192372475656
1034   0.658959290149230448726765345872   0.671984984623774293538869878910
1035  -0.000213844111819606916485954293   0.672615575681674536850237125410
1036   0.412556626150891051523568412704   0.708433526722516617488183645155
1037   0.357365546470106441453367862078   0.708613904169016495949414065936
1038   0.302171631101434020141352116678   0.708624093818618335628229314795
1039   0.246980339537595641447135220429   0.708719738312993515668336260049
1040   0.136593165275800488302209729323   0.708771482886646985460413794498
1041   0.081381615843883154249472035701   0.708800221931582784875534824262
1042   0.191784503461018841314651803996   0.708834741710380821909633557425
1043  -0.081830645708089185962114809214   0.709296075092535385387448364849
1044   0.468249338359000000000000000000   0.709334704796000000000000000000
1045  -0.137021987949334737269654869040   0.709355690221707082533925683690
1046  -0.192213265324635013311422858938   0.709459198852214617874609377861
1047  -0.247404625935141137246791924961   0.709498266933748823782290721453
1048  -0.302595995674474024825716463459   0.709521040826075382729520727539
1049  -0.357787354717749481068658496979   0.709562263516164556467519812322
1050  -0.412978724048774867581005638952   0.709586006310272504304910694055
1051  -0.468168465205746737284528357694   0.710010604214609044377522297593
1052   0.582547951791344777922373016858   0.710921730031122917807093292449
1053  -0.580881541595000000000000000000   0.711318882047000000000000000000
1054  -0.523291200927574573626856243737   0.712762298037592821590452045282
1055   0.523267021588000000000000000000   0.714565950696000000000000000000
1056   0.027420876744629135048112354729   0.720390150672354240249402214010
1057  -0.027774568685351927065853069242   0.720432876665061432548025341000
1058  -0.647602645021994152718783149508   0.725383320511038488176531766820
1059   0.647050169972771413360354536939   0.725876177494006605618307362268
1060   0.329777412739312101374898175916   0.756415396714811854610022946133
1061   0.274586126332064748963523622393   0.756513971899900737467104342060
1062   0.439598510303481782276108764608   0.756546147871564233770110152483
1063   0.109012267171390680374072680861   0.756577150668909844846455095973
1064   0.219394865299119887604516177478   0.756625855532590188020823240468
1065   0.164203527449174413116201224635   0.756689406198186404203990160502
1066  -0.109390610423062739545557568818   0.757132198971871660130273257736
1067  -0.164581884714042020028989646347   0.757237339315276050267603739433
1068  -0.219773244781621310014793571860   0.757277167003331269500204092379
1069  -0.274964605559949307904645751702   0.757315997279657967085050782356
1070  -0.330155975299282195483570278886   0.757338771171984526032280784232
1071  -0.440198408970288673694923726804   0.757598260632762253603266145769
1072  -0.550213705615892788202626860182   0.760941822253398496445078657537
1073  -0.605405078094454739029553854353   0.760956528937461786534247932391
1074   0.604825530792102166065797650767   0.761417247517519025878846857442
1075  -0.385166984982131530402808827203   0.761797092159461581689440627793
1076   0.384681341715162953699923040322   0.762040909613085828957325280677
1077   0.494490462651366819512189114581   0.762287348076350687716823039256
1078   0.549670319000685590164815595788   0.763414852232647517196490765717
1079  -0.495079153896490452218762028349   0.763445623174891774739841223350
1080   0.055051565800940419258681648032   0.768167255067188964085711386429
1081  -0.000139793976581762517946027631   0.768207482694863715010831666210
1082  -0.055331150001744481594666368385   0.768252565481562177937701059683
1083   0.247297903491000000000000000000   0.804489518601000000000000000000
1084   0.192098661031826191648422866203   0.804595997558942628942795988723
1085   0.136907321643361243170744146298   0.804658197729353968800162497961
1086  -0.136919831193000000000000000000   0.804996345743000000000000000000
1087  -0.192181176656286031068331668984   0.805076388638424644501958618470
1088  -0.247372537434614028958183831449   0.805115218914751342086805312445
1089   0.306882774633094991770755464446   0.806762183395586745372223794969
1090  -0.306873784646451423062367330976   0.807379029072590524845675176427
1091   0.420194964942761611284059280025   0.808377488975849063835988838117
1092  -0.422916448973852378773643007499   0.810033510406189200333409533639
1093  -0.361884794329300757981605860371   0.811837350060067580502835029122
1094   0.361799104969802903439413983407   0.812265316567107854194778652371
1095  -0.532933738998810170636757332182   0.813358332687291670582471611776
1096   0.475103129272564030675816027210   0.813961511028575476630661652057
1097   0.530282985621882801328442492096   0.815089015184872306110329386417
1098   0.082860648444153879752789499994   0.815840546697795356757078556856
1099  -0.477799187279407834652892490377   0.815862133608784948877234181973
1100   0.027554667124800395262683957200   0.816021287034704623658868474423
1101  -0.027636739799962277767237299498   0.816061487571571772108688743934
1102  -0.082853238020718018727447795325   0.816092114846389967409366334896
1103   0.275299882064106299210538613692   0.852053731928837163923097347371
1104   0.219960162361000000000000000000   0.852439783920000000000000000000
1105   0.164666756708000000000000000000   0.852505713139000000000000000000
1106  -0.275356320918216194297625784422   0.852686173018035799255823149122
1107  -0.164502682865921638272461855070   0.852825616840047772110370147410
1108  -0.220190452455098775467737873370   0.854363900368933038131474430735
1109  -0.393758971675091286088622374753   0.856894254424249276441253949952
1110   0.394032585713023379543219963228   0.857065880531530851357426909378
1111  -0.330553289275658392032592412491   0.857273289617069200362683202191
1112   0.330219014499215373367554082065   0.857528830551590194053919873251
1113   0.448949545982489264745461337980   0.862562723908945485506125180247
1114  -0.448641709980646741967871865220   0.862722877626845024985078594606
1115   0.110577598898000000000000000000   0.863581323369000000000000000000
1116   0.055363749768013855756791801306   0.863694578665311016330235647846
1117   0.000065541165113642879305182749   0.863879784360951689577635151871
1118  -0.110433414863458333301011583071   0.863898198744541388425869383022
1119  -0.055111946981406468686372822338   0.865117772323152556822253528000
1120   0.192423473193000000000000000000   0.900282051678000000000000000000
1121  -0.189426571759599336799214558786   0.902068764330531472320780237510
1122   0.362452495242435849471360066150   0.902329394516013191216568122215
1123  -0.362435947781322914017034211840   0.902336041212450478551758950970
1124   0.258116216253000000000000000000   0.904510853554000000000000000000
1125  -0.257954574233038502185288645111   0.905062379683456204415167103855
1126   0.138346926158000000000000000000   0.911367940990000000000000000000
1127   0.029004992350086385825767533572   0.912184822217357393435724422271
1128  -0.026185845297627756478881029705   0.912428239754895164379630770830
1129  -0.135314545365789685659271459806   0.913162964625238295054311917434
1130   0.083730947099000000000000000000   0.919378682388000000000000000000
1131  -0.080694399020937866396407025401   0.921083029373767319598588583181
1132   0.310663650172000000000000000000   0.921433113525000000000000000000
1133  -0.310658329268841908752933648089   0.921445359189026878711484071303
1134   0.222422871833000000000000000000   0.946619542426000000000000000000
1135  -0.221807142319604468441915119022   0.946769105500973604240309610758
1136   0.168329720964000000000000000000   0.957716957414000000000000000000
1137  -0.167735136552283915777532126398   0.957828310022672918731114362298
1138  -0.000605817991666838931792178472   0.961333761072842645344205310742
1139   0.113712754918000000000000000000   0.965727653837000000000000000000
1140  -0.113059352692000000000000000000   0.965803923580000000000000000000
1141   0.053988990079942202708610917877   0.969426643376329698327655911635
1142  -0.055823666135417627124562203810   0.970353045185526744946948883872
