   1  -0.017349599022107620136598136439  -0.972648536801317830047077697471
   2   0.040757557810682531759331679388  -0.971949075934167095297125835940
   3  -0.071902873894647626452139689618  -0.970142340821006968451390022604
   4   0.095575735897891737167940582242  -0.968096825444412296465688817558
   5  -0.137438222061967082626194582383  -0.963045647850826366809751805320
   6   0.185294290199306195176529032680  -0.954993304032812443136527541297
   7  -0.234878684091000000000000000000  -0.944017540888000000000000000000
   8   0.238381416024683393936247880296  -0.943143936640658927830678002332
   9   0.136091357716300160278501912339  -0.931804473293285895973618047848
  10  -0.181895149047989265492903347767  -0.931705065869102506063595370629
  11  -0.287283778887000000000000000000  -0.929411181412000000000000000000
  12   0.290723015831308244106596378864  -0.928345039192646418067874327529
  13   0.011907203488161209917169931103  -0.925837174092466432175737394476
  14  -0.042467331615953661549682035860  -0.924401775818452815140190766543
  15  -0.100012101045153578157670273017  -0.923574951104651588634587631604
  16   0.066187238766014155141080508878  -0.922326019548915056904248175898
  17  -0.338790559298000000000000000000  -0.911898059366000000000000000000
  18   0.364017484133000000000000000000  -0.902124373349000000000000000000
  19   0.207951035753110021132499888964  -0.898059101135568085939208870402
  20  -0.389237487534000000000000000000  -0.891533113263000000000000000000
  21  -0.236824416782000000000000000000  -0.887732270840000000000000000000
  22   0.260272109002576368722773423814  -0.883187795543333129180525542528
  23   0.156213514376520354162772431542  -0.881269839156535506123423541659
  24   0.101820051717854831809365935386  -0.881229145250097670450425326100
  25   0.413869784124000000000000000000  -0.880343403493000000000000000000
  26   0.314565680017624056570626764446  -0.879455594519054194259086567053
  27  -0.182379196252507691625566348412  -0.877313741797174824926302379446
  28  -0.127987094705709472636857571208  -0.876926798239982667832218058155
  29  -0.072013360252000000000000000000  -0.876851989409000000000000000000
  30   0.037021463434344337977125226228  -0.876387782232728409094385805614
  31  -0.017402663367956712329777340656  -0.876127426090967979024762046327
  32  -0.294067606453000000000000000000  -0.875387028470000000000000000000
  33  -0.438675857641000000000000000000  -0.868274499031000000000000000000
  34  -0.340354974479000000000000000000  -0.846796478060000000000000000000
  35  -0.491698077738000000000000000000  -0.839386748821000000000000000000
  36   0.227394880784000000000000000000  -0.838615278546000000000000000000
  37  -0.393928506437000000000000000000  -0.837333297118000000000000000000
  38   0.445618660422000000000000000000  -0.836094701318000000000000000000
  39   0.282433382606412055282435711639  -0.833513572970155425061558120712
  40   0.391482318567000000000000000000  -0.830755223146000000000000000000
  41  -0.263808869555823876988392862651  -0.830172235219047103772037547926
  42  -0.209415421473268146447493820598  -0.830115299430863857621604062123
  43  -0.099884751883000000000000000000  -0.829993913220000000000000000000
  44   0.337092017738000000000000000000  -0.829943415610000000000000000000
  45  -0.154951815962930044897726312611  -0.829687468825668807065096363236
  46   0.173433588281780745253462822559  -0.829674107834157374042692644207
  47   0.119001831909065470075179250083  -0.829620649191264649564330989236
  48   0.064608468338613590107878215819  -0.829509134679652755566752070420
  49  -0.045309108388885343182348087234  -0.829438232884321653909671840147
  50   0.009946667508844927511751716366  -0.829109721589526331411714604268
  51  -0.443535423686000000000000000000  -0.814089024427000000000000000000
  52  -0.537852495690000000000000000000  -0.810587322023000000000000000000
  53   0.522782455936000000000000000000  -0.809407622297000000000000000000
  54  -0.344495483372502583665275849687  -0.792530715647977827288617796460
  55   0.472899707480000000000000000000  -0.787696418641000000000000000000
  56   0.572220348458000000000000000000  -0.786702603628000000000000000000
  57   0.255183185600507879927267477841  -0.786438343824318303138697670242
  58  -0.489584960215000000000000000000  -0.785025328329000000000000000000
  59   0.418673454594000000000000000000  -0.783358364952000000000000000000
  60  -0.398788937258000000000000000000  -0.783149092168000000000000000000
  61   0.309474424473000000000000000000  -0.783079434133000000000000000000
  62  -0.290945676643928200876496091759  -0.782987726843311257514165278115
  63  -0.236552200347181963690890315369  -0.782974598668762680899711643795
  64   0.364279708101000000000000000000  -0.782828744073000000000000000000
  65  -0.127448585051538175293263842564  -0.782759622876506379346790738851
  66   0.200915988195784083061873842295  -0.782734059570862511325968590808
  67  -0.073055210549155727782712649983  -0.782653574598666720382563353172
  68  -0.182160096344257338922560685659  -0.782588000519914632591107898279
  69   0.146263963193372600177897308029  -0.782552330400055798954738791468
  70   0.091847309676881952302191806043  -0.782416289141807518413918680401
  71  -0.017930087931860355065480866306  -0.782402795528258178700843207354
  72   0.037454325789257543597003112879  -0.782184470690658364209274677295
  73  -0.587069619747000000000000000000  -0.775682617066000000000000000000
  74  -0.536272025036000000000000000000  -0.756207645528000000000000000000
  75   0.615303896177000000000000000000  -0.753484060278000000000000000000
  76  -0.629509627357000000000000000000  -0.741635212431000000000000000000
  77   0.500081744859000000000000000000  -0.740570995878000000000000000000
  78   0.445854016308000000000000000000  -0.736221174403000000000000000000
  79  -0.426654057926000000000000000000  -0.735952571226000000000000000000
  80   0.282397771490504631370868477501  -0.735902452608807136040219854737
  81   0.336791406160000000000000000000  -0.735888858570000000000000000000
  82   0.391458796304000000000000000000  -0.735709201397000000000000000000
  83  -0.317811369176000000000000000000  -0.735682371813000000000000000000
  84  -0.372212842769000000000000000000  -0.735679623850000000000000000000
  85  -0.263412193286601122036569627334  -0.735675642916145745469739998619
  86  -0.154562401912954260959041904403  -0.735605711361137365450604545607
  87  -0.045649311185031606497111059534  -0.735602206875608606375467336779
  88   0.228005333661179443313608528608  -0.735566085284805604600382030782
  89   0.173611865364671968486193738939  -0.735533794876044621781750988662
  90  -0.100153889215110435919668834011  -0.735490961751698700786670042669
  91   0.009616268713000000000000000000  -0.735444548103000000000000000000
  92   0.119180669492575558404611566507  -0.735380881002035082593566828325
  93  -0.208994191243287706326437856296  -0.735274347237342020165673307408
  94   0.554437690476000000000000000000  -0.735172651614000000000000000000
  95   0.064787650466716265898867699142  -0.735157459324101295263046631971
  96  -0.488252268838000000000000000000  -0.730639235342000000000000000000
  97  -0.578012983899000000000000000000  -0.721317173672000000000000000000
  98  -0.671917853175000000000000000000  -0.703459718959000000000000000000
  99   0.634132966819000000000000000000  -0.702444524189000000000000000000
 100  -0.529989583075000000000000000000  -0.695744226232000000000000000000
 101   0.472926184125000000000000000000  -0.689031975687000000000000000000
 102   0.686826043535000000000000000000  -0.688917338783000000000000000000
 103   0.309584961055976751639347351339  -0.688785009177483394043567537895
 104   0.363979650189000000000000000000  -0.688763753807000000000000000000
 105  -0.018081652451000000000000000000  -0.688628021899000000000000000000
 106  -0.453784023427000000000000000000  -0.688549066552000000000000000000
 107  -0.399380809874000000000000000000  -0.688548401647000000000000000000
 108  -0.290585107438861731603383802184  -0.688547061552483420743291596677
 109  -0.344980928331000000000000000000  -0.688546656592000000000000000000
 110   0.418531372053000000000000000000  -0.688528300121000000000000000000
 111  -0.072776339824000000000000000000  -0.688455740235000000000000000000
 112   0.255192487806169941908203645352  -0.688454419155382972195324521348
 113   0.200799019509662467080788840694  -0.688422128746621989376693491163
 114   0.036978966268000000000000000000  -0.688409158246000000000000000000
 115  -0.127201104552015574622717499957  -0.688298816446439000491808253196
 116  -0.181594580905470679141652615123  -0.688285925372701236932340356851
 117   0.146377482297007010639430127147  -0.688274790002310056236577050714
 118  -0.236192940829311016228599330203  -0.688169374496128608493680545242
 119   0.091984409295842983729070670126  -0.688051337161647934947402356269
 120   0.527316795997000000000000000000  -0.688002174210000000000000000000
 121   0.581719464439000000000000000000  -0.687873945324000000000000000000
 122  -0.620108208698000000000000000000  -0.686854878215000000000000000000
 123  -0.710196806268000000000000000000  -0.664784635172000000000000000000
 124   0.724505254208000000000000000000  -0.649142800752000000000000000000
 125  -0.657374218653000000000000000000  -0.647220229272000000000000000000
 126   0.612379511714000000000000000000  -0.642933821550000000000000000000
 127  -0.589808560291000000000000000000  -0.641660928864000000000000000000
 128   0.336750368588571232503242197805  -0.641645723986337982420060276399
 129  -0.535393591530000000000000000000  -0.641610518875000000000000000000
 130   0.009281091662000000000000000000  -0.641593224319000000000000000000
 131   0.391145869346000000000000000000  -0.641528356661000000000000000000
 132  -0.045246905549000000000000000000  -0.641500416564000000000000000000
 133   0.445770016639000000000000000000  -0.641440375378000000000000000000
 134  -0.426562973175000000000000000000  -0.641429890460000000000000000000
 135  -0.480968741821000000000000000000  -0.641425833300000000000000000000
 136  -0.372162677406000000000000000000  -0.641422493131000000000000000000
 137  -0.317769015486986265901295557020  -0.641406228737679587505536862819
 138   0.282357806095352421062647027540  -0.641330158755445981452653116081
 139   0.227964337798844946235232236730  -0.641297868346684998634022076099
 140   0.064187106745410566162046927455  -0.641297081666416432539623427157
 141  -0.099865043092443691668414462859  -0.641273395875516187500050962294
 142  -0.154386678731404165222839977503  -0.641186238587329846395177501040
 143  -0.208787181536676119347240844174  -0.641177402715909852239990556060
 144   0.173567733453274781147941322677  -0.641164911228821996073619234276
 145  -0.263376666881639027980969655050  -0.641055730252601393770084972583
 146   0.119174714427456225231214542570  -0.640941489540970701933696509691
 147   0.500167885704000000000000000000  -0.640846776469000000000000000000
 148   0.554570420371000000000000000000  -0.640729107340000000000000000000
 149   0.669532090445000000000000000000  -0.637338753292000000000000000000
 150  -0.723163648791000000000000000000  -0.611930145669000000000000000000
 151   0.759683097252000000000000000000  -0.607618059754000000000000000000
 152   0.586894005465000000000000000000  -0.594840674399000000000000000000
 153  -0.671518683251000000000000000000  -0.594681318912000000000000000000
 154  -0.617094159600000000000000000000  -0.594573628157000000000000000000
 155  -0.562628432271000000000000000000  -0.594509953668000000000000000000
 156   0.036502151157000000000000000000  -0.594475747084000000000000000000
 157  -0.017896658959000000000000000000  -0.594472862328000000000000000000
 158   0.418377753715000000000000000000  -0.594439227301000000000000000000
 159   0.363961381108000000000000000000  -0.594409186330000000000000000000
 160  -0.072368271717814399804367093997  -0.594341764751454146330525115732
 161  -0.508163897304000000000000000000  -0.594308063101000000000000000000
 162  -0.453709610007000000000000000000  -0.594291601864000000000000000000
 163  -0.399314597638236678098198009664  -0.594277967935160332680173221956
 164  -0.344921124777703148554624476915  -0.594254597781885316549041491441
 165   0.309565732262401141410513759174  -0.594230485830020190809279183040
 166   0.255171914508301523309840118447  -0.594197993552873733719971855460
 167   0.091405734721078954925733913349  -0.594170406572319344678272053290
 168  -0.127051745752575868398902437718  -0.594160162044239130011829073933
 169  -0.181569310197165853324101145764  -0.594071962803972586911991750732
 170  -0.235970479284585689639528468360  -0.594063511351025161676655320542
 171   0.200775096284481073605340488793  -0.594060831786336468860019839665
 172  -0.290528652871256549258255634966  -0.593923786808549825989360310424
 173   0.146382060687070002010567110038  -0.593841481626925273855940013749
 174   0.478108859629000000000000000000  -0.591064172442000000000000000000
 175   0.532610488698000000000000000000  -0.590955474797000000000000000000
 176   0.641158226116000000000000000000  -0.590925613725000000000000000000
 177   0.697189152179000000000000000000  -0.590491882348000000000000000000
 178  -0.750270365529000000000000000000  -0.564739877302000000000000000000
 179   0.794146514247000000000000000000  -0.561843775131000000000000000000
 180   0.739970442063000000000000000000  -0.556884999111000000000000000000
 181  -0.802583192240296328035767684200  -0.549728863760651388667211312326
 182  -0.698642330501000000000000000000  -0.547513278052000000000000000000
 183  -0.644205284595000000000000000000  -0.547387366729000000000000000000
 184   0.009318471551000000000000000000  -0.547359110613000000000000000000
 185   0.063713500363229617954583444809  -0.547353843346644497556762391712
 186   0.445607076663000000000000000000  -0.547342507717000000000000000000
 187  -0.589767014402000000000000000000  -0.547341610000000000000000000000
 188   0.391200290039000000000000000000  -0.547318672797000000000000000000
 189  -0.045078297617834665734268475102  -0.547289583615867062579140449579
 190  -0.099545490838000000000000000000  -0.547219488352000000000000000000
 191  -0.535310627090000000000000000000  -0.547163232477000000000000000000
 192   0.336804367861000000000000000000  -0.547146541467000000000000000000
 193  -0.480840558244000000000000000000  -0.547144236164000000000000000000
 194  -0.426444480489040058625766888310  -0.547124879389876214253390278626
 195   0.282391029465501342748535977757  -0.547104785794849829934337272439
 196  -0.372051007760004805299750061105  -0.547101205155782631655946353016
 197   0.118621516018767955151713738722  -0.547065391626660517588517717982
 198  -0.154241682583524972297900493453  -0.547041640617070293343962806802
 199   0.227996717637436444095608871507  -0.546965151916945385649349149217
 200  -0.208739069842844181699550197007  -0.546950262953588038597825184596
 201  -0.263132545085951469326832916963  -0.546933322731147822582249047718
 202  -0.317658483678908577745177345369  -0.546779087039203149084736945557
 203   0.173603666405544795498138632832  -0.546749713576643256980300125749
 204   0.669091711327000000000000000000  -0.543906533669000000000000000000
 205   0.505289036170000000000000000000  -0.543901651812000000000000000000
 206   0.559889697624000000000000000000  -0.543871397426000000000000000000
 207   0.614501024897000000000000000000  -0.543505652064000000000000000000
 208   0.826151699889000000000000000000  -0.513575685233000000000000000000
 209   0.771329332448000000000000000000  -0.512430549050000000000000000000
 210   0.711900537988000000000000000000  -0.510283079042000000000000000000
 211  -0.725698865781587523698158402963  -0.500319392094408745038892867700
 212   0.090926710430451602406237613123  -0.500250349392149791414882424187
 213   0.036530223610000000000000000000  -0.500239632127000000000000000000
 214   0.472812018797000000000000000000  -0.500230821297000000000000000000
 215   0.418416961733110890113607320037  -0.500217352105213103575911956428
 216  -0.780092219233188269617515573843  -0.500203046562071026152193252261
 217  -0.017866093315000000000000000000  -0.500186102108000000000000000000
 218  -0.671292886529000000000000000000  -0.500185290360000000000000000000
 219  -0.616860987356000000000000000000  -0.500157709291000000000000000000
 220  -0.072268013322000000000000000000  -0.500149307751000000000000000000
 221  -0.126745176731000000000000000000  -0.500087068053000000000000000000
 222   0.364023752391725552235083314300  -0.500046432422635160622548764369
 223   0.309630279463007648054289146514  -0.500023221509378021991164558202
 224  -0.562428882045000000000000000000  -0.500004509337000000000000000000
 225  -0.507983482659556888713752347875  -0.500000374747562109236255393031
 226  -0.453590014361390389290424247181  -0.499968087133563118364032258723
 227   0.145862482382876344498218441282  -0.499962138890471433718732158890
 228  -0.399196539555051926913263400466  -0.499949798178297722848136460520
 229  -0.181420606586305604216598480866  -0.499914616882817272720150278274
 230   0.255236989763704479497409753332  -0.499880142225966530307787017841
 231  -0.235883005649902758254032374944  -0.499813682839032156775227298190
 232  -0.834570709085000000000000000000  -0.499796403086000000000000000000
 233  -0.290276473352351182814046982865  -0.499780406776136549726583209966
 234   0.200843922728402254271505452007  -0.499668731519567536232188481159
 235  -0.344803924798130158232723928919  -0.499643373801398674821490011889
 236   0.532514480707000000000000000000  -0.496781419332000000000000000000
 237   0.642151116023000000000000000000  -0.496643049883000000000000000000
 238   0.586938816184000000000000000000  -0.496609136304000000000000000000
 239   0.799593900318000000000000000000  -0.465946802395000000000000000000
 240   0.854005253832000000000000000000  -0.465825226044000000000000000000
 241   0.743718280992000000000000000000  -0.465541489608000000000000000000
 242   0.684945543490000000000000000000  -0.463027612800000000000000000000
 243   0.118159233514922853343808673240  -0.453152092552597601854633933648
 244   0.063758169957754860619474204899  -0.453127946603485662969093384631
 245   0.500021681871555475894931430915  -0.453113732998952399967568635762
 246   0.445628205269193464723626650413  -0.453101938849633009100828012986
 247   0.009362316141000000000000000000  -0.453088647269000000000000000000
 248  -0.045039399193000000000000000000  -0.453050852381000000000000000000
 249  -0.099460962290000000000000000000  -0.453020768426000000000000000000
 250  -0.752487684564428117213837739231  -0.452974671157875564382695253616
 251  -0.153948746046000000000000000000  -0.452946555824000000000000000000
 252   0.391234954749690547548085056766  -0.452944668648204519654450089087
 253   0.336841480267289819169362300723  -0.452925440385606436708175715369
 254   0.173125446143967043989658020488  -0.452867700635282746946402996142
 255  -0.806881049347717580091360489103  -0.452863749808860282483775094265
 256  -0.643701114095567508508781543516  -0.452838795245556325396885137397
 257  -0.698094558997761184161793699334  -0.452778898119727406708719092525
 258   0.282448200067537021795583658073  -0.452778794196286665181274475125
 259  -0.534914319426293575942321072284  -0.452738676630148100091538349935
 260  -0.208511670636000000000000000000  -0.452738330338000000000000000000
 261  -0.589307789556115950295343171061  -0.452709638211064744492429069902
 262  -0.480520853783848910211133057464  -0.452702188305255960456106437407
 263  -0.426127377223966858741922821137  -0.452690199843154650971608840836
 264  -0.262925503759476457695580346780  -0.452618834264348027179400791071
 265  -0.317320596502990497392172274349  -0.452586489381977412176953889545
 266   0.228055119294974662403493202926  -0.452570947947418201870292337174
 267  -0.371734757174616551531726305486  -0.452384716356405022434794355270
 268  -0.861271401377326637729371688635  -0.452280618529589832673937263235
 269   0.614611919548000000000000000000  -0.449726622540000000000000000000
 270   0.560217957215161419911974924801  -0.449228359522255381138592123315
 271   0.715288052143000000000000000000  -0.417862475799000000000000000000
 272   0.769789521157000000000000000000  -0.417763167519000000000000000000
 273   0.824301943629000000000000000000  -0.417479023698000000000000000000
 274   0.878721579193000000000000000000  -0.417332602428000000000000000000
 275   0.657387547359030869709723653681  -0.416125601929787681586040110808
 276   0.145410717726298330555117243981  -0.406064450056626054904108643465
 277   0.090992215683623511482332134736  -0.406028811913962887515434169422
 278   0.036597325425000000000000000000  -0.405995799111000000000000000000
 279   0.472844192005490150602414044790  -0.405981478550438029670001913795
 280   0.527237669354075957605174748884  -0.405973867864236781456357040851
 281  -0.017808131912000000000000000000  -0.405953887678000000000000000000
 282  -0.072229991850000000000000000000  -0.405923643598000000000000000000
 283  -0.126666299048000000000000000000  -0.405879231659000000000000000000
 284   0.418450887525324650133222785391  -0.405844133285978632965248762207
 285   0.364057412361280977946980516311  -0.405826941071870613231137277068
 286  -0.779613207188482608403121698669  -0.405798739238663768357615802998
 287   0.200357487709678995674222757162  -0.405757577629111770641119839146
 288  -0.181097618729000000000000000000  -0.405747348535000000000000000000
 289  -0.670827485732504019616708967564  -0.405683567158000809126013389834
 290   0.309664135384182363745835303602  -0.405679104383949213958094819816
 291  -0.562040735349337060241052478511  -0.405581122664979284848233951192
 292  -0.235625711154987022252738747451  -0.405568138662425178490677345876
 293  -0.453253807434340438890538847544  -0.405540711404708329295869078267
 294  -0.616434197603807080311376184743  -0.405539892030653235237179456445
 295  -0.507647283748118219218849311145  -0.405527653986996501842599342817
 296  -0.725220613920681284227259874820  -0.405488523834152977486315188290
 297   0.255271037100518953332453724982  -0.405475892432050997300233023312
 298  -0.290019067772987531476525678412  -0.405453283010923251350406018378
 299  -0.344412450054989639125536993182  -0.405351303024450831167704876145
 300  -0.398861171604366428121218394896  -0.405238050767212827638185779588
 301  -0.834003559218091666041132878742  -0.405215607959393318547777967640
 302   0.587851907771000000000000000000  -0.402251495738000000000000000000
 303  -0.887856231516946948807327262171  -0.397564456264010028019228887379
 304   0.737467456888359702635083519463  -0.368189268799295944058116867369
 305   0.683065166857880097785389292394  -0.368174477929760532649431324807
 306   0.791870232841000000000000000000  -0.367992559883000000000000000000
 307   0.846284541713629048610651083883  -0.367719099688616787379982620977
 308   0.900691437047288990541395739076  -0.367523316595062938024670967072
 309   0.628561161789000000000000000000  -0.366112818564000000000000000000
 310   0.554716051619000000000000000000  -0.359030280264000000000000000000
 311   0.172634912124612979137152395741  -0.358958974670006641626165528713
 312   0.118240954778008916145490971434  -0.358942752110484285655546325787
 313   0.063837861531000000000000000000  -0.358898223927000000000000000000
 314   0.009431923577000000000000000000  -0.358862023397000000000000000000
 315   0.500085559699590965912360746229  -0.358841995661824912573785328550
 316  -0.044996356432000000000000000000  -0.358828059726000000000000000000
 317  -0.099428705323000000000000000000  -0.358784998264000000000000000000
 318   0.445692146352895801875117742523  -0.358758207302095642985423790300
 319   0.391298687937014115340180300206  -0.358712190420286301839152125215
 320  -0.153832219755000000000000000000  -0.358670328367000000000000000000
 321   0.227581482875082298419666935121  -0.358657743998027414948447871638
 322   0.336905338131663099006204588702  -0.358594152517974034629439648170
 323  -0.208249071393000000000000000000  -0.358566253222000000000000000000
 324  -0.534978864390052965199674338831  -0.358395969295405957497623944264
 325   0.282512223193814856750527549418  -0.358395448336608528735883081172
 326  -0.262739419842375401663149145215  -0.358395114275033081031655183919
 327  -0.589378435593527597267647823917  -0.358345056712862071328567935475
 328  -0.480585415818527420165516243318  -0.358339502575407614858682894730
 329  -0.643774369060000000000000000000  -0.358328831895000000000000000000
 330  -0.698170459157000000000000000000  -0.358294050973000000000000000000
 331  -0.317132802124377509312160442916  -0.358293134288560660848954031944
 332  -0.752594398819000000000000000000  -0.358234309972000000000000000000
 333  -0.426192092952739679176476183300  -0.358209642605308208486944536059
 334  -0.371538864484739515715029089186  -0.358204637435258636371096291935
 335  -0.807031959769000000000000000000  -0.357976331037000000000000000000
 336  -0.876926899817612110307987422667  -0.344280310924147661243080618865
 337   0.919824937879649979222806124452  -0.316606133033010892016495436379
 338   0.745143629138020769487590954102  -0.314340157241284189960544326285
 339   0.690555701981741582559145480715  -0.314299230185069287120311612307
 340   0.799795893821661734761921693214  -0.314174488512042955688590623775
 341   0.854536104171746648427636149894  -0.313955151238066338986435411527
 342  -0.921188080286837466649218067012  -0.312663885771004151689863201971
 343   0.636202299158653071218028654882  -0.312211638858986623890524283854
 344   0.581809946688157796596457773057  -0.311861740703706659071827450829
 345   0.199858577845744105956017413807  -0.311859336196821646993890367182
 346   0.145463891003226132154558511188  -0.311838002192618066670263448205
 347   0.091070420403107813295329507082  -0.311809858494818735779475032224
 348   0.527408600691915958684778154706  -0.311809008653498620209820934996
 349   0.036670329193000000000000000000  -0.311769221428000000000000000000
 350  -0.017759064125000000000000000000  -0.311732332314000000000000000000
 351  -0.072187735750000000000000000000  -0.311691270385000000000000000000
 352   0.472934042559906239748333475863  -0.311676687934909658338988343470
 353   0.418540588282582269618708974138  -0.311626014723757953640228727830
 354  -0.126591108484000000000000000000  -0.311579193186000000000000000000
 355   0.254829236876986694092592640818  -0.311573416080671939114677164066
 356   0.364147236569166892186887807880  -0.311508859380925665407966079532
 357  -0.181015075360000000000000000000  -0.311476845154000000000000000000
 358  -0.235411084137333300568114015552  -0.311365203541690382350003612591
 359   0.309754102704896251414049095737  -0.311315405466010105283450430875
 360  -0.562133482328105970864131485564  -0.311265542174149866998343863034
 361  -0.289863717794622625215783385767  -0.311228843410970904578611585764
 362  -0.616526932967374303417331893525  -0.311211103702999847102897179662
 363  -0.507740033756580425829973403866  -0.311209075454151524359402800301
 364  -0.670920406387030787923242328733  -0.311189073297074575586137804697
 365  -0.398869785833112766770286870824  -0.311176229273354017219855059556
 366  -0.725313873631234839688610513508  -0.311155056428279736797723092070
 367  -0.344259216554127385901652542093  -0.311146468699368466052345465155
 368  -0.453346710890792684840933331176  -0.311079215484052117987664474349
 369  -0.779706942226704955920505143846  -0.310944047513434121990749884410
 370  -0.834100061600266815982370591038  -0.310746561293380238527435344829
 371  -0.880020701424363245702552963411  -0.277112551709014685398584248961
 372   0.717884940975712007197299646191  -0.267269844350209523994748209394
 373   0.772327195571355887153306162790  -0.267226420900826983586735079761
 374   0.826985958268225985966686758870  -0.267050250245686877748184060677
 375   0.881746440906439401168068417144  -0.266856870900263220111439530894
 376   0.663533776969231038301360606720  -0.265124755276471717619160683637
 377   0.609139773759000000000000000000  -0.264829291062000000000000000000
 378   0.227103603902287571647216492482  -0.264776624394211868099427957960
 379   0.172692608826337036042846276710  -0.264735450923743016776840304847
 380   0.554651087625000000000000000000  -0.264727436673000000000000000000
 381   0.118299047777425428191235358512  -0.264713467940157477169095897758
 382   0.936097285889095659595111376938  -0.264703713761331937546996443531
 383   0.063901130038000000000000000000  -0.264671995017000000000000000000
 384   0.500254561867571292721373140322  -0.264642236085726141130485892765
 385   0.009487556566000000000000000000  -0.264638773478000000000000000000
 386  -0.044934849629000000000000000000  -0.264596177149000000000000000000
 387   0.445782432818377007079923464523  -0.264544527742135164608473597580
 388  -0.099337535202000000000000000000  -0.264495249130000000000000000000
 389   0.282080076792716581383604946310  -0.264488076631176168015064557073
 390   0.391389088628643581513641387659  -0.264423929853037881503863257299
 391  -0.153743767122000000000000000000  -0.264407412947000000000000000000
 392  -0.208184540239380624018372753141  -0.264276290373445379836082754325
 393   0.336995937693377892570840716006  -0.264235336833371099870008811725
 394  -0.262577950332833893508281001223  -0.264174222702534065236164406051
 395  -0.535005882225496207822728444178  -0.264119558796278232019764982410
 396  -0.371590137902500636956910323739  -0.264118060537463846901104214647
 397  -0.316997488578978414083899276072  -0.264077916312422873184423164206
 398  -0.589399332864764540375928838805  -0.264065120325128212124318311032
 399  -0.426024403771165772434744024736  -0.264045802152097926720574980013
 400  -0.643792806284421024881839290846  -0.264043089919202940607558944958
 401  -0.480612508680616853903575550021  -0.264013020536105867163680726055
 402  -0.698268825104563528187697374757  -0.263955688126493615803734963671
 403  -0.752942566071424515218725420093  -0.263590920847792311364805922936
 404  -0.808454710232085423992948802774  -0.262778171814514278452150439148
 405  -0.937223587473435094346575486246  -0.260687805260232299513930175852
 406  -0.897148512256462260091862379469  -0.223909567369495453224717039613
 407  -0.842853223143888758287140933851  -0.220642762175468866381244509084
 408   0.745068507409047124863014849646  -0.220156108009752317620938979490
 409   0.799504997828642408413230631681  -0.220109359230371626163280134639
 410   0.854200227759094034889855543535  -0.219954242218763085912500753638
 411   0.690719346065219051639507290768  -0.217960863782745674804452003502
 412   0.636326449427340297538345692273  -0.217709405367297205299827486564
 413   0.254354372812957351138009668114  -0.217691327013062466075475186846
 414   0.581924837086000000000000000000  -0.217656487103000000000000000000
 415   0.199937837524790000753523087717  -0.217652622302741705791905178375
 416   0.145536679199643874270665011211  -0.217605779567963860204971066700
 417   0.091143208350292208801620054386  -0.217578121759078571317744217751
 418   0.527473326963000000000000000000  -0.217547480466000000000000000000
 419   0.036729870499000000000000000000  -0.217540414392000000000000000000
 420  -0.017675513695000000000000000000  -0.217498354705000000000000000000
 421   0.473062880514526612972955470080  -0.217486822639874733755638007141
 422  -0.072077278279000000000000000000  -0.217414706635000000000000000000
 423   0.309330167676645610913898175839  -0.217403129909343498426838752376
 424   0.418627444149008251678901829340  -0.217341848075148310096493689905
 425  -0.126476313177000000000000000000  -0.217336076126000000000000000000
 426  -0.180891200822111424035094200364  -0.217226061261916059952357752605
 427   0.364234293213742562736101148129  -0.217153255055481528462639257403
 428  -0.235345021342179505563775964455  -0.217089001936526845570125781353
 429  -0.344328538396923103303279531816  -0.217049433742207152271290645975
 430  -0.289739051896111255984656421077  -0.217007457789058308349234753421
 431  -0.398745168694290971657329343585  -0.216987394087074464763087026315
 432  -0.453290201560989941497386239619  -0.216979607204151675896591247638
 433  -0.507896011678553555677461228847  -0.216957086795978674427582118156
 434  -0.562289468247695186201708931305  -0.216908936463010692324622469209
 435  -0.616682941667351670707619366565  -0.216886906057085420807863098035
 436  -0.671076404954664303732381343410  -0.216847061290371377095821792991
 437  -0.725469509023503557218270588912  -0.216645403783483153803180315356
 438  -0.780024844242492291562311928669  -0.216405840022728808353988026300
 439   0.917395766713071172706757312006  -0.213626286099962281177714332517
 440  -0.950328965051596779016721999573  -0.207896712123913567821107261824
 441   0.956737845699819071822258610606  -0.176064986109225124497691907809
 442  -0.814427916716671690909108528443  -0.174267635323755848052966875939
 443  -0.869654413608952361046979328075  -0.173310462150548827099008421698
 444   0.772246309666333646122939322911  -0.173039046339296960197484018364
 445   0.826719267319510457336399415722  -0.173013351203447834327596806637
 446   0.881397998985959421698197647020  -0.172848704579492318335540538792
 447   0.717899351716774414130392672790  -0.170789913701478033103697798971
 448   0.281603680969652969012355615946  -0.170606844043041864643784671576
 449   0.663506251166216315557808040892  -0.170587309430698760553072013417
 450   0.227187112399152485931027647044  -0.170568186226372824722595173389
 451   0.609108321836000000000000000000  -0.170531865914000000000000000000
 452   0.172783082026680561452224861488  -0.170522274438212242890944765087
 453   0.118381233775464864140140387628  -0.170475829219930424287032229737
 454   0.554709200022000000000000000000  -0.170458536527000000000000000000
 455   0.063981780311000000000000000000  -0.170441879417000000000000000000
 456   0.009578797879000000000000000000  -0.170397185719000000000000000000
 457   0.500279096878313455548325400503  -0.170391939660582779435505005603
 458  -0.044822410576000000000000000000  -0.170331111895000000000000000000
 459   0.336577440023311237822675250208  -0.170315781729131073297991374275
 460   0.445885204458563896957997328894  -0.170270997871434391416517227541
 461  -0.099219155432000000000000000000  -0.170257157294000000000000000000
 462  -0.153614390202466473429417768850  -0.170166247849475863871291588357
 463   0.391483504612608387400217911113  -0.170077455390116495666099584571
 464  -0.208023881800002634670262597051  -0.170054910363386399421554095125
 465  -0.317070147780336610130449975820  -0.169978948541953998864337687978
 466  -0.262503300318749402739789441072  -0.169923869650409688043125035231
 467  -0.480573704558926643271271922376  -0.169923673464024483160492625746
 468  -0.426010966484115140719971556003  -0.169921199139128213939103275713
 469  -0.371483707018069262994497931215  -0.169918687462932381869573700540
 470  -0.534967897677679005164848068759  -0.169779089546794630769389145842
 471  -0.589361354246820635689095758355  -0.169730939213826648666429509238
 472  -0.643754827666477120195006204430  -0.169708908807901377149670133108
 473  -0.698148172795363438833700591630  -0.169588735252071821853598590521
 474  -0.752541512963785935219534827962  -0.169466337066066148749945207156
 475  -0.922912830199009916108199879351  -0.160917929830856698511700687493
 476   0.910889932126768220547328667452  -0.127009776503195326485188969593
 477  -0.964610171768288814150844838751  -0.125989687074477617665323437410
 478   0.799460579157201695046108101345  -0.125943038312373168361800708426
 479   0.853917038546375844144741524559  -0.125907813564177066750636612589
 480   0.745117211309759778857617816506  -0.123608770334766937424261502240
 481  -0.834113615626948565048780423546  -0.123561386257121214791049863322
 482   0.308851851885915336487972586013  -0.123518963478002574151833125047
 483   0.254436693429710024647238172895  -0.123483545941166116003383424464
 484   0.690723898732631209595049007870  -0.123474670072094824280410490801
 485   0.200032891198394017582183167647  -0.123437530523593332709284490375
 486   0.636330451365678191948013934931  -0.123417054690697506067530131675
 487   0.145629858245687625411493932134  -0.123391044088337210062347656068
 488   0.581937013235236936843274470685  -0.123351294949814002993499799918
 489   0.091228982016051451541739738643  -0.123344038882758922279849727618
 490   0.527543546448811315584993398016  -0.123316553797350023094602782557
 491   0.036832211252000000000000000000  -0.123300674324000000000000000000
 492  -0.017564104534000000000000000000  -0.123245998673000000000000000000
 493   0.363830051740278402667851970625  -0.123237974391374779847679005176
 494   0.473150193755558554261280368832  -0.123199854264042031929241088620
 495  -0.071959538414183002118967965388  -0.123177364634864969051908460222
 496  -0.126352953153936223107840270108  -0.123094485549090779632672336778
 497   0.418757027487741444448096210386  -0.123015736488516061323074791363
 498  -0.180746341004391009902261978438  -0.122995520183132201234895215947
 499  -0.235152131599412407293481356661  -0.122907234236122297892489352129
 500  -0.289832717214814442844455405943  -0.122894587196658212208696194269
 501  -0.453294469482051842493857243981  -0.122865265399001021203004671065
 502  -0.398749504807893432057140144441  -0.122852492514986131045589966457
 503  -0.344226174891863202942478900968  -0.122847705123676849077648010176
 504  -0.507687756596209890154673252002  -0.122721206694196992566731456703
 505  -0.562084430248610727379569230484  -0.122626739686758378591182142783
 506  -0.616477886817752357903816931262  -0.122578589353790396488222494058
 507  -0.670871339780400932529072855850  -0.122526524069783424458605959120
 508  -0.725264685313313629188889419861  -0.122406533525038789463703962122
 509  -0.779733463481586700726394968353  -0.122357439148250915620062449773
 510   0.965082954216480735376470769507  -0.122315478206000534173066496279
 511  -0.888311197025884699958728338790  -0.118949162661136996196312873979
 512   0.883299510658610725916575768394  -0.080133139686940091157884749194
 513   0.826658350384067081854450213715  -0.078837500673102400784840495827
 514   0.336104298298292079710685141249  -0.076441254078217733861894987927
 515   0.772318051933007371019771649602  -0.076432838484058102136817854772
 516   0.281683008759449707207592073790  -0.076396735186429147570582606821
 517   0.717924609397095037513309873289  -0.076370829726091341462187897477
 518   0.227280640792611480678301589890  -0.076353945463708268762008264097
 519   0.172879034120418811378248231948  -0.076306665034165308381596173393
 520   0.663531174613523643900816642291  -0.076302357549060467368892660177
 521   0.118483878950441552676573587371  -0.076255640790012358887456503890
 522   0.609137731124320124663725257554  -0.076241190724024264289170909327
 523   0.554744264182355534544272371149  -0.076206693955088205739029136446
 524   0.064090425402157157918959061507  -0.076204190966985331234201112117
 525   0.009696966788012989685601675237  -0.076158409037719427868835896734
 526   0.391183724638606963747688395505  -0.076129028286899112493627824234
 527  -0.044696476703294633016587019650  -0.076097244083814895029394356330
 528   0.500350904659005592050727901966  -0.076093222561081418338346313063
 529  -0.099089899169189350856580232086  -0.076019601052179598208059514217
 530  -0.153483299462343951009301716044  -0.075927728628075381764816737618
 531   0.445957729031785783811315149659  -0.075911890875811724299945463036
 532  -0.262481919344853477485519680746  -0.075877736048689993056747958053
 533  -0.207876716858655037582936976043  -0.075846611771971472411746135422
 534  -0.426033007805830133831025828233  -0.075796558774858938309491345938
 535  -0.371491972681687372005121114015  -0.075781510175730598253664260074
 536  -0.316990448540505151869264110443  -0.075764102392921395665862992569
 537  -0.480426294919988181491841851645  -0.075652500070054909673218142166
 538  -0.534819694029942897676358698703  -0.075559929778712513856870783342
 539  -0.589220319173294257639378799559  -0.075485526632140241763945028992
 540  -0.643613775608157089575289867236  -0.075437224848105820677092286195
 541  -0.698007158457906289553742842219  -0.075335548133606740182052071455
 542  -0.752456635831114394695749554210  -0.075297635607223556333821187043
 543  -0.806920895956175224988056981921  -0.075245933638096063013852751489
 544  -0.915750775047296646916380384425  -0.071984069304469342819993182239
 545  -0.970144150392611303269229877097  -0.071878454261140205238868669935
 546  -0.861204547029584156557396451138  -0.071791130874688131752107106052
 547   0.945303861396051562106935058504  -0.071645586522728614447449599376
 548   0.908267655318819600522352742259  -0.031808796047108367226181454339
 549   0.853874217941697374608600041974  -0.031742416119837304747912162579
 550   0.363416096286766407122388678681  -0.029357143016923921769570643727
 551   0.308934524330373002839745019749  -0.029319562485853940750395179408
 552   0.799535633012552083095544650058  -0.029299339393304566202294524247
 553   0.745142159835577175668326220364  -0.029276717736137199256527458350
 554   0.254530620345741087854228905201  -0.029265023574980495955046003474
 555   0.200134441833556149026813617421  -0.029218668673717473640348956680
 556   0.690748737300050982900742400281  -0.029199123500700218921122849728
 557   0.145738718806888577380962495633  -0.029168000217734433966449750644
 558   0.636355293330611334173510650150  -0.029138385233592595068552406769
 559   0.091345265785827536004193389847  -0.029115995993990608273458604474
 560   0.581961825112535033021493858374  -0.029105962976036053053668389553
 561   0.036951812984909687800813219027  -0.029063762020524855286143487025
 562  -0.017441643099315687928340111152  -0.029015066978609048950300993646
 563   0.418410463402288070816308729177  -0.029009880339678460399280901937
 564   0.527568457570287367993098362353  -0.028996402912053161703124342009
 565  -0.071835073461644078010224230419  -0.028943168354187230565579933679
 566  -0.126228480169122144860570001198  -0.028855175465032630425105798597
 567   0.473175272996167968883527944805  -0.028817775144219686947608479033
 568  -0.235200609206736217589239782634  -0.028814119355088732151640906582
 569  -0.180621897565433231434205249230  -0.028774058608928721072035191926
 570  -0.289640601787581563033658429699  -0.028746697970885753576883011139
 571  -0.398775475679624073779006800209  -0.028725576435603405517565655529
 572  -0.344252513019959954909142215011  -0.028695744908176822886013009822
 573  -0.453168734986262324784163558571  -0.028571375286213978603949328077
 574  -0.507562150421770740473981318643  -0.028488954088354714515728511863
 575  -0.561955582954626427936168260992  -0.028418716724094377029633685284
 576  -0.616359334755884211824008948086  -0.028346113513163024521702100313
 577  -0.670752748767335888666596309506  -0.028262757814652798317966363382
 578  -0.725199108975707055060602979451  -0.028226650215791507052169313790
 579  -0.779623103650826828278283210110  -0.028174037885973637934180222576
 580  -0.833908238240420989877367361539  -0.024742624389568804596233678442
 581  -0.889019973687724512196812489056  -0.024611981587452286691869298082
 582   0.972493800804183580164890493592  -0.024535527819986890837799751520
 583  -0.943418222391610210237730732167  -0.024503616968765601809647054184
 584   0.935457594726951618580308175312   0.015301262655633356383468396937
 585   0.881064157349829392666555489907   0.015367642582904418861737693222
 586   0.390626845105488284696551548671   0.017752508289768109806725978546
 587   0.336233367416297545665847195952   0.017757076568549850378312746609
 588   0.826725663439528025692546475723   0.017812742898597618346057752090
 589   0.281784089129393015393188078186   0.017813274309644041619020490442
 590   0.772332189438917503370917502249   0.017833288909618417200180789727
 591   0.227388029091566057169409485958   0.017872330784406740041474899790
 592   0.172992161547498440051406253791   0.017918864745700483624891900401
 593   0.717938817174058763071182058867   0.017940478695315000922198642784
 594   0.118598708498944830639279782271   0.017970840205831024163127830553
 595   0.663545360083321771524560758100   0.017988036153357064209241136856
 596   0.609151893120123711903440430790   0.018022499425734837028200313630
 597   0.064205255477883789262510660427   0.018022844429574849856118986707
 598   0.009811804143197171680333037892   0.018076583565596442213579303513
 599   0.445650021541779065841430999079   0.018097158175207756363930572718
 600   0.554758506988660202056254227828   0.018122405117138467762398898289
 601  -0.044581644336256584618999474720   0.018133138907267884916490113846
 602  -0.098975055730534714476445659081   0.018218185285649566132602160730
 603  -0.207942708120452781147744650264   0.018260224064568002415541056255
 604   0.500365294237861659135698032964   0.018292236327546138142279551975
 605  -0.153368473126845801050080919008   0.018299302141753475485672758419
 606  -0.262362317923167789957217612415   0.018312261488563888162803851231
 607  -0.316887510154688052784019584983   0.018330434699107690780812559065
 608  -0.371539747366940224462196320577   0.018358025160614072980165362021
 609  -0.425932991943485274982341499097   0.018517337526154775974504274367
 610  -0.480326414889702578130907424784   0.018594643331775594604583079990
 611  -0.534719847422558265593094371753   0.018664880696035932090677904533
 612  -0.589113438106121280452902574263   0.018731604695604260624574378339
 613  -0.643507708804261187247886510512   0.018815456185074551143496573897
 614  -0.697944699285136654173456441612   0.018846140103162434811916413357
 615  -0.752365576795419488643136633780   0.018896947505458411347471667400
 616  -0.972566424692355194585938745698   0.021420589487399827809027015367
 617  -0.861334054957458301340703149189   0.022230506370442694493011321789
 618  -0.806650711385013650242220793179   0.022328361001863244685418198394
 619  -0.916219497105402942141380756468   0.022601369803327765258689128833
 620   0.971171117255826161123320507889   0.056328019102776874463462516658
 621   0.908278683745742556349148971950   0.062463502157179176932729790278
 622   0.417851580948021900397338615397   0.064850737038745203190613977036
 623   0.363453413168063506306340087011   0.064872090553788710751559671505
 624   0.309059935478872767275635726246   0.064876658832570451323146441593
 625   0.853940193841744064466968730378   0.064908691505003941058532363856
 626   0.799546719806713211385837378321   0.064929146188725110750565175069
 627   0.254637732776000000000000000000   0.064950735511000000000000000000
 628   0.200243024264918328784022370443   0.065008295280266302926372817865
 629   0.145849567494318123801798447521   0.065056217493366768522501342155
 630   0.745153421759552427690501469981   0.065069015936693003050621575759
 631   0.690759953388173240303022556242   0.065101179976142345666719166805
 632   0.091456114445764514389671965669   0.065108192953497309060737282289
 633   0.636366485389626046350417158098   0.065133968460158007940921823162
 634   0.037062661424703473012902855332   0.065160197177241134753728428477
 635  -0.017330788975408473693270409980   0.065214874084827716722610816880
 636   0.472863218157013008293265615648   0.065220759074771777189994443120
 637   0.581973078685446241147125342384   0.065221963388132000441420395557
 638  -0.071724210693409699939077755332   0.065293039303014938010370415880
 639  -0.180685701048498285662085649491   0.065335665677534508511327160710
 640  -0.126117628089720786512713003579   0.065374156159118847363441017642
 641  -0.344189885684040090859813476367   0.065375420897935518107394642002
 642  -0.235107476174126790254140136239   0.065384801649770330825739085013
 643   0.527579854452327237197738432994   0.065388076359622102766880350524
 644  -0.289600365309944360696367925914   0.065394521529362436819983811616
 645  -0.398661165063000000000000000000   0.065590022726000000000000000000
 646  -0.453064144663392253158898241258   0.065662881647026945312624707597
 647  -0.507471021075162653423250468700   0.065740903241309873572795221253
 648  -0.561879984525410959911693250230   0.065816522047777216811860964934
 649  -0.616276889849256867282495673524   0.065901897280504976149724689229
 650  -0.670700309305839822409172200841   0.065924730254627804556133048232
 651  -0.725111167104849087755990101094   0.065969737824412353211557375456
 652  -0.945353132554884828818497358584   0.068534818634112876181359389986
 653  -0.834045816032285993419348174202   0.069319409908635468304741335456
 654  -0.888454856273903290343894745132   0.069380401088751212454198925494
 655  -0.779396301694443249355074249683   0.069401151320817186549503922904
 656   0.944023857502326323470244188923   0.103462684943001833680338449258
 657   0.390668843227515884629669300253   0.111967427930993236327438120439
 658   0.445062320835586881207273740891   0.111972877145691123710795774305
 659   0.336275369629331780471675447623   0.111989013048795368563198126997
 660   0.826761171099957546892995376474   0.112025049161290499726386655872
 661   0.281881910273709981284367617846   0.112033905386461090263151850833
 662   0.227488461892719509123044961295   0.112090555348391436569366040370
 663   0.173095009103697406855054462870   0.112142801707933618858079540035
 664   0.118701552203793684468436875053   0.112190576931406264929297978090
 665   0.717974497244582683411955666782   0.112198807358432801837992913915
 666   0.772367975108645049112575027603   0.112200165820485873622217656302
 667   0.663581031324250372102020446437   0.112234879055220624566380452043
 668   0.064308099895562634488377982230   0.112243321465303037948243215518
 669   0.009914648315441306219986267232   0.112296811601387215749863799268
 670   0.500082868064166168751163879917   0.112319581508753497810508758161
 671   0.609187619760024647592517496468   0.112319816670073812298406511958
 672  -0.044478778935774625353970235593   0.112371026561750966701573763807
 673  -0.153427106555821772761789236336   0.112415019479249657331951488819
 674  -0.316911587874062884357396269296   0.112434372273671191913609841476
 675  -0.098872196332085711927605497132   0.112452143417854876054644354665
 676  -0.207854065138039153618097718997   0.112458170159913285529709299006
 677  -0.262339746005727778895526918866   0.112470403650939821964307154214
 678   0.554794389459790906192400345284   0.112483930957677717247835816548
 679  -0.371305036938000000000000000000   0.112604137058000000000000000000
 680  -0.425811279150000000000000000000   0.112737739244000000000000000000
 681  -0.480206631870238170076766021145   0.112807914164843768893213794627
 682  -0.534613753981072516166122391012   0.112882466295148341029934951809
 683  -0.589027756478444308454335957700   0.112977742111302554967004824472
 684  -0.643474028621834374696387703036   0.113013795610710352067734113440
 685  -0.697867495275784134878801866309   0.113048743562255568753704991594
 686   0.886509148998000000000000000000   0.113073791805000000000000000000
 687  -0.806717236113594473610048955929   0.116435362045119765021253895293
 688  -0.752152629865378296477886028704   0.116480157058660402091651523487
 689  -0.861113480194989640374775817246   0.116499829499486400092128150397
 690  -0.915506913108752651080347950353   0.116569771258289836139087792451
 691  -0.961954857747642845032101539928   0.144875934453188812362703232120
 692   0.960317633981992936254716125604   0.155358381142439459203377636268
 693   0.472276919025425288789998304057   0.159068695233492781476337515615
 694   0.363489967358599688721339778009   0.159084831402740421748602738227
 695   0.417883445054459185139139044460   0.159089319575778012601529250591
 696   0.309096512044953629137130712702   0.159134379723105219467905551429
 697   0.853946760391504413140653023080   0.159137618300162496522673035485
 698   0.254703060671690252442885301253   0.159188079798470221449694380860
 699   0.200309607604442494817143866886   0.159240035691083425388932522441
 700   0.145916149997077981316159072975   0.159286998543437824276227830032
 701   0.745161872841347645071444557396   0.159318840460304650900711502629
 702   0.091522698811343506268060480162   0.159340888234312399424355142598
 703   0.690768408307175596530752655345   0.159356945098201595882742020974
 704   0.037129247121026733712629131247   0.159394266196405058628736269726
 705   0.527309444716367317146288469035   0.159422489184839038396011476458
 706   0.636374995664127098232453812131   0.159441189010227958307171267451
 707  -0.017264182326810131442924547148   0.159466853363694252687847397548
 708  -0.126176788152799889208134559710   0.159495843330785302111679495852
 709  -0.289656734960187489805574458849   0.159506905970474465239034846439
 710  -0.180603246930578477437183872793   0.159533039708512051947069476792
 711  -0.235081643518466893653146783563   0.159546485181066098614393743097
 712  -0.071657599734743708095844171050   0.159547962425890002843059806048
 713   0.799554854582295358279892031100   0.159551162053339832974070440102
 714   0.581981736628413764303174379506   0.159595485696684541784983576511
 715  -0.344049789279188263284046240189   0.159721563474170537718481031545
 716  -0.398443445263000000000000000000   0.159745079346000000000000000000
 717  -0.452969320674759911151783943238   0.159890600099636575958468980261
 718  -0.507371483286162751310218658114   0.159962282813258544517395370957
 719  -0.561764897296415464356567076039   0.160045639294143932383313181612
 720  -0.616231744039264262999366051402   0.160093604092860367308489682969
 721  -0.670694260712119325078623227324   0.160168439649366676739274093357
 722  -0.779466080634308736033804585975   0.163518714042127432199948306784
 723  -0.833859531538913858857834572030   0.163572886747190705423384063921
 724  -0.724980227357512151384306688535   0.163600332970303297353366018764
 725  -0.888252964452676869563406714305   0.163642828505994141470343697942
 726   0.907531371219930511804752157418   0.168483201126277849028986331139
 727  -0.934700909091567063515160300186   0.191948991700893117693959133644
 728   0.499491548903731966244327597837   0.206164495009910627177527058103
 729   0.445098074946655287352529994830   0.206185155950906293060823308326
 730   0.390704600975689183701670731343   0.206205780293191524186015036412
 731   0.336311129092357614938141711666   0.206231323802735216934658722923
 732   0.281917676889390717485592291095   0.206284176780109223976834156242
 733   0.227524223762100908350353816058   0.206336069775669410020220172947
 734   0.173130766106917478423827318246   0.206382977210355735991208597461
 735   0.118737314903249354317187593861   0.206436848796896580049382980975
 736   0.718052201111474330814749127149   0.206478439120426269434773433206
 737   0.064343863217637846430271963036   0.206490231553553933507734795028
 738   0.663658735153071855207474145339   0.206514453364452523735706767614
 739   0.554506616753218479392555237203   0.206539795509880334029723212457
 740   0.009950433778070872632709537183   0.206562824917648550447909434019
 741  -0.262403313658070703797109840277   0.206580268537036339384184445784
 742  -0.098944166182594973776549011782   0.206602119813741071320228068254
 743  -0.153357830573203550610189976493   0.206611035879833410560490199922
 744  -0.207820942635986433046011753956   0.206627067742663888092920834212
 745  -0.044442983873685213497859217241   0.206643770302267759481321154514
 746   0.609265429439735146910206370642   0.206651309380593334207355813995
 747   0.772445196829795412724748131065   0.206707464840305451145698191795
 748  -0.316796091210998330420035703115   0.206856286781712732171248446464
 749  -0.371189568645586596522025393879   0.206863255755727937017904552384
 750  -0.425583041434081051702272556450   0.206886792981030956842452695455
 751   0.827083533860051467686562127807   0.206919943939412517333334247137
 752  -0.480156039915589809547832625028   0.207060482080633399032863646995
 753  -0.534549458244015681059154673482   0.207140971474507354385303127367
 754  -0.588963398585767907847249517303   0.207158323068144245913114120884
 755  -0.643402887694138032011156285795   0.207219809393371626103493823395
 756   0.950133130581380578646670979036   0.208789891756276469179005142530
 757  -0.697688022454802902692952014494   0.210651220183428141637339645852
 758  -0.752322570970251132954485746967   0.210655539551604343032415011235
 759  -0.806729083001171328139809943057   0.210717231032953827102933829526
 760  -0.861268105177590828392761057871   0.210870657229083503748422027106
 761   0.897346867819318154196707001242   0.221914711740114859004613846938
 762  -0.941197515489991191741002718735   0.245953107667156433651308861834
 763   0.526678978762542673592546729984   0.253276002029596483628286516801
 764   0.472285504805465994700749130237   0.253296662970592149511582769987
 765   0.417892030834499891049889868984   0.253317287312877380636774502036
 766   0.363498564347323689478571411278   0.253352493876202663413797594497
 767   0.309105108394672382988447894449   0.253401335668183289761829182366
 768   0.254711653780026921402093693091   0.253451645489948695003061302864
 769   0.200318195099794849036134443506   0.253497348832801785596583118649
 770   0.145924744557872915179435823757   0.253551884483106947352910922276
 771   0.581790309564539861999587224135   0.253595619193789126452095433352
 772   0.091531292250861068235720704301   0.253604630274306930876632686873
 773   0.690873761706513596851273853069   0.253610023917203263756164261526
 774  -0.235152470306862639175645708604   0.253655123530350773860782262140
 775   0.037137861605220612829810530966   0.253676314244366334071246263809
 776  -0.071719240329836908966152492305   0.253703904914611407960421406165
 777  -0.126143280657942628370390636047   0.253706881863353373836122507405
 778  -0.180569998346633857495097123067   0.253708258314541200672317245966
 779   0.636480455993176888554006070445   0.253746879933344074227813253193
 780  -0.017255558956237829583032622691   0.253755280173548926442427422453
 781   0.745266605066994668271222813707   0.253872754113092416290954339450
 782   0.799660078619754539909646928173   0.253894453395894260332170835637
 783  -0.289544895101128435377030055888   0.253993592131259609449489970841
 784  -0.343938372219237846603160989748   0.254002702310710469361836731915
 785  -0.398331849318843612357180745989   0.254011922306635615186080636800
 786  -0.452725639394000000000000000000   0.254031243975000000000000000000
 787  -0.507345853569196191884385909786   0.254243140518934607401015833556
 788  -0.561742092402773089488750209924   0.254250264264970160996062565445
 789  -0.616135559117488415831560318263   0.254285117511843441154588182460
 790   0.854045452365623157511838651638   0.254833366872124214092608746822
 791  -0.724998628924309317986703051035   0.257691428625370828901547803480
 792  -0.670420693878153286513356034245   0.257716528301899956688434018424
 793  -0.779392663420000000000000000000   0.257866881172000000000000000000
 794  -0.833790490161000000000000000000   0.257905721018000000000000000000
 795  -0.888189348503000000000000000000   0.258162038349000000000000000000
 796   0.936974141772662527983362117983   0.261582955058916146471249663090
 797   0.892667087373443877594371881804   0.293135060637757330462418639513
 798  -0.925976345048102715458350866933   0.298173471572175731156388029505
 799   0.553962671573864056199578718965   0.300331825713505276050658754741
 800   0.499501004989033420651411752086   0.300392964766599225888981889752
 801   0.445107531031956741759614158021   0.300413625707594891772278129093
 802   0.390714064896935219624919691074   0.300449372202927464026032803806
 803   0.336320609936471819148271370125   0.300499306737081887996135883366
 804   0.281927153370087974061722806475   0.300547460185306209393996192713
 805   0.227533694497175453203588040521   0.300592933632897995590252696906
 806   0.173140244645680355575359738332   0.300648153616143815379437046489
 807   0.609015573491298719474103789440   0.300697179880753229098874914018
 808   0.118746792068833552546494853618   0.300700620405445337194285040832
 809  -0.207907037804087552750994997497   0.300733110357852102532203251494
 810   0.064353361656096462916906084666   0.300772480884079772623466078500
 811  -0.098928684311198341154261710921   0.300802701016197867308689254218
 812  -0.153354571862524366229897706475   0.300804610757357533457002561890
 813   0.663745076936230131413737515918   0.300813756617752231637747458841
 814  -0.044515505158726132193360227777   0.300824864503890163228575890571
 815   0.009959939840027182343078397274   0.300850577829091559329741209104
 816   0.718137941307483518096712648163   0.301072100350201165343639870369
 817  -0.262299274959260687768415126694   0.301100497414054183452092693690
 818   0.772531387317857562051549152202   0.301130982522254575691344528133
 819  -0.316692741640432615351479836916   0.301135402970934092433931413870
 820  -0.371086218653821108446020041234   0.301145118301054281861696917534
 821  -0.425479695686461319945665456001   0.301154725241438130231109533192
 822  -0.479873162849303817467852200818   0.301188871960704700852320989757
 823  -0.534541926643678826301507778000   0.301354419269294967715433613060
 824  -0.589237167951638688900770771404   0.301562247169666356566307688422
 825   0.826918245329660016165355313312   0.301979576416706412309526820265
 826  -0.697728772144212754727471025335   0.304758204477483158740673696865
 827  -0.752134092044000000000000000000   0.305027708488000000000000000000
 828  -0.806536824565000000000000000000   0.305045656972000000000000000000
 829  -0.860939294924000000000000000000   0.305245577509000000000000000000
 830  -0.643351526700000000000000000000   0.307238412798000000000000000000
 831   0.909643458572668626620107774187   0.344811489083420970225330398414
 832   0.581177789227780452347752251576   0.347427343622082837848553569190
 833   0.526784315661910981157899653205   0.347449010018202203360754461180
 834   0.472345041997222641717763291917   0.347522616897514271455112401674
 835   0.417951568040145962825965686492   0.347543277838509937338408653044
 836   0.363558104871766276424812120827   0.347583284635235169752560068570
 837   0.309164647396386917543316380021   0.347630400107843102300886607543
 838   0.254770030644982393030484458194   0.347678732373609841080211081674
 839   0.200376583643183028169548312102   0.347736691463538966494420047525
 840   0.636280194434351962333835231322   0.347764056565161386508809107216
 841   0.145983132219410804115207666327   0.347790340353491497103501854400
 842  -0.180692485189632756118330936086   0.347828954781630442086786182704
 843   0.091589701053664770786106159096   0.347861628577693286224256605614
 844  -0.126136510236507053972540891173   0.347902431847825353499945036814
 845  -0.071741279609544626235987749656   0.347914222553738545674904980601
 846  -0.017292181682789385101338578962   0.347924692887149737763223134362
 847   0.037196271093283165151491724423   0.347933830646378653727415134264
 848  -0.235084678145251949930663917823   0.348202828386410822624599794785
 849   0.690677920593000000000000000000   0.348235195527000000000000000000
 850  -0.289478143519578762821596060070   0.348239714231552226592980327329
 851  -0.343871619367520886435210704497   0.348254586117733992182157167383
 852  -0.398265096344355799159119818534   0.348264503990086982903061232838
 853  -0.452658570478491985087017755585   0.348284693411064945474501735322
 854  -0.507055535057666882267371569288   0.348303297321942770467463733665
 855   0.855364663018155353552129821019   0.348341756657559207142390386227
 856   0.745073897532000000000000000000   0.348428575136000000000000000000
 857  -0.561716920311728876266597832596   0.348480115896108951813906132940
 858   0.799468357927000000000000000000   0.349116278527000000000000000000
 859  -0.907864062050000000000000000000   0.349465652266000000000000000000
 860  -0.691167338758892359735066486716   0.358754482385535901370135437619
 861  -0.745562643293000000000000000000   0.359068650095000000000000000000
 862  -0.799958960716000000000000000000   0.359069900642000000000000000000
 863  -0.854354904047000000000000000000   0.359249277397000000000000000000
 864  -0.630844237918000000000000000000   0.360226107810000000000000000000
 865   0.608442410170833695207483697118   0.394494220306490995258487782911
 866   0.554022070421263987012270243149   0.394557136450983217880841191370
 867   0.499628427712088708028740289917   0.394578705388004448522440828604
 868   0.445177632549570926433908430730   0.394645671763442754138810798540
 869   0.390784161274702197010198420663   0.394672479666981185870912799010
 870   0.336390703799322838128702672043   0.394719595139589118419239331868
 871   0.281997246799827520728393165205   0.394767256840309816729280786886
 872   0.227603799798028155867457010060   0.394825215930238942143489744691
 873   0.173210348374255931813116360934   0.394878864820191472752571553500
 874  -0.153477877805096200255829603384   0.394924767556219969167494532414
 875   0.118816917208509898484014870993   0.394950153044393261873326310656
 876   0.009945822040294723885673455125   0.395008913890109015626348148805
 877  -0.044525785868456677934744932247   0.395009523130573857331697070386
 878   0.064423487248128292849400423079   0.395022355113078629376484831023
 879  -0.098919669304706029509068203773   0.395030945376655741554096673890
 880   0.888949197938464316934428780521   0.395114550747670429397306688458
 881  -0.207869982872221529100607285126   0.395311215949231057996208570272
 882  -0.262263448449109424055791921067   0.395347801869656102759145606728
 883  -0.371050391144320015615705864113   0.395374223511791799778254740142
 884  -0.316656914172568605091824118792   0.395384169224975375384084394149
 885  -0.425443868091745353192873792307   0.395384301387069190261127968723
 886  -0.479837843025466286940153905962   0.395400906966601756814679019272
 887  -0.589201891646782177071168207337   0.395418658552490605845798078839
 888  -0.534234100889132892875924474945   0.395419918543527940562513980275
 889   0.668867716040000000000000000000   0.398109122461000000000000000000
 890   0.834670402383951043866450816539   0.398644818321808666314366679393
 891   0.725673372857000000000000000000   0.399255600392000000000000000000
 892   0.780157947366000000000000000000   0.399997061754000000000000000000
 893  -0.662525384939000000000000000000   0.404999303488000000000000000000
 894  -0.884049933458000000000000000000   0.405884627505000000000000000000
 895  -0.720708961887000000000000000000   0.407591820450000000000000000000
 896  -0.775165900554000000000000000000   0.407600827419000000000000000000
 897  -0.829639996902000000000000000000   0.407710181176000000000000000000
 898  -0.620694672366000000000000000000   0.439770647562000000000000000000
 899   0.635942188470690011486073792534   0.441424089573860719924945162282
 900   0.581318384535484840096455493207   0.441642260237400104724084892083
 901   0.526854416809432121476093351955   0.441680050550401780028365928112
 902   0.472460943243585063984417908991   0.441701717002790647375001984195
 903   0.418026123000798749856146835177   0.441777889674512831884604932627
 904   0.363632651853307911459348119453   0.441804954794934195000608021001
 905   0.309239194584971613763850813548   0.441852308689546088977353074639
 906   0.254845744215938889088228501392   0.441907016506496453983004111944
 907   0.200451692136000000000000000000   0.441959870476000000000000000000
 908   0.146057952427080616782820768780   0.442031921269736735355154019775
 909  -0.126290355642171159391568781147   0.442036221308297302347850595110
 910  -0.017289455305637344934961167660   0.442092776347259036191388065427
 911   0.037175339629723141262959883401   0.442098770517814612656422968337
 912   0.091664520840211861312778381424   0.442102887446821801717437800136
 913  -0.071692036932497833150217920672   0.442133245809487336067443548354
 914  -0.180682400186701768578068590466   0.442431096300490682318605204628
 915  -0.235075867149908418887522353460   0.442465559559309748092784617803
 916  -0.343862802227002455947780869294   0.442487364967583207158702530318
 917  -0.398256279221639835999558342346   0.442497184718894540976963410953
 918  -0.289469328330139719864237415894   0.442508183828596306525086673173
 919  -0.452649755075701945080005453754   0.442512034204543545558055070485
 920  -0.561437984330909128799510918229   0.442521926586496920370555005440
 921  -0.507043230171908435251177843180   0.442529439721659726327353215188
 922   0.696356278106000000000000000000   0.445076671934000000000000000000
 923   0.864943116215000000000000000000   0.445108898471000000000000000000
 924   0.809789460922213270076480828673   0.447014118378468984906458076384
 925   0.755416224641812931947085169469   0.448497901512696534023813478690
 926  -0.689445613838000000000000000000   0.452267205571000000000000000000
 927  -0.748583257252000000000000000000   0.455105702197000000000000000000
 928  -0.859505807709000000000000000000   0.455617032450000000000000000000
 929  -0.805111225113000000000000000000   0.456263465073000000000000000000
 930  -0.593179089858945460754231093679   0.486693780247530018736134719622
 931  -0.647783681988000000000000000000   0.487248487121000000000000000000
 932   0.663420689494241835235963804250   0.488366420337174157058506614815
 933   0.608708340518578354703481839650   0.488636310363324147158796571047
 934   0.554119071544419286680010442813   0.488746907660002838233446772004
 935   0.499702907260659944898331745340   0.488812268461471857774160080517
 936   0.445309433694812887406656315842   0.488833934913860725120796129811
 937   0.390872311785967384440603781957   0.488908781587386283190910576420
 938   0.336478840638476546043805079917   0.488935846707807646306913653343
 939   0.282085389085415153912736467466   0.488989364353728923722539569073
 940   0.227691936746619294735571588338   0.489042077357864565222190889696
 941   0.173298506641891511960677983179   0.489114170601341835916881743448
 942  -0.099074801201817094466200428672   0.489131486808109338833139777341
 943   0.009937760123174031730274980082   0.489181301233761453035646864697
 944   0.118905073197186264143202826962   0.489183698222344752915977235224
 945   0.064424636201748219422954583573   0.489184084552214674603699306255
 946  -0.044455706369678500150434161783   0.489216499026172514927134561370
 947  -0.153466730173871864789349174443   0.489541972730657997019488060191
 948  -0.207860194838933966929537503762   0.489579890065773528059682000036
 949  -0.371040557768330756209215317955   0.489604757426709805054441057860
 950  -0.425434034675370090971884628281   0.489615050970333416188785819592
 951  -0.262253656449189786133396563511   0.489621961995704904582572388043
 952  -0.479828793009891100718448591487   0.489628383097104910938889084381
 953  -0.316647115606747839752763780820   0.489667093677765766107586646997
 954  -0.534585199303057476282888692981   0.489824974820639800522786441318
 955   0.723324168460847359844710583375   0.492415442041184819875354140284
 956   0.838504390840634205473311275936   0.493210473600216035405445721809
 957   0.784082118576677046239098844982   0.494949314065177742185194237299
 958  -0.716742896424000000000000000000   0.499318459794000000000000000000
 959  -0.775992830265000000000000000000   0.502209969205000000000000000000
 960  -0.832064165064000000000000000000   0.503902521330000000000000000000
 961  -0.619757106514956980678750812627   0.534151756043242544585144172418
 962  -0.675080905298000000000000000000   0.534299750415000000000000000000
 963  -0.565358985353000000000000000000   0.534680836341000000000000000000
 964   0.690195324165934415514084411484   0.535713747338717330559582355422
 965   0.635801917642764428393915699425   0.535801854085510185493503033555
 966   0.581369640865894848925341985774   0.535821921283464665564568732454
 967   0.526967561995647110102248841689   0.535879125571072915979240904007
 968   0.472549096045828579482788701307   0.535943160374345309080465709699
 969   0.418155622479981521991113263105   0.535964826826734176427101758944
 970   0.363706709599522646780884393920   0.536032878330363655781257154927
 971   0.309313250034301361903245925450   0.536077515985979038751754101958
 972   0.254919797695505502726081038455   0.536130228990114680251405412510
 973   0.200526367590777719951187449469   0.536202322233591950946096272191
 974  -0.071838470638997761466416671263   0.536214740024794517692830775924
 975   0.037178779880644148918276295618   0.536261841572279069124883935366
 976   0.091672765828167597352018294463   0.536269278513480099027601903521
 977   0.146132934146072472133712282139   0.536271849854594867945191759405
 978  -0.017222026411394015028131312094   0.536314553633618016693484632786
 979  -0.126230186163556096516831874720   0.536652596495777338511298123191
 980  -0.180623650114287382880947078388   0.536691525073425736820682688881
 981  -0.398217819585082395186939035878   0.536722130826947165170213101478
 982  -0.452618420474432565668074459103   0.536728314545693934679255332369
 983  -0.235020608123000000000000000000   0.536734857935000000000000000000
 984  -0.507022216198000000000000000000   0.536736470201000000000000000000
 985  -0.289420592188000000000000000000   0.536780070659000000000000000000
 986  -0.343819765593000000000000000000   0.536824264686000000000000000000
 987   0.751896579609490534431970273184   0.538798390650499129471459849549
 988   0.805980466940938292444364783413   0.544740003706024438631193461666
 989  -0.744148796137000000000000000000   0.546311120585000000000000000000
 990  -0.802564955301000000000000000000   0.549721446836000000000000000000
 991  -0.647063383167190369813417473100   0.581194478024281815875856420806
 992  -0.702487847005000000000000000000   0.581287225025000000000000000000
 993  -0.537806974162000000000000000000   0.581583458701000000000000000000
 994  -0.592658614501000000000000000000   0.581854380862000000000000000000
 995   0.718810460143522545067506675950   0.581971983675372051404233119670
 996   0.608603141437467030300136540107   0.582906811456553520261359903900
 997   0.554209282300955517045014471997   0.582959260562393930271085371075
 998   0.499813750780815744686705792833   0.583010017483946367285546546846
 999   0.445383493859383841823069310080   0.583067257117322681670812300224
1000   0.390990020293536784331393876864   0.583088923569711549017448355835
1001   0.336560051488672433604145378857   0.583167890682184165958561663127
1002   0.282166591923451148726506915895   0.583212528337799548929058592391
1003   0.227773162036986436147946061462   0.583284786070320931924886905407
1004  -0.044624258487202438185162043340   0.583310781184861650102237878031
1005   0.064419348117933263426662121631   0.583342643159584877778809111867
1006   0.173379722121333430051322350184   0.583349052203766346681283681962
1007   0.118906665088389724435694173877   0.583360921932862971279446224436
1008   0.010020107201949586705200882413   0.583394449472355769835626415582
1009   0.663999936175000000000000000000   0.583458306328000000000000000000
1010  -0.099016375707000000000000000000   0.583762838304000000000000000000
1011  -0.153414927257000000000000000000   0.583804731869000000000000000000
1012  -0.425411804002000000000000000000   0.583832075777000000000000000000
1013  -0.479813065152000000000000000000   0.583838754993000000000000000000
1014  -0.207815446549000000000000000000   0.583847572619000000000000000000
1015  -0.262216749469000000000000000000   0.583893717582000000000000000000
1016  -0.316617921029000000000000000000   0.583937735010000000000000000000
1017  -0.371015598464000000000000000000   0.583969223540000000000000000000
1018   0.774209944475000000000000000000   0.588937592332000000000000000000
1019  -0.770438026906000000000000000000   0.593938010607000000000000000000
1020  -0.674694925919000000000000000000   0.628047013437000000000000000000
1021  -0.510597832855000000000000000000   0.628685762514000000000000000000
1022  -0.564999146864000000000000000000   0.628695086078000000000000000000
1023  -0.619738273332000000000000000000   0.629215840598000000000000000000
1024   0.635828519734176432948507368980   0.629996398549611857592240690608
1025   0.581435066914261221548280251026   0.630048612736569655250436134876
1026   0.527041619116248008106188748409   0.630105819715804960927988801403
1027   0.472648148594371007026986407784   0.630134114226923739875893125895
1028   0.418236835748533628646330297001   0.630202269469143191848116791324
1029   0.363843362182686571154654864479   0.630223935921532059194752844600
1030   0.309403103461291669828951159648   0.630296975224871834951854171195
1031   0.255009671866834781240181654886   0.630367935585643674390125052061
1032  -0.017390640199180972554156373658   0.630395603271559657527873369645
1033   0.091647213082826953460847001520   0.630430792469652017668560223463
1034   0.146153453063650682353304241888   0.630438124282034450015538132725
1035   0.200579078765662364384494197576   0.630453674419938096588300302959
1036   0.037253756789569479920564843015   0.630479253455513568971564516753
1037  -0.071790854854000000000000000000   0.630855652774000000000000000000
1038  -0.126190793592000000000000000000   0.630900554483000000000000000000
1039  -0.452595770089000000000000000000   0.630948488883000000000000000000
1040  -0.180592643887000000000000000000   0.630949768709000000000000000000
1041  -0.234999405658000000000000000000   0.630997875763000000000000000000
1042  -0.289402020584000000000000000000   0.631043089051000000000000000000
1043  -0.398199637767000000000000000000   0.631092520524000000000000000000
1044  -0.343802864627000000000000000000   0.631121495838000000000000000000
1045   0.739200655758640936651174584246   0.632399063293082102208020480948
1046  -0.736014742517000000000000000000   0.636064910511000000000000000000
1047   0.687121787899638631073584527639   0.648097533235029895077385274600
1048  -0.537364097315000000000000000000   0.676040305809000000000000000000
1049  -0.591759199626000000000000000000   0.676052534838000000000000000000
1050  -0.482969037924000000000000000000   0.676075125098000000000000000000
1051  -0.698738811783000000000000000000   0.676838171240000000000000000000
1052   0.554288237686102274479613048756   0.677183526535693514823513833374
1053   0.445501490483520793850247391158   0.677269126578744250053197632067
1054   0.499894940828632252852786048670   0.677323858174334259842756004920
1055   0.391079887721152864871136079143   0.677331354011830860841409320603
1056   0.336686414155305807379460639353   0.677353020464219728188045371703
1057   0.282261825056234444879271362141   0.677447286428668112356837694650
1058   0.009859559096611960728759476753   0.677470831091860517436110408538
1059   0.227868379130039707789203929544   0.677506246311562217662699451858
1060   0.118894001058087911378457073424   0.677507994818823496404652151351
1061   0.173352809707979616686476094588   0.677542746498206199922554770566
1062   0.064497642759712968305332323164   0.677564127459486442777891408363
1063  -0.044533603002000000000000000000   0.677930033526000000000000000000
1064  -0.098954794391000000000000000000   0.677987273607000000000000000000
1065  -0.153352703459000000000000000000   0.678040434266000000000000000000
1066  -0.207754508545000000000000000000   0.678086546447000000000000000000
1067  -0.262194484144000000000000000000   0.678152943961000000000000000000
1068  -0.425414749061000000000000000000   0.678202735869000000000000000000
1069  -0.316597068909000000000000000000   0.678231988975000000000000000000
1070  -0.371012109251000000000000000000   0.678236377153000000000000000000
1071   0.618212608934000000000000000000   0.683340251549000000000000000000
1072  -0.645176760178000000000000000000   0.686314172406000000000000000000
1073   0.674491718949976018493539648905   0.701004355047726507642919397268
1074  -0.455903877946000000000000000000   0.723260144764000000000000000000
1075  -0.511367200417000000000000000000   0.723821572945000000000000000000
1076   0.581524465386931046129460690679   0.724266839254981536583061884710
1077   0.418344542456140030075053176755   0.724398211121431919046490143478
1078   0.472737980074964234684206312717   0.724464392695465549696283377314
1079   0.363951121155439714173336059010   0.724476666192541956754293078021
1080   0.527131451229769556675577866497   0.724491443111786155796838968945
1081  -0.565810322480000000000000000000   0.724497497185000000000000000000
1082   0.309557647589592656681660628943   0.724498332644930824100929129929
1083   0.037098286709103020870602824437   0.724552697601655759382545186544
1084   0.255111774931407493554714805539   0.724585411779990795457762233444
1085   0.200642110072356960091185819177   0.724595318389830320996953901883
1086   0.145892749709346152267757098298   0.724727884772738499628887709850
1087   0.091498998924921247853718020052   0.724782526428884278123251209097
1088  -0.071693547725000000000000000000   0.725058142815000000000000000000
1089  -0.126114320328000000000000000000   0.725132860932000000000000000000
1090  -0.234917236634000000000000000000   0.725223412515000000000000000000
1091  -0.289357593980000000000000000000   0.725341005725000000000000000000
1092  -0.343800757776000000000000000000   0.725344923064000000000000000000
1093  -0.398216611368000000000000000000   0.725379400101000000000000000000
1094  -0.017299400698000000000000000000   0.725408307298000000000000000000
1095  -0.180514975760000000000000000000   0.725499047529000000000000000000
1096   0.634256606348774137736263633828   0.737607444397701700025707200250
1097  -0.632410427398000000000000000000   0.739189600241000000000000000000
1098  -0.483161814525000000000000000000   0.770334142777000000000000000000
1099  -0.428765556672000000000000000000   0.770402923847000000000000000000
1100   0.391217409800094429916564007686   0.771544463463001615750497877528
1101   0.336803500663015893218754217441   0.771611124262970558468104845902
1102   0.445615440172000000000000000000   0.771618702926000000000000000000
1103   0.282410027097168835727078774209   0.771632790715359425814740905595
1104   0.500010532854000000000000000000   0.771645320223000000000000000000
1105   0.173381239195329428025875952453   0.771664367190711074312279885977
1106   0.227886132385801170606335845784   0.771674846093566198463992284339
1107   0.118677321078073383068967157616   0.771899288212066509158604978497
1108   0.063845654888610687711002434533   0.771915433285561545010116935118
1109  -0.098565791937000000000000000000   0.772350543828000000000000000000
1110  -0.152967595975000000000000000000   0.772443963167000000000000000000
1111  -0.316575961867000000000000000000   0.772445259171000000000000000000
1112  -0.261895836446000000000000000000   0.772462669202000000000000000000
1113  -0.370978533763000000000000000000   0.772472330930000000000000000000
1114  -0.044173243474783195236307278864   0.772719272473056877859644422493
1115  -0.207494000863000000000000000000   0.772741076373000000000000000000
1116  -0.590104704136000000000000000000   0.773382075970000000000000000000
1117   0.009884125562349706982360706320   0.778756762744426822759994340521
1118   0.582726581234000000000000000000   0.778940571883000000000000000000
1119  -0.536352165661000000000000000000   0.781725063315000000000000000000
1120   0.538274953839000000000000000000   0.810307693961000000000000000000
1121  -0.456023787788000000000000000000   0.817477172117000000000000000000
1122  -0.401523642307000000000000000000   0.817486242041000000000000000000
1123   0.364068156216400125698262882981   0.818677980898494627196342051199
1124   0.255196356584778582224844256999   0.818729144854896839950636265985
1125   0.309604692608787170067887354330   0.818740121394404041413595206218
1126   0.200624635537173548392506533984   0.818743532346381115432530279290
1127   0.418462442700000000000000000000   0.818759143672000000000000000000
1128   0.146231184352478066507520187360   0.818797423085951147935740806635
1129   0.090897741681169325977235580489   0.819104786281354316462559596080
1130  -0.289248965879000000000000000000   0.819484676658000000000000000000
1131  -0.125575227433798898565101228304   0.819564522702823561758060699200
1132  -0.179971952154000000000000000000   0.819666546276000000000000000000
1133  -0.071182856537123042668908313271   0.819942164986988797355719589330
1134  -0.234698010424000000000000000000   0.820151178721000000000000000000
1135  -0.346771467066000000000000000000   0.824647476514000000000000000000
1136   0.036936212354908345248593868034   0.825946115740219594212437011172
1137  -0.017412518651602248036559448036   0.828151988351141575942513211649
1138  -0.509225084943000000000000000000   0.828874664917000000000000000000
1139   0.487430198150000000000000000000   0.841613737721000000000000000000
1140   0.118824595475019317191380760329   0.865781774971399308259233462908
1141   0.227922901701368011559046841090   0.865790903159450547117103453637
1142   0.336890147390520179319384919367   0.865794923416595835853816634683
1143  -0.152530876054575131409157712124   0.866809029721385054023349062971
1144   0.173521477827000000000000000000   0.866908739309000000000000000000
1145  -0.206924241261428277040044827289   0.866919743169345907713017540114
1146  -0.097940605362000000000000000000   0.867349509955000000000000000000
1147  -0.437788519317000000000000000000   0.868725854128000000000000000000
1148  -0.383392372264000000000000000000   0.868771618660000000000000000000
1149  -0.308230365456000000000000000000   0.870463485673000000000000000000
1150   0.432735237917000000000000000000   0.871250439087000000000000000000
1151   0.064316663909121148776861083169   0.872945704128641331522817921931
1152  -0.044175990131843074798738819585   0.875598205793533902185462103347
1153   0.283267670938000000000000000000   0.876514813624000000000000000000
1154   0.010162006655946641875040468175   0.878054328975260779521213555715
1155  -0.256887009353000000000000000000   0.888423126678000000000000000000
1156   0.383353791827000000000000000000   0.894078846655000000000000000000
1157  -0.346695892854000000000000000000   0.908925384811000000000000000000
1158   0.143823425021129048715488948178   0.914090252046527777282899112389
1159  -0.126894247624328524805434660831   0.914782081726892616249927615121
1160   0.321773671848431916735317852703   0.918045689948572274358992322337
1161   0.217780706614523303553373123954   0.919230460743828477600148605104
1162  -0.193470827470000000000000000000   0.919623932586000000000000000000
1163   0.089866170115130405925184657123   0.920965212337521982045518236520
1164  -0.072977263248225785485651876440   0.921966038281657882149709405616
1165  -0.018670572693133892151737500169   0.925037486954052502049963720508
1166   0.035713047134964589348011144946   0.926073020819512930328748076355
1167  -0.295350700310000000000000000000   0.926883919898000000000000000000
1168   0.269958986390221391279839115375   0.934595276253382689062349133353
1169  -0.243075354942000000000000000000   0.941943612482000000000000000000
1170   0.178042017667432710071160836439   0.956371907091002972436517911746
1171  -0.157067161779415039458659336998   0.960039630129158525602678792533
1172   0.123421233570000000000000000000   0.964891561211000000000000000000
1173  -0.102978843132010955875718779223   0.967337346841920046234798256437
1174   0.067329906044190612050912186235   0.970470436685246433864856667154
1175  -0.046647997540201114359158931500   0.971684181745005990836494285065
1176   0.007822659930343484803928912370   0.972771808143917502031352348925
