   1   0.005856293459030292839301034406  -0.973611690912349372464706203499
   2  -0.047299210969691437522714937181  -0.972479719837862239313541748921
   3   0.059305233711000000000000000000  -0.971816105105000000000000000000
   4  -0.104534081505946872349026534032  -0.968001367074442961857406259655
   5   0.119815379817283260897041935609  -0.966228904356272381555575971272
   6  -0.191256544889568694318266272699  -0.954659601581205909977141145690
   7   0.210226361785246527028239607948  -0.950662346821846652057294108540
   8  -0.242670769618603111481640223215  -0.942902390720798450397328449174
   9   0.261396302801539039195725051984  -0.937883784770783061044382714729
  10   0.160604202286167971989552344749  -0.932793496876991632634699232038
  11  -0.143444065784132869864676137915  -0.932397046617859946195152467511
  12  -0.293372906813518646262640798189  -0.928378348736154507307579862993
  13  -0.019741561733044930322588769124  -0.927498739138804395430671809657
  14  -0.072465181895401895594459192752  -0.926129655986018052096781073680
  15   0.032980720349618961096797684600  -0.926079061816397889253772760924
  16   0.085722035196218082506609304760  -0.925988397845381848647324785977
  17   0.311799208509119729493717681464  -0.922353118077544577392718772408
  18  -0.204230366116000000000000000000  -0.901069259123000000000000000000
  19  -0.369655137398914336237949299859  -0.900726984301498638204192695996
  20   0.214879684324410595510482312820  -0.898126634196526293038462065013
  21  -0.256028616737458998911371869401  -0.891135114311378102809622976527
  22   0.351000548741116629686706264598  -0.887069843913729245296576332568
  23   0.403730622220495159024985442889  -0.885977203733670695603099198182
  24   0.268641172390697756984177951760  -0.885642360820628137125998764733
  25  -0.320029075811063383004729940259  -0.882868974250472196100985238696
  26  -0.099353785159000000000000000000  -0.880684939163000000000000000000
  27   0.006526591933000000000000000000  -0.880441486514000000000000000000
  28  -0.046215761365913275526906993498  -0.880384465708024905728893841787
  29  -0.152095069677334494302406307963  -0.880369989778715685026736211427
  30   0.059267946594000000000000000000  -0.880345092197000000000000000000
  31   0.112018574230850224946809173866  -0.880270277296700001799034364700
  32   0.164759939161726759019904226958  -0.880216083829896417134068369280
  33  -0.417887165591503523197742036528  -0.879388615850911345235587900756
  34   0.476513590102000000000000000000  -0.849020528295000000000000000000
  35  -0.233995427271068916101058892158  -0.843216505466359507039556654303
  36  -0.286722208700559048559486578719  -0.841975122451125366289943697992
  37   0.296841302689412020417159798463  -0.841073232908593835235659122007
  38   0.243983406950447636061130786733  -0.839019950810019032371843620061
  39  -0.496931604959270389163844930422  -0.837265191469755326399042142097
  40  -0.181658961492385852271473527689  -0.836693556631631929306140778228
  41  -0.125471802282823891331844560195  -0.834841359830691486734292467448
  42  -0.072730432135145232905134763465  -0.834792506485997895929974293181
  43   0.191418562612430009473435367531  -0.834708147077969814079365391645
  44   0.032850123356633538634997900481  -0.834696442130400686281735361301
  45  -0.019891267557206953127826935692  -0.834682435803226149592575850507
  46   0.085591471076175620941974329138  -0.834627504259165079297654425083
  47   0.138342323777317439002272065538  -0.834567818702893426967807517742
  48   0.349298663134901400928873216744  -0.834355916939094783651840023656
  49  -0.444308006027128082899988378498  -0.833742217281265091824895830073
  50  -0.391541660074000000000000000000  -0.833695426694000000000000000000
  51  -0.338790756772641546972423796649  -0.833577455312629625660172626086
  52   0.403803072005260327646289743460  -0.833235860721452806275075388659
  53   0.523265634676809233078880999523  -0.821064611599208085897462876021
  54  -0.257051367442249883333112198822  -0.795766722445051975729056164196
  55   0.270136815310370094652308014111  -0.793219800779010669335071887659
  56  -0.523364850944682716600104245309  -0.791625975674800869516912917659
  57   0.566958577396000000000000000000  -0.791524687899000000000000000000
  58  -0.309448641223294374260072352167  -0.789751723524187163100289323644
  59  -0.204711650065976023036701393079  -0.789256987813548106171240306309
  60  -0.151940033440396138613669506280  -0.789222424605359243150716258458
  61  -0.099143749795341680569545933551  -0.789141379919097224882588956408
  62  -0.046402343046770360216507260662  -0.789088385883413063765479105489
  63   0.006432462923134665322461789429  -0.788979966227698057255576181812
  64   0.059173855691766300924342167718  -0.788979239132162089131393573546
  65   0.164830604353511456350235814334  -0.788960522095655676339415197355
  66   0.111915220622642834997437220810  -0.788925045665358504466427578126
  67   0.217571970972352468064612594908  -0.788907997046961451042593659243
  68   0.322694063722689902651654765989  -0.788816375858628317192759156108
  69   0.375623207807853812138078974967  -0.788653916332278126127856839373
  70  -0.470741252012540410336247693385  -0.788103001486310634942766605634
  71  -0.417999908732603683052574336463  -0.788030746855937760684307323543
  72  -0.365258565750516663833371529778  -0.787958275140091993080367492338
  73   0.430126863456226615906765410429  -0.787533426263868695439792728662
  74   0.482866926256818263889223704829  -0.787158876543021970634513910811
  75  -0.575711097466622175827755967561  -0.785181987253948581014317862829
  76  -0.617384039107737272524072115205  -0.752855211252003186053231800579
  77  -0.336579874232381423606499352749  -0.743695568890797032769845080676
  78  -0.283838505138184080103898763372  -0.743645591161931175677327464043
  79  -0.231097141507303776122717242131  -0.743590146964816767702653848530
  80  -0.178355751501057645306369201209  -0.743573061509655719515114765821
  81  -0.125607186677000000000000000000  -0.743519469537000000000000000000
  82  -0.072819325781935577869859950524  -0.743439309812086257676508408068
  83  -0.020077960420380007382370420477  -0.743385537117867439432828407959
  84   0.032756467292955309593315966968  -0.743277654408257227922114725800
  85   0.085497860056709723233493314354  -0.743276633070469517637823913690
  86   0.138241492413286282324867630176  -0.743224039929063068312464711580
  87   0.190984817777325039146518473428  -0.743160831792277568345357060380
  88   0.243726184396166050860895254002  -0.743108306743583343048535522268
  89   0.296467553222385272840962871072  -0.743058047013693996327629691718
  90   0.349208918022844482519032917817  -0.743003726772350895895430120489
  91   0.401950282823303692197102964562  -0.742949406531007795463230549260
  92   0.511781613118000000000000000000  -0.742744420045000000000000000000
  93  -0.497159949911174071501166912991  -0.742455362850292816514956991137
  94  -0.444418606631237344217493556069  -0.742383108219919942256497709046
  95  -0.391677263649150324998290749384  -0.742310636504074174652557877840
  96   0.458937178205165335624407695799  -0.740158646012862331994833777479
  97  -0.549803386602900220424351341436  -0.739242407047926664487546215331
  98   0.633803938230000000000000000000  -0.739084475323000000000000000000
  99   0.566641731692000000000000000000  -0.738783643231000000000000000000
 100   0.673040115456000000000000000000  -0.703530828459000000000000000000
 101  -0.629820393025656390118076034218  -0.701601024955350352383161165350
 102   0.600404820632000000000000000000  -0.698263287557000000000000000000
 103  -0.362998572131015084771418572354  -0.698047930254779214342035466178
 104  -0.310252471668104034938686892493  -0.697995214560417736654498949168
 105  -0.257511108037223730957505371251  -0.697939770363303328679825333655
 106  -0.204769595251934590329731773947  -0.697889875413379206623555703264
 107  -0.152028205245688459513383733025  -0.697872789958218158436016620555
 108  -0.099277831665345676391172940622  -0.697814711669836079748612992720
 109  -0.046495271115480011354716293681  -0.697737026962963762056741310177
 110   0.006246094186725539299575748802  -0.697683196088498382219134837844
 111   0.059080957346284693760378073814  -0.697575622340351323704332698226
 112   0.111822350110039107400555421201  -0.697574601002563613420041886116
 113   0.164563708740876037827390620164  -0.697514588693991700454729787555
 114   0.217308457468611817275877328399  -0.697458309924145951650201077298
 115   0.270049824087452828990254108973  -0.697405784875451726353379539186
 116   0.322791192913672050970321726043  -0.697355525145562379632473708635
 117   0.375532557714131260648391772788  -0.697301204904219279200274137407
 118   0.428273922514590470326461819534  -0.697246884662876178768074566178
 119  -0.470865737411198603649288669031  -0.696735904184317000304635507979
 120  -0.418117582897652601155649126796  -0.696667567511434940619807771214
 121  -0.682114563771595770282413950052  -0.694747250980504432901142463755
 122   0.485338744350000000000000000000  -0.694498318694000000000000000000
 123   0.538081302254000000000000000000  -0.694442098401000000000000000000
 124  -0.577572435666778380188672571148  -0.694403423721008280823797143230
 125  -0.523512061597000000000000000000  -0.693521141292000000000000000000
 126  -0.715595744559871246991811280525  -0.653995992782424825251003351763
 127  -0.389447312483681387998790897262  -0.652399406197760479122005386239
 128  -0.609658695015375707594038249290  -0.652365062024026847238205730898
 129  -0.336671169566737696103606112098  -0.652347575924399918226689334671
 130  -0.283929805935857392122424590857  -0.652292131727285510252015719158
 131  -0.231186263760280498148485656682  -0.652237942330954049082858869811
 132  -0.178444864560184046093398245946  -0.652187981954677255204345839948
 133  -0.125703474553937915277050205023  -0.652170896499516207016806757240
 134  -0.072951334529931064369954872923  -0.652111019529005687587645220947
 135  -0.020171207369172186029301222617  -0.652034749343745928117584588534
 136   0.032570601902197920232438495009  -0.651981153751147259249142984712
 137   0.723112764791000000000000000000  -0.651965133858000000000000000000
 138   0.085404591284910107282194106923  -0.651873097158814739358468010348
 139   0.138145983631703606278679428390  -0.651866387067203184191773375701
 140   0.190887348432162815956749475135  -0.651812066825860083759573804472
 141   0.243632097159898595405236183370  -0.651755788056014334955045094216
 142   0.296373463778739607119612963944  -0.651703263007320109658223556104
 143   0.349114832604958829099680581014  -0.651653003277430762937317725553
 144   0.401856197405418038777750627760  -0.651598683036087662505118154325
 145   0.454671245164372883960811876107  -0.651586881721275072521264314287
 146  -0.444550831267523549990077563821  -0.651028353097507391848183736455
 147   0.670382206612000000000000000000  -0.650849485832000000000000000000
 148   0.564944735807000000000000000000  -0.649053331590000000000000000000
 149   0.511661376203000000000000000000  -0.648794268051000000000000000000
 150   0.617683273471651195342257719843  -0.648431866091877828505057928901
 151  -0.557340531350591946665772049191  -0.645696909172701561889963222614
 152  -0.663563529330017700760998360470  -0.645376068770118569534193589572
 153  -0.502842194658000000000000000000  -0.644994261690000000000000000000
 154  -0.753176796107261741330551617404  -0.616991681191799121056898461489
 155   0.757357761930000000000000000000  -0.611851709341000000000000000000
 156  -0.363104087918588975273046235302  -0.606708170372748600096020390386
 157  -0.415986461436000000000000000000  -0.606691549832000000000000000000
 158  -0.310348503834491053287343810463  -0.606644493091267691824206104660
 159  -0.257604961658914159313404876288  -0.606590303694936230655049255313
 160  -0.204862094853993724031410590398  -0.606535725283014001849992831204
 161  -0.152120684741987628562577315768  -0.606485771191925331968432166128
 162  -0.099379294735741497746229274846  -0.606468685736764283780893083419
 163  -0.046625437445163967485012115041  -0.606407693523868297449476365138
 164   0.006153282642460789925449161175  -0.606332717251822783693591597585
 165   0.058894756296708685387812548533  -0.606278325960769792699482372177
 166   0.111728230976196885411552961894  -0.606170575290683122663312027266
 167   0.164469623322990384408038283362  -0.606163865199071567496617392619
 168   0.217210988123449594086108330107  -0.606109544957728467064417821390
 169   0.269955734775865061370721253138  -0.606053264992544276518232749863
 170   0.322697101394706073085098033712  -0.606000739943850051221411211752
 171   0.375438472296245607229039435986  -0.605950481409299146242161742471
 172   0.428250599463346263570240412096  -0.605936991743405876921200202028
 173   0.480992967135504229760369129987  -0.605883255342417577282602128725
 174   0.697809107255726662967703613396  -0.605677095455969101398131851989
 175  -0.469178081227065846477677300488  -0.604389816766121934667692535810
 176   0.645098137008794816719898643701  -0.603375459566905928215489088346
 177   0.538046167034000000000000000000  -0.603124300482000000000000000000
 178   0.590788603345000000000000000000  -0.603060394229000000000000000000
 179  -0.530724963052034806040787598108  -0.600163777983988244307536613435
 180  -0.636506819676059320208988937887  -0.600103682325342625141975537232
 181  -0.583765451377232112954183222672  -0.600052872176732320865803231010
 182  -0.690093828388530830363832316377  -0.599793201993558819551244742880
 183  -0.785482378405000000000000000000  -0.575273834989000000000000000000
 184   0.789379053952847084646834996035  -0.569942742768771942228359025140
 185  -0.732521305590702184482391137922  -0.568463285141403477320368351692
 186   0.726142648533000000000000000000  -0.561141133340000000000000000000
 187  -0.389526280934015356422146369343  -0.561062554723934193260282235002
 188  -0.336781422186342332456783933666  -0.561005087539616373693537160376
 189  -0.284023659557547820478324095894  -0.560942665058918412227239640816
 190  -0.231280792752627385196329810003  -0.560888086646996183422183216707
 191  -0.178538530414146746083421263951  -0.560833160071803362835935813868
 192  -0.125796661924188239552669864810  -0.560783469998312395708059966427
 193  -0.073055271917942108736321823888  -0.560766384543151347520520883719
 194  -0.020298601699673451201479853235  -0.560704301473340065606047569280
 195   0.032476915359500692939951685079  -0.560630191366680245805184142498
 196   0.085218395987995463517171403504  -0.560575804092638176004326389094
 197   0.138051868592163351377038031662  -0.560468052227213064226499682914
 198   0.190793260938956850373523353130  -0.560461342135601509059805048267
 199   0.243534625739416060051593399875  -0.560407021894258408627605477038
 200   0.296279451950013303619305767909  -0.560350787752911081962616213961
 201   0.349020821360624191249538495010  -0.560298264312220848077742201499
 202   0.401831549474718067093608514903  -0.560288024305514931244864529623
 203   0.454573784490280891768277781257  -0.560234208001695986407597578974
 204   0.507377037934000000000000000000  -0.560215230875000000000000000000
 205   0.673445899635014311429912644505  -0.558900085866494477718461265929
 206   0.618205001377000000000000000000  -0.558003641397000000000000000000
 207   0.564362040149000000000000000000  -0.557416360023000000000000000000
 208  -0.450884019608233618597569754748  -0.554919670434164995995233298927
 209  -0.503625412315417290553449293561  -0.554917022723779470120134056467
 210  -0.557149883078674972329198771589  -0.554519740988019003283376621832
 211  -0.663040405370969088709719997296  -0.554518851476554184650841146162
 212  -0.610180138406112302676528555828  -0.554402912473901848836882598042
 213  -0.817203305015733058623776929842  -0.529275711822907258754348379750
 214  -0.764532524180696302462734725785  -0.526547460014282905555962816041
 215   0.819113372654000000000000000000  -0.526304873915000000000000000000
 216   0.763549386964266789518613006573  -0.523959236867603611988014565921
 217  -0.705455182123620309307595297233  -0.523167816639194667157568665695
 218  -0.415942450186468965671581049486  -0.515413452720395702776418851626
 219  -0.363199524550095541589284398265  -0.515357104241315073959223567628
 220  -0.310455856207204863923448185795  -0.515302841527515529833372172703
 221  -0.257699490651261046361249029609  -0.515240448010978364994373602209
 222  -0.204957253418992105612633873929  -0.515185506975228271237184336745
 223  -0.152214039092072643332186243030  -0.515131128734697759726181407695
 224  -0.099472124799771843992629066044  -0.515081465043508057596381100731
 225  -0.046730734793525713176281025122  -0.515064379588347009408842018022
 226   0.006026822262191590030116655059  -0.515000737207689710603856105111
 227   0.058800555050787471069310540050  -0.514927669498548629110028159416
 228   0.111542033603961929482656473272  -0.514873281029168117567514044742
 229   0.164375575191237897614097012594  -0.514765568896549548851470094641
 230   0.217116967528146225638062284783  -0.514758781552091167582175598117
 231   0.269858342913564302300177914645  -0.514704544654625214071988941135
 232   0.322603421808622163022568445241  -0.514648456055427751373052165008
 233   0.375412835222858376127936200274  -0.514635192624046212897850845079
 234   0.428154210630285900046910808725  -0.514584938836447335478794769971
 235   0.480950243487000000000000000000  -0.514562095647000000000000000000
 236   0.533691962874000000000000000000  -0.514506602422000000000000000000
 237   0.590967766105335675195445221259  -0.511875581339848652406762101196
 238   0.643709145973532274707136591460  -0.511838685509139119666542707244
 239   0.696449027790508407997582558216  -0.511439464223224232141362130776
 240  -0.530158689463490788752392400626  -0.509208263645833636555000101892
 241  -0.477417330963913598003414938304  -0.509148136091300614428801736207
 242  -0.583568534124029658945937807814  -0.508867464422547637933893099224
 243  -0.636710376512582507365204419911  -0.508820010221876105856238559818
 244  -0.844823374109393695491472931367  -0.483970543951490742753747219939
 245  -0.792135023397387053937707236671  -0.481605758347608959349789666148
 246  -0.737510274790992685159618902408  -0.481254496436874992854607779362
 247   0.846416185852000000000000000000  -0.481172424649000000000000000000
 248   0.793106025050000000000000000000  -0.480271692222000000000000000000
 249   0.737374444770049339276927826617  -0.478171390086682451550668867026
 250  -0.679123118129245204976963545864  -0.477470148017044242092172689510
 251  -0.442346011861875765865438673428  -0.469757057302483804840895694689
 252  -0.389604648231964671158454564081  -0.469701612183415496813854051227
 253  -0.336863282019158739520724428669  -0.469648680997615415404290678196
 254  -0.284121916597591653188223438717  -0.469594967196176858083331465434
 255  -0.231375978552739790989538996115  -0.469537852652478839215954147536
 256  -0.178632761927818063073929050794  -0.469483475735524682574111923907
 257  -0.125890432638743485652662561426  -0.469428587722255302454694340028
 258  -0.073148523207339831066440418139  -0.469378921231301629208658935453
 259  -0.020407133201093700250092377217  -0.469361835776140581021119852744
 260   0.032353301385096058326493236945  -0.469296569520065648928772858597
 261   0.085124192666753937034795609818  -0.469225146435078570673215815064
 262   0.137865740203036475719715454204  -0.469170797698504602192484456469
 263   0.190699348034051544308697588864  -0.469063123721004684526662722685
 264   0.243440740362648968980438563988  -0.469056272100610544361568814040
 265   0.296182312772173161703440591977  -0.469002212957141883482424892183
 266   0.348994175315112641839185861475  -0.468984655939105875113151829637
 267   0.560299208450917836602309368371  -0.468967609084084965417772287432
 268   0.401738286451767613262479093893  -0.468933714209250281492103522325
 269   0.454526111302006815649346430755  -0.468910248178878309930712591716
 270   0.507270959462000000000000000000  -0.468857483671000000000000000000
 271   0.617009345566321350383412479215  -0.466010629452991820374925590378
 272   0.669750708348863395235200985675  -0.465954384061837032320211041119
 273  -0.556577401922992295792892299960  -0.463555950497168127933373043422
 274  -0.503836038295670910962599991956  -0.463500502914730663152386869594
 275  -0.610098772230499863634613671897  -0.463284562170521894953249061001
 276  -0.765123930665503751352081405652  -0.436306140455916557917318822329
 277  -0.818356301296129252297648362165  -0.435844430820310636601978629596
 278  -0.711151447789922588680084839708  -0.435567396187949405778433339072
 279  -0.871089621818291502049681983440  -0.434921707454052355409865643910
 280   0.871234474142071239956093166125  -0.434629782660131606355894327630
 281   0.818495312459000000000000000000  -0.434032973675000000000000000000
 282   0.765752441572907817197687774056  -0.433715301536735872738410131794
 283   0.710672033670409677208686209429  -0.432681277118963296754029305149
 284  -0.652505299831161500840928858703  -0.431926294862552532755521849093
 285  -0.468764719193633078824623727080  -0.424109424125913853564480828076
 286  -0.416023346928549226249765089985  -0.424053974009213988265266887053
 287  -0.363281983298638131542780980637  -0.423998528890145680238225243590
 288  -0.310540513879808037895400688513  -0.423945657145951935953613168261
 289  -0.257799141111310519769579808244  -0.423891947575996679631241087030
 290  -0.205051485604705779471349468727  -0.423835822251930496616131064616
 291  -0.152309155964808339417708952305  -0.423780934440669576648152858814
 292  -0.099566816572866588506684328763  -0.423726052246419336411069660220
 293  -0.046824895799084306007957002758  -0.423676392288418437685636454836
 294   0.005916494207161824808391038164  -0.423659306833257389498097372127
 295   0.058678752551070897961211418344  -0.423592995392293402052851698024
 296   0.111447899265828483271854590750  -0.423522663104415055298186226791
 297   0.164189513045850122414316030474  -0.423468352522959737867677084514
 298   0.217023317892660403711960266195  -0.423360792023521353937098673733
 299   0.269764710221257828383701241320  -0.423353940403127213772004765087
 300   0.322572028535980520284904911761  -0.423337813107705619333845166931
 301   0.375322117110365356025115852377  -0.423284612257184491284459216069
 302   0.428101915675392585470031700126  -0.423254248736644708891979903464
 303   0.480850511189628445316414763522  -0.423208164175407268716019521398
 304   0.533597728438000000000000000000  -0.423155532830000000000000000000
 305   0.586339821163000000000000000000  -0.423101113416000000000000000000
 306   0.643331444323000000000000000000  -0.420302747990000000000000000000
 307  -0.583107640029462500481568164043  -0.417973048245142384952729005198
 308  -0.530254739124300879763531568740  -0.417852865974456487522418536678
 309  -0.684480564042035613922326961385  -0.389983035686034902660710403886
 310  -0.789969923337350863676691148239  -0.389783767775084200186426778125
 311  -0.737228564695234139072285581860  -0.389723765380492064377148874919
 312  -0.842746166480038284496434787168  -0.389081315141236393228790651471
 313   0.893492117273413976578820157821  -0.386815016803321967462738781923
 314  -0.625497004422387146371253800334  -0.386591584001618159777838808987
 315   0.840754157268111698005421479401  -0.386213280828932374958964129472
 316   0.735268030273827194055452232132  -0.386026250993277638989272520618
 317   0.788013681854678837154714584897  -0.385902210308276353453469567429
 318   0.682519310279000000000000000000  -0.385003392461000000000000000000
 319  -0.895135420956447414911195630277  -0.382996865526868369425038461345
 320  -0.495183420022263047625555303864  -0.378461787185639677934512495160
 321  -0.442442054260306539208950143636  -0.378406340832644036988852020440
 322  -0.389700684129857810220404358764  -0.378350889486502347854312380309
 323  -0.336958140359626910972424340852  -0.378296124088800637578753358248
 324  -0.284216624407309429048210682167  -0.378243279147171454379688229539
 325  -0.231475251701667981838091844895  -0.378189569541012036845533838558
 326  -0.178727880335829097286961113214  -0.378133280557270832101331430704
 327  -0.125985539787697840236427971515  -0.378078399028901623710470768398
 328  -0.073243172557934078068872675580  -0.378023532868612108953481756041
 329  -0.020501278678437060525156909865  -0.377973857420106105484661128269
 330   0.032240111327809070291191131058  -0.377956771964945057297122045560
 331   0.085004936056874601847182829538  -0.377889076696664362829935913926
 332   0.137771672108642129966455167020  -0.377820217928870190973378854835
 333   0.190513482904458981817578707806  -0.377766020825476407278113035561
 334   0.296147806242484953096349429406  -0.377685715606903233939107530608
 335   0.243370473367628636923949105707  -0.377671822784966751189865897768
 336   0.348901009693485155903268750517  -0.377638368221454504599114205887
 337   0.401678767992526359741661871359  -0.377601119987223136155557862072
 338   0.454432718444469410538406443807  -0.377555853390202690696921144308
 339   0.507174462687000000000000000000  -0.377504890063000000000000000000
 340   0.559916659952000000000000000000  -0.377449918399000000000000000000
 341   0.612660135213459477472869795531  -0.377396238379340854330617091751
 342  -0.556784977230771084452207432823  -0.372269963722430744541774498454
 343  -0.704092084809953670334800372245  -0.341023252014090767406797920477
 344  -0.809574185476576698756903661800  -0.340821257446463856994855251505
 345  -0.756832826834459974152498095422  -0.340761255051871721185577348300
 346  -0.651352322205221041692308193278  -0.340608580939402502227303043549
 347  -0.598612975031012066320518071189  -0.340144068999843283431253319139
 348  -0.862310686022909559691830044823  -0.340102910851587008490323499924
 349   0.913127213041415780664890099372  -0.337864863321589809094573553631
 350   0.850078450343933191564055000452  -0.334302664666725971671024110238
 351   0.744450841543136180018252888777  -0.334090420501256148710108375040
 352   0.797262441059920436351558124853  -0.333978083306783145051906260297
 353  -0.914660847740358054527521047310  -0.333690806683630333713584807379
 354   0.691719350374003970586472686821  -0.333068485677762441040353554289
 355  -0.521713658128733252314231167948  -0.332878884933613934953868456936
 356  -0.468860755088936508009881720421  -0.332758703892369861358883687523
 357  -0.416119391461615123179589412416  -0.332703256309932396577897513696
 358  -0.363376861075765795632398533751  -0.332648471084605822298354410894
 359  -0.310634496779441764679669736018  -0.332593604460588511657560125877
 360  -0.257892981749141214103284314296  -0.332540758987897918561015848591
 361  -0.205151609065544313288440885396  -0.332487049369041328977601887185
 362  -0.152404264655757357747010794917  -0.332430744859219913644108995712
 363  -0.099661895696023836606077475604  -0.332375879695295805264860037289
 364  -0.046919443329267111617690148886  -0.332321062572143869375060904798
 365   0.005822422241391716685382031617  -0.332271370818312293552588947122
 366   0.058563812247637847501730072539  -0.332254285363151245365049864413
 367   0.111330410267567198852577928910  -0.332185645684184341970314676304
 368   0.164095641967250989369717844352  -0.332117886231386860383814805883
 369   0.216860642813518832004139749012  -0.332077049008840571835325834511
 370   0.269747027102808563391714120494  -0.331999819054465686469410351897
 371   0.322488418365844184730513837229  -0.331987195935709615277072885115
 372   0.375255638916813345875743312452  -0.331953709634521482963260041833
 373   0.428015144301459137349578864693  -0.331905936492482449996598280886
 374   0.480756510928350144858095499766  -0.331853419527558991633821003170
 375   0.533497877857378851196186131978  -0.331801206873016353051651385289
 376   0.586240086628160208718317349898  -0.331746831935836187071489279316
 377   0.638995699470894359728031179016  -0.331700586869090389341898215214
 378   0.877324614205825968559231770528  -0.289144043490757529808188015208
 379   0.823951004714150150207208804700  -0.288487698808761302045261864876
 380   0.770759527210560623817328549194  -0.288379288704325185483616506570
 381  -0.706627248829000000000000000000  -0.288337922704000000000000000000
 382  -0.813322679202000000000000000000  -0.288194371512000000000000000000
 383  -0.760426885930288491606903107773  -0.288142463247807751376294502935
 384  -0.653886299701000000000000000000  -0.287923960952000000000000000000
 385   0.930082895182203427959785517641  -0.287923303926189347399978453568
 386  -0.867025901107833789400274641277  -0.287572717073088148928383411057
 387  -0.601096814904825787489016411483  -0.287461196534638898557676187223
 388  -0.548355517056542700474127243285  -0.287361131643557567055528558316
 389   0.718028173629180283938693881674  -0.287350278899131811159762353021
 390  -0.495390993195406712698557584504  -0.287175801640344118378239649300
 391  -0.442538545210796407365744155734  -0.287055358513340100328114718199
 392  -0.389796258459751848746827573292  -0.287000442603663130802711022610
 393  -0.337053217206508661753420058163  -0.286945951622892788501185994619
 394  -0.284311012207998081084431470268  -0.286890993247215772331323605014
 395  -0.231569490895724451738908546601  -0.286838151392774625040525054462
 396  -0.178828118229773933073870795363  -0.286784441763754186973364546921
 397  -0.126080621122965950632223038295  -0.286728225203710039005637997475
 398  -0.073338166647827905961258775180  -0.286673409294879778451327035201
 399  -0.020595614049742804253682632240  -0.286618649903158919078374467600
 400   0.032146246567863606043862077825  -0.286568955296451919092980251481
 401   0.084887636574109736860210118748  -0.286551869841290870905441168772
 402   0.137656729752392099928043621218  -0.286481952663651854355127546732
 403   0.190442797431877093253963744562  -0.286428916986868330373388903727
 404   0.243237325126393935758052048948  -0.286404970520608095767492312371
 405   0.296095705497228327955432436465  -0.286311728061613135454412401272
 406   0.348839275498752589831869844045  -0.286300361507564043314719981312
 407   0.401594031037811214221728624703  -0.286259688010415176762847609232
 408   0.454338866951572337386180601102  -0.286203462406896507970578981038
 409   0.507080249377718634043025129334  -0.286150954542035767106240656935
 410   0.559821616306747340381115761546  -0.286098741887493128524071039053
 411   0.612562980547112927777001456234  -0.286043880527471986474659133122
 412   0.665304345023580917020260261918  -0.285989246617692748599912397124
 413  -0.927089693857658502151954944974  -0.282434799270877212695550964767
 414   0.902647391580472390985265579586  -0.242879462462309508805625764252
 415  -0.733363207371110018346304326266  -0.242874242446132756668053822901
 416   0.797128969803534100247136561898  -0.242703178876105208636366117648
 417   0.849906875805915653010194012075  -0.242575311944524008413393431509
 418  -0.786907903341152845982350340214  -0.242530949037147783106313397570
 419  -0.839649282506910945454987743107  -0.242493062397355076610123060959
 420  -0.680615036961271377587205678053  -0.242455545328641107574579721605
 421  -0.627875411752077942449613340740  -0.242023753136092868022181174486
 422  -0.893369071468219320459545808307  -0.241881449996463511371705063574
 423  -0.574812824718387599969244222109  -0.241735860323923527203779264455
 424  -0.522032852123216160858453659841  -0.241658048350287750479899750679
 425   0.744397953035149786776207598707  -0.241657051600813307552655642912
 426  -0.469070122468007732423178381399  -0.241471685022086537423103468278
 427  -0.416216800653448614367349685352  -0.241351745142388026996409448402
 428  -0.363473368212432679869794726225  -0.241297489080599364947869758983
 429  -0.310730166994754320869201676592  -0.241243090232677875038252087248
 430  -0.257987154526534757798525649481  -0.241188596937286883737767852495
 431  -0.205245641961461961269171116228  -0.241135750044597472089065692605
 432  -0.152504269299803351652763867941  -0.241082040413104963362800004306
 433  -0.099756892617295154455028109367  -0.241025754490810150369135644284
 434  -0.047014337584462612723441075051  -0.240970996501390833252055960969
 435   0.005728434338884114334711358770  -0.240916363438070918692403165500
 436   0.058470285559440607872521478629  -0.240866663418760807313866316157
 437   0.111211675565686738688869519551  -0.240849577963599759126327233448
 438   0.164006530085253921107847233095  -0.240791451232494953595460838799
 439   0.216819350867817667001143046378  -0.240756913083550175043464108722
 440   0.269586003520813700321770364918  -0.240716879527755544752494361746
 441   0.322439962119928631192543157905  -0.240621087283648021478314784294
 442   0.375181353383064646635636011063  -0.240608464584361402698078367462
 443   0.427922718378841702252996991088  -0.240554334315934162469602223564
 444   0.480664085037929805008825193624  -0.240501849695642488446593599742
 445   0.533405690142195934101505572126  -0.240449470099408149865940250853
 446   0.586147054412821198535344406672  -0.240394637837462543988049758413
 447   0.638888418889289187778603212355  -0.240340003927683306113303022414
 448   0.691673680427085657016845690361  -0.240310243650972050724354456209
 449  -0.945349613343124409010013355534  -0.232955209012993712369266992510
 450   0.948982150028963982562737650015  -0.217685322841681969299275514056
 451  -0.759844224781974372721751558707  -0.197262728235472788398072717535
 452   0.823407289385598453653019910490  -0.196974583537448342677169685278
 453  -0.707104455481380885559298822089  -0.196848909647303937628246602929
 454  -0.813251069667647231650364737099  -0.196833574110727622151842510287
 455  -0.865992452867296476514258910137  -0.196801795320730439053444713476
 456  -0.654364830272187450421706484776  -0.196417117454755698075848055810
 457  -0.601591421565639754929841151366  -0.196298416925377496668284251719
 458  -0.548490159785061060353570638665  -0.196032777030653710628150456819
 459  -0.495712430222407015055327156661  -0.195953673257008731059507447258
 460   0.770676328206196422583538555479  -0.195925657991885997483451133384
 461  -0.442749081638388345956816660651  -0.195767666365635259202122056310
 462  -0.389896442904468579630295984265  -0.195647333105152016386336388613
 463  -0.337153452471987662630587881906  -0.195592822501358116500927187787
 464  -0.284405875131090713507951716389  -0.195540944007578212827423232603
 465  -0.231663511461918358881888482624  -0.195486077012118531323613431899
 466  -0.178921991477273480255953822106  -0.195433234392939730415158133321
 467  -0.126180456953659351823138197112  -0.195379617990778879069958407408
 468  -0.073433064185902119561754857835  -0.195323341333315709208909306340
 469  -0.020690290167704810276812661578  -0.195268709476516200936282715056
 470   0.032056318994189813572187081947  -0.195216286837690301765524534795
 471   0.084809932050802909763626860274  -0.195170871085696879646344676524
 472   0.137558507808156930151213598421  -0.195160422330223577797414337326
 473   0.190386124083063208175446089304  -0.195117686167995648334302932548
 474   0.243168029262237431564861362349  -0.195068822090697624028466158098
 475   0.295931015022779684823286916096  -0.195025799857157378148993005525
 476   0.348762479610744937264554900221  -0.194917919071264681924518107628
 477   0.401503870862062208587922765529  -0.194905247085970499280618953151
 478   0.454245235670716173732928081770  -0.194850934801776244055838308411
 479   0.506986602559490413729600207172  -0.194798681500966180516594169300
 480   0.559727969186400981835774794133  -0.194746164555686904695018371014
 481   0.612469333457026246269613628679  -0.194691332293741298817127878575
 482   0.665210697933494235512872434363  -0.194636698383962060942381142576
 483   0.717952062014404732638559011441  -0.194581683944209067191337130844
 484   0.886354905621127029105770993507  -0.192717630229343062405902367572
 485  -0.935822361813096753093286806374  -0.181081458522140219500598565903
 486   0.959377478356004397968612347471  -0.165978537400341986292769038852
 487   0.852029205155687053122364115711  -0.152675142803352264960560957210
 488  -0.786182192266615800710107874302  -0.151568461850271808855675597730
 489  -0.733442425925224986887790298282  -0.151154266293513995054105218488
 490  -0.892398984110650027439510845638  -0.151147117363290742851760792835
 491  -0.839656644435789113382762835605  -0.151106284535067007706701101070
 492  -0.680702797631635253569152194640  -0.150722850997393682352073831534
 493   0.798074660653655273532726517543  -0.150676886060417791999960333915
 494  -0.627961499995825145702850844091  -0.150622674180572475822692496946
 495  -0.575220136909278037587218158690  -0.150566714581365511918972209243
 496  -0.522169737884251914550444135484  -0.150328401937374691207758153398
 497  -0.469393492050239380846035658223  -0.150248443740099457665206241384
 498  -0.416428253167592062694522647502  -0.150063525411946422892813458597
 499  -0.363581975787323542901227393052  -0.149939529263308664452375491851
 500  -0.310825664865887931483048982090  -0.149892689990917419849839893336
 501  -0.258082598631713406565957320500  -0.149838212950878026870866848382
 502  -0.205339514800027762192685816332  -0.149783760752999781648332576640
 503  -0.152597986529831423025146092303  -0.149730922906202176161115036729
 504  -0.099856243025580436803125738147  -0.149677426875117111905669811281
 505  -0.047109017535338790974289363832  -0.149621053867120946492659370206
 506   0.005637264879373991502862604684  -0.149568442989910536785435758478
 507   0.058389945863215392743355824539  -0.149519518816016478196097088971
 508   0.745346261376437306411564777084  -0.149506236084542395903590815030
 509   0.111173087915452590273063403471  -0.149491132420070469788651027484
 510   0.163935342772354666751944005420  -0.149488581016617520270996605224
 511   0.216734802477482972739164405275  -0.149429595175143097319304981924
 512   0.269512168922711579108892721231  -0.149378113874987393377090846813
 513   0.322253532513595990895298658412  -0.149322631644774038595196328859
 514   0.375085517505485199587622140084  -0.149215050586936420437672126340
 515   0.427826908675631078102599884582  -0.149202045149778737666345231954
 516   0.480568273376213035199809390530  -0.149147628020630003887112363945
 517   0.533309640697544601206066820986  -0.149095813156777081492766837251
 518   0.586051007324455169312241407947  -0.149043296211497805671191038964
 519   0.638792371595080433746080242492  -0.148988463949552199793300546525
 520   0.691533736071548422989339048176  -0.148933830039772961918553810526
 521   0.910499327376000000000000000000  -0.145812232122000000000000000000
 522  -0.964012514262889917028251514087  -0.136506018910610219684766740844
 523   0.966957631439955512984443681256  -0.113784708350083528528304941018
 524  -0.812526513784559822734901242767  -0.105877858489592395715525958838
 525   0.876046494553274503317729257412  -0.105719585925637879188081580440
 526  -0.919375204989131106413472193201  -0.105627759448149632982355140400
 527  -0.759786747443169008912583666747  -0.105463662932834581913955579595
 528  -0.866501730585733580099955210988  -0.105201641290341624413058862453
 529  -0.707047119149579275593945563105  -0.105032247636714269211924192641
 530  -0.654305821513769167727644212556  -0.104932070819893062682542858054
 531  -0.601564458427222059612011527156  -0.104876111220686098778822570351
 532  -0.548823098351427541056524952552  -0.104817382529867054368430797804
 533  -0.495850799712084280341152637046  -0.104623172420465417813456947523
 534  -0.443072618735078038761343552578  -0.104544328612126955974339697916
 535   0.823322338988790592942765207536  -0.104371278944332207424813051377
 536  -0.390112608632146387363035635757  -0.104356399442489477944904404707
 537  -0.337245019762626125939116927579  -0.104244679892106096337002137853
 538  -0.284502800301222341608420833125  -0.104189721675784868400180847684
 539  -0.231760457326963601827331220869  -0.104134828078020726105985376110
 540  -0.179017497810107089395246783295  -0.104080304283208957447609593638
 541  -0.126275800490082437356876008592  -0.104027563797788920348749821176
 542  -0.073534062401706385730430695204  -0.103974064647509756426810957627
 543  -0.020783150935127344965103934536  -0.103919814721430282363273592992
 544   0.031961634910540809929515075598  -0.103866341789134837855041550907
 545   0.084753463932439196405588708214  -0.103839989191495963542739677629
 546   0.137540729135408345343078888479  -0.103813982681941805731437564859
 547   0.190283663230639781079516804510  -0.103800283601073007491303930656
 548   0.243085102854074667540814315726  -0.103735319364707494059456187509
 549   0.295834801697330403245535515426  -0.103675012059943152258696568811
 550   0.348576570408336253218365898275  -0.103619763160445777108350347571
 551   0.401404701048307012472767925991  -0.103509962365350032727496889969
 552   0.454146092046477451830218447540  -0.103496277269681774149253560142
 553   0.506887456081606177950395499273  -0.103441218957253591026958125155
 554   0.559628824684281710857681845693  -0.103390725190818431500161618810
 555   0.612370191311192278963856432654  -0.103338208245539155678585820523
 556   0.665111555581817543397695267200  -0.103283375983593549800695328084
 557   0.717852920058285532640954072884  -0.103228742073814311925948592085
 558   0.770594294490404837717721246911  -0.103184756681587427051020314581
 559  -0.969989929483271517437661686021  -0.084104444325614324865189878599
 560   0.923835363846652153013372535235  -0.083406395132651680208561106458
 561   0.971700366253664622682181108839  -0.061256992064387565297311361376
 562  -0.838946480427290454523191422255  -0.060230954166289834961989194957
 563  -0.786206736234967767191101168697  -0.059813947892832617752415075991
 564  -0.733467085027939494399836941758  -0.059385342871001851249699877122
 565  -0.680725787392129386533535591209  -0.059285166054180644720318542534
 566   0.850651377959773790408995382146  -0.059262763776725338408546673163
 567  -0.627983602404994439937229036294  -0.059228730757120934058272151876
 568  -0.575241338833733638688319367507  -0.059169479165936081936751455665
 569  -0.522498126924954476876741585436  -0.059108620196874721629119120054
 570  -0.894668468506752434337129531677  -0.059031282284161837967760981314
 571  -0.469529932119744364190462716212  -0.058919053996736384589586066124
 572  -0.416756464913976307805932976375  -0.058837495865065493588415641865
 573  -0.363775933200888034684097246016  -0.058661388347925883716072471483
 574  -0.310927410968374907558661855744  -0.058538684890832048649995444627
 575  -0.258185149230288114433272814163  -0.058483751017540536257558836859
 576  -0.205442550543419128266243549764  -0.058429004660906785164008901867
 577  -0.152699796733905716208614869683  -0.058374362418201445204242963905
 578  -0.099958283013754369599758954888  -0.058321516215582645809447736684
 579  -0.047212834446965191363546115767  -0.058270153757321289043504073465
 580   0.005534694718367662445461335570  -0.058213956105028038373438027893
 581   0.058333735340912719783640757728  -0.058191766469881840666684679023
 582   0.111123854964144221726042916982  -0.058164426923049738390873095698
 583   0.163886816988054418093275404663  -0.058124397801310723878155842220
 584   0.216628207743942182400412157044  -0.058109808815945575575552608673
 585   0.797923333461388035183951421520  -0.058076241513980558034753936367
 586   0.269407735628693491677457109921  -0.058032217549663252941061909507
 587   0.322154390360230798188876724265  -0.057970157128333728063247632842
 588   0.374895753951158066103511684182  -0.057914674938859389398175111200
 589   0.427729901408104795767680956502  -0.057808339443179752714937776336
 590   0.480471291624428780298835835474  -0.057791915278604738254147497850
 591   0.533212657324792322988888959095  -0.057738475927435987601138808617
 592   0.585954026988995984798353762743  -0.057689103388965451934981809247
 593   0.638695391259621249232192597289  -0.057634271127019846057091316807
 594   0.691436755736089238475451402972  -0.057579637217240608182344580808
 595   0.744178885280458418726201733595  -0.057524609124814257648745104313
 596  -0.970900492282213574110633816765  -0.031370912421398767091820516959
 597   0.925726763417985440918946886530  -0.030698927736036069744573871270
 598  -0.865843647876560183043339518372  -0.014863599219040791390338410255
 599  -0.812966899961450511079420600360  -0.014314466567235824597466562676
 600  -0.760208093468548658497102948425  -0.013925767649900117500976921905
 601  -0.707179116655160216625365476269  -0.013657587961480895743107768937
 602  -0.654403568283354658743120414946  -0.013581825991408516096047836357
 603  -0.601661054156980927019558064126  -0.013522429382381507356647293076
 604  -0.921280488486967463070923393388  -0.013496077175626602506766716769
 605  -0.548919695269600793827924165159  -0.013462642959960174597743385149
 606  -0.496176293632139691434632423684  -0.013403936399893087940631297159
 607  -0.443213890340821013286182924530  -0.013212156740483056409344033748
 608  -0.390418952864736564715059698655  -0.013142966971992434009929604955
 609   0.875970824077545667385878666467  -0.012996359550840397369955017911
 610  -0.337457648705162989450821034480  -0.012955782423643291348974686034
 611  -0.284611290778650825596900731837  -0.012831832780194043661682694148
 612  -0.231869927154879073541888156477  -0.012776381821472797649344359759
 613  -0.179128226486020281196965850085  -0.012721118458349380292557995474
 614  -0.126385666605015957491938677364  -0.012666364570301855178952233056
 615  -0.073639962107560694217940254214  -0.012615931257261127567142159417
 616  -0.020896556153422184525146594827  -0.012563392676705059592435511629
 617   0.031912668858101782636512380674  -0.012542772717828016043111021553
 618   0.084703116448104560462541965144  -0.012515621145134795878622990086
 619   0.137468083092748725001520520475  -0.012473769716003782241235992203
 620   0.190209449762673242229918198858  -0.012421295986266482759761564218
 621   0.242950840518561006537054951238  -0.012406707000901334457158330672
 622   0.295727324291593886620798318760  -0.012327362618053828745612973538
 623   0.348477023170152073271985552936  -0.012267055333621880507510175902
 624   0.401220954310955849398424714693  -0.012213052016689109385615997567
 625   0.454053097104429742911113386984  -0.012105561846662524361008019063
 626   0.506794487180926167914062047645  -0.012088694642337925841845458618
 627   0.559535853325636947016697949114  -0.012035695649017746226663335199
 628   0.612277222992516759575434292441  -0.011986325969382238885817857546
 629   0.665018657111724307518403392431  -0.011930940383251562633105441722
 630   0.717760022200066852081862112939  -0.011876900380480287033052499841
 631   0.770501388080111164437114945818  -0.011821432451129848789259960575
 632   0.823242779579159912160834705841  -0.011809837288095616996162281115
 633   0.973591765824997910587755460135  -0.008549524667771954833324126188
 634   0.916152599500026494333962609977   0.021166184786504458303028978328
 635  -0.892455667856775211777133380084   0.030671605889494444070655854290
 636  -0.839716356246554800400597107637   0.031140138261703475471435613488
 637  -0.786918676563303297076097384525   0.031551691188979007113729223514
 638  -0.733924170638701994703724026735   0.031799607278889724496514181796
 639  -0.680856897546385488834950300007   0.032045752101291232881162937241
 640  -0.628083748690803628710216679718   0.032122895956321394958560009733
 641  -0.575341993270712252584770699119   0.032182962602951421263703437869
 642  -0.522596147301992096451277049389   0.032243033310782381056498929409
 643  -0.469839535155500160941418906216   0.032315082906856498937347574789
 644  -0.416876260589629766283497514241   0.032482304311080983188627178987
 645  -0.364095623288639132664633399652   0.032564244177774861792363566668
 646  -0.311141528515438907489059910574   0.032751069686994713639338064445
 647  -0.258297858495913599569058453753   0.032876566811188935333058954351
 648  -0.205556494872141847514045878392   0.032932017769910181345397288740
 649  -0.152815131255864869988871439729   0.032987475856717812798132963342
 650  -0.100066867916277633180228656699   0.033038945266580370728437578044
 651  -0.047324804371639972111820115653   0.033091474981086603444309558431
 652   0.005488372446000000000000000000   0.033104371746000000000000000000
 653   0.058281773194054088963904713325   0.033133532389124303868741952912
 654   0.111046308132528924746107064160   0.033175633637169140404150039898
 655   0.163787671755649119944861729314   0.033231085215605641954212943766
 656   0.216529038425573637173259407697   0.033283558945342941435687371751
 657   0.850597745759000000000000000000   0.033285092796000000000000000000
 658   0.269270429181461401480396160078   0.033298147930708089738290605298
 659   0.322049957101515161703907147432   0.033375739176658018810124483402
 660   0.374802223529949856566898583447   0.033434567588548399505048937731
 661   0.427544150007280796541857145175   0.033489725579828118968313759706
 662   0.480375813880857796666284154344   0.033597491587563184857220208123
 663   0.533117203957354221669232815004   0.033614358791887783376382768567
 664   0.585858570102065000771868716474   0.033667357785207962991564891987
 665   0.638599939768944813330605059801   0.033716727464843470332410369640
 666   0.691341303411828021572305630634   0.033772160243003911832696391663
 667   0.744082668506937882365405526226   0.033826193640680974092327862427
 668   0.796862097776213146045383433835   0.033859782146660029591305233571
 669  -0.949735783495000000000000000000   0.034031139826000000000000000000
 670   0.972626280074483914129859535702   0.044183030257713039421317761524
 671   0.928147516046314911454215264639   0.072525473028762193608847401800
 672  -0.918217570085389844408321663172   0.076693110702647150534528691695
 673  -0.865478625163261579148106790971   0.077201244744469353101522424131
 674  -0.812738325596608876962459760102   0.077540822899641468120158709735
 675  -0.759997037009781742302451249384   0.077645655646219662743720211941
 676  -0.707255175101249924611262273654   0.077705202972278258462315306512
 677  -0.654513815049413103939411522805   0.077763953174392461211007971575
 678  -0.601764889700773553457389423509   0.077828171069448658468132438606
 679  -0.549016605175000000000000000000   0.077891459055000000000000000000
 680  -0.496271655794157132232343714605   0.077954950459767095515004223886
 681  -0.443491316606509521233253556210   0.078015734940917014204660919163
 682  -0.390557902712345303049446628609   0.078187867980583147479041827221
 683  -0.337763102360681884313645742536   0.078280689910603128534924388554
 684  -0.284828096232701681461217632490   0.078459469278377692634079712944
 685  -0.231984329686992007717042175432   0.078584910834198462150421211786
 686  -0.179242966063220255662029600071   0.078640361792919708162759546176
 687  -0.126496641068264475551796491142   0.078692963338517184344904308418
 688  -0.073754727487577019411543548699   0.078748088528777661490511667553
 689  -0.020932918046210169040418258143   0.078754620381828859690068965899
 690   0.031856294353000000000000000000   0.078782221714000000000000000000
 691   0.084627577322463557958469661415   0.078823280873124737056555130641
 692   0.137368940942450199829215892832   0.078878735431880987959887496838
 693   0.190110304565570395027970557986   0.078934187010317489509950400706
 694   0.242851671235494912256368236369   0.078986660740054788991424828691
 695   0.295593061991382676563504988749   0.079001249725419937294028062237
 696   0.348375157461312944998820177943   0.079077362098828298822683597035
 697   0.401125419226274803710331013930   0.079137345185065627858978695004
 698   0.453866866783708850297027912535   0.079192779014053828186541986892
 699   0.506690008582841106224134193471   0.079305452260621557756124933030
 700   0.559431398659337531227082854132   0.079322319464946156275287493474
 701   0.612172764804048310329718755601   0.079375318458266335890469616894
 702   0.664914134470928122888455098928   0.079424688137901843231315094547
 703   0.717655498084651832737639207765   0.079480148652847168048793398016
 704   0.770396863208170224703299431659   0.079534154314171680819943636623
 705   0.875879618013299875305186984261   0.079576809562645696894621143359
 706   0.823138226799376407210124254896   0.079589636238509203406244325898
 707  -0.969584638429196702530357002680   0.088654665846791772364905766065
 708   0.967683936234032177332213627018   0.107432864659246415993480391680
 709  -0.892041023414980883816648341091   0.122765413899857192016055427672
 710  -0.839283216624000000000000000000   0.123124778520000000000000000000
 711  -0.786459804236710245244088427588   0.123269302284386907854313984704
 712  -0.733677674897176020788544330645   0.123350641038289003112056382712
 713  -0.680936317296827113283662360793   0.123411552251179833076991260894
 714  -0.628194956059383028686584266595   0.123469228287519724720580400448
 715  -0.575445922387883381151929080237   0.123533383805927152689042530741
 716  -0.522699063304120056005179966454   0.123597547274651462477512989438
 717  -0.469932967160087492069277741170   0.123650081958335890507575017230
 718  -0.417159211075187201320718579818   0.123729331561464416614646732210
 719  -0.364240780076524088089410215088   0.123894142909468830299074225535
 720  -0.311436662832681945592538515703   0.123996692461155889230781137592
 721  -0.258514567423780089609201354168   0.124167813301387219451441970379
 722  -0.205671215260300670046293528890   0.124293493407623176684466644070
 723  -0.152929851636528917991280953529   0.124348944366344422696804978459
 724  -0.100188488019434550999299913919   0.124404401675798566026936035572
 725  -0.047353407292255351212098117214   0.124405780144187189711781290449
 726   0.005428510141267347278437881464   0.124435356098542126869732276287
 727   0.058208285482330152131543702434   0.124470575758688303630807569682
 728   0.110950234075818308827487617811   0.124526368877643696795486774054
 729   0.163691600278404341702640232683   0.124581821948953809808352984433
 730   0.216435506513365503642467172798   0.124635809017764248428280378385
 731   0.269176871057702155916903376158   0.124690377370552053759802144877
 732   0.321918262351180459858418019260   0.124702872647590217306587175870
 733   0.374698345314806884020543505020   0.124780144212540002862123985671
 734   0.427439697894743164227603777770   0.124845257518292227658350721737
 735   0.480181061485692159854877951662   0.124900739687112201085446711798
 736   0.533012641622563989802263440450   0.125008553922979513405847783018
 737   0.585754031699060414805212101111   0.125025421127304111925010343462
 738   0.638495397843771193907848002580   0.125078420120624291540192466882
 739   0.691236767510651006466584345907   0.125127789800259798881037944535
 740   0.743978131122588696951312753619   0.125183252013632455025620818165
 741   0.796719496247846175285242013074   0.125237255976556667458617775799
 742   0.902202251052659076361058607624   0.125279911225213114949039926703
 743   0.849460859838795050332267934764   0.125292738145491264499816204950
 744  -0.963361423272178198966350239522   0.141027617881340984559557346234
 745   0.945559784170866950434206583037   0.155309543817158769438474696904
 746  -0.918362402790592011604452953290   0.168536574012054561990929175229
 747  -0.865621776020201608926715872320   0.168820826663962167324338781438
 748  -0.812880470793394246451779142287   0.168916923888061984407751340675
 749  -0.760139108385624958863759399230   0.168973519612970482396869916572
 750  -0.707359792950662339465788072016   0.169056478756824548483966981839
 751  -0.654618435350313431960906102164   0.169117389969715378448901860021
 752  -0.601875988746492856381123923324   0.169174441023998218941490492582
 753  -0.549128052306847337704017337343   0.169239228356722242256627869286
 754  -0.496360644642181705422257491982   0.169292522456255672124388357995
 755  -0.443614339753967069227303544921   0.169355866366256860589929200603
 756  -0.390828755591205775982443283248   0.169443391747780361084392884044
 757  -0.337927391059925256936536715942   0.169602567408294791261265841731
 758  -0.285105742514915849260921789966   0.169715194334508085679324866282
 759  -0.232201452997088751938452707626   0.169876395874811933985487402663
 760  -0.179357461272086489152626898288   0.170001707797943431155528766713
 761  -0.073774583023711864723347725178   0.170054813881830982308698850596
 762  -0.126616097648314737097614322927   0.170057158756664677167867101102
 763  -0.020995818740810786763098051118   0.170088731422059941983219133074
 764   0.031787926278782874329523084660   0.170117252869506260250770046335
 765   0.084530942235684903000561658830   0.170173663763207263369739213094
 766   0.137272893411772450700911957662   0.170229455394716518643952261649
 767   0.190016802226199450317136847495   0.170283443956400568726682962112
 768   0.242758694748125562401120875703   0.170338590911880135218993865329
 769   0.295500058801403628057668693604   0.170393631835978410721110426788
 770   0.348241450204674398880141346337   0.170405654761301921346027564506
 771   0.401020529543597650476812821050   0.170492623875373208099941937476
 772   0.453762330722562508162162112412   0.170548359302695709346211600421
 773   0.506503694525415043433007198641   0.170603841349470156735169561787
 774   0.559335274450383333736821775092   0.170711655707382995093708661702
 775   0.612076664526879758739770435753   0.170728522911707593612871222146
 776   0.664818030671590537842406337222   0.170781521905027773228053345566
 777   0.717559400338470350401142680549   0.170830891584663280568898823219
 778   0.770300763946641648624756014977   0.170886357379541939985825596966
 779   0.823042129075566191967989925127   0.170940357761017356527971692986
 780   0.875949139912000000000000000000   0.171035922708000000000000000000
 781   0.951207077682891352258323346872   0.207747722539276725928637724114
 782  -0.950661291601564715157016139504   0.210231133528616906879418821550
 783  -0.892047080518306745737264635910   0.214464641073870567600495765695
 784  -0.839305775495267539853649876948   0.214560850067611971617827359534
 785  -0.786562588846880565129022883657   0.214622761606597529779661939802
 786  -0.733821226439111277541003140601   0.214679357331506027768780515699
 787  -0.681043682439139055735156662511   0.214763336439770015183587452173
 788  -0.628299479902901308089887085286   0.214822609538828849600630951396
 789  -0.575558118665456812933212180430   0.214880285574793308509075831127
 790  -0.522790472145467780167208083885   0.214933717991104233709850127286
 791  -0.470042342768840177849542455890   0.214998118374123378483485590813
 792  -0.417297262115005053172109164362   0.215062167203762653446616773167
 793  -0.364499923541240809677395276637   0.215160827133981934947819222826
 794  -0.311613436301847607719360875425   0.215311210408305550220291029154
 795  -0.258781055630195857736489868742   0.215430531094019675095434299141
 796  -0.205887699008874571044786077024   0.215584610265132188456549525306
 797  -0.100197091727580514351338812181   0.215704619122647223102236255350
 798  -0.153045156751443407545510818449   0.215710756601398999830713819564
 799  -0.047425394089215991751147060577   0.215742610438438716631747047875
 800   0.005366171044437530805293580902   0.215769143047462363113178104444
 801   0.058107537236435588713891585933   0.215822094962456810885697945453
 802   0.110848898814683021248483841371   0.215879458507525045197008371681
 803   0.163590261719773088369966000790   0.215935588867640926107115028483
 804   0.216331625340370889376042811243   0.215991042845136847092384206711
 805   0.269072988963626688442664097621   0.216046494294597016084101892895
 806   0.321814352816909675313633005169   0.216101726525695083409564644064
 807   0.374555744263423576478931760540   0.216113558234261770462833122172
 808   0.427343162371416994411371155693   0.216195725659776689787802816160
 809   0.480084963762285391740291359391   0.216251460965053664995934450409
 810   0.532826327353234387367565533283   0.216306943133873638423030440471
 811   0.585657906994777507067883255512   0.216414757655024776922842852069
 812   0.638399297071273932070831916173   0.216431624859349375442005412513
 813   0.691140663215984711173467817642   0.216484623852669555057187535933
 814   0.743882032882864523732204160969   0.216533993532305062398033013586
 815   0.796623396482907948009861579770   0.216589467055285235067309044150
 816   0.849364761619744380825469289464   0.216643459708783534288477861996
 817   0.901416825784388174697480868205   0.225142702492910993499444133569
 818  -0.924509351569385852885926150032   0.256032121992372336523327670984
 819  -0.812987796655900894443803790471   0.260266631994129614149169893959
 820  -0.760246506395393856518474377807   0.260370619304330266005978596599
 821  -0.707505115927587993810371731096   0.260386215014451494468400986034
 822  -0.866087896326000000000000000000   0.260396006377000000000000000000
 823  -0.654722909491273597964612512553   0.260467509368843474167206747973
 824  -0.601981553027130413757535919826   0.260529396572038165978379798686
 825  -0.549220538504077255396402926971   0.260574775209175299962298089128
 826  -0.496472170272126252594493047793   0.260639313908971940068947360105
 827  -0.443725265129878161794348075331   0.260704419211629171340173163377
 828  -0.390983913897697900753955097842   0.260770615189867758203486853354
 829  -0.338171149983725150514552052375   0.260878110189782363706286855336
 830  -0.285296246566819726386839172709   0.261022187801120336827544831408
 831  -0.232449095490352182404161337591   0.261149363404565371061709165731
 832  -0.179575394488231489437669997186   0.261293659068587757131734578157
 833  -0.126616813927975556751877036241   0.261352811849919444293164735802
 834  -0.073851055120161752832463072256   0.261394233552890424903076907710
 835  -0.021052559638822298275071306720   0.261416762709270830160541136962
 836   0.031688803980620778803916704435   0.261472244769453816844113165974
 837   0.084430168249991640272036053681   0.261527078237955445037649318006
 838   0.137171531155081707393518213100   0.261583208598071325947755974808
 839   0.189912894746271893316508170990   0.261638690537615270061572149463
 840   0.242654258366869694322584981443   0.261694144515111191046841327691
 841   0.295395621990125493389206267821   0.261749595964571360038559013875
 842   0.348136985591442079874006376970   0.261805068277081385849747175192
 843   0.400878377091242920413490095182   0.261816660018665252150694000856
 844   0.453665795411139877989500402672   0.261898827322134645437525666149
 845   0.506407596306679565071352839811   0.261954562912695446825068640776
 846   0.559148959897628560698627013703   0.262010045081515420252164630838
 847   0.611980537369084070590998555762   0.262117860852525171671603046074
 848   0.664721927445580495593947216422   0.262134728056849770190765606518
 849   0.717463296553870312038453723023   0.262187725343301138382202834664
 850   0.770204666220750124597190066350   0.262237095022936645723048312316
 851   0.937133804204837374074813855138   0.264072440574271096045145055891
 852   0.833585147051684527750493688060   0.266976273134351727072038052600
 853   0.885638343179378141538065007602   0.275468580511949400544514755202
 854  -0.839408380699466709581597212259   0.305913178966497773164184093358
 855  -0.786667096884922140623749178024   0.306020385763840033410493391884
 856  -0.733925733912399715886833484493   0.306076452727177143478252728399
 857  -0.681184342979722536039827581138   0.306090387943524953452020281834
 858  -0.628412377488377696089326093140   0.306177578472142014958985923369
 859  -0.575643598926016571558292637413   0.306223670671441012751483482387
 860  -0.522902236630735727823687890879   0.306280371127043006321395321947
 861  -0.470155092633164236539298667233   0.306345614746477732925634932668
 862  -0.417411811627074622166206907420   0.306415314350257852797880627327
 863  -0.364670457304858076187996930404   0.306479000786391200435714370848
 864   0.798756275699500414979320949735   0.306581881727538956556827539936
 865  -0.311839195541800949388184081938   0.306597689678941501926954667174
 866  -0.258976834270391272330692693308   0.306733720227073544735804937439
 867  -0.206126847765260070676477733244   0.306864207019885265283542239724
 868  -0.153147497321282386956178592096   0.306935972364880057415371544637
 869  -0.100270957474521700652429643868   0.307042530162005163547109374068
 870  -0.047471290162046541230212185315   0.307064382583283724586813773227
 871   0.005270073429159725358875932448   0.307119864507541318200279911919
 872   0.058011437020365991947964050210   0.307175346431798911813746050608
 873   0.110752800611588339198722482704   0.307230828340770154924299521405
 874   0.163494164202778525121712440594   0.307286310280314099038115696061
 875   0.216235527793984791710800558357   0.307341792204571692651581834747
 876   0.268976891414592272075170935346   0.307397246172861734801798250454
 877   0.321718255037848071141792221724   0.307452697622321903793515936638
 878   0.374459618629054337730885721262   0.307508179546579497401866136120
 879   0.427201010130965803991619342161   0.307519761681023207800416850844
 880   0.479988852876827205653696172907   0.307602175197363416032011131789
 881   0.532730226680986128594468140060   0.307657666110195841573828834781
 882   0.585471590271935124221742313952   0.307713148279015815000924824843
 883   0.638305324930267110680894341058   0.307819721553839292141244632838
 884   0.691046715006763535683843001718   0.307836588758163890660407193282
 885   0.743874957159530795167376841548   0.307938280776700116016507221047
 886  -0.923374505819245731566511937018   0.308761304015490485860227219936
 887   0.921401212526000000000000000000   0.314560754358000000000000000000
 888   0.868977965643918593037340344719   0.325509427148269335251609038260
 889  -0.880310317572853406000246663301   0.339210116839359701244128772254
 890  -0.813098253663000000000000000000   0.351691034130000000000000000000
 891  -0.760356566325778294364903380327   0.351732794789409484015088393973
 892  -0.707615202230681440705468563566   0.351787795627273517703315826251
 893  -0.654873810976826634164541161725   0.351800457046823494243799457229
 894  -0.602067877578662262795702796504   0.351868078975099309988085642862
 895  -0.549326522712866157840368896405   0.351931313648363483935968488423
 896  -0.496585158991773711768493510320   0.351986671964548799178082894510
 897  -0.443843810806040310958970816008   0.352055252245777544845063916213
 898  -0.391098737244886768684293227208   0.352125976653907811870543397263
 899  -0.338357380477638996036107621354   0.352187605004728513052427894176
 900  -0.285508063671355262450894824455   0.352316045509765752483287944526
 901  -0.232662945649803721746861799232   0.352443698249665960033806715236
 902  -0.179685371240000000000000000000   0.352514668921000000000000000000
 903  -0.126801194289585833427567798654   0.352625433165657235063011338790
 904  -0.073890020713507594675252957302   0.352712002321371225942980519174
 905  -0.021148657122301328086164839539   0.352767484245628819556446657863
 906   0.031592706468904938502923278223   0.352822966169886413169912796553
 907   0.084334070060111205092011395986   0.352878448094144006783378935242
 908   0.823925231252995503981915535091   0.352930324938179009520403700253
 909   0.137075433651317471681099513748   0.352933930018401600396845073932
 910   0.189816797242523738270187631510   0.352989411942659194010311212618
 911   0.242558160833730004859275749273   0.353044893866916787623777351309
 912   0.295299524454337485223651505327   0.353100347835206829768877826238
 913   0.348040888077593284290272791705   0.353155799284666998760595512422
 914   0.400782251668799550879360909468   0.353211281208924592374061651111
 915   0.453523643170711017140095653300   0.353222863343368302767498879501
 916   0.506313648094074951267544003383   0.353306531238096701237029848265
 917   0.559055011683840502305018386890   0.353362014531887993322608570660
 918   0.611796377833118164311638099248   0.353415008980329935470566411607
 919   0.770529346282000000000000000000   0.353459658182000000000000000000
 920   0.664631571449778226985514078536   0.353520741847675907293460122701
 921   0.717372961526274651988462739196   0.353537609052000505812622683145
 922   0.901942271367596733821764745956   0.366679914877462171108099747425
 923  -0.891807567871192727679585756026   0.390683097589274249801891303057
 924   0.856889536976673644766339936327   0.394100812667371845376894409418
 925  -0.839494807452513398235902040358   0.397393508089504065950252850066
 926  -0.786753414710363139931917350270   0.397395330724234331121526981989
 927  -0.734012051354788155411889927733   0.397451036190299269177650545278
 928  -0.628529311067111200870917865089   0.397490957549780789272899176723
 929  -0.681270698088149924094484421215   0.397515590875691341761112954011
 930  -0.575766720575273519754831903968   0.397583543010662074660033669232
 931  -0.523022720151727054924759448537   0.397645255531867134304067387017
 932  -0.470277667831092031860901655056   0.397698491229749703902103980822
 933  -0.417532517387109131783165228785   0.397764883072624594794271637032
 934  -0.364785008175477014991308604848   0.397834205389721206993542515646
 935  -0.312043651408229242343122998993   0.397895833740541908175427012560
 936  -0.259184605683714828000010053284   0.398031592045600200817628423395
 937  -0.206234423941713275321901196912   0.398087221962850647755153467582
 938  -0.153335100422141347021975596958   0.398206200349333183042121997566
 939  -0.100420257528571727450391112088   0.398294905325023297458882483896
 940  -0.047567387673762381531205611526   0.398415103983716320912613403808
 941   0.005173975917443885057882506236   0.398470585907973914526079542497
 942   0.057915339508650151646970623999   0.398526067832231508139545681187
 943   0.110656703099856418236058741761   0.398581549756489101753011819876
 944   0.163398066691062684825146859523   0.398637031680746695366477958566
 945   0.216139430282268951414234977286   0.398692513605004288979944097253
 946   0.268880793873475218003323095048   0.398747995529261882593410235944
 947   0.321622157494082698367698851103   0.398803449497551924738510710872
 948   0.374363521117338497434320137481   0.398858900947012093730228397056
 949   0.427104884708544764023408255246   0.398914382871269687343694535747
 950   0.798105088137403203815958023430   0.398919179253046093950344799359
 951   0.479846276210456230284142999078   0.398925965005713397737131764134
 952   0.532639890390265380888956285018   0.399011722950994587953537971625
 953   0.585381256539543042895575997376   0.399064717399436530101495812571
 954   0.743995886138932201529237565578   0.399066439443000999520104268497
 955   0.638122624352629280616257836727   0.399116029274166550622781901469
 956   0.691135012078000000000000000000   0.399308947479000000000000000000
 957  -0.867461480415000000000000000000   0.442109582752000000000000000000
 958  -0.707710895426080013259996685096   0.443171136767144585043991250512
 959  -0.602228154063722457830046972554   0.443206421585343553944847203092
 960  -0.654969539775887493848765347008   0.443233713788829153930356427091
 961  -0.549449723981321085724739181236   0.443289890512706397268344491695
 962  -0.496703947829055496587976489480   0.443350580551290361783404278296
 963  -0.443962584109235949971436127820   0.443405940080188101170590596972
 964  -0.391218788317699378090180606424   0.443473111808437989917270755415
 965  -0.761145202736000000000000000000   0.443511089837000000000000000000
 966  -0.338472706312853994779183337269   0.443543615500346361882646561775
 967  -0.285731349126152803949179553377   0.443604883832622933122582125995
 968  -0.232738272157089029974581978129   0.443685473480645282686231579113
 969  -0.179885738708230607759930869047   0.443777223141289349823453576661
 970  -0.126949680773515109031695910049   0.443878281834386829698015748643
 971  -0.814741873922691420406853266898   0.443965460951413906460260484133
 972  -0.074097624488826514306343766312   0.443998006987368392428515368530
 973  -0.021244754634017168387158265751   0.444118205646061415882246288442
 974   0.031496608957189098201929852012   0.444173687570319009495712427131
 975   0.084237972548395364791017969774   0.444229169494576603109178565821
 976   0.771173700418806756159041281567   0.444266228410123224863293592422
 977   0.136979336139601631380106087536   0.444284651418834196722644704510
 978   0.189720699730807897969194205299   0.444340133343091790336110843199
 979   0.242462063322014164558282323061   0.444395615267349383949576981889
 980   0.295203426913220431147370440824   0.444451097191606977563043120578
 981   0.347944790533827911511746196878   0.444506551159897019708143595506
 982   0.400686154157083710578367483256   0.444562002609357188699861281690
 983   0.453427517748215064974837093818   0.444617484604826599596361636727
 984   0.506168912008069410715502896357   0.444629065079668451354451258206
 985   0.558970338559239056344397070614   0.444716857799875509900551613543
 986   0.611716727531174600183052716855   0.444777913194472063166867009978
 987   0.664458109465771831510760765837   0.444811726397190993943507871909
 988   0.717733973701000000000000000000   0.444854694926000000000000000000
 989   0.863281764350506456382932322844   0.446453405161965270042502228665
 990   0.816618102584467486273703195543   0.471033014237140775938054932612
 991  -0.734138004663000000000000000000   0.488815373835000000000000000000
 992  -0.681393889420778523327028980748   0.488878539259579454413372484956
 993  -0.575911157469770023799954249821   0.488912769087387876553158025556
 994  -0.628652539779980213347601503166   0.488945991248440287022731722356
 995  -0.523131573624318282061718318281   0.488995573676728029700544008046
 996  -0.470390218759645742894991867119   0.489058809287103756906403396680
 997  -0.417648855039826196278451505459   0.489114168816001496293589715356
 998  -0.787571631437155084457461633696   0.489169801837891762196171680500
 999  -0.364906797993132080689432541729   0.489182341476674734667700993842
1000  -0.259304160902238368375967381248   0.489247607615078505185958960099
1001  -0.841774187142000000000000000000   0.489252612557000000000000000000
1002  -0.312155961902672515897052389793   0.489255911072665147173504289217
1003  -0.206388816250574133480044356183   0.489375922601781241835182289098
1004  -0.153503875471615714072582857482   0.489447232399866204363458612182
1005  -0.100622548109872707217861903381   0.489584001970492354339994099691
1006  -0.047774991449081301162296420537   0.489701108649713487398148253164
1007   0.005077878405728044756889080025   0.489821307308406510851879173076
1008   0.057819241996934311345977197787   0.489876789232664104465345311765
1009   0.110560605588140577935065315549   0.489932271156921698078811450455
1010   0.163301969179346844524153433312   0.489987753081179291692277589144
1011   0.216043332770553111113241551074   0.490043235005436885305743727833
1012   0.268784696361759377702329668837   0.490098716929694478919209866523
1013   0.321526054735965344412871644714   0.490158954354203258472142988621
1014   0.374267423142026574415144671668   0.490209653070790702068448748847
1015   0.427008786765282373481765958046   0.490265104520250871060166435031
1016   0.479750150356413727878235568608   0.490320586515720281956666790068
1017   0.532493709979390425987306679648   0.490330919784624028920561301178
1018   0.690961115605930662421575379472   0.490410467358301319430978106512
1019   0.585478571443236407282744621161   0.490530862608130716449413856253
1020   0.638219952447859795867338595213   0.490566096524865948364362400360
1021   0.746545280653764956128149496687   0.490904147012700631376602191165
1022   0.820848575140415683411785130973   0.523604466696218853335098031032
1023  -0.760555467874000000000000000000   0.534467863813000000000000000000
1024  -0.707813496688645713135884350314   0.534528093763775818251682650627
1025  -0.655072146020480927668171273197   0.534594737603785533177354091165
1026  -0.549593007112767220136933386867   0.534618452251409508985357541906
1027  -0.496819583299750984660970253586   0.534704803344964774450974246473
1028  -0.444078228435078445494243802424   0.534768038955340501656833635107
1029  -0.391336864715258898877703440764   0.534823398484238241044019953783
1030  -0.338595269332336740101609291817   0.534891836893227766816931874848
1031  -0.285724449976239640482404353548   0.534896131153056674248425865132
1032  -0.232957124838660708443565278124   0.534936645713601388280595731190
1033  -0.602332675128679883537098585831   0.535044983932596420686352247490
1034  -0.180002019543411894008249743024   0.535048798956883412482867687071
1035  -0.127181239092274571230936235138   0.535150332138775856501081784257
1036  -0.813319040509000000000000000000   0.535206730348000000000000000000
1037  -0.074292625003903786054039157799   0.535291344691610549790864449006
1038  -0.021452358409336088018249074761   0.535404210312058582367781137798
1039   0.718355102031215164616808360277   0.535479570072190196273572214322
1040   0.031329654627507796601408178468   0.535565145766775267646786096035
1041   0.084071018218714063190496296230   0.535620627691032861260252234724
1042   0.136812381809920329779584413993   0.535676109615290454873718373413
1043   0.189553745401126596368672531755   0.535731591539548048487184512103
1044   0.242295108992332862957760649517   0.535787073463805642100650650792
1045   0.295036472583539129546848767280   0.535842555388063235714116789481
1046   0.347777830957745096257390743157   0.535902792812572015267049911579
1047   0.400519199363806326259663770112   0.535953491529159458863355671806
1048   0.453260562987062125326285056489   0.536008942978619627855073357989
1049   0.558773014180354621993288259871   0.536058949289698078882120626212
1050   0.506001926578193479722754667051   0.536064424974089038751573713027
1051   0.664738540221246234288653639706   0.536171051400665547312194453309
1052   0.611996390302434952030489723560   0.536326115101225578863727211980
1053   0.770863512748855676898753842916   0.540431470274265383991021939915
1054  -0.681501328704000000000000000000   0.580239861354000000000000000000
1055  -0.523281016788199922736185322171   0.580327681919646253735787780333
1056  -0.470527707462795590866579877937   0.580425605795029650953914021820
1057  -0.417784549164767412378403440671   0.580487804288659450791820373347
1058  -0.312163566448902475962610745057   0.580531946384612536170150772856
1059  -0.365043185444947865761863079011   0.580543163817557190179006692023
1060  -0.259377050018130095392705810891   0.580584959406264771209431579779
1061  -0.206576176464898178891396650635   0.580606111164869957407790731990
1062  -0.628762002235427879596681435262   0.580749536188021797519155713857
1063  -0.153679383164070751166603120679   0.580751898695793064620490859146
1064  -0.576020611235673695298876145418   0.580763215178687307381402711204
1065  -0.100858598464623204146437942807   0.580853429430876913254016500402
1066  -0.047941796470005148159968926145   0.581010834643768495548181238866
1067   0.004799417812443663826270023682   0.581148048770427339162688060756
1068   0.057629681947541899949478468799   0.581281259716554475478024656827
1069   0.110371045538748166538566586561   0.581336741640812069091490795516
1070   0.163112409129954433127654704323   0.581392223565069662704956934206
1071   0.215853772721160699716742822086   0.581447705489327256318423072895
1072   0.268595136312366966305830939848   0.581503187413584849931889211585
1073   0.321336499903573232894919057611   0.581558669337842443545355350274
1074   0.374077858277779199605461033488   0.581618906762351223098288472372
1075   0.426820026295426627515215240952   0.581669145461009690598406041954
1076   0.479561463375888375147187378046   0.581724554649478594105272639649
1077   0.585156131693592838042283745886   0.581727161669715760430157441946
1078   0.532302826967019729543656988608   0.581780036644948005001772994687
1079  -0.779173842466000000000000000000   0.583815282856000000000000000000
1080   0.648592053076858081021592351271   0.586380069162416726612370751711
1081   0.719577585424525933002117711124   0.588206793079445345023746948333
1082   0.772085996142166445284063193764   0.593158693281520532741196673926
1083  -0.729611818339000000000000000000   0.601854600888000000000000000000
1084  -0.496992042063647815671416847227   0.626050152540070930973641044455
1085  -0.444230253358978928826285431786   0.626143199994215083411821894695
1086  -0.338593695238409443000498675928   0.626172967449810149562727216679
1087  -0.391488898494544137168794670545   0.626206435802882659441958850726
1088  -0.285816302420935276158035196901   0.626220853024455898797543615641
1089  -0.232994903680817311455746015806   0.626253732833414650841183815108
1090   0.683081507512382515248409738882   0.626281598512099819091555412337
1091  -0.180253540085557036049750028290   0.626309210903779609545413904065
1092  -0.127353924105567233351273530178   0.626456633604312700144196204511
1093  -0.074535910757228153206212908056   0.626556499607427315107811243991
1094  -0.021642303883440970368639908630   0.626782354566189381494096797311
1095   0.031099330490899681783344480719   0.626864228672179035134890565540
1096   0.083840400878877651509958208831   0.627048635922824536690470109710
1097   0.136581764470083918099046326593   0.627104117847082130303936248399
1098   0.189323128061290184688134444356   0.627159599771339723917402387088
1099   0.242064491652496451277222562118   0.627215081695597317530868525778
1100   0.294805855243702717866310679880   0.627270563619854911144334664467
1101   0.347547218834908984455398797643   0.627326045544112504757800803156
1102   0.400288577209114951165940773521   0.627386282968621284310733925254
1103   0.453029945617190289830455590447   0.627436979589908308894182402216
1104   0.505771309240650437902313020336   0.627492430845006307293781530325
1105   0.558512672831781792298782630898   0.627547912840475718190281885363
1106   0.611254064451477782266491246523   0.627558945591669455775336329035
1107  -0.606737032155000000000000000000   0.628686071956000000000000000000
1108  -0.553988740544000000000000000000   0.628698726264000000000000000000
1109  -0.673064549781000000000000000000   0.632664095503000000000000000000
1110   0.734874408919174435003332405948   0.638681159867720231649062178564
1111  -0.721326311373000000000000000000   0.653942808928000000000000000000
1112   0.647854465946097911711665658393   0.665533478138316371644855377894
1113  -0.523454918336000000000000000000   0.671704705920000000000000000000
1114  -0.470692332144411370979208464639   0.671766449085917177625339452599
1115  -0.365016256102824448865728325084   0.671822811332990956330113341154
1116  -0.312247635671786957283956874634   0.671862568641062816296578360987
1117  -0.417939560688130803992659281333   0.671864682806901178483351886953
1118  -0.259434020273080421997494502786   0.671889547995680075065615226756
1119  -0.206672257435398935754718861245   0.671956838282350994550571613957
1120  -0.153930893828149105590053364593   0.672012304953429088113417248373
1121  -0.101025165052822846844194713800   0.672163230673872489281012461532
1122  -0.048283950217919015883372728987   0.672300232287940972670323024711
1123   0.004664591365500521917760908951   0.672502579640151444594826502930
1124   0.057405661753478491644374637063   0.672686986890796946150406047100
1125  -0.635776018969000000000000000000   0.672722756135000000000000000000
1126   0.110163033918622864654005554606   0.672751737585169631660102994343
1127   0.162904397509829131243093672369   0.672807219509427225273569133033
1128   0.215645761101035397832181790131   0.672862701433684818887035271722
1129   0.268387124692241664421269907894   0.672918183357942412500501410412
1130   0.321128488283447931010358025656   0.672973665282200006113967549101
1131   0.373869846657653897720900001534   0.673033902706708785666900671199
1132   0.426611209610428365957836630780   0.673089988243579960542751137777
1133   0.479352578595226804061430308763   0.673140081287794436643471574681
1134   0.532093942218686952133287738652   0.673195532542892435043070702791
1135   0.588227731045604472850468327183   0.675008313148943600979853474536
1136  -0.583152512276000000000000000000   0.676303795600000000000000000000
1137   0.699211613637336542989716586922   0.677537556308839913679436474950
1138  -0.684856004455000000000000000000   0.692044468904000000000000000000
1139   0.658471847576024334707564021645   0.717195124637709306075839176629
1140  -0.549885234067700762454926185516   0.717350672626591296235216051110
1141  -0.497143932346112966879903678121   0.717448674749923056720169399478
1142  -0.391448328078268470229683925616   0.717470264773519078309517529131
1143  -0.444402554576947944484103334224   0.717488458087677304838220382155
1144  -0.338675497975379495000077176006   0.717515469090831875235546936950
1145  -0.285864150163287395483208161311   0.717530568423476441532086099269
1146  -0.233111383888642669792340425218   0.717592647731654342167500151230
1147  -0.180349556314624250490397639631   0.717659975523412114702713015673
1148  -0.127608192628725297938144745294   0.717715367359241564926460937066
1149  -0.074725348804291428528032009002   0.717947541654139598245061298653
1150  -0.021984000969310273739365126144   0.718016391151348796847244718466
1151   0.030953002962082586897518488137   0.718314953693731769173517468647
1152   0.083728294793223704788421982839   0.718390088553142041120038931734
1153   0.136469645114951036841224504879   0.718464063265110250453555859396
1154   0.189211008706157303430312622641   0.718519545189367844067021998085
1155   0.241952372297363570019400740404   0.718575027113625437680488136775
1156   0.294693735888569836608488858166   0.718630509037883031293954275464
1157   0.347435099479776103197576975929   0.718685990962140624907420414154
1158   0.400176457853982069908118951806   0.718746228386649404460353536252
1159   0.452917820806756538145055581052   0.718802313923520579336204002830
1160   0.505659189791554976248649259036   0.718852406967735055436924439734
1161   0.558400553415015124320506688925   0.718907858222833053836523567843
1162  -0.646375641917000000000000000000   0.728115025062000000000000000000
1163   0.608721193913823364725997840104   0.734703036331782546312747066599
1164  -0.595843502845000000000000000000   0.743226891684000000000000000000
1165  -0.417909818202626696205274733453   0.763093166518983530471271741129
1166  -0.365124479526658286809131563447   0.763172666342097810400575206787
1167  -0.312282877374116105354965784124   0.763178190094967235629573153342
1168  -0.259541513778849643278054083744   0.763233668159450708633971023742
1169  -0.206788747504204917587186347650   0.763295747467628609269385075703
1170  -0.524109490101000000000000000000   0.763419613300000000000000000000
1171  -0.471362103696000000000000000000   0.763467354030000000000000000000
1172   0.057309573660435740170500243498   0.764037713742320501891662836829
1173   0.110050914563489983396183732892   0.764111683003197751809722605341
1174   0.162792278154696249985271850654   0.764167164927455345423188744030
1175   0.215533641745902516574359968417   0.764222646851712939036654882719
1176   0.268275005337108783163448086179   0.764278128775970532650121021409
1177   0.321016368928315049752536203942   0.764333610700228126263587160098
1178   0.426498567830653977782999149823   0.764449631302403134104431280120
1179   0.373757285731476929651047661425   0.764557678693690319902375629111
1180   0.531933535153890285297885877549   0.764583285895265699831032952968
1181   0.479214040375825955954029482373   0.766102951006198109399655161527
1182  -0.145225524765260363666381877326   0.767427379188323136700018794788
1183  -0.092484452833239792783512264290   0.767611344307759484004993805328
1184  -0.039743102096691258179543845775   0.767677934007478354981891068786
1185   0.582268969762345271551002281766   0.780331255112967686682108842789
1186   0.009554601202096264836101474109   0.786423359080504868622165233858
1187  -0.570103295889000000000000000000   0.789262431597000000000000000000
1188  -0.178871549166939239834941919304   0.808042641758757996882831049505
1189  -0.444333705194672160429325145971   0.808771329160209197012273853141
1190  -0.391592319798370367486571390556   0.808799225082873098201012987570
1191  -0.338708450060989613207852891499   0.808821849237004721468419820418
1192  -0.285960240989678353149811706556   0.808881289830941502731458077815
1193  -0.233218877394411891072900006176   0.808936767895424975735855948216
1194   0.083632037925866136324864408947   0.809759218193060415363482132933
1195   0.136373547603235196540231078667   0.809814784665542846779355489975
1196   0.189114911194441463129319196430   0.809870266589800440392821628664
1197   0.241856274785647729718407314192   0.809925748514058034006287767353
1198   0.294602717329929435471531809270   0.809984169524221052131781429179
1199   0.347343634133091315370043266753   0.810208237517683245770569898192
1200   0.400420639449173765589119005468   0.810292800510411933628641234788
1201   0.453136111994345743760149338018   0.811946120214206908923865116194
1202  -0.066164014148897886967235086933   0.813324291124265887408431145144
1203  -0.121384074557711270488983291118   0.814472461436148940717284496333
1204  -0.526526983712000000000000000000   0.818976574270000000000000000000
1205   0.509822619895000000000000000000   0.829446776630000000000000000000
1206  -0.016866310850110363951589767050   0.832069716197292401048705310217
1207   0.035875034383866051649929068519   0.832140530138367121837648898764
1208  -0.481405505459000000000000000000   0.846286692523000000000000000000
1209  -0.205301679057146213320655577830   0.853683662186554363349301922018
1210  -0.365169907605543868229272555779   0.854444713859050211780762259303
1211  -0.312385813676551861002698813931   0.854524948972978988570304744892
1212   0.162696180642980409684278424443   0.855517886327887941748988374608
1213   0.215437544234186676273366542205   0.855573368252145535362454513298
1214   0.268178908478630743459341860793   0.855628849800171788618032063938
1215  -0.418428417866000000000000000000   0.855729115600000000000000000000
1216   0.373809521291947449034502522462   0.855828532657000695303652168366
1217   0.109851384110000000000000000000   0.856135694825000000000000000000
1218  -0.092839962495981361500900248628   0.858822074493211145793360898394
1219  -0.148391158258000000000000000000   0.859778253683000000000000000000
1220  -0.257671161858504283504325863680   0.859936004373447095848472423628
1221   0.447999045845983584947523803071   0.864436739024534234665120819534
1222   0.320353100431000000000000000000   0.866211672076000000000000000000
1223  -0.043542259197193838485254928744   0.877567499566237659433635063467
1224   0.061855902246190827601746564969   0.878038776475500275205846270232
1225   0.009153580377000000000000000000   0.880147727798000000000000000000
1226   0.141369875563283279599973938481   0.903755249681945983475537430948
1227   0.194111239154489546189062056244   0.903810731606203577089003569638
1228  -0.220282314596130347260186680719   0.904252774009403920391302104125
1229   0.356997049728340658294022434807   0.905818484763665593926623718582
1230  -0.355699367488560332752691023274   0.906328848058209233549199123777
1231  -0.302958048170930755318992622393   0.906416872711406321232454326540
1232  -0.115406116111461673741828073618   0.906492014945306134068364280514
1233   0.257353515066213485997221139589   0.907247309377828020230692449027
1234  -0.167962387968394530596994488071   0.910907080086830623656564339230
1235   0.091709975545750953757713958683   0.921518944172463157602626358712
1236   0.307423180950410284216097400675   0.923820874774224673644169754481
1237  -0.066108412812674150726182753734   0.925237440018332647708638445586
1238   0.039209851688674930510869116279   0.926557942753075607703685035323
1239  -0.013485256876996048048530295522   0.928767025131776403843167664488
1240  -0.260763578192384959130245532460   0.938059900615406513810082646719
1241   0.223443920506959486395670252031   0.947642778288718865978073681004
1242  -0.199885149389871143681378949463   0.952890312631874386069846725909
1243   0.171801213120418452886834848256   0.958351899890971661371313026702
1244  -0.147992853085298681740938115618   0.962316027243626245878574221735
1245   0.119654376199027281494987314977   0.966248855684033430890921017988
1246  -0.095666289950871283457827031921   0.968917943801908456895411037800
1247   0.067113225473823210218808485843   0.971313459095868895474249864721
1248  -0.043041061401000000000000000000   0.972675666405000000000000000000
1249   0.014418116908152231659409074026   0.973522541474569691613732493896
