   1  -0.003899320210041492702014684947  -0.973906640745562423991646549186
   2  -0.056052960139000000000000000000  -0.972299469298000000000000000000
   3   0.083238916296552992607246277632  -0.970350778018022652492741791196
   4  -0.111600567206765456219476138062  -0.967499179837137978627049448923
   5   0.135081043592938382931235893557  -0.964501146317747571267187081982
   6  -0.164728980750000000000000000000  -0.959881785850000000000000000000
   7   0.186535544900895554524554890613  -0.955883800508687566069919428651
   8  -0.219034130952211374238565526931  -0.948964382400317461111353048612
   9   0.038501949587869892888049934040  -0.943509985120835908957010153558
  10  -0.269536195094351444544834000040  -0.935873703616287182933645236000
  11   0.279325893720418850539042841242  -0.932998603795148078283660099702
  12  -0.027901890016147342787861793628  -0.927584928813181232128067875790
  13  -0.080047414696365709064107174111  -0.925951340900570598458868282796
  14   0.227917066393057099405374658607  -0.924112838410613443287573005202
  15   0.104710150813948375148660539266  -0.922081419474560769340139156811
  16  -0.319264803307653169476984919251  -0.920097459487489272418183845962
  17  -0.131805474942977170039953001136  -0.919399428725363373565245002980
  18   0.156164652121905546741979536322  -0.913464073665500764142871503480
  19  -0.183289812721433238968116911601  -0.910962171045445595504641837569
  20   0.365072761084571112104094332913  -0.902901560913754367902012685189
  21  -0.233791876863573309274385384710  -0.897871492261415317326934024957
  22   0.059635826686677467847150481112  -0.895811100517357107732407143237
  23   0.313708747590284513070470221589  -0.893760309828578199495287937043
  24  -0.396592136301999719738513702222  -0.889507744210145988974202772896
  25   0.006770086870000000000000000000  -0.887769116030000000000000000000
  26   0.261316778611813369985857262692  -0.884034370658617816392910294295
  27  -0.283520485076875034206536303921  -0.882095248132617406811472634919
  28  -0.044785499859133499478883527517  -0.878221297744211930837712008043
  29   0.201610359633000000000000000000  -0.877540003725000000000000000000
  30  -0.096931024539351865755128908000  -0.876587709831601297168512415050
  31  -0.346336721109550200585096796456  -0.875499975027367298657974733239
  32  -0.148689084785963326730974735024  -0.870035797656394072274889135234
  33   0.442799895683484139839251837120  -0.867431612272173300075294707326
  34  -0.443655583447648421088172008355  -0.866994274988095349552458365974
  35   0.099492924669000000000000000000  -0.862110820884000000000000000000
  36   0.151687461376598054875781214595  -0.861485432699488356641250275555
  37  -0.199567654275201232940830136810  -0.858494761291652821646132999738
  38   0.391503019991275040595197917139  -0.857920834288141837937174770050
  39   0.340139006496988441561573805815  -0.848779583202965669530450021905
  40   0.040158295330384557193698912584  -0.847412235593599683251719616963
  41   0.488614884038499473752569114648  -0.842475426752881701700156107908
  42  -0.489445924985867665322001586211  -0.841992895517019687011018125057
  43  -0.249007004865181884357298299354  -0.841834180062761972037752125495
  44   0.288766769934925295483287985782  -0.839668591842005452999340817584
  45  -0.011209212672437913901503182274  -0.838290641696508029420328006040
  46   0.236619882759501516134352112642  -0.838079091430834292155929276757
  47  -0.402740451633118989940286205720  -0.834624901465532823801218563599
  48  -0.300376198655072084745619904670  -0.832722084638536192521985411140
  49  -0.062959485921238881751221014460  -0.829318019896424573976989607555
  50  -0.115105000368327348964073291173  -0.827684105366230823193886391095
  51  -0.351745392444353241113192682528  -0.823609989210876943659622289201
  52   0.186726499848491930176528877073  -0.822831970543962996278083692417
  53   0.425388033181304586591533288770  -0.818251825795932028121932516169
  54  -0.166409768654888169777812968095  -0.818215995485911870315086476797
  55   0.125112459738056125432825049430  -0.816590069447199328268345843377
  56  -0.448530793171338234174115783576  -0.809623521994457161259778322682
  57   0.373718802420915884529295534347  -0.808851877792425531596720585081
  58   0.073743260768398150225432959721  -0.807478003223823845350871893963
  59  -0.215849119244868821194281130639  -0.801555414257021020706705602554
  60   0.322342672940687169878198559503  -0.799737612753193204765757571533
  61  -0.518668643967658476788669677020  -0.798774183725079690353611516705
  62   0.022374073366859792456328091938  -0.798365871785509142202986786446
  63   0.560395846542275819941086537429  -0.796533643209483323735857636385
  64   0.508279124658486117812294630255  -0.794152119803928408834241763669
  65  -0.267218313037457618539585808700  -0.792443318830573729001106416884
  66   0.270279566711974176564450812721  -0.790882859597456780251849862667
  67  -0.570037837698947380154485091465  -0.789662087970490675308315611357
  68  -0.029330803271397945361253669070  -0.789367923989831372166666078282
  69  -0.318587506827568352834762553843  -0.783331223402231563234959341037
  70   0.218910372920200082961414853917  -0.781770764183851398260345722749
  71  -0.080699997061382044964896192722  -0.780255828566134946961199865900
  72  -0.132833865640887800943014286866  -0.778285016404026947596609949271
  73   0.458651709675043525313021331673  -0.778060381684487489214953627872
  74   0.160821818177000000000000000000  -0.777532007297000000000000000000
  75  -0.369981371981314322924677100364  -0.774357418343735962130569858541
  76   0.407288334820459919068264027402  -0.768915542856437055834769853597
  77   0.108148654524399265511530950054  -0.767253940025480414355685374917
  78   0.602245576182669155312493467733  -0.765382006291506223149300219319
  79  -0.421325894574838911212906619151  -0.765107032397930353747094254895
  80  -0.182273216230868452359482449410  -0.761624435175136097988229075027
  81  -0.473411499848000000000000000000  -0.760394068835000000000000000000
  82   0.355918575944752019960279990965  -0.759806633662954016221074435474
  83   0.056779455648984280213457516788  -0.758141873270717942555578114869
  84  -0.233642410020766000168718626182  -0.752512339750951739360989706972
  85   0.303855469717754659577993882851  -0.750951880508637480339455428969
  86   0.005410268153180558414430726767  -0.749029742363797921439914454519
  87   0.543577438302262952339557743187  -0.747147759619982187879509121856
  88  -0.524064282399424136530415998487  -0.746882841098807784169658348102
  89  -0.627076643762823318997514972039  -0.745173961188633863395895267772
  90  -0.285011603810049415213065329809  -0.743400244323305223728412023101
  91   0.252486275925977062180524682897  -0.741839785095051850895206134976
  92  -0.045958925636899771263020106951  -0.739917646940643990697047937115
  93   0.492196325349991471516673964254  -0.738103115601038701022121470516
  94  -0.575433476266879302449858048989  -0.737770745358377275949027398041
  95   0.193093751328383733375838301089  -0.736435056367291920064984510855
  96  -0.336380797603465531809200049386  -0.734288148896162281889243445456
  97   0.642367113394761373611838712631  -0.732034043754310795488388511258
  98  -0.097328119426883984492979088434  -0.730805551516947603699503029658
  99   0.440832950495407865271916659983  -0.728958276772988267641937696240
 100   0.141724557538399634344113815737  -0.727322960943595491635345682259
 101  -0.387749991391030530497697731314  -0.725176053458828240105649421013
 102  -0.148697313216868083524683768181  -0.721693456093251175269752547501
 103   0.389463191619699966163932623546  -0.719849367579505228028242278118
 104   0.090355363748036250979453672103  -0.718210865519580142551366274840
 105  -0.439119185346414597573153988137  -0.716063957890293194052925831118
 106  -0.200066507006765631333919944953  -0.712581360669066816642513179446
 107   0.337431372723909877295906046092  -0.711020901417606153406892345158
 108   0.038986171166801549933695012784  -0.709098763281593999882820656171
 109   0.577140121963272234187876342408  -0.707205668799464154970470551559
 110  -0.490488379099308603760793556160  -0.706951862257502363528524245374
 111  -0.251435700796049046378266648580  -0.703469265241420301009935495575
 112   0.286062178931738687089138983305  -0.701908806006239392881450298905
 113  -0.012383022623182570315794255325  -0.699986667857897691067762254528
 114   0.525719773314719253082689829389  -0.698128088519125684792276750371
 115  -0.541857572966763769680235606662  -0.697839766517071855307893295312
 116   0.680645326179972699108923194954  -0.696585450275675080556142363121
 117   0.226669654344187636330246769568  -0.696504077272782496132238247736
 118  -0.644869934187314955575750917381  -0.696130886555071332713343979135
 119  -0.302804894585946594187502825352  -0.694357169817235942382696127520
 120  -0.063752216413262899993245089019  -0.690874572434743760324895737116
 121   0.474356398460135646837932525118  -0.688983249691075251412092976095
 122  -0.593226766691370939028093994330  -0.688727670724814745266476109403
 123   0.175300460552020718843761023138  -0.687391981861391648260665410778
 124  -0.354174088373511592876000507281  -0.685245074379901900599102103077
 125   0.623550253119627385075745391221  -0.683374511049715545182687956027
 126  -0.695128236572475308387175574139  -0.682133479830778596444727773966
 127  -0.115121410203246999024949768766  -0.681762477011047331895145254958
 128   0.422986639584427747729948488680  -0.679874340497592211798397557973
 129   0.123931266762036619812036537786  -0.678279886437695219831026582182
 130  -0.405543282162606216857945100301  -0.676132978951191080411480997236
 131  -0.166490603993144546834185945538  -0.672650381586862973267905886903
 132   0.371014508045949013413568213350  -0.671049055817805363943928601839
 133   0.072562074180805220065765283600  -0.669167784199690466189435719583
 134  -0.456912475913754230722973596312  -0.667020883308557265191160778328
 135  -0.217859797782427961878532649165  -0.663538286159216457635328203032
 136   0.319638081935775511551047427593  -0.661977826915976639036692005747
 137   0.021192880390904370959257517241  -0.660055688775524718537104760590
 138   0.716970372108370136492597946222  -0.659137948463894537240349023596
 139   0.559282456975728534931008428609  -0.658185997698607651883238180074
 140  -0.508281669666648236910613164335  -0.657908787675766434666759192583
 141   0.260245557359995812004936554400  -0.656573098178248984853361193913
 142  -0.269228991572325509687768825937  -0.654426190735032099008088834977
 143  -0.030176313399079749290231750868  -0.650943593351828409722046358947
 144   0.507919082121144928686251124338  -0.649041158870557218503054405798
 145  -0.559650863391255406258471552003  -0.648796691883509324625342006675
 146   0.661828465904838710572829873543  -0.647925917571079830250441807889
 147   0.208876363567824621798169491613  -0.647461002766882224327919147660
 148  -0.320598185359890508376266507865  -0.645314095297698057224494810534
 149  -0.081545507189160078967682584562  -0.641831497928674478979179841534
 150  -0.663177217403637469742147260802  -0.640890823178762988099363460158
 151   0.456549323245437029578267087901  -0.639932249677074178889358987676
 152  -0.611020057111009879099374993830  -0.639684596063895269238997763342
 153   0.157507169775657704311683745182  -0.638348907355491376456346310702
 154  -0.371967379148985132358211100886  -0.636201999868987237036873704693
 155   0.605692588132083685818877477422  -0.634354839948859042095455584542
 156  -0.714869915368261170817293700008  -0.633841757227753663778311064849
 157  -0.132914700979144177999387264309  -0.632719402504978050549429359377
 158   0.404537956010676794979584078484  -0.631074028735892347714083881694
 159   0.106137977194426304565412490996  -0.629236805117486622814755448103
 160  -0.423336572900133146223239596897  -0.627089904226353421816553485785
 161  -0.184283894768427593043733967936  -0.623607307077331534916851675506
 162   0.353155928341541620401391464698  -0.621998102980424479496140649570
 163   0.054768783404525455458904724637  -0.620124709693320875162424489110
 164   0.751358189460000000000000000000  -0.619651341096000000000000000000
 165  -0.474705766653027152410879164920  -0.617977808593562591292151900040
 166   0.293821460364032636466844998688  -0.616642119087986231008602900755
 167  -0.235653088558325140852970144708  -0.614495211653147176289612307451
 168   0.003399589614936683755779869489  -0.611012614267395799510990926920
 169   0.698153511833236147956504624812  -0.610478415759299286934648468364
 170   0.541777864413000000000000000000  -0.609031287654000000000000000000
 171  -0.526074960377634321758737552588  -0.608865712801305481250734714132
 172  -0.760450726752595541029298136264  -0.608460386358763458835305160146
 173   0.242452266571861446260077935901  -0.607530023676619470483160854502
 174  -0.287022282345890139541467826636  -0.605383116215813134506018283008
 175  -0.047969604175442763822202431200  -0.601900518845928137917688584247
 176   0.490283038594988338821166116092  -0.599941318520643650237537174689
 177  -0.577444154097388794599640994415  -0.599753616981691425864390470800
 178   0.643970800917295011315961959745  -0.598906246470223327163209436405
 179   0.191083072779694528773592189471  -0.598417928265228622611588017544
 180  -0.338391476134984763523412419657  -0.596271020787102314318397177167
 181  -0.638143260581532729104176574077  -0.595118283818656629314867347386
 182  -0.099338797965523093499653264894  -0.592788423422774207174822066834
 183   0.438100639671686076827902677705  -0.591131937915374314805045311397
 184   0.139713880198463129027320935284  -0.589305826027223868969997154944
 185  -0.389760669886132777388440915668  -0.587158925144468499098076958259
 186   0.588211803287949917392694572895  -0.585199509466025408121460978450
 187  -0.689610448252000000000000000000  -0.584060534577000000000000000000
 188  -0.150707991754806508543999968520  -0.583676327995127691542244382963
 189   0.386705652412470541811808364714  -0.582045126014896330771370523070
 190   0.088344686408562279920813168925  -0.580193730603058121317666195951
 191   0.783497807265138847653027038656  -0.578481231845187669492943138809
 192  -0.441129863639026783576080483691  -0.578046829511677668573675372514
 193   0.327337725222460632069178504171  -0.576661069282069491802954438216
 194  -0.202077185544704056353236145293  -0.574564232570943332915005014908
 195   0.036975492618973508217688313778  -0.571081635177133045666232633761
 196   0.731910217965484266861280224849  -0.570700166115247167550705563251
 197  -0.492499057363633952923938871359  -0.568934733719420558532258186606
 198   0.275968531430289441862411441383  -0.567548973870702731277512391963
 199  -0.792408933896531248949675160093  -0.566213238159767153408124133115
 200  -0.253446379332269055041733827221  -0.565452137133609291131410990465
 201  -0.014393701171405939360293986912  -0.561969539755665384072930291088
 202   0.680295846845692448699636711013  -0.561458744658442783847416096880
 203  -0.740583175925871765705122129844  -0.560220311962147549911324546830
 204   0.523859039426345257359146003860  -0.560010421688538691453431724176
 205  -0.543868251083388425764842313186  -0.559822637899806503145913943273
 206   0.224599337619597191799190574181  -0.558436878443782027237724322726
 207  -0.304815573121363679023678420242  -0.556340041704898470943789884624
 208  -0.065762894961486269037744820605  -0.552857444332511453330063773676
 209   0.471676542675722901289811121993  -0.551200958825111560960287018238
 210  -0.595237444873285973574078489958  -0.550710542475622144518674575218
 211   0.626458256533090914102081863027  -0.549716652086570550587262875733
 212   0.173225505348819007211565739584  -0.549320887194889441067413678435
 213  -0.356184766872511692888706916252  -0.547227946062264655723469665716
 214  -0.117132088750769684082091524232  -0.543745348904864937697486089805
 215  -0.646934458970604959640665905226  -0.543693200595316444461433764816
 216   0.420268336073479823660126963934  -0.542103035194378297862331952773
 217   0.121856306619301770602559340389  -0.540208787630801091825602475392
 218  -0.407553960625405699076346484275  -0.538115850429473825199068079972
 219   0.360889029239748081145135675271  -0.536709419098590945044897299660
 220   0.570282825955038260100508024200  -0.536205875946562592985038674766
 221   0.813350888956632073550987713342  -0.535695511480041048857144036732
 222  -0.168501282540667231891327701004  -0.534633253480680579070246721750
 223   0.070487100624048836996309865266  -0.531096681975238942901967034505
 224  -0.697490407332383322684581659329  -0.530812189808709285976999805637
 225  -0.458923154350012868424204871944  -0.529003754637216715157650894063
 226   0.761763299656977492759240899535  -0.527914445750100546914906461174
 227   0.309519835447576890938368612485  -0.527597323687224184519455253407
 228  -0.219870476328232230579825382933  -0.525521158043346537286652697307
 229  -0.821592288111142571759521519136  -0.522967935635353962990388582015
 230   0.019117904052635457980403803286  -0.521984584222971695144381130951
 231  -0.510292348069767341265108313771  -0.519891658817602659771306650731
 232   0.710387373241950031318206827821  -0.518840387196114141674459152637
 233   0.258150641655405700731601549698  -0.518485228275857423994013207154
 234  -0.271239670117326854561769975953  -0.516409062614635717099031591466
 235  -0.032251296897550901903846185884  -0.512872482798895672309051437462
 236   0.505252445679759725751719566281  -0.511269979734848807115528725079
 237  -0.758987605859000000000000000000  -0.511170467325000000000000000000
 238  -0.561661541859664889074344490543  -0.510779563393418301144067282676
 239   0.206781447862405245450575228621  -0.509373132869165623112083605844
 240   0.659133044861713098239813693845  -0.509045008877533301114498719977
 241  -0.322608863868474868426798471964  -0.507296966972001901878711372558
 242  -0.083620500572160050269263132751  -0.503760379086309848989856563164
 243   0.453844239077516648122035408222  -0.502172056104115544017573659615
 244  -0.613030735649648988106049170290  -0.501667467969721872714316800518
 245   0.155412254071063320318449310217  -0.500261037453123902943450198595
 246   0.607766475321744665447144545875  -0.499918131682179048704938530956
 247  -0.373978057621368874614438039987  -0.498184871339211071354309786813
 248   0.394451712900757362993454274492  -0.496767328278072912135858729363
 249  -0.134989702142010859087383217304  -0.494648277141711960150540876476
 250   0.840869994437363580636098447389  -0.491372569484006270230367649531
 251   0.104043060277912310025800675175  -0.491148942047280851907052936477
 252  -0.664050444416137766170680194828  -0.490767299575327295929833884427
 253  -0.425347251345976043962296427655  -0.489072775546953961312892600905
 254   0.343082519108586172786687211705  -0.487655232866706151610416683110
 255   0.551676283497296514782015050656  -0.487465534016989057324690434002
 256  -0.186358911682702209674074398253  -0.485536168501620348633516882929
 257   0.789282405137708999844351633582  -0.483591503754065768288130073973
 258   0.052673866486720939905448336429  -0.482036846630390381893014283630
 259  -0.715756883757194473660264486046  -0.481943383882379259167575983889
 260  -0.476716445065730516803199869482  -0.479960679727339905926548357572
 261   0.291713325316414982579920148918  -0.478543137455339391084974636857
 262  -0.848418016753036360804941696484  -0.478221934289144606692067992401
 263  -0.237728115987404382734623360625  -0.476424064259743085691699986641
 264  -0.796361264691380196165137656525  -0.474769291876115576005229880974
 265   0.737906478722681538403317561868  -0.474517445200079363047682765436
 266   0.001304672694549749698681273642  -0.472924751219023621367572237377
 267  -0.528085638855628064612436046255  -0.470848584303155547299308989517
 268   0.240344131523462819336607336494  -0.469431042048375345133913727061
 269  -0.289097449482225222766275909839  -0.467311851497908912804138057983
 270   0.686664820985462194168520585541  -0.464713524250522536259984620810
 271  -0.050064521097621440508085789145  -0.463812655807656860842130191125
 272   0.487420142081553472583943852510  -0.462241077013852790172815366456
 273  -0.579454832645612163644140726002  -0.461736488879459118869558507360
 274   0.188974937732072602166724723106  -0.460318946632605870034375339532
 275  -0.340466776218182901289626820365  -0.458199644412757693271203300189
 276   0.428027615904794187455362718780  -0.456836349187810158291100436204
 277   0.635295627193291003961753522755  -0.455601428839155775734542574557
 278  -0.101433714889792630714852851931  -0.454700560396290100316688144874
 279   0.137605743939146342794360724353  -0.451206851225495791704666456110
 280  -0.630474541412100941708771750539  -0.450836320485064542085075591269
 281  -0.391836196878529865320192443995  -0.449087358428667626870460215251
 282   0.376658422112622997248595655993  -0.447724253776443397765658389951
 283   0.583931573314598036564287068736  -0.446460404673876687630177554067
 284   0.865976155406682879962073741759  -0.445639594126764111693046421499
 285  -0.152802908681963820921619914718  -0.445588464984923339791246098622
 286   0.086236550147730221753507201448  -0.442094755809872348983757462945
 287  -0.681843735204272131915538813326  -0.441724225073697781559633545016
 288  -0.443205631344877122216093879859  -0.439975060844924765979646967950
 289   0.325289228320451807041828593207  -0.438612158365076637240216343699
 290  -0.204172102474135011128386977505  -0.436476369573556579265804052370
 291   0.532740233503051195251619114513  -0.436397051259520729359156952139
 292   0.803146518552440685388085597690  -0.433296268265334360622753143344
 293   0.034867356355559031546740138661  -0.432982660398505588458315416692
 294  -0.733244230317982206302498559458  -0.432790387392781640976906339633
 295  -0.494575187584203900789819788845  -0.430862661664944522018607481819
 296   0.273920034528280616835061530420  -0.429500062953709876714774297446
 297  -0.836606324238175809313430119280  -0.427405516926466651585081809954
 298  -0.255541296266306201335154040292  -0.427364274162189818740362006118
 299   0.751714860924669369737645117497  -0.424206880359210044815551709436
 300  -0.016501837436612158660026924126  -0.423870564987138827932873370440
 301  -0.784581568744392820487615954455  -0.423500498430276519540557321318
 302  -0.545945186892782494477688733023  -0.421749891185189669651772695661
 303   0.222550840736109426628294467633  -0.420387967542343116189332251195
 304  -0.306910490058477391541921103079  -0.418252178750823058214919959865
 305   0.461603518908831011917271163068  -0.416905370097547404446342143045
 306  -0.067871031228783348866793986912  -0.414758469575772067407431324188
 307   0.700473203187450025502848141171  -0.414402959409653218027853564810
 308   0.171181646943938236421450114867  -0.411275872130976355664325925129
 309  -0.596975489515585774945824949520  -0.410840847295238747417063787786
 310  -0.358279683850648581748688165866  -0.409140083339456297689477913613
 311   0.410234325116659821710504100281  -0.407793274686180643920900096792
 312  -0.884703964626808570509282203539  -0.407195585143077255731683756338
 313  -0.119240225020954539073561049699  -0.405646374164405306881989277936
 314   0.649104009395278835296081078384  -0.405290863998286457502411518557
 315   0.119812453151767046214760342060  -0.402163776719609595138448158687
 316  -0.648344683307756965152592012308  -0.401728751883871986891621741532
 317  -0.409648877642819771955455228653  -0.400027987928089537164035867361
 318   0.358865131324488631503737037494  -0.398681179274813883395458050539
 319   0.888597327703525471818841243163  -0.398627819882857388288408168924
 320  -0.170609418813125729280328112486  -0.396534278753038546356547231684
 321   0.597739955516585867898614624365  -0.396149839833007369398046498067
 322   0.836694685298425891660907342686  -0.393341983618665203994197870514
 323   0.068443259359595856007993279273  -0.393051681308242834613006112434
 324  -0.699722845914135592334575666733  -0.392667363423155424679612571634
 325  -0.461018071543180929016828844504  -0.390915893126640837707469845803
 326   0.307495937532317441296969974708  -0.389569083863447122870016004287
 327  -0.221978612605296919487095175273  -0.387422183341671785831105185432
 328   0.546548615705039026585946670142  -0.386086486418651411127025896139
 329   0.785290763928706194199553561785  -0.384275901268947290970793416278
 330   0.017074065567424665801226216486  -0.383939585896876074087564066182
 331  -0.751083025996253829388668860779  -0.383504598798006776985303992066
 332  -0.512387265584853399306491420239  -0.381803799121830972131968727699
 333   0.256126743740146251090202911921  -0.380456988452080362344573958035
 334  -0.273347806397468109693862238060  -0.378310087930305025305663139180
 335   0.495179421912867836379179607355  -0.376974391007284650601583849886
 336  -0.034295128224746524405540846301  -0.374827490485509313562122019930
 337  -0.802491770178000000000000000000  -0.374489175195000000000000000000
 338   0.734049106191486849964756585459  -0.374471980319390464183095271651
 339   0.204757549947975060883435849134  -0.371344893040713601819131911784
 340  -0.563406979167374502992686759406  -0.370903653269549823621542152003
 341  -0.324717000189639299900629300847  -0.369197992518938264780221092928
 342   0.443810228120696646172412544569  -0.367862295595917890076141803633
 343  -0.085664322016917714612307909087  -0.365715395074142553036679973679
 344   0.682679912399315659757989522672  -0.365359884908023703657653225398
 345  -0.853914557639814816451533011664  -0.365078643527704107683454663264
 346   0.153388356155803870676668786348  -0.362232797629346841293689865528
 347  -0.614776172959545693199453822192  -0.361791557858183063096100105750
 348  -0.376086193981810490107396363634  -0.360085897107571504254779046676
 349   0.392441034328525455965645481782  -0.358750200184551129550699757380
 350  -0.905635205081230710273931182525  -0.358237665389729255640392095315
 351  -0.137033515809088904819074971874  -0.356603299662775792511237927427
 352   0.631315858520622692360523068654  -0.356218860742744615553288204909
 353   0.102019162363632680469901723561  -0.353120702217980080768247819275
 354  -0.666147052715766050195727500525  -0.352688972142275751040076937577
 355  -0.427455387882142646512074218706  -0.350973802305959314361657019471
 356   0.341071840536354265758878418995  -0.349638104773184369025257711127
 357  -0.188402709601260095025842034661  -0.347491204251409031985795881175
 358   0.878849841523772393895242038876  -0.347375396849219134119204007991
 359   0.580124518709075851047855114430  -0.346155507328388657282267602980
 360   0.818838930674691400472375306781  -0.344321616622278134342238143448
 361   0.050649968571461490263134660774  -0.344008606806613320242805773023
 362  -0.717514558963925650353274000901  -0.343567368363949553861542732520
 363  -0.478824581923843942387214702900  -0.341861708301311952277999981869
 364   0.289702646744183075552111356208  -0.340526009361817608499815664875
 365  -0.239771903393431285232609097448  -0.338379108840042271460353834922
 366   0.528755324916904660841088051644  -0.337043411917021896756825556727
 367  -0.000719225220709699943632402013  -0.334896511395246559717363726771
 368  -0.768885448592776318448970523166  -0.334464838364881537293267206433
 369   0.767788127128304528088630783350  -0.333568021367122589314743354740
 370   0.238333452952011885345344293421  -0.331413913950450847974373618623
 371  -0.529844295506365251483452428908  -0.330961562449031765219068787533
 372  -0.291141097185602475439376160235  -0.329267013428675510934911788670
 373   0.477386131124733470634320988857  -0.327931316505655136231383510475
 374  -0.052088419012880890150399464800  -0.325784415983879799191921680519
 375   0.716255815403352484219897966961  -0.325428905817760949812894932240
 376  -0.820233807922553299711629333161  -0.325236060125938120064526494259
 377   0.186964259159840695138577230635  -0.322301818539084087448931572369
 378  -0.581213489298536441690219491695  -0.321849467037665004693626741279
 379  -0.342510290977773665646143223022  -0.320154918017308750409469742418
 380   0.426016937332562280427553926070  -0.318819221094288375705941464222
 381  -0.873850420506302574885180255698  -0.316866759874271888635087888013
 382  -0.103457612805052080357166527587  -0.316672320572513038666479634267
 383   0.921004743345873423775051198742  -0.316637983067111284361408350236
 384   0.664891761524659516822431512942  -0.316287881652481861708529911750
 385   0.135595065367669504931810167848  -0.313189723127717326923489526116
 386  -0.632584360601431834477336012868  -0.312746833615141117989330528155
 387  -0.393879484769944855853059823580  -0.311042822605941989884870711346
 388   0.374647743540391090220786863284  -0.309707125682921615180499417969
 389  -0.154826806597223270563933590374  -0.307560225161146278141037588016
 390   0.613700421713112675509763558719  -0.306224528238125903437509309822
 391  -0.924775672529000000000000000000  -0.305448253236000000000000000000
 392   0.084225871575498314725043105062  -0.304077627716350566398047479864
 393  -0.683951875318729078282557838688  -0.303625277530144360341395206080
 394   0.851012000877734503173538710187  -0.303251945241153712638513619328
 395  -0.445248678670277012257737678652  -0.301930727804329799991748684138
 396   0.323278549748219900014019800497  -0.300595030271554854655057371716
 397  -0.206196000389394460770700653160  -0.298448129749779517615595541763
 398   0.562331227920941485302996495932  -0.297112432826759142912067263569
 399   0.032856677783327124518276042275  -0.294965532304983805872605433612
 400  -0.735322764947579746248549481157  -0.294522747531076343041119338824
 401   0.799961197331347630789794186755  -0.292498349985998167611018830620
 402   0.271909355956048709807252737710  -0.291482934860188094129615325464
 403  -0.496268392545569890072902086653  -0.291030583322409493009203236659
 404  -0.257565194181565650977467715947  -0.289336034338412757090153495511
 405   0.510962034128770295096229433145  -0.288000337415392382386625217316
 406  -0.018512516008844065688491020512  -0.285853436893617045347163387360
 407  -0.786671124277357810563056732215  -0.285293969292132016582667950865
 408   0.748428885606395586921061370366  -0.284359234436636528109170408120
 409   0.220540162163877519600485674923  -0.282370839448821333604173279210
 410  -0.547637586337741080279669149440  -0.281918487911042732483761190405
 411  -0.308934387973736841184234778734  -0.280223938927045996564711449259
 412   0.459592840336599104889462370359  -0.278888242004025621861183171063
 413  -0.069881709801015255895258083299  -0.276741341482250284821721341108
 414  -0.838042582378992342779531039359  -0.276194648100114553720141257153
 415   0.697064831727702619523594916347  -0.275218210271357440004805387630
 416   0.169170968371706329393718612137  -0.273258744037454573078731232957
 417  -0.599006780139779805534306886595  -0.272806392555303936640155057781
 418  -0.360303581765908031391001841521  -0.271111843515679236039269403007
 419   0.408223646544427914682695307572  -0.269776146592658861335741124810
 420  -0.121250903593186446102025146086  -0.267629246070883524296279294856
 421  -0.889409509010477091820594984935  -0.267069780863866501284293129339
 422   0.936639021455149917971790777534  -0.266864559419091168207709552067
 423   0.645873491916155778210926962124  -0.265154856857001481733784785702
 424   0.117801774579535139186951549349  -0.264146648626087812553289186705
 425  -0.650375973922083460639132802113  -0.263694297088309211478342172723
 426   0.884588372170797905795149469552  -0.263321359915693754312098881423
 427  -0.411672775558079221597918442079  -0.261999748104312475514670371935
 428   0.356854452752256724475928244785  -0.260664051181292100810299078557
 429  -0.172620097385357636308792208873  -0.258517150659516763770837248604
 430   0.594504298123984588004159899337  -0.256042761445634721208342739449
 431   0.066432580787363948980184486562  -0.255034553214721052027847140453
 432  -0.701745168084979348384133697591  -0.254582203746194030453928710498
 433  -0.940058186600783611445464888039  -0.254558353607287319047240609086
 434   0.833537697185606134631807981242  -0.252567154356945796619576936839
 435   0.305485258960085534269161181999  -0.251551955769925340284857032305
 436  -0.462692489560276433823731925983  -0.251099604216386406532544642001
 437  -0.223989291177528826515559271660  -0.249405055248150003245395202352
 438   0.543135104331813397797392836551  -0.246930666034267960682900693196
 439   0.015063386995192758773417423775  -0.245922457803354291502405094201
 440  -0.753095242362532653974208045669  -0.245362972469047230310876923169
 441   0.782168503393434944425040918455  -0.243455058945579036094134890586
 442   0.254116065167914344062394119212  -0.242439860358558579759414986052
 443  -0.514061683352447624030498988769  -0.241987508805019646007102595748
 444  -0.275358484969700016722326334446  -0.240292959836783242719953156100
 445   0.491765910539642207590625773764  -0.237818570622901200157458646943
 446  -0.036305806796978431433349639011  -0.236810362391987530976963047949
 447  -0.804464750564273518887481356772  -0.236251015998479939724787108049
 448   0.730640734731739443985503360635  -0.235287231181094686160047094471
 449   0.202746871375743153855627056425  -0.233327764947191819233972939799
 450  -0.565430877148768558974575573431  -0.232875413417046960308317003342
 451  -0.326727678761871206929093397233  -0.231180864425416482194511109848
 452   0.440396716747471017383858710977  -0.228706475211534439632016600691
 453  -0.087675000589149621640116701798  -0.227698266980620770451521001697
 454  -0.855833882099589104413928616569  -0.227138569622729015573953367118
 455   0.679449394920192602672835406412  -0.225223877766738727889026492543
 456   0.151377677583571963648859993637  -0.224215669535825058708530893546
 457  -0.616800070936790004434470303243  -0.223763317982286124964259378403
 458  -0.378096872554042397135860460020  -0.222068769014049721669069063596
 459   0.389027522955299827177091648191  -0.219594379800167679106574554438
 460  -0.139044194381320811846883764585  -0.218586171569254009926078955445
 461   0.924317979863987901544588379999  -0.216169231352765903679939090055
 462   0.628080201128021412466068343625  -0.216111782355371967363584446290
 463   0.100008483791400773442092930850  -0.215103574124458298183088847294
 464  -0.668169264733238358976343224208  -0.214651222595031763836741432714
 465   0.870435278575000000000000000000  -0.211632630278000000000000000000
 466  -0.429116586556239609361849395299  -0.211168625126123652687764559427
 467   0.337658329163128636970324585404  -0.210482284388800918581132508185
 468  -0.190413388173492002053650827372  -0.209474076157887249400636909193
 469  -0.916298138045030214142131351713  -0.208111777347333225238671211160
 470   0.576711007335850222259301280838  -0.206999686944005206838142400037
 471   0.048639289999229583235325868063  -0.205991478713091537657646801042
 472  -0.719519339377803718254190491526  -0.205431993362549467606785091678
 473   0.815763685508571807548277976274  -0.203517089499209495095152291890
 474  -0.480485780348410799568616458086  -0.202056529714756892162322513174
 475   0.286289135370957446763557522617  -0.201370188977434158055690461932
 476  -0.241782581965663192260417890159  -0.200361980746520488875194862941
 477   0.525341813543679032052534218052  -0.197887591532638446312700353784
 478  -0.002729903792941606971441194724  -0.196879383301724777132204754790
 479  -0.770888533173919556795406650745  -0.196319897973420556427888488559
 480   0.764394491716400617341510913487  -0.194404994087842734569710245637
 481  -0.531854974140581989775389434258  -0.192944434303390131636913803469
 482   0.234919941578786256556790459831  -0.192258093566067397530248415679
 483  -0.293151775757834382467184952946  -0.191249885335153728349752816689
 484   0.473972619751507841845767155265  -0.188775496121271685787258307531
 485  -0.054099097585112797178208257511  -0.187767287890358016606762708538
 486  -0.822257726962146106231224771987  -0.187207802539815989250908991846
 487   0.713025297924229427134743850700  -0.185292898676475974044268199384
 488  -0.583224167932753179982150583660  -0.183832338892023371111438420668
 489   0.183550747786615066350023397044  -0.183145998154700637004806369427
 490  -0.344520969550005572673952015733  -0.182137789923786967824310770437
 491   0.422603425959336651639000092478  -0.179663400709904925261816261279
 492  -0.105468291377283987384975320297  -0.178655192478991256081320662285
 493  -0.873626856810749550708503322700  -0.178095346655653422876992872874
 494  -0.957790290855668803434926040428  -0.176485433758766011093021984869
 495   0.957843576463835514173894076743  -0.176196006235598080729632252900
 496   0.661656104132058236927976787914  -0.176180803265109213518826153131
 497  -0.634593361724924370191105756439  -0.174720243480656610598331785888
 498   0.132181553994443876143256334257  -0.174033902743333876479364323175
 499  -0.395540683552202784899940951012  -0.171237646035860898843006266268
 500   0.371234232167165461432233029692  -0.170551305298538164736374215026
 501  -0.156837485169455177591742383084  -0.169543097067624495555878616034
 502   0.901184926773006550063571800413  -0.169407214626224602188399705792
 503   0.610286910339887046721209725127  -0.167068707853742452993384106878
 504  -0.685943436373811985795147181130  -0.165501014272248798220035369021
 505   0.080812360202272685936489271470  -0.164921807331967115953922276923
 506   0.849339588512608632010186420562  -0.163586110408946741250393998731
 507  -0.446909877344373975106708013799  -0.162125550624494138317564220015
 508   0.319865038374994271225465966905  -0.161439209887171404210932168773
 509  -0.208206678961626367798509445871  -0.160431001656257735030436569782
 510   0.558917716547715856514442662340  -0.157956612442375692467942060626
 511  -0.737312630165993465823044508308  -0.156388918860940046285577751574
 512   0.029443166410101495729722208683  -0.155809711920600355428480230671
 513   0.797970394720437441803419357775  -0.154474014997579980724951952478
 514  -0.498279071136545165313475076585  -0.153013455213127377792122173763
 515   0.268495844582823081018698904118  -0.152327114475804643685490122520
 516  -0.259575872753797558005276508658  -0.151318906244890974504994523530
 517   0.507548522755544666307675599553  -0.148844517031008931942500014373
 518  -0.788681823958154373780822294525  -0.147276823449515319856893637966
 519  -0.021926027382069694477044854104  -0.146697616509233594903038184420
 520  -0.915309588377000000000000000000  -0.146126962523000000000000000000
 521   0.746601200928266251596652294989  -0.145361919586213220199509906226
 522  -0.549648264928716355520242139372  -0.143901359801760617266680127509
 523   0.217126650790651890811931841331  -0.143215019064437883160048076268
 524  -0.310945066545968748212043571445  -0.142206810833524213979552477278
 525   0.456179328963373476100908536767  -0.139732421619642171417057968120
 526  -0.840149423067097144909847412601  -0.138081776662676620458396371022
 527  -0.073295221174240884683811916890  -0.137585521097866834377596138167
 528   0.695232007136095061389885232202  -0.136249824174846459674067859973
 529  -0.601017458720887545727009202181  -0.134789264390393856741238081265
 530   0.165757456998480700605164778544  -0.134102923653071122634606030016
 531  -0.361964780548165960438032506724  -0.131306666945598144998247973109
 532   0.404810135171202285894141473980  -0.130620326208275410891615921867
 533   0.934773813718960512404774448653  -0.129402733209032950939187755334
 534  -0.124664414966412074890578979677  -0.128473425686500073852154091915
 535   0.643862813343923871183118169415  -0.127137728763479699148625813720
 536  -0.652367533369775161333261804998  -0.125570035181986044375257679038
 537   0.114388263206309510398397715758  -0.124990828241704362109163983764
 538  -0.965866725322997351427437467738  -0.124943261123743748664924575330
 539  -0.413333974340337150644799569511  -0.122194571534231384472805926856
 540   0.353440941379031095687374411193  -0.121508230796908650366173875614
 541   0.883391635984872184318713181914  -0.120364140124595087818199366380
 542  -0.176033608758583265097346042464  -0.119361330275133313326712045663
 543   0.592493619551752680976351106628  -0.118025633352112938623183767467
 544  -0.703736727161947425052627797876  -0.116457939770619673330356837284
 545   0.063019069414138320191630652971  -0.115878732830337601583721937512
 546   0.831546297724474266265327802064  -0.114543035907317226880193659320
 547  -0.464703168132508340851566632298  -0.113082476122864623947363880604
 548   0.302071747586859905480607348407  -0.112396135385541889840731829361
 549  -0.227402802550754455304113105251  -0.110249234863766552801269999411
 550   0.541124425759581490769584043842  -0.108913537940746178097741721214
 551  -0.755105920954118423375251072774  -0.107345844359251831063194265540
 552   0.011649875621967129984863590184  -0.106766637418970841058279891260
 553   0.780177103932303076058560739277  -0.105430940495950466354751613067
 554  -0.516072361924679531058333695084  -0.103970380711497863421921834350
 555   0.250702553794688715273840285620  -0.103284039974175129315289783109
 556  -0.278771996342925645510880168038  -0.101137139452399792275827953159
 557   0.489755231967410300562816981055  -0.099801442529379417572299674961
 558  -0.806475114746289911195042057923  -0.098233748947886230579407453474
 559  -0.039719318170204060221903472603  -0.097654542007604080532837845008
 560   0.728807910140131885851793676490  -0.096318845084583705829309566814
 561  -0.567441555716850721265100757871  -0.094858285300131102896479788098
 562   0.199333360002517525067073222833  -0.094171944562808368789847736857
 563  -0.912205794258323874355791021034  -0.094046636387655923099776214654
 564   0.438386038175239110356049918268  -0.090689347118012657046857628709
 565   0.969687792825617584376126572394  -0.090636273265114886699368741264
 566  -0.329791710345122857736869103318  -0.090236995564473723294523448990
 567  -0.860198400674551990044941597104  -0.089916822073896361633354165062
 568  -0.091088511962375250428670535390  -0.088542446596237320007395798756
 569   0.677438716347960695645026613704  -0.087206749673216945303867520561
 570  -0.618791630365738336871353360693  -0.085639056091723290530499385894
 571   0.147964166210346334860306160046  -0.085059849151441608264405690605
 572   0.387016844383067920149282855482  -0.081577251706645896521415582456
 573  -0.381160904137294047943636166104  -0.081124900153106962769081402737
 574   0.918657994100293497740092469453  -0.079783133133437040551721123073
 575  -0.142457705754546440635437598177  -0.079430351184870559481953752504
 576   0.626069522555789505438259550917  -0.078094654261850184778425474309
 577  -0.670160824157910566119759931051  -0.076526960680356906979181017866
 578   0.096594972418175144653539097259  -0.075947753740074847738963644353
 579  -0.971171527042051618988591581304  -0.073042553687669149378880508470
 580   0.335647650590896729942515792695  -0.072465156295279135995973536203
 581  -0.432530097929465238150403228891  -0.072012804741740202243639356485
 582   0.865601755547169731170275355982  -0.071319828449786745252047123547
 583  -0.193826899546717630842204660964  -0.070318255773503798956511706252
 584   0.574700328763618315231492488130  -0.068982558850483424252983428056
 585  -0.721530017950081570847015961349  -0.067414865268989100817964041183
 586   0.045225778626003954446772034472  -0.066835658328708087213521598101
 587   0.813756417318183148407809804940  -0.065498723952745594918239685324
 588   0.284278456798725539735748729908  -0.063353060883912375470531489950
 589  -0.483899291721636428357170291678  -0.062900709330373441718197310231
 590  -0.245196093338888821048971723750  -0.061206160362137038431069660000
 591   0.523331134971447125024725425343  -0.059870463439116663727541381803
 592  -0.772899211742277300349060040069  -0.058302769857603116752543927014
 593  -0.006143415166167235759995028315  -0.057723562917341326688079551849
 594   0.762383813144168710313702120779  -0.056387865994320951984551273656
 595   0.232909263006554349528981667120  -0.054240965472545614945089443698
 596  -0.535268485513807618563937354465  -0.053788613919006681192755263979
 597   0.471961941179275934817958362557  -0.050758368027749903202099335550
 598  -0.296215807341086033274960659030  -0.050306016474210969449765155831
 599  -0.824343114179658053478327278951  -0.049217843877259960809370529412
 600  -0.057512608958338425966762091102  -0.048611467505974566162637505597
 601   0.711014619351997520106935057992  -0.047275770582954191459109227403
 602   0.181540069214383159322214604334  -0.045128870061178854419647397446
 603  -0.586618560162695234170189957286  -0.044569384710598868826774861775
 604  -0.927725765708441662720694258854  -0.044158471985345768226898495763
 605   0.420592747387104744611191299770  -0.041646272616383142676657289297
 606  -0.347585001133257223481727721817  -0.041193921062844208924323109578
 607  -0.875712307971829243685094341742  -0.040105748465893200283928483186
 608  -0.108881802750509616173529153889  -0.039499372094607805637195459345
 609   0.973149998597858360075450222815  -0.038580173864236290215596515048
 610   0.659645425559826329900167995205  -0.038163675171587430933667181150
 611   0.130170875422211969115447541547  -0.036016774649812093894205351194
 612  -0.637987753954866609856468052543  -0.035457289299233153937107745972
 613   0.369223553594933554404424236983  -0.032534177205016382151215243044
 614  -0.398954194925428413688494784603  -0.032081825651477448398881063326
 615   0.899174881694601070059530310221  -0.031386514608682192333384522530
 616  -0.160250996542680806380296216676  -0.030387276683241045111753413093
 617   0.608276231767655139693400932419  -0.029051579760220670408225134897
 618   0.078801681630040778908680478760  -0.026904679238445333368763304942
 619  -0.689356947747037614583724082841  -0.026345193887865347775890769290
 620   0.317854359802762364197657174196  -0.023422081793649621625773196792
 621  -0.450323388717599603895261847390  -0.022969730240110687873439017072
 622   0.847805054377192117538076116108  -0.022277991401099348473600418723
 623  -0.211620190334851996587063279463  -0.021275181271874284586311366841
 624   0.556907037975483949486633869632  -0.019939484348853909882783088644
 625  -0.973718577616135864496160566069  -0.019531543503154718550027078469
 626   0.027432487837869588701913415973  -0.017792583827078572843321258690
 627  -0.740726141539208804790491145629  -0.017233098476498587250448723042
 628   0.795959716148205534775610565067  -0.016456886904058198139792980497
 629   0.266485166010591173990890111409  -0.014309986382282861100331150539
 630  -0.501692582509770794102028910177  -0.013857634828743927347996970820
 631   0.505537844183312759279866806845  -0.010827388937487149357341042391
 632  -0.262639904337049208813052214742  -0.010375037383948215605006862672
 633  -0.023936705954301601504853646814  -0.008680488415711812317879212438
 634  -0.792108643142292431798917983496  -0.008196346700965587782460515073
 635   0.744590522356034344568843502280  -0.007344791492691437614350934244
 636   0.215115972218419983784123048622  -0.005197890970916100574889104286
 637  -0.553042657158658409708281512998  -0.004638405620336114982016568616
 638   0.454168650391141569073099744058  -0.001715293526120388831898996139
 639  -0.314009098129220399019819277529  -0.001262941972581455079564816419
 640  -0.075305899746472791711620709601   0.000431606995654948207562833814
 641  -0.843477836934463622005685046300   0.000915748710401172742981531163
 642   0.693221328563863154362076439494   0.001767303918675322911091112009
 643   0.941791649285654321635857699797   0.003114889177535008048033615054
 644   0.163746778426248793577355985834   0.003914204440450659950552941965
 645  -0.604411850950829599915048575787   0.004473689791030645543425477636
 646   0.402799456598970378866332681272   0.007396801885246371693543050114
 647  -0.900316876557000000000000000000   0.007523187207000000000000000000
 648  -0.365378291921391589226586340316   0.007849153438785305445877229833
 649  -0.126675093538643981918387772388   0.009543702407021708733004880066
 650   0.641852134771691964155309376707   0.010879399330042083436533158261
 651   0.112377584634077603370588923047   0.013026299851817420475994988217
 652  -0.655781044743000790121815638574   0.013585785202397406068867523887
 653   0.351430262806799188659565618485   0.016508897296613132218985096367
 654  -0.416747485713562779433353403102   0.016961248850152065971319276087
 655  -0.178044287330815172125154835175   0.018655797818388469258446926318
 656   0.590482940979520773948542313920   0.019991494741408843961975204514
 657   0.892554117869119766053364319307   0.020362783357673723120167692175
 658   0.061008390841906413163821860261   0.022138395263184181001437034469
 659  -0.707150238535171980328582701362   0.022697880613764166594309570135
 660   0.300061069014627998452798555697   0.025620992707979892744427142620
 661  -0.468116679505733969640120465889   0.026073344261518826496761322339
 662   0.539113747187349583741775251134   0.029103590152775604487417250767
 663  -0.955528995139224164687596910043   0.029365935398718301732593594497
 664   0.841184290551710813531910125219   0.029471306565256566979951795985
 665  -0.229064001333012384351143770454   0.029555941706314538239751430487
 666   0.009639197049735222957054797474   0.031250490674550941526879080721
 667  -0.758519432327343170535349764153   0.031809976025130927119751616360
 668   0.778192280240727059236660311155   0.032595561457561632027328436450
 669   0.248691875222456808246031492910   0.034733088119346653269869188872
 670  -0.519466754154621585246373068711   0.035292573469926638862741724543
 671   0.487744553395178393535008188347   0.038215685564142365012859297020
 672  -0.280433195125183574557910833241   0.038668037117681298765193476740
 673  -0.041729996742435967249712265313   0.040362586085917702052321126973
 674  -0.809901933930426797543776602020   0.040846727800663926587739824329
 675   0.726797231567900001617393302289   0.041698283008938085025513331513
 676   0.197322681430285618039264430122   0.043845183530713413795311235125
 677  -0.570835947946792775453140131499   0.044404668881293399388183770795
 678   0.972873510402663182253205899105   0.045016467466979703154472439686
 679   0.436375359603007203328241125560   0.047327780975509125538301343273
 680  -0.331802388917354764764677896028   0.047780132529048059290635522992
 681  -0.093099190534607157456479328101   0.049474681497284462577763173225
 682  -0.861271127722597987750543664811   0.049958823212030687113181870570
 683   0.675428037775728788617217820995   0.050810378420304837281291451420
 684   0.145953487638114427832497367335   0.052957278942080174320753281376
 685  -0.622205141738963965659907194287   0.053516764292660159913625817046
 686   0.385006165810836013121474062773   0.056439876386875886063743389526
 687  -0.383171582709525954971444958815   0.056892227940414819816077569246
 688  -0.144468384326778347663246390887   0.058586776908651223103205219477
 689  -0.912640321514769177957310727598   0.059070918623397447638623916822
 690   0.624058843983557598410450758209   0.059922473831671597806733497673
 691   0.094584293845943237625730304548   0.062069374353446934846195327628
 692  -0.673574335531135155866674257077   0.062628859704026920439067863296
 693   0.333636972018664822914706999986   0.065551971798242646589185435778
 694  -0.434540776501697145178212021601   0.066004323351781580341519615498
 695   0.572689650191386408203683695422   0.069034569243038358332175543926
 696   0.874757416699142152421165079453   0.069404620406361119898614397006
 697  -0.195488098328975559889235326167   0.069486920796577292084509723646
 698   0.926927504713785981279477786696   0.069730611491832237031044016434
 699   0.043215100053772047418963241761   0.071181469764813695371637373880
 700  -0.724943529323306346073441319871   0.071740955115393680964509909542
 701   0.811747123269904833448915819045   0.072544239319672789152129615962
 702   0.282267778226493632707939937199   0.074664067209609407114627482031
 703  -0.485890851150584760784464624423   0.075223552560189392707500017702
 704   0.521320456399215217996916632635   0.078146664654405118857617590178
 705  -0.246857292121146750096002388953   0.078599016207944052609951769899
 706  -0.970681588152107149800322090870   0.079288107613370781311028106380
 707  -0.008154093738399142787803821025   0.080293565176180455897079420132
 708  -0.776312723115477536280208382662   0.080853050526760441489951955768
 709   0.760373134571936807520858496349   0.081629262099200854475110390759
 710   0.230898584434322442501172874410   0.083776162620976167640069528283
 711  -0.537260044942755950991231687212   0.084335647971556153232942063954
 712   0.469951262607044027790149569849   0.087258760065771879383059636431
 713  -0.298226485913317940302769451740   0.087711111619310813135393816152
 714  -0.059523287530570332994570883812   0.089405660587547216422521466384
 715  -0.827695224718561163288635220529   0.089889802302293440957940163736
 716   0.709003940779765613079126265284   0.090741357510567591126049744578
 717   0.179529390642151252294405811623   0.092888258032342928165511574536
 718  -0.588629238734927141197998749999   0.093447743382922913758384110205
 719   0.418582068814872837583382507062   0.096370855477138639908501682684
 720  -0.349595679705489130509536514527   0.096823207030677573660835862405
 721  -0.110892481322741523201337946599   0.098517755998913976947963512637
 722  -0.879064418510732353495402283316   0.099001897713660201483382209986
 723   0.657634746987594422872359202497   0.099853452921934351651491790831
 724   0.968658950008436544027131236412   0.101040527289596333284710166943
 725   0.128160196849980062087638748836   0.102000353443709688690953620788
 726  -0.639998432527098331404765812790   0.102559838794289674283826156456
 727   0.367212875022701647376615444274   0.105482950888505400433943728937
 728  -0.400964873497660320716303577314   0.105935302442044334186277908657
 729   0.606265553195423232665592139710   0.108965548333301112176933837084
 730  -0.161912195324938735427326881879   0.109417899886840045929268016805
 731   0.076791003057808871880871686049   0.111112448855076449216395667039
 732  -0.929698663742559698765205467122   0.111571605882375180359977558062
 733  -0.691367626319269521611532875584   0.111671934205656434809268202705
 734   0.845323880321124512894507903221   0.112480034390760649655585878170
 735   0.315843681230530457169848381487   0.114595046299872160959385775189
 736  -0.452314948146547936322556180135   0.115154531650452146552258310861
 737   0.554896359403252042458825076924   0.118077643744667872702375883337
 738  -0.213281389117109925634093944665   0.118529995298206806454710063058
 739   0.025421809265637681674104623262   0.120224544266443209741837713291
 740  -0.742736820111440711818299938372   0.120784029617023195334710248953
 741   0.920678044889895836717608307670   0.121526061152522250980020487989
 742   0.793953832481770467704057200547   0.121587313821302303522329955373
 743   0.264474487438359266963081318699   0.123707141711238921484827821442
 744  -0.503684141938719126529323242924   0.124266627061818907077700357113
 745   0.503527165611080852252058014137   0.127189739156034633227817929590
 746  -0.264650582909281115840861007452   0.127642090709573566980152109311
 747  -0.025947384526533508532662439525   0.129336639677809970267279759543
 748  -0.794106013903611902025067001163   0.129896125028389955860152295178
 749   0.742579843783802441775999877850   0.130672336600830368845310730171
 750   0.213105293646188076756314255912   0.132819237122605682010269867694
 751  -0.555053335730890316736090305711   0.133378722473185667603142403364
 752   0.452157971818909662045290951350   0.136301834567401393753259975843
 753  -0.316019776701452306047628070239   0.136754186120940327505594155564
 754  -0.077316578318704698739429502311   0.138448735089176730792721805796
 755  -0.845488515506695529033493839030   0.138932876803922955328140503147
 756   0.691210649991631247334267646785   0.139784432012197105496250083990
 757   0.161736099854016886549547193124   0.141931332533972442535711913947
 758  -0.606422529523061506942857368502   0.142490817884552428128584449615
 759   0.400788778026738471838523888562   0.145413929978768154278702022095
 760  -0.367388970493623496254395133025   0.145866281532307088031036201816
 761   0.639841456199460057127500583999   0.148896527423563866021692130243
 762  -0.128336292320901910965418437591   0.149348878977102799774026309964
 763   0.110366906061845696342780130337   0.151043427945339203061153960199
 764  -0.657791723315232697149624431290   0.151602913295919188654026495867
 765  -0.961879307144698759684938031200   0.152635343460290004703321140492
 766   0.878981087186217367354927166122   0.152881891103284821489706208591
 767   0.961700220322273804744285457202   0.153759669024411115753823294299
 768   0.349419584234567281631756825776   0.154526025390134914804144068348
 769  -0.418739045142511111860647735847   0.155085510740714900397016604020
 770   0.588472262407288866920733521212   0.158008622834930626547134176496
 771  -0.906025281920568747558789698161   0.158062415154248677283768599981
 772  -0.179705486113073101172185500378   0.158460974388469560299468356217
 773   0.058997712269674506136013067550   0.160155523356705963586596006450
 774  -0.709160917107403887356391494077   0.160715008707285949179468542118
 775   0.827530589532990147149649284723   0.161523108892390164025786217581
 776   0.298050390442396091424989762987   0.163638120801501675329586114600
 777  -0.470108238934682302067414798636   0.164197606152081660922458650272
 778   0.537103068615117676713966458425   0.167120718246297387072576222748
 779  -0.231074679905244291378952563164   0.167573069799836320824910402470
 780   0.007628518477503315929246004763   0.169267618768072724112038052702
 781  -0.760530110899575077563158556865   0.169827104118652709704910588366
 782   0.776160541693636101959198582049   0.170630388322931817892530294784
 783   0.246681196650224901218222700200   0.172750216212868435855028160853
 784  -0.521477432726853492274181861424   0.173309701563448421447900696523
 785   0.485733874822946486507199395638   0.176232813657664147598018269001
 786  -0.282443873697415481585719625951   0.176685165211203081350352448723
 787  -0.043740675314667874277521058024   0.178379714179439484637480098955
 788  -0.811899304691746267769925619657   0.178939199530019470230352634591
 789   0.724786552995668076031141259352   0.179715411102459883215511069582
 790   0.195312002858053711011455637412   0.181862311624235196380470207105
 791  -0.572846626519024682480948924215   0.182421796974815181973342742774
 792   0.920003262618595335381604315674   0.185115498975173686263509014928
 793   0.434364681030775296300432332851   0.185344909069030908123460315254
 794  -0.333813067489586671792486688738   0.185797260622569841875794494976
 795  -0.863281806294829894778352457523   0.187975951305552469698340842560
 796   0.673417359203496881589409028287   0.188827506513826619866450423401
 797  -0.094760389316865086503509993303   0.189279858067365553618784603123
 798   0.143942809065882520804688574624   0.190974407035601956905912253358
 799  -0.624215820311195872687715987003   0.191533892386181942498784789026
 800   0.382995487238604106093665270064   0.194457004480397668648902361506
 801  -0.385163142138474287398739291560   0.195016489830977654241774897179
 802   0.622048165411325691382641965500   0.197939601925193380391892469654
 803  -0.146129583109036276710277056090   0.198391953478732314144226649376
 804  -0.938205925322707808478522262239   0.199126152732163501627112182410
 805   0.092573615273711330597921511837   0.200086502446968717431354299610
 806  -0.675585014103367062894483049790   0.200645987797548703024226835277
 807   0.861864365506610227838103251763   0.202165176227009652811232551530
 808   0.331626293446432915886898207276   0.203569099891764429174344407759
 809  -0.436532335930645477605506354348   0.204128585242344414767216943430
 810   0.570678971619154501175874902714   0.207051697336560140917334515907
 811  -0.197498776901207466917044118877   0.207504048890099074669668695629
 812   0.041204421481540140391154449050   0.209198597858335477956796345861
 813  -0.726954207895538253101250112581   0.209758083208915463549668881528
 814   0.810178729113376153036468132404   0.210724097638773336502434298521
 815   0.280257099654261725680131144489   0.212681195303131189699786454011
 816  -0.487901529722816667812273417136   0.213240680653711175292658989683
 817   0.519309777826983310969107839927   0.216163792747926901442776562160
 818  -0.248867970693378657123811181663   0.216616144301465835195110741882
 819  -0.010164772310631049815612613736   0.218310693269702238482238392114
 820  -0.778323401687709443308017175389   0.218870178620282224075110927768
 821   0.758367251889419485848916628388   0.219673463181535976715549256956
 822   0.228887905862090535473364081700   0.221793290714497950225228500264
 823  -0.539270723514987858019040479927   0.222352776065077935818101035933
 824   0.467940584034812120762340777139   0.225275888159293661968218608412
 825  -0.300237164485549847330578244450   0.225728239712832595720552788135
 826  -0.829706910639437474772097371160   0.227977077992033332796846293163
 827   0.706993263191451459920859305692   0.228758485961064042038530031754
 828  -0.061184486312828262041601549016   0.229210837157628307463542896283
 829   0.946327958200386965111854173661   0.230158087224179654847188352662
 830   0.177518712069919345266597018913   0.230905386125864710750670546516
 831  -0.892892844845288211000637977044   0.230929539626049766384348950198
 832  -0.590639917307159048225807542715   0.231464871476444696343543082185
 833   0.416571390242640930555573714352   0.234387983570660422493660654665
 834  -0.351587239134437462936830847272   0.234947468921240408086533190338
 835   0.655624068415362515844550409792   0.237870581015456134236650762814
 836  -0.112553680104999452248368611802   0.238322932568995067988984942535
 837   0.126149518277748155059829956125   0.240017481537231471276112592769
 838  -0.642009111099330238432574605501   0.240576966887811456868985128437
 839   0.895524442486541979432603846748   0.242025226043192257408782243493
 840   0.365202196450469740348806651564   0.243500078982027183019102700917
 841  -0.402956432926608653143597910060   0.244059564332607168611975236590
 842   0.604254874623191325637783347002   0.246982676426822894762092809065
 843  -0.163922873897170642455135674589   0.247435027980361828514426988788
 844   0.074780324485576964853062893338   0.249129576948598231801554639021
 845  -0.693378304891501428639341668288   0.249689062299178217394427174689
 846   0.843392562384164312724911362274   0.250956741512918319368784476171
 847  -0.940954540571766649394378672582   0.251224804037702415008650689902
 848   0.313833002658298550142039588777   0.252612174393393943544544747170
 849  -0.454325626718779843350364972848   0.253171659743973929137417282841
 850   0.552885680831020135431016284215   0.256094771838189655287534855318
 851  -0.215292067689341832661902737376   0.256547123391728589039869035041
 852   0.023411130693405774646295830551   0.258241672359964992326996685273
 853  -0.744747498683672618846108731075   0.258801157710544977919869220940
 854   0.791943154092348302097069652475   0.259604442945409166482194779330
 855   0.262463808866127359935272525989   0.261724269804760704069986793422
 856  -0.505694820510951033557132035639   0.262283755155340689662859329092
 857   0.501516487038848945224249221427   0.265206867249556415812976901571
 858  -0.266661261481513022868669800163   0.265659218803095349565311081294
 859  -0.796116692475843809052875793863   0.267913253121911738445311267188
 860   0.740573960117367366234516176777   0.268716537326190822758428281174
 861  -0.027608583308791437579693104728   0.269141816247891061308301189442
 862   0.211094615073956169728505463201   0.270836365216127464595428839675
 863  -0.557064014303122223763899098426   0.271395850566707450188301375344
 864   0.450147293246677755017482158641   0.274318962660923176338418947823
 865  -0.318011336130400638474922402984   0.274878448011503161931291483497
 866  -0.847485886268014999259642856650   0.277025348533278498970753313436
 867   0.689199971419399340306458854081   0.277801560105718888081409055972
 868  -0.078977777100962627786460167515   0.278253911659257821833743235695
 869   0.159725421281784979521738400414   0.279948460627494225120870885927
 870   0.932645382602371243855800216465   0.280503012277734705756283608622
 871  -0.608433208095293413970666161213   0.280507945978074210713743421596
 872  -0.899347478151513997525841261095   0.282699821279964409634098341794
 873   0.398778099454506564810715095852   0.283431058072289936863860994076
 874  -0.369380529922571828681689465773   0.283990543422869922456733529749
 875   0.637830777627228150099691791290   0.286913655517085648606851102224
 876  -0.130346970893133817993227230302   0.287366007070624582359185281947
 877   0.108356227489613789314971337626   0.289060556038860985646312932180
 878  -0.659802401887464604177433224000   0.289620041389440971239185467848
 879   0.881841886214492696787094103833   0.292370156349089942251148496268
 880   0.347408905662335374603948033066   0.292543153483656697389303040329
 881  -0.420749723714743018888456528560   0.293102638834236682982175576000
 882   0.586461583835056959892924728503   0.296025750928452409132293148477
 883  -0.181716164685305008199994293088   0.296478102481991342884627328200
 884   0.056987033697442599108204274839   0.298172651450227746171754978433
 885  -0.711171595679635794384200286787   0.298732136800807731764627514100
 886   0.830476510314598109190746484114   0.301503748868247921595499093259
 887   0.296039711870164184397180970277   0.301655248895023457914745086581
 888  -0.472118917506914209095223591351   0.302214734245603443507617622251
 889   0.535092390042885769686157665716   0.305137846339819169657735194729
 890  -0.233085358477476198406761355875   0.305590197893358103410069374453
 891  -0.762540789471806984590967349574   0.307844232212174492290069560352
 892   0.775195179785260267688579224945   0.309014256851682982679353017228
 893   0.005967319695245386882215339559   0.309072795338153815153059482601
 894   0.244670518077992994190413907489   0.310767344306390218440187132833
 895  -0.523488111299085399301990654138   0.311326829656970204033059668503
 896   0.483723196250714579479390602929   0.314249941751185930183177240982
 897  -0.284435433126363814013013958697   0.314809427101765915776049776657
 898  -0.813909983263978174797734412361   0.316956327623541252815511606599
 899   0.723825945378363376709558360118   0.318126337527624499942489941907
 900  -0.045401874096925803324551723227   0.318184890749520575678501528854
 901   0.193301324285821803983646844702   0.319879439717756978965629179086
 902  -0.574857305091256589508757716925   0.320438925068336964558501714755
 903   0.432354002458543389272623540141   0.323362037162552690708619287234
 904  -0.335804626918535004219781021485   0.323921522513132676301491822908
 905   0.671406680631264974561600235579   0.326844634607348402451609395382
 906  -0.096771067889096993531318786014   0.327296986160887336203943575107
 907   0.141932130493650613776879781914   0.328991535129123739491071225338
 908  -0.626226498883427779715524779712   0.329551020479703725083943761007
 909  -0.915463361057033321641015666718   0.332319400800745118739899226045
 910   0.915448987811000000000000000000   0.332344726381000000000000000000
 911   0.380984808666372199065856477354   0.332474132573919451234061333487
 912  -0.387173820710706194426548084273   0.333033617924499436826933869159
 913  -0.863311309535712399974837955550   0.333729321281119263039712136692
 914   0.620037486839093784354833172792   0.335956730018715162977051441635
 915  -0.148140261681268183738085848801   0.336409081572254096729385621360
 916   0.090562936701479423570112719127   0.338103630540490500016513271591
 917  -0.677595692675598969922291842499   0.338663115891070485609385807259
 918   0.864069121413951720227096746132   0.341420673012914615765392813051
 919   0.329615614874201008859089414565   0.341586227985286211759503379739
 920  -0.438543014502877384633315147063   0.342145713335866197352375915410
 921   0.568668293046922594148066110004   0.345068825430081923502493487888
 922  -0.199509455473439373944852911587   0.345521176983620857254827667612
 923  -0.728964886467770160129058905287   0.347775211302437246134827853511
 924   0.808771049720681645532712903282   0.348945263747617339498467727128
 925   0.039543222699282211344123783848   0.349003774428416568997817775759
 926   0.278246421082029818652322351778   0.350698323396652972284945425992
 927  -0.489912208295048574840082209850   0.351257808747232957877817961662
 928   0.517299099254751403941299047217   0.354180920841448684027935534141
 929  -0.250859530122326989551105514409   0.354740406192028669620808069816
 930  -0.780415545599740404052301687928   0.356955665108054425012949620161
 931   0.757401848382400201171466804406   0.358057316617887253787248235066
 932  -0.011825971092888978862643278939   0.358115869839783329523259822012
 933   0.226877227289858628445555288991   0.359810418808019732810387472244
 934  -0.541281402087219765046849272638   0.360369904158599718403260007914
 935   0.465929905462580213734531984429   0.363293016252815444553377580393
 936  -0.302228723914498179757872577197   0.363852501603395430146250116067
 937   0.704982583635301948755021318107   0.366775613697611030394853137018
 938  -0.063195164885060169069410341726   0.367227965251150090048701868265
 939   0.175508033497687438238788226202   0.368922514219386493335829518497
 940  -0.592650595879390955253616335424   0.369481999569966478928702054166
 941   0.414560711670409023527764921642   0.372405111664182205078819626646
 942  -0.353597917706669369964639639985   0.372964597014762190671692162319
 943   0.653613389843130608816741617081   0.375887709108977916821809734793
 944  -0.114564358677231359276177404512   0.376340060662516850574143914518
 945   0.124138839705516248032021163416   0.378034609630753253861271564750
 946  -0.644019789671562145460383398211   0.378594094981333239454144100418
 947  -0.896354407830936377320646893825   0.380864969705088278180538074339
 948   0.363191517878237833320997858854   0.381517207075548965604261672898
 949  -0.404967111498840560171406702776   0.382076692426128951197134208569
 950  -0.844202356309615455654469182658   0.382274890185462422480350984985
 951   0.895379174810316212325903959245   0.383152022938731574809877465025
 952   0.602244196050959418609974554293   0.384999804520344677347251781046
 953  -0.165933552469402549482944467299   0.385452156073883611099585960771
 954  -0.695388983463733335667150460998   0.387706190392699999979586146670
 955   0.842363660820035256569063165289   0.388862187892284033668361446914
 956   0.073119125703319035806032228136   0.388934753518679322842576068918
 957   0.311822324086066643114230796066   0.390629302486915726129703719150
 958  -0.456336305291011750378173765562   0.391188787837495711722576254821
 959   0.550875002258788228403207491506   0.394111899931711437872693827299
 960  -0.217283627118290165089197070121   0.394671385282291423465566362974
 961  -0.746758177255904525873917523785   0.396818285804066760505028192923
 962   0.790998143521798474726229033189   0.397995729177510973473048804627
 963   0.021749931911147845599265165349   0.398046848930046083368018115171
 964   0.260453130293895452907463733279   0.399741397898282486655145765403
 965  -0.507705499083182940584940828349   0.400300883248862472248018301073
 966   0.499505808466617038196440428717   0.403223995343078198398135873551
 967  -0.268652820910461355295964132910   0.403783480693658183991008409226
 968  -0.798016061710898418194316364441   0.406537011792692317194063722201
 969   0.738558486639338773216929762396   0.406706592787873784239611430177
 970  -0.029619261881023344607501897437   0.407158944341412843893460161424
 971   0.209083936501724262700696670491   0.408853493309649247180587811655
 972  -0.559074692875354130791707891137   0.409412978660229232773460347325
 973   0.448136614674445847989673365931   0.412336090754444958923577919804
 974  -0.320022014702632545502731195697   0.412895576105024944516450455478
 975   0.687189292847167583010162699609   0.415818688199240544765053476429
 976  -0.080988455673194534814268960224   0.416271039752779604418902207677
 977   0.157714742709553072493929607704   0.417965588721016007706029857908
 978  -0.610443886667525320998474953923   0.418525074071595993298902393577
 979   0.396767420882274657782906303142   0.421448186165811719449019966056
 980  -0.371391208494803735709498258488   0.422007671516391705041892501729
 981   0.635820099054996243071882998582   0.424930783610607431192010074204
 982  -0.132357649465365725021036023011   0.425383135164146364944344253929
 983  -0.661813080459696511205242016710   0.427637169482962753824344439829
 984  -0.874673293078130432828494868777   0.428317615750584526631988782121
 985   0.106695028707355860267940672425   0.428865732608942076687334362076
 986   0.345398227090103467576139240355   0.430560281577178479974462012309
 987   0.873486025772924601584846429932   0.430733690771720488345674546140
 988  -0.422760402286974925916265321275   0.431119766927758465567334547980
 989   0.584450905262825052865115935795   0.434042879021974191717452120458
 990  -0.183707724114253340627288625832   0.434602364372554177310324656133
 991  -0.713182274251867701412009079497   0.436749264894329514349786486082
 992   0.055325834915184670061173609638   0.437977828020308837212776408329
 993   0.294029033297932277369372177567   0.439672376988545240499904058562
 994  -0.474129596079146116123032384061   0.440231862339125226092776594232
 995   0.533081711470653862658348873006   0.443154974433340952242894166710
 996  -0.235076917906424530834055688621   0.443714459783920937835766702385
 997  -0.764440158706861593732407920154   0.446467990882955071038822015360
 998   0.772134772130053032960417080141   0.446637250261668795615148083423
 999   0.003956641123013479854406546851   0.447089923431675597738218454582
1000   0.824285718235745388797664831097   0.448087482630864030088679392405
1001   0.242659839505761087162605114779   0.448784472399912001025346104814
1002  -0.525498789871317306329799446848   0.449343957750491986618218640484
1003  -0.827140348586553553647359400907   0.449822116247089009182439404381
1004   0.481712517678482672451581810219   0.452267069844707712768336212963
1005  -0.286446111698595721040822751410   0.452826555195287698361208748637
1006   0.720765195851204407472071143897   0.455749667289503298609811769588
1007  -0.047412552669157710352360515936   0.456202018843042358263660500835
1008   0.191290645713589896955838051993   0.457896567811278761550788151067
1009  -0.576867983663488496536566509636   0.458456053161858747143660686737
1010   0.430343323886311482244814747430   0.461379165256074473293778259215
1011  -0.337815305490766911247589814200   0.461938650606654458886650794888
1012   0.669396002059033217265304081110   0.464861762700870059135253815840
1013  -0.098781746461328900559127578722   0.465314114254409118789102547088
1014  -0.628237177455659686743333572423   0.467568148573225507669102732989
1015   0.140270931711392684729849116713   0.468796711699204830532092655235
1016   0.378974130094140292038047684643   0.470491260667441233819220305467
1017  -0.389184499282938101454356876987   0.471050746018021219412092841140
1018   0.618026808266862061226690675754   0.473973858112237012282746829639
1019  -0.150131821110216516165380181544   0.474533343462816931155082949291
1020  -0.679606371247830876950100635209   0.476680243984592268194544779241
1021   0.088901737919221494523082053926   0.477908807110571591057534701488
1022   0.327604936301969101831280621856   0.479603356078807994344662351720
1023  -0.440553693075109291661123939774   0.480162841429387979937534887391
1024   0.566657614474690687120257317294   0.483085953523603706087652459868
1025  -0.201501014902387706372147244333   0.483645438874183691680524995543
1026  -0.730864255702824769270499475867   0.486398969973217824883580308521
1027   0.037532544127050304316314991140   0.487020902521938351582976747741
1028   0.276235742509797911624513559068   0.488715451490174754870104397972
1029  -0.491922886867280481867891002561   0.489274936840754740462976933643
1030   0.515288420682519496913490254507   0.492198048934970466613094506121
1031  -0.252870208694558896578914307121   0.492757534285550452205967041796
1032  -0.783126357991458847696490837550   0.495177849330088823635916858903
1033  -0.013836649665120885890452071647   0.496132997933305112108418793994
1034   0.784326053883875080209508069123   0.497363939517349733909404827087
1035   0.224866548717626721417746496281   0.497827546901541515395546444225
1036  -0.543292080659451672074658065348   0.498387032252121500988418979895
1037   0.836476999989567436046755820078   0.498814171886544968382936136070
1038   0.463919226890348306706723191719   0.501310144346337227138536552373
1039  -0.834923975083931260260311592730   0.501409319235745120003770967570
1040  -0.304239402486730086785681369912   0.501869629696917212731409088047
1041  -0.065205843457292076097219134434   0.505245093344671872633860840246
1042   0.715675460545432583213249736125   0.507671906726575637895716150726
1043   0.173846834715429509191757561001   0.508727690789467584376850948393
1044   0.412550033098177116499956128931   0.510422239757703987663978598626
1045  -0.355608596278901276992448432699   0.510981725108283973256851134299
1046  -0.600945514670204425427705961502   0.512031498605004339942815649279
1047  -0.116555918106179691703471737256   0.514464322553079684999841242450
1048   0.664306266753261393006482673338   0.516784002137942398421158196978
1049   0.122477640923258318984990498215   0.517839786200834344902292994646
1050   0.361180839306005926293189066144   0.519534335169070748189420644879
1051  -0.406977790071072467199215495486   0.520093820519650733782293180551
1052  -0.652314708462375615634473024289   0.521143594016371100468257695531
1053   0.600233517478727511582165761582   0.523016932613866459932410753027
1054  -0.167925111898350881910238800045   0.523576417964446445525283288702
1055   0.071108447131087128778223435428   0.526951881612201105427735040899
1056   0.309811645513834736086422003356   0.528646430580437508714862691131
1057  -0.458346983863243657405982558273   0.529205915931017494307735226802
1058  -0.703572592917369507954871864945   0.530862320004996657157293224810
1059   0.548864323686556321375398698796   0.532129028025233220457852799280
1060  -0.219294305690522072117005862833   0.532688513375813206050725334954
1061   0.019739253338915938571456372641   0.536063977023567865953177087152
1062   0.258442451721663545879654940569   0.537758525991804269240304737384
1063  -0.509716177655414847612749621060   0.538318011342384254833177273054
1064  -0.755078323367542911139075825989   0.539167985808384763620663391210
1065   0.755784183608837545535568438902   0.541035280175113139954808034467
1066   0.497495129894385131168631636007   0.541241123436599980983294845532
1067  -0.270663499482693262323772925624   0.541800608787179966576167381205
1068   0.807875609173303639039594693366   0.543917594575933884832887651602
1069  -0.031629940453255251635310690145   0.545176072434934626478619133405
1070  -0.806875940460015323702896581166   0.545399455714041059988517499898
1071  -0.562228407194821064604324217952   0.547000198071571640317486045109
1072   0.207422737719466333653666005290   0.548658669879730338221609241552
1073   0.446125936102213940961864573220   0.550353218847966741508736891785
1074  -0.322032693274864452530539988411   0.550912704198546727101609427458
1075  -0.082980015102142867241563292967   0.554395301643342438844599535608
1076   0.697882169757298217468391117626   0.556714981228205152265916490137
1077   0.156053543927295143446898942503   0.557770765291097098747051287805
1078   0.394756742310042750755097510433   0.559465314259333502034178938037
1079  -0.373401887067035642737307051198   0.560024799609913487627051473710
1080   0.636245233909224238015226128988   0.560765848272107325884685424358
1081  -0.619070045834979607765307253466   0.561350767013662385790003841188
1082  -0.134349208894314057448330355756   0.563507397054709199370041581860
1083   0.104684350135123953240131879716   0.566882860702463859272493334058
1084   0.343387548517871560548330447644   0.568577409670700262559620984289
1085  -0.424771080859206832944074113985   0.569136895021280248152493519962
1086   0.582448598495358350369576490665   0.572063044086011838195201788739
1087  -0.671954800402642980268513455247   0.572360989262446268469374977516
1088  -0.185718402686485247655097418545   0.572619492466075959895483628113
1089   0.053315156342952763033364816930   0.575994956113830619797935380311
1090   0.292018354725700370341563384858   0.577689505082067023085063030542
1091  -0.476140274651378023150841176772   0.578248990432647008677935566213
1092   0.531071032898421955630540080296   0.581172102526862734828053138690
1093  -0.724714892921676777240757584054   0.581593054402348637458486083175
1094  -0.237087596478656437861864481336   0.581731587877442720420925674364
1095   0.001945962550781572826597754143   0.585107051525197380323377426564
1096  -0.528652504190784240142415773664   0.586931177161834394162244338268
1097  -0.776512510014149189804578339232   0.587824524308004933826340191863
1098   0.240998640723503158115574449578   0.588589648969993092066367534711
1099   0.775304494603322484708407246571   0.589416906980358958629951148771
1100   0.479701839106250765423773017508   0.590284197938229495353495184943
1101  -0.288456790270827628068631544123   0.590843683288809480946367720617
1102  -0.049404112098106042779654848679   0.594326280733605192689357828767
1103  -0.580084836980430068549979722547   0.596020319133795730863021795369
1104   0.189629446931331967908807386791   0.597701744381359852591809580963
1105   0.428332645314079575217005954721   0.599396293349596255878937231196
1106  -0.339825984062998818275398606911   0.599955778700176241471809766869
1107   0.669829969723273676526135603089   0.600702461570849965567296774868
1108   0.724563232880707513615282214410   0.601547393880750842493254323620
1109  -0.100773305890277232986421911468   0.603438376144971953214799875019
1110   0.138260253139160777702040324005   0.606813839792726613117251627216
1111   0.376963451521908385010238891933   0.608508388760963016404379277448
1112  -0.391195177855170008482165669698   0.609067874111543001997251813121
1113   0.618460315236658686859603901422   0.609811959447752225444097706786
1114  -0.636414731729875485515049514853   0.610554285433089367884119695063
1115  -0.152142499682448423193188974256   0.612550471556338713740241921271
1116   0.086891059346989587495273261218   0.615925935204093373642693673469
1117   0.325594257729737194803471829146   0.617620484172329776929821323701
1118  -0.442564390103315648423947887769   0.618179985041580512930777801440
1119  -0.690617656104116205124797363104   0.621079796418507454836582125563
1120   0.564646935902458780092448524584   0.621103081617125488672811431849
1121  -0.203511693474619613399956037047   0.621662566967705474265683967522
1122   0.035521865554818397288506198431   0.625038030615460134168135719722
1123  -0.494689062121582687282536631771   0.627011341042812109433289051168
1124   0.274574543727539982577482893867   0.628520628060255845911125827874
1125   0.513277742110287589885681461796   0.630215177028492249198253478102
1126  -0.254880887266790803606723099835   0.630774662379072234791126013775
1127  -0.741914388800000000000000000000   0.630924890011000000000000000000
1128  -0.015828209094069218317746404390   0.634257259823867946534116121925
1129  -0.546060205911830158276443414598   0.636112436544190447221007908002
1130   0.223205349935368792370715831080   0.637632723471622606436567874122
1131   0.461908548318116399678914399009   0.639327272439859009723695524354
1132  -0.306250081058961993813490162622   0.639886757790438995316568060028
1133  -0.067197402886240408524513467179   0.643369355235234707059558168177
1134  -0.597429522875325946299721983934   0.645223837553222712957137649243
1135   0.171836156143197602163948768293   0.646744818882989366962009920375
1136  -0.357619274851133184020257225410   0.648998853201805755842010106280
1137   0.409617897400091642993944992314   0.649196366322305270358044411421
1138   0.653725399252166236005908252080   0.650325713818003462561160347958
1139  -0.118566596678411598731280529968   0.652481450646601467585000214430
1140   0.721973381943395752290321450130   0.653654178715031259924966902096
1141  -0.408988468643304374227024288197   0.658110948613172516367452152532
1142   0.358248703607920452787177929528   0.658308461733672030883486457674
1143   0.600658653561009202660608670499   0.658851996103827460439770808416
1144  -0.655077587431348710371333422710   0.659273092589150554251326843109
1145  -0.169935790470582788938047592759   0.661593546057968228110442260681
1146  -0.461113177573520312555643342767   0.666942335651745613686131286394
1147   0.077604216847697220310245683777   0.667263824818264576120403758272
1148   0.307228989605723240561188994249   0.669208605621598099864790961847
1149   0.546853645114324414347589906084   0.670146156118755003043011771260
1150  -0.221304984262753979144814655546   0.670705641469334988635884306934
1151  -0.705923986505772302251434114170   0.670955046826689152688679003554
1152  -0.512492854110244509702242039802   0.676050604337318802381903778700
1153   0.026235023055526030103478620991   0.676375920229631336645845804525
1154   0.128957628808551459604926748209   0.676464446189796124552810764811
1155   0.255859795813552050354421931461   0.678320701032964860390233008094
1156   0.495484451322153224140822843298   0.679258251530121763568453817513
1157  -0.272674178054925169351581718334   0.679817736880701749161326353186
1158  -0.025115051593361585502773981831   0.685595149438039149011826206728
1159  -0.564049884054000000000000000000   0.685687939604000000000000000000
1160   0.204490602021380860147654868675   0.687432796444331620915675054347
1161   0.444086059715636815425070132835   0.688359743860928289062085099210
1162  -0.324043371847096359558348781122   0.688929832292068509686768399439
1163   0.685934809508732876106034011668   0.691377456018508583999713349131
1164  -0.616092378576799171156005891791   0.693942644709283899324344797290
1165  -0.076484245385532775709541044618   0.694707244849405909537268252980
1166   0.391824606611957277249086373805   0.698239440823934784728244750841
1167   0.634285803418574080881148101110   0.698739828159485294953151139104
1168  -0.375110289819272707459170009433   0.699861431618908340181501700333
1169  -0.127853439177703965916308107405   0.703819340260772670062710299233
1170  -0.427537256113520961834067210138   0.706873299223333081533209176038
1171   0.582865362772874836915750052000   0.707895070605456974809971147827
1172   0.340804892609760065023097438526   0.709139584711860853709549255014
1173  -0.666432983234000000000000000000   0.710194504940000000000000000000
1174  -0.179222632969875156123075170192   0.712931435672139430588152345485
1175   0.059913266221046078884163958786   0.716343908554632446179297527473
1176   0.161612074686734717588632848591   0.717152423751138378506475898783
1177   0.289435698817588874816330375739   0.718251680123227614234991301262
1178   0.532100453117000000000000000000   0.720432234210000000000000000000
1179  -0.230591826762046346329842232978   0.722043531083506191113594391738
1180  -0.476455883286000000000000000000   0.725365754642000000000000000000
1181   0.008544072428874888677396895999   0.725456003965999206704739573726
1182  -0.528627787524254398937199411173   0.725663992423287669199852846361
1183   0.238066505025417684609563312952   0.727363775534594374760433347515
1184   0.477661962719673639886978577123   0.728290722951191042906843392368
1185   0.110669960474277455244282140309   0.728409659344677767327331098713
1186  -0.281961020554217536536609295765   0.731155626494872951639036437990
1187  -0.042908342381495951247632600330   0.734638223939668663382026546139
1188   0.426292768927502449680211514336   0.737402818362557803432285438621
1189  -0.333330214346388726743376358552   0.740267721906239712164478484243
1190  -0.094277536173667141454399663116   0.743750319351035423907468592392
1191  -0.627445388687785395610116757097   0.744863500113168611297267122323
1192   0.375202177902000000000000000000   0.748441779131000000000000000000
1193  -0.575418432287635929644094712830   0.748739085408377173624899348653
1194   0.621974793259046851120910937928   0.749437593223593472567492384165
1195  -0.384341024170230527224606933606   0.751209460102675193409308320337
1196  -0.145646729965838331661166725903   0.752862414762402184432910638644
1197   0.195187977690771542050541292868   0.757083402841401132351234191951
1198   0.323011601821625699278238820023   0.758182659213490368079749594424
1199  -0.436021170094329196700883515186   0.758349969251703573315440482257
1200   0.570615932428185205304203888596   0.758607749590835840028989183621
1201  -0.197015923758009521867933788690   0.761974510173768944958352684896
1202   0.042897250955555428273265026503   0.765662055094502326623970083583
1203   0.271642408029454509071471757226   0.767294754624857128605191640686
1204   0.509893366469613671160898722720   0.769314630199914219686206458311
1205  -0.248385117550180712074700851477   0.771086605585135705483794731149
1206   0.145648992224856187611169848564   0.773445348711355524516072893140
1207  -0.510915695667210711811006772841   0.774736450642650768766282351184
1208  -0.008471942836615761933502036284   0.774774150505869087149412129836
1209   0.093653945208786804633383208027   0.777727805884547647772003654822
1210   0.458524172677442480954131659933   0.778426725611280980211648504563
1211  -0.299754311342351902281467914263   0.780198700996502466009236777402
1212  -0.059922801595407297216047863563   0.783956907329451460997310488525
1213   0.407522856893925430067083902165   0.789412632127971574351511567341
1214  -0.111291995387578487422814926350   0.793069002740818221522752534778
1215  -0.355761239692849995413773966270   0.794855998028036113379863392765
1216   0.228763880694808366512449737142   0.797014381931663886195992485122
1217  -0.558283069236472412001194387153   0.798015892191571946916947283904
1218   0.356145896381623833195801964917   0.798480833832879375671107772629
1219  -0.465904409231102838936721002415   0.801114631910701485951192007565
1220  -0.162661189179749677629581989137   0.802181098152184982048194581030
1221  -0.407745024687000000000000000000   0.802673895687000000000000000000
1222   0.547562970135651535875347955034   0.805409301735850337422869508024
1223   0.304776702589452642989034902130   0.807592929244246136196549818882
1224  -0.214030382971920867836349051923   0.811293193563551742573636627282
1225   0.179224838814865114797331933299   0.813376375237199763248154754862
1226   0.025334278476000000000000000000   0.814788986199000000000000000000
1227  -0.265399576764092058043116114710   0.820405288974918503099078673535
1228  -0.026263700496152273190140971999   0.823817781213921424421978670003
1229   0.128199420232884567984130476256   0.824249783726590964312750472079
1230  -0.514748896423871284846115484053   0.826766546987003496940854954718
1231   0.076093386060591813904642827314   0.826854693797850639118912223135
1232  -0.316768770556263248249883177497   0.829517384386285263624520719788
1233   0.451590711132402814545027587599   0.830135056319658585695446570379
1234  -0.077716092383541662960906482062   0.832999981831080975367510827936
1235   0.503648266873144449391671941037   0.833575295256573865634450046998
1236   0.261898175254806500430012882046   0.837312556551052893787350663318
1237   0.389687665814100319236683794002   0.838440489199036831375655987211
1238  -0.129085286175712853167673544849   0.842112077242447735892952874189
1239  -0.366282646241187775556685020356   0.845955160035725487982740032843
1240   0.338318472021929129029916731215   0.847552584610403591901098033465
1241  -0.180454479967884043374440607636   0.851224172653814496418394920441
1242  -0.469737609987763411971829713627   0.853144728255054214125764611099
1243   0.212359190061704755141514218470   0.853674503247003725965957641791
1244  -0.417610850697167041243324448949   0.855295383853636950216345597324
1245  -0.231823673760055233581207670422   0.860336268065181256943836966694
1246   0.007312202507884551271767472289   0.863748760304184178266736963162
1247   0.162015112936482995633692542326   0.867360198408493093899643074293
1248  -0.283192867552226423787974733209   0.869448363476548017469279012947
1249  -0.044056991284286638934999590498   0.872860855715550938792179009414
1250   0.110177054638891842774007997783   0.873245779567480823361546436861
1251   0.426196575965617964176837477053   0.875708757648106237661389945401
1252   0.058069168135726963774831214199   0.875813369452329600459860574383
1253   0.295439944687282986470894711131   0.877272211917210349491898877901
1254  -0.095509383171676028705765100561   0.882043056332710489737711167348
1255  -0.332310184347428109392067287488   0.887035675507762131751849446984
1256  -0.146878576963847218912532163348   0.891155151744077250263153213600
1257   0.245900959494181241182396047555   0.893634158613161181670505856373
1258  -0.383857877365833603168634432197   0.895076800934200885669718878782
1259   0.378691524815283044695927253995   0.897274806633665768314131060300
1260  -0.198175505959000000000000000000   0.900673858958000000000000000000
1261   0.195556882368959481674574371411   0.907319853774650549604191288875
1262  -0.249616964548189599326066288921   0.909379342566810771314037306105
1263  -0.010481088280249814473091146210   0.912791834805813692636937302573
1264   0.330099787682137231591919254257   0.916266052933652207963175783160
1265   0.144279393938800182682641088166   0.916934609826593289792845240573
1266  -0.061850282072421004679858208997   0.921903930217180453162379348825
1267   0.092383763850757477029149379284   0.922288854069110337731746776272
1268   0.040275877347592598029972595701   0.924856443953959114830060913794
1269  -0.298734281343391284930158843200   0.926966654598024885596607740142
1270   0.280560802489035486303420590681   0.932627999629603040141782761633
1271  -0.119124811038458998329957070030   0.935331534921089942933006465547
1272   0.230216725363813726795598914537   0.946313694791092408075468194134
1273  -0.216361234111465266894425663224   0.949577361756360611115709668806
1274   0.178326398897000000000000000000   0.957435244841000000000000000000
1275  -0.165201644262636319125219203435   0.959800899311585240843420614012
1276  -0.029105953515310609436617435692   0.962519608236727227426956639054
1277   0.125863369403613962116752562693   0.965747255667224685201692571924
1278  -0.080652326750722551621112766276   0.970569189587275695633211282213
1279   0.073967739315571256463260853812   0.971101499909741733140594107623
1280   0.021859852812406377464084070228   0.973669089794590510238908245145
