-0.023200423182000000000000000000,-0.970295467976000000000000000000
0.036515765082886663073273326109,-0.969885780296668817140264212701
-0.087373386168000000000000000000,-0.966632066628000000000000000000
0.128127997978260245926823305792,-0.962078499643854750083380885851
-0.146793051587586027775249873131,-0.959407954444415451235701981864
0.186204647072462529905380672370,-0.952543783322739914477495924345
-0.236902145273589628136827822173,-0.941216872289929147254845193388
0.243596615486844307469048022142,-0.939506527681847326837869375255
0.079201546556732173260082882807,-0.929367486142249415942022972502
-0.293514374990598403600849846159,-0.925127635200709804316749356551
0.006377702508350426413767503062,-0.919333777488706246849493898283
-0.052476349839670230106546308640,-0.919239297510634296980463593228
0.318215502154652760092846130668,-0.916924601004161846800920031477
-0.184573648484581580178555252950,-0.914281089009865085633363996240
-0.110967596638579774267664015636,-0.912713791772782371760445954908
0.146447488594577049834099001989,-0.906148149467888270862261908509
-0.349047340975127351433112654512,-0.905636673007653990800255054864
0.373205861120335192333108519722,-0.895951567354756063715720635949
0.204356446538700912790341894024,-0.895642896422961109506524687317
0.268133782120467775504896948874,-0.886011334774946130823880777116
-0.248767762386000000000000000000,-0.883568608566000000000000000000
-0.420623455077434732113519966087,-0.874692937953125382719386103651
0.097521028597015324664130175380,-0.873437130420669348435388380979
0.038747041222000000000000000000,-0.870171677456000000000000000000
-0.020079986870909107571654214421,-0.866761939414011694893345308253
-0.305092209371306863056886257330,-0.866498974545977824706864787204
-0.078838210251057912660319056041,-0.863403445313858364258022907013
-0.137679911547000000000000000000,-0.860180895207000000000000000000
-0.196433846582188793095156622559,-0.856634376717427971677919508650
-0.367340721505898999328774284864,-0.849697770485292935988625932720
-0.472865845921323173774445736865,-0.847590541345685870114714642341
0.424677814824000000000000000000,-0.846570985797000000000000000000
0.188910882769017048116733668457,-0.838851680040770634906165885716
0.305772433627000000000000000000,-0.838148423652000000000000000000
0.364756910395013794194717352248,-0.837707055917562681128147347243
0.497535372208589118096755114079,-0.833348900242962915434660366002
0.247239316832164803389709758527,-0.830991076631629602791331201770
0.131601800763598674256339130476,-0.825454753922930887840902187002
0.070966133383454520961305949663,-0.820914321477181636028330674175
0.012207945532845885739813018155,-0.817555257948972420098934439284
-0.046550481794206671533874405900,-0.814196545313096883154857434316
-0.283284636311098819065720051433,-0.811834201103148676346060547117
-0.105308701688931264899207380024,-0.810838053655233255693386163340
-0.164066929694974467322967293152,-0.807479618655999870173764725312
-0.224819579071386355675677657208,-0.805078025479751654625086065030
0.547130465406018052036732641113,-0.801660832247334604236588379636
-0.340341773412501510740965095479,-0.797401845856996945301957976910
-0.399218869923000000000000000000,-0.797225315304000000000000000000
0.455804094596058032927526883894,-0.791848208786276475950404936374
-0.457857964659033249541544142975,-0.790682102405804273985872671662
-0.518588839464000000000000000000,-0.790573666361000000000000000000
0.397045258389153601163315311071,-0.788500658911009225506944366951
0.338287095647746730309138450805,-0.785141308704262335383753404696
0.279528737454149346902780607721,-0.781785378885250589030290959432
0.220770647196632744762000248155,-0.778424761107704689993305051027
0.162012431809461296233697565805,-0.775066249178473659947976570618
0.103254213907571912337637748518,-0.771707742338451420000143823599
-0.589309583442029137820072917444,-0.771184835819712657498902224923
0.044496031606530672791580505971,-0.768348672863479844020382124204
-0.014262156792057128452910334601,-0.764989668545208255434425183475
-0.073020351302784911919235485830,-0.761630841089223800530810008622
-0.131778562946763686520540361328,-0.758272346343266599479672345270
0.609665621419391911956608289907,-0.755195117962372534567818545783
-0.190536777743866021737196515425,-0.754913906762924390355811129466
-0.249294939453897962914981844329,-0.751554538516518343202040690693
-0.308053125523068494801839067887,-0.748195596358939708626726714278
-0.366811271782647880688245984498,-0.744835957882094023101415195117
0.491296461530000000000000000000,-0.744635282345000000000000000000
0.552085519697283731512967714002,-0.743015675929631480996956542482
-0.425569388374171880430307461946,-0.741475800568202746809816296195
0.429326611155772002522260691728,-0.739286342445490934833463792427
-0.484327539837768040958616224889,-0.738116253107856732793693334494
0.370568265319261322130290909449,-0.735930196275516664305431033588
-0.543085581484380277537895960353,-0.734754785509886027965365808610
-0.634968143877359615447018625765,-0.734048562695844945945675527792
0.311809907041080126745451313743,-0.732574267937467658489141286849
0.253051816675754412204855578880,-0.729213652044890464212718463149
0.194293602044489306748139459173,-0.725855142789763944128664200793
0.135535386843629628479451014898,-0.722496631725673119750419720757
0.076777201114282356912223913969,-0.719137564025615332721317745677
0.654317609745119242238856120225,-0.716854449461206110825687852291
0.018019013295629105685536568023,-0.715778557240977795576952491760
-0.040739185239250944608574538857,-0.712419728828335546001935658325
-0.099497403001751362656823604026,-0.709061231732465377977666556705
-0.158255618802454865096299697378,-0.705702793181167520027013530488
-0.217013780432403970497865045908,-0.702343423534045955733209346504
-0.275771966487454386112176372239,-0.698984481129463249717300186364
0.597871050324953305233540672464,-0.697523722931822709323259018192
-0.334530112841245744954814188977,-0.695624844300331235301410806590
0.520372537241604597230012441320,-0.693436510281922035098948519934
-0.393288229336064796805346382088,-0.692264685295388428418281680201
0.461614242196262459673752989477,-0.690079474994388318505195259186
-0.452046380896348885829559033120,-0.688905139526105109256703588104
0.402856029422708736483138871418,-0.686721000010855903596445459253
-0.510804422542961122408838768584,-0.685543671928134404428376062221
-0.572536928138000000000000000000,-0.683740512682000000000000000000
0.344097684929624117651724367545,-0.683364830320685660985443965679
-0.691836597312397042400903669158,-0.680715769432513769145727670508
0.285339447667552205890058100131,-0.680006783803543752649893454304
0.226581236673145828029309485051,-0.676648277693076416605950093674
0.696563651797936164514201376845,-0.675877884775658724910778974831
-0.633239655217597133194334100528,-0.675219834598848853639532334814
0.167823025799584130450867259782,-0.673289769468390810365046113502
0.109064846660057046224381608066,-0.669930706092318668718579729376
0.050306664088538720606313498735,-0.666571702750649437573172064369
-0.008451527778261302345595056532,-0.663212862012903658704820926739
-0.067209739218927138080590824681,-0.659854363709906995462068820088
0.640749006625188680791724021946,-0.657208864801446875909297202493
-0.125967950869769324576090982064,-0.656495869084027938465589266656
-0.184726116838962229358519239786,-0.653136575334739882707008817038
0.561452303983498506410666345998,-0.651290814333357939144293274224
-0.243484302720905282611202441514,-0.649777629901980810416642935745
-0.302242449173544039974228583495,-0.646417994801634287880279141664
-0.361000565593862107366385636358,-0.643057834493914836809822532510
0.493900765610523191089137960090,-0.640871767066824915740296328285
-0.419758717419105691929827978362,-0.639698293358752329817229359000
-0.731823271181352589859218315186,-0.637531595995304014399638384044
0.435142547808855594561397054719,-0.637513380053835177795540316241
-0.478516759065717928509107713826,-0.636336825760781624988901833120
0.376384257789536821106943724817,-0.634156256796811571328303024256
-0.537274969625379973535242936855,-0.632978312044322405337366079820
0.317625965884229489219617861946,-0.630799166549600476214398233735
-0.596033107219838329100733153018,-0.629618522022918593467832618429
0.258867754516211930120418732117,-0.627440666975594688093913591104
-0.673466281178281786251514825193,-0.624800996213839608136437461917
0.200109544078412156881121166657,-0.624082151127118942898354293823
0.141351362193439549678262358376,-0.620723088619761916660222977186
0.082593174036732742785385704072,-0.617364083192092343833344429405
0.699429403884368016193192097344,-0.617093580854149741348024996906
0.023834975518710310087931982138,-0.614005242638600604806104690496
-0.034923241555026612467859045139,-0.610646741996383250744704307977
-0.093681459651073115325215878482,-0.607288248283983332983041640045
0.757398599875971720098887106030,-0.606926022708544571410319686671
-0.152439628915118465461825916981,-0.603928953428663706650828751751
-0.211197816329785759963584666096,-0.600570008524956415978382363727
0.643619131373002635113985730754,-0.598411493048865271646680584150
0.584776366027427417782240176736,-0.597255686385622128610845184480
-0.269955963178806252928022618976,-0.597210373184809065610211258141
-0.328714079583479732698948162020,-0.593850212603517409921686703713
-0.769119008041270972431872361488,-0.592003198981649445377306801563
0.526188397945350982278090020829,-0.591664897660333199062656850875
-0.387472231459129913063116337755,-0.590490672349963039212959033872
0.467430185095078885026137922304,-0.588306424019027679566197274195
-0.446230273228122138718122139635,-0.587129206891180228004477612037
0.408671968674601184691630171986,-0.584948012840876660109544559283
-0.504988502864187817545374009771,-0.583770680658167888794711297239
-0.632001301987306815304525802133,-0.583034234030864045120705042803
0.349913678107052939333602265645,-0.581590899179292371027881975799
-0.563746640458646173110864225936,-0.580410890636764076925177835847
-0.711521653117967873536784171423,-0.579905611271850551382710049596
0.291155386696508259392717977860,-0.578233800272388336908805377439
0.232397176306316149814955968689,-0.574875283591002789264806858023
0.173638996987964800248763230060,-0.571516223343002955089566996811
0.114880816277899881426591552158,-0.568157187439565802729330735687
0.056122624486875946129170081384,-0.564798345376224271192772674567
-0.002635587745197825322816696102,-0.561439860919240556769600183896
0.793281255099000000000000000000,-0.559210453748000000000000000000
-0.061393800001274582990700803679,-0.558081376882200023506216226055
-0.120151964965477142729074147699,-0.554722065554444917107843099971
0.734737698274440620617184595453,-0.552609446406618561441707991034
-0.178910152852622024771102711311,-0.551363155198956780987800667742
0.675979405688684363443655230823,-0.549252368069152152026723285403
-0.237668296957812967282863028989,-0.548003479043307271372983733244
0.617226217470597760560384854475,-0.545807110928195244047167146277
-0.296426415976013313999652198949,-0.544643364164284874400682969745
0.558467777298550014074564624905,-0.542452616762883495203414033117
-0.355184566426109156062116547169,-0.541283798977965852092960346837
0.499709564448277916822612526380,-0.539094143121577975706954456437
-0.413942609751414644045151483331,-0.537922360723475943079371801262
0.440951348049794753418521948489,-0.535735731558614133106109295345
-0.472700820311113252138033042848,-0.534563847007656405309814024432
-0.765251524700638777208392338894,-0.533276292923462135064639583687
0.382193057460260190913616535246,-0.532378618281848058699091302615
-0.531458957905571607703523259011,-0.531204056986252593440280563042
0.323434766049715510972732247461,-0.529021519374944024580014704258
-0.590217162021322291785564818586,-0.527845430533518627378839630282
-0.649060258959212047490710566398,-0.526706630588254214469348810188
0.264676555910708627879657042997,-0.525662998299003946688856853684
0.205918377277387664420363161139,-0.522303926068168657106054296190
-0.707654184961430290493349090152,-0.521178632921485726991304133183
0.147160195810271155398798673186,-0.518944903407537891776230133957
-0.821685017709337146363680714180,-0.516570970735775443684192326190
0.088402003840063310945288351711,-0.515586064478766914713534187447
0.029643791617189965900328250911,-0.512227579860817561956612949377
-0.029114420648087216635702422505,-0.508869095984742668036361859550
-0.087872585396555850914714245190,-0.505509780883558664729613815316
0.828569440651810408391245117011,-0.505454763705755471946318092072
0.769715593302777257653813235459,-0.505277070785444758545442605490
-0.146630773353107325355936394482,-0.502150871742216160575708089064
0.708296645309327512281934573414,-0.499994674301353696688093651983
-0.205388916793526869262818344184,-0.498791183960247916654428103483
0.649539527181630683460996465134,-0.496617102409431086641263029312
-0.264147036622932827038546311959,-0.495431083266757414468333254066
0.590752110870844000542416013046,-0.493243543675752232354637530906
-0.322905186256866648373769177908,-0.492071503805951685580592455596
0.531993895699916477835353540709,-0.489885110635745674812764236650
-0.381663230398770817780769671174,-0.488710079825662068129856956362
0.473235679301433314431262962818,-0.486526699072781832211919075558
-0.440421440958469425873651230691,-0.485351566109842530360299179533
0.414477388711898751926357549574,-0.483169585796015757804901082828
-0.499179578552927781439141446854,-0.481991776088438718490765718143
0.355719097301354071985473261789,-0.479812486889111723685824484470
-0.557937782668678465521183006429,-0.478633149635704752429324785382
0.296960887162347188892398057326,-0.476453965813171645794666633897
-0.616696145587520194821782235436,-0.475277302551150656115642849018
0.238202708529026225433104175468,-0.473094893582336356211864076403
-0.675454106728626660382972155178,-0.471914428022202608412523451746
0.179444527061909716411539687514,-0.469735870921705590882039914169
-0.734218198785049458841530380234,-0.468660444718389890321085174638
0.120686335091701871958029366040,-0.466377031992934613819343967660
-0.792970324302629920177124483281,-0.465197112547821236586974565022
-0.851897887218000000000000000000,-0.465059236324000000000000000000
0.061928122868828526913069265239,-0.463018547374985261062422729590
0.003169910603551344377038591824,-0.459660063498910367142171639762
-0.055588254144917289901973230861,-0.456300748397726363835423595529
0.799296403560355554674687900175,-0.454396990330885966846821855293
0.858142651668390048645791564359,-0.453434698189760563600853341498
-0.114346442101468764343195380154,-0.452941839256383859681517869276
0.740555556191187604903771303877,-0.450747363924068451456881505827
-0.173104585541888308250077329855,-0.449582151474415615760237883695
0.681797244514404911651403830696,-0.447390619749829434905389229096
-0.231862705371294266025805297632,-0.446222050780925113574143034277
0.623038807894100261198079013830,-0.444036063371578149482712765849
-0.290620855005228087361028163582,-0.442862471320119384686402235806
0.564280593822159020190375032822,-0.440677611104066922826142769748
-0.349378899147132256768028656850,-0.439501047339829767235666736572
0.505522385567493128716375434989,-0.437319057061247592830687689483
-0.408137109706830864860910216367,-0.436142533624010229466108959742
0.446764104329728683891737757052,-0.433961780107970756591137833111
-0.466895247301289220426400432530,-0.432782743602606417596575498352
0.388005841749923432877007535230,-0.430604176623358116710454469867
-0.525653451417039904508441992106,-0.429424117149872451535134565591
0.329247635860009673495157223765,-0.427245581209240933985787669931
-0.584411784876804454314155957662,-0.426067754298758358316402707632
0.270489488937058490507785200763,-0.423885954334406854930303892085
-0.643169775532258068949915807287,-0.422705395500109606710865558675
0.211731264530640732677238220270,-0.420527682879881848150584537269
-0.701928093060506763126087133039,-0.419348497962187361799809619951
0.152973051545072520614845492615,-0.417169211605651843182273359769
-0.760686134854699187509262068045,-0.415986945951181686942953631191
-0.822306135126562359694652337048,-0.414175380649936063971830570392
0.094214841199934064424662930405,-0.413810694136039830086668682886
0.035456628831645270046152319353,-0.410452212062200708944737421244
-0.880800607556334137908049488673,-0.407678949497380509078675050926
-0.023301541809245228958960331319,-0.407093000027627901626485135872
-0.082059724390786112325973167205,-0.403733996861280703108934390757
0.773044130394000000000000000000,-0.401558804553000000000000000000
-0.140817874968499682142261745814,-0.400374433906971994836141749614
0.714090033856941542586787856327,-0.398179474008904956935986175409
-0.199575998253647282181483798078,-0.397014393644620905032354289390
0.844184979208128408238448309174,-0.396259613563244454346984885196
0.655331570307375673979609211678,-0.394822805620222885257473947950
-0.258334148784418032578468180494,-0.393654829869290846257851889507
0.596573133647353231364872224610,-0.391468249937668840558300436876
-0.317092202144198493051415583001,-0.390293567022321404756742953735
0.537813372261669979156196853402,-0.388110549205376968622392860201
-0.375850412703897101144297142517,-0.386935053306501866987185176905
0.479055180952175037685667045532,-0.384751698718377270459261869409
-0.434608550298355456709787358681,-0.383575263285098055117651715517
0.420296984840465188020189684201,-0.381392932240178692540699574376
-0.493366754414106140791828918256,-0.380216636832364089056210782756
0.361538758944700433772255008074,-0.378034632866380545455548728738
-0.552125012208500721819519498798,-0.376858949603825159122124438490
0.302780528085755195285272316406,-0.374676403013478180484820260113
-0.610883078631141784773844570234,-0.373497915115795342306024505392
0.244022295467415763275339095676,-0.371318158546915977311170146399
0.897086958891173749950849268074,-0.370468385050979226056505842817
-0.669641312610726354662893297531,-0.370139811163024044734952543942
0.185264062863391194205163560971,-0.367959915351147942018644217108
-0.728399398928275765057312084195,-0.366779124498570224669778425774
0.126505834255097245520571027294,-0.364601602175982675399470363565
-0.787157467306032999993597765080,-0.363418124190324146009849901239
0.067747607874029208747347763120,-0.361243249935264753725010140240
-0.845927296929398518233012908255,-0.360269465968507468304000834678
0.008989391399709295332051649127,-0.357884740108661459603579318925
-0.049768856469377688817298554764,-0.354525930939261707539320975588
-0.904274467191356400518579162363,-0.352561376388117089596778903876
0.805140374998520778708656993011,-0.352221836545412194680102195123
-0.108527071142127549999903665492,-0.351166936409784265727992329808
0.746376077524772900803258089511,-0.348971565022278512071234708325
-0.167285499450756929443578014564,-0.347807520345592531891459700000
0.687617756441326147635027602348,-0.345614985511556063964006342900
-0.226043946326325963576859884182,-0.344447666829936836728593663098
0.628859447344414243791201916783,-0.342258196178132713554720854043
-0.284802219975235835817220701875,-0.341088138915571804817316974600
0.570101008147417598334380205878,-0.338903684933543841281720932678
-0.343560722423897922404927780802,-0.337727186542395216326041181710
0.511342817098555253358357044986,-0.335544829887160033098931340191
-0.402318941652746232631754357330,-0.334368674565039679374415435396
0.452584620869377974396367147446,-0.332186065463935032683223591898
-0.461077087547448790560633875358,-0.331008891349700195997425386064
0.393826414419367091798007879005,-0.328827479848661173418000612381
-0.519835291518706739288434845477,-0.327650262369108323974258817590
0.858042354681566120421057951911,-0.326430608033146966389623152743
0.335068186752208237895339299375,-0.325469265446400239188638763419
-0.578593499933863994958087242736,-0.324291711134101175959002199106
0.276309960274137656734324539250,-0.322111030238885696729511978894
-0.637351646293628061507086131624,-0.320931558494343911046969060839
0.217551734403959297907027132045,-0.318752784395245356451307410345
-0.696109855874126379923824574887,-0.317573027647163763158803888577
0.917891980683861438146721540166,-0.315414248142268947491754398414
0.158793508753729515341426495702,-0.315394534703232593079234821076
-0.754867950935955957397877228837,-0.314212493870778887073991108559
0.100035286825915268666608842335,-0.312036219881933969317563762398
-0.813773223549000000000000000000,-0.310854377288000000000000000000
0.041277067390805508404401989617,-0.308677861447711287979484752777
-0.017481130302982265031977320691,-0.305319122646467857357638413527
-0.076239314385403469958525740197,-0.301960145734738882957395945497
0.780603623721741286720642579355,-0.298726465163032906220068000999
-0.134997483078869636692292160581,-0.298600899636669043893156892185
-0.884083896713697877138025288440,-0.297278939879367504263586570308
0.719917162268321592609760875946,-0.296400270801033912861546392542
-0.193755628216014758742166412337,-0.295241241529150658248352016071
0.661155077542753483403100269279,-0.293045664153293676552756341208
-0.252513785199055648321190696480,-0.291881790604736354599339424498
0.602396634394177989906082535561,-0.289688942299862447705358805192
-0.311271872047209782478169971626,-0.288521113217363216285440553170
0.543638195197181344449260824653,-0.286334431055273575432358883829
-0.370030001931599504694753165150,-0.285161188360106372285708310380
0.484879602595306572504783997758,-0.282975777916507064176882554322
-0.428788212290694232107276884533,-0.281802671134663269265023007078
0.426120921360326242685628471098,-0.279617256563386931966140650484
-0.487546350085817317784610878616,-0.278442884622613293518687343042
0.367362463264214135621433050850,-0.276258797708438140734774988870
-0.546304553996614603064079211662,-0.275084254584280463971552391646
0.308604084685286848217593695999,-0.272900659197473096612017479213
-0.605062751931945882678276316737,-0.271725520008632080928582333684
0.877650279132501057414744043547,-0.270938840884463975255624910046
0.249845770676844286103939178728,-0.269542468079738016313523967673
-0.663820878461008187755160097372,-0.268365536474159102711062829889
0.191087408388264980040919502782,-0.266184290935195130104206700519
-0.933573944789329286717722686866,-0.265427062948346362512148321312
-0.722579056587428490908186618497,-0.265006455376434963618610911798
0.132328955132238046708248363068,-0.262826155809553218149635032172
-0.781337183117389051933185528798,-0.261646471857670347134741989334
0.073570365301663110351644183752,-0.259468026219707996806049800034
0.935321885015289079952555888559,-0.259200323198759577687519230794
-0.840089448897217037427888296758,-0.258185519923060672482324871303
0.014811917303531629366733344911,-0.256109780879138509192884179887
0.820794586841366261431874796110,-0.255732356193615129775518747527
-0.043946644850347679701157374821,-0.252751225543294941963775753842
-0.102704992976098387364166141832,-0.249392328817059617326724144576
0.752203272433108970474683510716,-0.247178167720348092478405745438
-0.161463430519314763880478852916,-0.246033217543499906255932451725
0.693444121060613621220026380184,-0.243836154473605511392432351860
-0.220221848130217830465824660501,-0.242673694979457970077076961420
0.634685794681932560478388800258,-0.240479667659447231899269370454
-0.278980191628560982525206280375,-0.239314337394999453560936057700
0.575927487587894260617289318193,-0.237122843267270396654740745318
-0.337738629431657572223019281070,-0.235953838990309782343359363209
0.517169046390665255864244941994,-0.233768367059424191526960414331
-0.396497056505314167862844490331,-0.232594069885253342695352703463
0.458410855470887619063384689336,-0.230409509754895485228329569009
-0.455255332630433534379427940816,-0.229235581403170166073431031968
0.399652659722457116335135491926,-0.227050736921501037343627566535
-0.889579496972848447007585695183,-0.226333642992039530730886622307
-0.514013538784038491950960806696,-0.225875833678414623147059853187
0.340894455373436687329483788519,-0.223692114549756676285374690476
-0.572771741770209780918350603111,-0.222517187464072244066959760257
0.282136226682700050761899647390,-0.220333918056947040477372191749
-0.631529973562118586469949773058,-0.219158485645482554493573857678
0.223378000083143745967636416166,-0.216975684975039398214955745266
-0.690288335015516963209277161653,-0.215798620394818710851681295730
0.164619774076607140220419059024,-0.213617441517219483300055585267
-0.749046547496962871886409737463,-0.212439556594873387836273476281
0.901270781106682870461868030785,-0.211196893684166269861121906646
0.105861548283134761248400882599,-0.210259194331477761461238539416
-0.947945261725390616316883353390,-0.208354546164166415399107714028
-0.809627868286306778777561574035,-0.207827809200250395315596751370
0.047103326263369625030960662297,-0.206900881118983660221847904312
-0.011654893094977146718775683981,-0.203542521341707309357372841161
0.843249595211269570945796242096,-0.201330338568670397504680596772
-0.070413090715519060846455427097,-0.200183781259091877947892379207
0.784491397287103758663485889830,-0.197971603797691688229687225195
-0.129171273921313477782127345520,-0.196824789012669759380701637862
0.725733217014006813100144276415,-0.194612560250569095488602413426
-0.187929443846223620842512308723,-0.193465564454440564835539960168
0.666974065641511463845487145883,-0.191270547003826514402629019848
-0.246687589059281555994824586324,-0.190105907674586135319873213937
0.608215739262830403103849565957,-0.187914060189668234909466038442
-0.305445746021139000263427167123,-0.186746456379664816050047256709
0.549457432168792103242750083892,-0.184557235797491399664937413306
-0.364203833035395515707101777375,-0.183385781896427139472334049031
0.953103381572062336852209189953,-0.183318793828660168700709546503
0.490698990971563098489705707693,-0.181202759589645194537157082319
-0.422961963676242996269816183844,-0.180025870268076563733589683994
0.431940800051785461688845455035,-0.177843902285116488238526236997
-0.481720173610946344094954254456,-0.176667345617794274747566018622
0.373182604303354958960596257625,-0.174485129451722040353824234523
-0.540478311831055119539134871531,-0.173307566538179467595373869658
0.314424400063713195247411927188,-0.171126505166427592829264913667
-0.599236514525254203716146290039,-0.169948915215901363101413939143
-0.902961799565478014164069591581,-0.169021158314819987422016069073
0.255666171263612284792993730417,-0.167768310587160796519008826078
-0.657994713677328002165515682804,-0.166590201926193691856526217940
0.196907944716916752793444803932,-0.164410076580360580920124200070
-0.716752840207286251205965918842,-0.163230218407388644257478657928
0.138149718939538040379550056558,-0.161051829113032900278996922236
-0.844716530407650487407245288049,-0.160577489486079103756772850298
-0.775511015416676644462828941751,-0.159871086284383478839902019417
0.079391493277248916497501516793,-0.157693579632018599077015202966
0.881050101838000000000000000000,-0.155884647314000000000000000000
0.020633271438486126869853119255,-0.154335263252645662202979896946
-0.038124948514081074386799721443,-0.150976913871929203820534791776
-0.958830954347810588527262881138,-0.150515903210796422258170506379
0.816779494704430494874749794108,-0.148764753803397761356661745955
-0.096883144956638968837768658993,-0.147618153181584955526915871446
0.758021300982819378351725590408,-0.145405945513119058610078204945
-0.155641317038524992589214211506,-0.144258966352500447528367387932
0.699263116506766540013685549667,-0.142046975485498487442592306460
-0.214399462861346887760433367180,-0.140899320237025955191393045667
0.640503968498321089725878410814,-0.138704903092682011155905738949
-0.273157620185814897544458088905,-0.137539875284315560174597858819
0.581745638740602429431646581485,-0.135348475432144883167955213130
-0.331915708923255300284950432722,-0.134179230929388328002662334898
0.522987351082151233232677482332,-0.131991310854122706853001943714
-0.390673839408227287171319416661,-0.130819316575088409932836064597
0.464228890465412548833635384099,-0.128637174824025841740077475366
-0.449432019096556205984111460650,-0.127460262798907406981400366813
0.405470699545634912032775131441,-0.125278317519497135441446630044
0.962462157651613432156820827374,-0.125213542492399285051795184978
-0.508190188113895335689049842763,-0.124101022365858151887832986987
0.346712507314226590222702503031,-0.121919483160066513854244151153
-0.566948367258146611417660781709,-0.120741959072423597842212153668
0.287954305207686332503024471512,-0.118560821556958365892207263158
-0.625706568965389500619557076875,-0.117383290483803429301141529446
0.229196076216673156900625924352,-0.115202630318079354996925535297
-0.684464716495701196052274771097,-0.114023674231409328728081034203
0.170437849512870465244849290523,-0.111844399060147101241814453514
-0.743222891705091589309137794006,-0.110664542108404163310504395693
0.111679623517869899092893097569,-0.108486155400484404576376582917
-0.801981070849723421462318681249,-0.107305478821626465846095140995
-0.919528535843046891460994819653,-0.106708063475954062734372183708
0.052921397651576929037101571577,-0.105127909488862576539124519558
-0.860739249562003089305477594278,-0.103946407971967374617957443632
0.907795362281791566827134053099,-0.103411056245384986328033865954
-0.005836824408966661530564434866,-0.101769596989842644645625156634
0.849067499277158466096166079297,-0.099558131451637804423889888710
-0.064595044591056517354600920899,-0.098411251624893809530961476527
0.790309311999743179774063391148,-0.096199210430027240190144741221
-0.123353234132099403388170090050,-0.095052370201547136495645959377
0.731551121079494511235101834854,-0.092840353133738530509820449216
-0.182111380611726456977620471818,-0.091692729428413598020410989402
0.672792933802079224912999146705,-0.089481432112127966276075301728
-0.240869539120944315309584716956,-0.088333282199921672456591994203
0.614033785793633774625192007852,-0.086139359719311489989388734216
-0.299627629974701251716574653899,-0.084972657381038450446676773004
0.555275456035915114330960178524,-0.082782932058774362001438208397
-0.358385760459673238602943637839,-0.081612743026738532376850502701
0.496517185766760931484806409711,-0.079425463140935120533683047803
-0.417143940010227117249677878448,-0.078253686840531315958929036312
0.437758707778556800294418711817,-0.076071631441675962722335146367
-0.475902109165348594753409767012,-0.074894448817503479252538244195
-0.967818853943569251430436213151,-0.073065053796265958081270885633
0.379000516858779163493558459159,-0.072712774137147256423704301045
-0.534660288309599870482020705957,-0.071535385524068925206917410876
0.320242325318286710647764334853,-0.069353927691114612116080234475
-0.593418473757606345072964633348,-0.068176377324815357949731123360
0.954010266922277727898677804180,-0.066969465835140873746748377316
0.261484129804840977333230735830,-0.065995150746911459084756597000
-0.652176640590684264071328202172,-0.064817098685969367650492201632
0.202725903357660334944142573473,-0.062636914998923197673434575828
-0.710934815800074657328191225081,-0.061457966562964202232915563122
0.143967669357382775621033422259,-0.059278811408226331914762191116
-0.769692994944706489481372112327,-0.058098903276186504768506308421
0.085209444203986789197762650339,-0.055920553023282108778637684580
-0.828451173656986157324531025356,-0.054739832426527413540368611059
-0.890502409358000000000000000000,-0.053102490760000000000000000000
0.026451218753603174964249089292,-0.052562299834626392116380792807
0.883263917745000000000000000000,-0.049372825733000000000000000000
-0.032307002635904909041324814588,-0.049203975594952733098884442995
0.822597316572471150995479676336,-0.046992588078267283257372883977
-0.091065225417300944660480502002,-0.045845675708245635884646355660
0.763839129295055864673376988187,-0.043633667056656719023627736488
-0.149823373521451037276067297239,-0.042486069492036978620881616986
0.705080938374807196134415431893,-0.040274809760368009343303444483
-0.208581531134497154495576259616,-0.039126629586687339723943784453
0.646322694088227628320944388103,-0.036915917446632121632481201324
-0.267339622817073156946927662576,-0.035766036725417504881819634911
0.587563547240955686145912502514,-0.033573824638531671465921048118
-0.326097753302045143833296646515,-0.032406122371117586811993364609
0.528805216316918812082833871066,-0.030217417395869219510322069033
-0.384855932852599022480030887123,-0.029047066184910370394071898221
0.470046956688389963812673791139,-0.026859762264140847988486198402
-0.443614102007720499983762775687,-0.025687828161882533687681106103
0.411288468072076765969965946843,-0.023506116772468045220772236741
-0.502372281151971775712373714633,-0.022328764868447979642060272784
0.352530280652217312484087716081,-0.020147198242658899245349380009
-0.561130463559837651776705623700,-0.018969758664049712515331115002
0.293772090012362127050402073052,-0.016788336041308649090287320741
-0.619888630392915570775069192523,-0.015610480025203722216092193274
-0.970468024387423504597960898583,-0.014270591314526795288881776409
0.235013908410254127409400769299,-0.013429315742036558834929207994
-0.678646805602305964031932215432,-0.012251347902198556798515554764
0.970516388567416623111761598779,-0.010477387887935725594415777551
0.176255684153636648447305642962,-0.010071041666521833066638367859
-0.737404984746937796185113102675,-0.008892284615420859334106300066
0.117497445506028353686666886644,-0.006713019393228231729409728292
-0.796163163459217464028272015704,-0.005533213765761768105968602703
0.058739221654467888806062437385,-0.003354738230619022471565757555
-0.854921350025500524211456804955,-0.002174280304215097967363917408
-0.000019015351425095980977900144,0.000003312769073087725877503380
-0.913679521315835426205209638585,0.001184920370482418923455032468
0.854885267778865765356116249414,0.002214069290941464301220828212
-0.058777239660952676911124439606,0.003361585918843220624980555069
0.913682146039423375322962371993,0.004809070133020883733248715863
0.796127080630815470460172840465,0.005572992575555467881939249817
-0.117535415451107601522215774316,0.006720707883058970124220514932
0.737368889581204268081322229585,0.008931847608839125619966363915
-0.176293572629136870678266311853,0.010080155397045823170995290261
0.678610698660955599542360673291,0.012290704905127835300290655920
-0.235051666657517796326899240813,0.013440707242973925985996641553
0.619852511383540313220257985142,0.015649625926738399534035803409
-0.293809800791897873830826742061,0.016800557775873232558123528661
0.561093364536268371045226099552,0.018991718734838849700595956615
-0.352567978388125981846592908575,0.020159648147885008666084278640
0.502335033612231496982147468105,0.022348125977501301656194935700
-0.411326150799913458791127127900,0.023518829206399421215735164566
0.443576793473941656661756776138,0.025706122166940726985908008295
-0.470084329944164734519738066846,0.026877892499833975261355997882
0.384818285393474688577741526662,0.029059426614038096036404582140
-0.528842511098964490808926670626,0.030236920623705484716700290578
0.326060097973615235091863295899,0.032418345143847242011827438872
-0.587600679185198898419335253097,0.033596177343137530041638243563
0.267301914281379002360075014009,0.035777328881028625101189227580
-0.646358854394589291676198276005,0.036955309466142695459214882073
0.208543735705674468474349709454,0.039136402119712427282637284670
-0.705117033539221123829379163248,0.040314372752920392923624136772
0.149785521284644355598437659733,0.042494848279690855661605963543
-0.763875212251500791672538076277,0.043673443602579484151761834134
0.091027283016877848107044803697,0.045852877199400236501249944497
-0.822633396722880214666386210345,0.047032413710301643064965808182
0.969367120347229908893657980498,0.048365505524228277512223922456
0.032269060999788450748951162300,0.049211190458709999924872495863
-0.881391570108257807049351097094,0.050391577738914913772594015546
-0.026489174040493707754169917922,0.052569275851933778761597391306
-0.944118164146000000000000000000,0.053439298845000000000000000000
0.828415216290762013365455975468,0.054779678740222667503466447580
-0.085247408729989172601764803668,0.055927367383056295367323613268
0.887212094551319623332302098047,0.057374679582302086935494335231
0.769657029207659916213245985808,0.058138603160985784077957209449
-0.144005565830743509140028557915,0.059286816248614114001614487629
0.710898838093101902047850215665,0.061497457058121026737798198385
-0.202763661387853784817822015580,0.062647341365128295978142543274
0.652140647172853233508888659370,0.064856314354409736418122490390
-0.261521795853491206602470104848,0.066007186104888856421882492094
0.593382459895437947186785971222,0.068215235376020300651867637878
-0.320279973473853719561221627119,0.069366276054734633949336014053
0.534623503344408890339718158315,0.071560672207213569289009178614
-0.379038146199507071888912996927,0.072725451623160831996386613792
0.475864981479231037738831360525,0.074913735102036925286442924985
-0.437796325348340697997753900917,0.076084514836438942341595568810
0.417106790593811275524464366495,0.078272593007605268075275643466
-0.496554506126892680766298990498,0.079443549541860915551634663957
0.358348233344600641817624979478,0.081625035780936598302396563154
-0.555312674589398909039974964763,0.082802799679758276181985709568
0.299590046200628980166399476225,0.084983959136898790764223894141
-0.614070849798789302296837987672,0.086161931802763441599562348079
0.240831867269437349175901215059,0.088343026157262167706714991191
-0.672829028943421134450018874915,0.089520995089541139063971602777
0.182073688338510239308149662652,0.091702093182252656688491735919
-0.731587207655700802293177787944,0.092880065939200230292109300139
0.123315509409324930055622695969,0.095061160237711436711879834297
0.934637470273804098966224416854,0.095880327720408488087927034586
-0.790345391689156038793823488490,0.096239043707484963814713877566
0.064557330480446342504419836095,0.098420227298535518557432431927
-0.849103565512481299733359570067,0.099598200075551068183901075030
0.005799151000722412630727136481,0.101779284723733048562573461362
-0.907861752788323256917342216320,0.102957121124684151456323353791
-0.052959094839843155854102322250,0.105137181133225760188868687852
-0.111717392434095609290846285339,0.108494171806804004888932936854
0.743410005717296139972106246020,0.110815930011910133953611489837
-0.170475533948125954011873022851,0.111853893279546762355760250985
0.815056339339271370940919586260,0.112131417933361103752765455311
0.684428796548815293119006947317,0.114063071514731024304736303387
-0.229233668841270337028697044661,0.115213730542908412021908463280
0.879214874768553300281794241420,0.115682924267795372148141393790
0.625670605628566624580045391022,0.117421928811019733985060595391
-0.287991846448725736139087551100,0.118572820718529168433922533106
0.566912418351151338257942702874,0.120780849832630298218805742880
-0.346750019312770087665311392847,0.121931993866240816601595661444
0.508153472161453225913330408698,0.124126468644358056770345444752
-0.962517523758900528279524098675,0.124787229282204301741284741904
-0.405508198158995195336792379636,0.125291062372873161078003476601
0.449394939911130319180291469152,0.127479349546655044167856455070
-0.464266376854692682781840225341,0.128650133512594213090594609949
0.390636750339937870480721952807,0.130838230442583915272381960232
-0.523024547711078058882842039868,0.132009341777803325116364289868
0.331878191779101936777188462730,0.134190650226864992098474662796
-0.581782722920468452139705062777,0.135368473900808490533940928378
0.273120004635130275125962959477,0.137549573582827184560301993784
-0.640540901848924327080334457804,0.138727540969026963039851878667
0.214361825703938644135464698311,0.140908640603190561502793090834
-0.699299080777380194530833101789,0.142086608037245438280006855654
0.155603646773011534267713145904,0.144267707628181050484569835560
-0.758057259705836078467256003057,0.145445675105463625141612777893
0.096845467832702451572505122755,0.147626774678038321830200568798
-0.816815438634291929309691155373,0.148804742173682390896826394730
0.958996610392361720867950895846,0.149456807776881977360058245139
0.038087288903823864021302262879,0.150985841738862403675753166428
-0.878371914511000000000000000000,0.154092736908000000000000000000
-0.020670890025044184553950842981,0.154344908799870837611738226264
-0.079429078701057183359379428052,0.157703805355479951443091465074
0.778376012487586323681294825988,0.158157088683529883508884639076
-0.138187389910628282831616870584,0.161060557708039825869750731171
0.716717731953622519862418366252,0.163269083068009871075528122209
0.844995852053575733413080205941,0.163566798453047699981300559557
-0.196945531894872933017660261443,0.164420270957198321722342522193
0.657958744476156492832048488607,0.166628680669652424542275264926
-0.255703709472093105626101248924,0.167779361661702369622365573253
0.903574014887110922183520720411,0.169259404324268861420272604343
0.599200553555907824293086932312,0.169987537965941134222599556931
-0.314461882597540161574337500034,0.171138530236992440859468513999
0.540442366278492537970984244164,0.173346458987551698456344704420
-0.373220060501411911201025546830,0.174497615227608584455607882103
0.481683420971908961890202745429,0.176692093309342546919440480611
-0.431978239459540104041906068726,0.177856681776786533190924849574
0.422924887836495710470695615376,0.180044958700581502033832315469
-0.490736411035956427909232830449,0.181215877447426424926226810883
-0.953184485009296321446915537877,0.182896620177786844559174965259
0.364166699249564684297127644019,0.183403856814528019444307299958
-0.549494586245346821166095853358,0.184575009570431590343803449393
0.305408139706428206444119574604,0.186756259381778874129636034907
-0.608252774970603476923201532909,0.187934083067072011974230458967
0.246649952562456544792894071351,0.190115182737741066591463365895
-0.667010953899059345268301156368,0.191293150135290487801400672122
0.187891773631264913802395810185,0.193474249758104443533954462945
-0.725769132827515212718799800353,0.194652217203508963041555649108
0.129133594700337803934644257778,0.196833316783094932515731207671
-0.784527311755971080047159209952,0.198011284271727440418220211198
0.070375415771459216383441397903,0.200192383843919014361283805300
-0.843285490684426947497657853938,0.201370351339945915658375188183
0.011617236842591167808188292044,0.203551450904927448297268865136
-0.047140942086256787458056160638,0.206910517966287362636740440646
0.948071524755179212333487580200,0.207779254799138302524199292303
0.807765003661452258135061997583,0.209148273314661620885548156226
-0.105899121014942358505055853663,0.210269585030487768348151062385
-0.901376086226064967531789476769,0.210819670478119309156458411599
0.749005050280496911620171825761,0.212476155708193477123704136851
-0.164657404837261588503715889517,0.213626816749181584308949517994
0.690246871351648956353927373185,0.215835222769553391463175714182
-0.223415582301742843215016378599,0.216985909425747171062325588549
0.631488692423000010158456962626,0.219194289834394454100470159192
-0.282173755613798186548958502846,0.220345074736905908672130256772
0.572730501502751341619495406332,0.222553147130683163780794451197
-0.340931933513579867136662379344,0.223704159799066833759486245238
0.513972314225336055297392718183,0.225912068152293728014539598685
0.889476958015247900370160696758,0.226400282074865977430753485968
-0.399690112434132766790471821439,0.227063227005527260364822866860
0.455213369632601627599950434097,0.229257715011301793587471370708
-0.458448284188377177022020899893,0.230422419565643357814896995698
0.396454835781748308503045110890,0.232610567864522404824986057589
-0.517206459397773226934547653845,0.233781551688652234991271169908
0.337696647998012364399693582583,0.235969480028966279574955933432
-0.575964638326229094323976680643,0.237140618756870711299680939450
0.278938087653288671853907722432,0.239321868546529438101421667659
-0.634722827020738495111168231473,0.240499692233335536735779252421
0.220179900509317010202682219179,0.242680791902491630563248998648
-0.693481005949194362500597258271,0.243858759301554013044189021963
0.161421721578125379212183958013,0.246039858922855007505740095697
-0.752239184877650229890026285063,0.247217826369772489352598791501
0.102663542647198269344432405606,0.249398925947845496487516840423
0.043905363718319681793229545732,0.252757993008669578333069438052
-0.820910707000210627739257473832,0.255805413364726893644153927169
-0.014852815210548366782023560128,0.256117060069678012269054497888
0.840053130544087856986146436650,0.258354815409875437480655592015
-0.935426133388342570961794240963,0.258823849575400994681680275428
-0.073610994139396322048268012808,0.259476127131037926608526073399
0.781294951615926534379566506488,0.261713882483246211938608673165
-0.132369173068081893095267705832,0.262835194195238332319936695138
0.722534998234971187864676334666,0.265041764876778068176764653790
0.933594508100096816041927420026,0.265354725942903323701455334947
-0.191127454835809557141893816467,0.266192461873209177969682543905
0.663776819306123232598431882090,0.268400831938137982516236231121
-0.249885628433977790946241134437,0.269551622179706991785932882984
-0.877811893745136519159049334910,0.270840767353785315926850069215
0.605018640377474286402961471532,0.271759899002979045153530676131
-0.308643806488771416099012620950,0.272910704530348876724882167493
0.546260449457225617863999915237,0.275118756299267754833854968136
-0.367401985356102854441975398044,0.276269772667780766280214255901
0.487502262179810331541897227089,0.278477677320878319067600115625
-0.426160157313965569673797330151,0.279628961666253556065189654531
0.428743318314083767779844863670,0.281823336948159551838166922925
-0.484918332523355962930660596258,0.282988093789258721482762038999
0.369984783734608025759730893746,0.285176177032293965055884836559
-0.543676511451811830320089623050,0.286347160857477197791171808538
0.311226595997658969800390798305,0.288535090015191043928358173630
-0.602434690380267697709518649843,0.289706227925695674099581578076
0.252468035606242262649065386790,0.291887477714348269494750309260
-0.661192879070873512343464333376,0.293065301399599061978567602263
0.193709848462270600997839883538,0.295246401070310461956577640250
-0.719951057999329379732893360173,0.296424368467817538286977371804
0.884170680628936772657913159918,0.297309259277912783751357440993
0.134951669531078970007341622371,0.298605468090673838899068737299
-0.780667555231593330009175286578,0.298750676878707797332512796613
0.076193490600151860139590069965,0.301964535115664327880845482025
0.017435311671273272588387210090,0.305323602176488409726398079654
-0.041322867257594775986865895770,0.308682669237496843662383139490
0.813583078497676653552442660214,0.310920424579041058595655871609
-0.100081046186442731253110348449,0.312041736298856758001854715001
0.754824899568510008778247472577,0.314279491650878666717390495325
-0.918018855706226346106679758946,0.315044785233347166615271186221
-0.158839225115128302300110041474,0.315400803363057163713265336740
0.696064946187554662263357300755,0.317607374044410522955546475950
-0.217597501313593490411859779557,0.318758168511816579770604625610
0.637306767258706706997112848178,0.320966441105770437295018053281
-0.276355679451755464661685108853,0.322117249404151446351507868122
0.578548588330057760801642437619,0.324325508170611499932312498290
-0.335113858148902912057536712513,0.325476320518509234929104964138
-0.857983958339929916042041965576,0.326254302705034828435900991817
0.519790397409809092262680881324,0.327684365466900209612636790295
-0.393872030435644719516664405262,0.328835503764298604999568234834
0.461032210132393805940578193175,0.331043286488510773846381937783
-0.452630205645035112773527671369,0.332194635887303770417140619302
0.402273267008045606746985818418,0.334388959136400650956729929999
-0.511388384573490980162956698161,0.335553702955522246725550388841
0.343514731685550936361741352174,0.337741786199100293974540562572
-0.570146563501946847552385724953,0.338912770023740723033960158379
0.284756543948601880402401256733,0.341100699181997372847013899644
-0.628904742430402714941814751745,0.342271837091959199342369927917
0.225997983557185173251075845219,0.344453086881154598413406035273
-0.687662931121008529575760435279,0.345630910565862587221355952104
0.167239796413213511599850341963,0.347812010237116790875233366262
-0.746421110053521044901123276565,0.348989977632038289105066929798
0.108481617482021880609352080797,0.351171077257480167817724463311
-0.805184584816831411302931043572,0.352255089620777825679767962352
0.904246331586081768640852576120,0.352633532081123746344236416077
0.049723438551094770741600528390,0.354530144282470656799501208036
-0.009034740377783816809602331484,0.357889211343294738645053805665
0.845871205372284621628219174608,0.360126966679522409749327810872
-0.067792919306651865384855437345,0.361248278404303172581038865500
0.787113026444002472300126357156,0.363486033750779633638290944581
-0.126551098235499835144891801333,0.364607345465663079621985181597
0.728354847515353526104655946597,0.366845100815620696275585389590
-0.185309277164623890446134844159,0.367966412529642681252236913835
-0.897235994039432948455884393303,0.370107291383141642996208869620
0.669594894134398179589765774775,0.370172983209152552513741370216
-0.244067552172789748492214906351,0.371323798510130553128190139576
0.610836715205550224323521322199,0.373532050270512466853212947547
-0.302825730731210922461859523689,0.374682872051141405161336324225
0.552078536276901278128050911641,0.376891117335353529490507392556
-0.361583903557323869359531480372,0.378042045862343653933946815137
0.493320345356652609589089355346,0.380249974631642239170831684561
-0.420342078766714262616394746479,0.381401177985348819351519199605
0.434562158079237323266986667198,0.383608895653252803404576832050
-0.479100257695170130005823773272,0.384760245053567295659928969144
0.375803215413401890489085179695,0.386954576353841157308808941386
-0.537858436623625997395252800064,0.388119312121785771968338738682
0.317044679631382817341466218724,0.390307395363332901741915941614
-0.596616615552081864784681826856,0.391478379190004248276748508221
0.258286491894433761382126123283,0.393666308346229980614389278688
-0.655374794480537732174110853648,0.394837446258222724585158277759
-0.844436672060212118936483807027,0.396108032162815463666270535942
0.199527931503017054230800711769,0.397018696045387206180781414315
-0.714132983175200194743990351670,0.398196519730083338039445510098
0.140769744359045392579575208516,0.400377619401349398642608745305
-0.773052490910000000000000000000,0.401565726643000000000000000000
0.082011565427853761589076947350,0.403736686421712775585099842354
0.023253386496926651721325394943,0.407095753446703264566876587079
0.880867779592000000000000000000,0.407531665535000000000000000000
-0.035504792431951935829877464932,0.410454820507527346412429184708
-0.094262971360819984405130570791,0.413813887568535780348414244544
0.822363819598145697205214300892,0.414082594158248258546898479888
0.760642974390845989626534831175,0.416051642915521663196485838846
-0.153021150289667939671375023367,0.417172954629895694687885821876
0.701884795462197043431064420616,0.419410709980362725833780283856
-0.211779329218316885866842553633,0.420532021694736757325230650149
0.643124842081241696916174248794,0.422738592373894582071936264481
-0.270537603360221720110484172952,0.423889422835795521137656039026
0.584366663152393741649929796219,0.426097659435254496411407841813
-0.329295776682800437716355758296,0.427248587962880475822704390809
0.525608484188094104477257585103,0.429456726482143219835117752106
-0.388053951892190830973219024403,0.430607720085885641240276775276
0.466850293267845435938296028808,0.432815583778431929515442044111
-0.446812130820646698362648051195,0.433966787154104117548686544814
0.408092105990430149616193340660,0.436174504800042493749187191600
-0.505570309749102565752077077988,0.437325854222322593857096314353
0.349333163324594716838291853158,0.439520185500630847653419300943
-0.564328488677558433141506104780,0.440684921290541070165506083891
0.290574627542575643690672892186,0.442873004510122592086526301164
-0.623086667606014300530935131572,0.444043988358759546473915853429
0.231816439805626587731332796745,0.446231917493019670958999638242
-0.681844846534729397342340770040,0.447403055422443475403247835753
0.173057879414209880580007385231,0.449584305192176896525391773865
-0.740603035225335211976286453573,0.450762128896346863282233859939
0.114299692270238218928781881978,0.452943228548139088987219104855
-0.858197541367187650248484837054,0.453330802092919019732549171218
-0.799351259393259190577287798441,0.454291021027395632868665329517
0.055541513339046587938283620812,0.456302295568502465929710201904
-0.003216665589831999612919239063,0.459661362629326547775262799533
-0.061974844518700048188172344923,0.463020429690334981711247859369
0.851954856536324091910219562261,0.464956727619965194112045540871
0.793101046093868063954999135048,0.465146250601892909661887264179
-0.120733023447548003454416797498,0.466379496751694896050719436701
0.734310634264000000000000000000,0.468738768502000000000000000000
-0.179491202376196949649884327764,0.469738563816535958688064264974
0.675414743405926293361830313364,0.471976319143536528153937599948
-0.238249327466504955533872814955,0.473098572511307710257871203478
0.616654790024970946846940141542,0.475304201537068384392093580573
-0.297007649804479587559222833407,0.476455130060925524757082971112
0.557896611063586567999136469681,0.478663268582044186756018201362
-0.355765825013869980816086099514,0.479814262183930690174655355579
0.499138432095147473692912713817,0.482022335626848436172221519330
-0.414524003942325848205515126306,0.483173329252149166483065125117
0.440380241174898805153951157523,0.485381192923137145852545811335
-0.473282182870781715594944153098,0.486532396320367642791474894656
0.381622053897483518831848469374,0.488740113944747710086290958823
-0.532040361799237582984373179890,0.489891463388586119099884664194
0.322863111231648086053946981873,0.492085794645336063990523068166
-0.590798540727693450373802206683,0.493250530456804595408294433732
0.264104575449629012906328020901,0.495438613654827808423630068387
-0.649556719656149317763231233475,0.496609597525023071716704203271
0.205346387712679956946987925460,0.498797526637724887296103405465
-0.708314898584864414574636871943,0.499968664588707000646036185594
0.146587827321263249795662513945,0.502149914336882112862495541088
-0.769782010567513537779748924982,0.505177821343768092988899401940
-0.828635886369874263697327113758,0.505345826098235323222591653922
0.087829640177291588144437010693,0.505508837692844305324322872079
0.029071461248413000593234150818,0.508867904753668387169875469708
-0.029686717680455047982018955042,0.512226971814676821105860529543
-0.088444896609303003248263407617,0.515586038876036735445332106876
0.821663781035752629438860300704,0.516604749367372567617283237185
-0.147203075537951949443730937883,0.518945105940877798082676935149
0.707624980332514449690764996142,0.521233882620532441530876692109
-0.205961133014440702016663543538,0.522306296823120158935984319527
-0.264719375744850675931178485722,0.525664247655316548877710448686
0.649027752691099092930935795103,0.526726772142211631477959461064
0.590184737936163773196146815004,0.527869810683858074736703940123
-0.323477698135547807734692801243,0.529020804281998880242813473476
0.531426558970639937214791598395,0.531228877726749403093121968586
-0.382235877064004998048382201417,0.532379871350194215417443705421
0.765228261085088749914050735573,0.533303222664516956541225876634
0.472668380038397362929292395753,0.534587944789780850582369290238
-0.440994055992460865437811228209,0.535738938418412691725853474959
0.413910189118148694390330839459,0.537946802086069560262693582243
-0.499752234920916732827240255001,0.539098005486631168034263244497
0.355152001840733408068228151310,0.541305723107680124496438729732
-0.558510413849372600216669281793,0.542457072554849644342673014036
0.296393059174897975290326663808,0.544651403808268478400670839075
-0.617268592777828467606098308586,0.545816139623068120651082783574
0.237634523392878902142707702837,0.548004222817760222833777839295
-0.676044292694000000000000000000,0.549283735080000000000000000000
0.178876335655929846183367607396,0.551363135800657301706251176374
-0.734815718303260863691247653717,0.552518769030185277517421264227
0.120117775264513139032042195881,0.554715523499814527272643311996
0.061359588120541477380816692629,0.558074446855776719734470642987
-0.793351582324000000000000000000,0.559110932770000000000000000000
0.002601409191673428805563586769,0.561433513916785153670455702823
-0.056156769737174526460680865807,0.564792580978145068009927280155
-0.114914948665823472656148396073,0.568151648042986130647272108429
-0.173673005272746761772574917501,0.571512854126347189104475778283
-0.232431174457223136467182219278,0.574872091635913301723120742154
-0.291189423149780774691431969960,0.578229938139369582769200638472
0.711495130126602970186801104736,0.579960613017588785371032330274
0.563714685843217142411801943719,0.580435419828563291073807707346
-0.349947750185682639668513958641,0.581586413448265646802528494341
0.631965404663663662942131872730,0.583053348483650095169544122150
0.504956506913889826451171280331,0.583794486889681817503269739494
-0.408705929114140015280678303319,0.584945480516457740660232055262
0.446198327981812175247202233127,0.587153553952796314016830932041
-0.467464108042595882670107330112,0.588304547584676216968641824800
0.387440137061563506708240676833,0.590512411249085023697155224046
-0.526222286971051750059536356904,0.591663614652894693277051594339
0.769098414437629093211591688906,0.592029952827067686754275904587
0.328681949784148220386137988684,0.593871332270695587930900371535
0.269923007118312787608236501183,0.597217012971283941835132480878
-0.584811964656297883064896085796,0.597236458746909553486445953795
-0.643654093244949853828590386410,0.598424240592945013591656631919
0.211164471336293714460617540211,0.600569831980775686268239481099
0.152406283599344658501277444770,0.603928744963672765140712818177
-0.757468560157063940562672012908,0.606838707160707964572499822048
0.093647723207927951349952033255,0.607281132662829990707104953800
0.034889536063956289698726530003,0.610640056018792183168932284790
-0.023868642864891665567517922573,0.613999123080152097508403862123
-0.699498810988102938977382097328,0.617003110923102010688956140254
-0.082626821794027079570223296805,0.617358190145312368397502003824
-0.141384877304521760243088299169,0.620719415395552325947588583097
-0.200143027796304735521247658988,0.624078979852771308179250376874
0.673415205193208357784748215811,0.624835174181172951371900481070
-0.258901220252144866565157764295,0.627437810286073484281829373962
0.596002812715345619199384485529,0.629641961930671623638402880625
-0.317659471806873364703087942580,0.630795606704630006242719153015
0.537244633786467031648181625655,0.633001028991495705483955478255
-0.376417802235817656900810060543,0.634152022614529172045316844184
0.478486454857304638769081117705,0.636360096052697280937731381297
-0.435175981164275032512974405222,0.637511089682721265903020405104
0.731801093871372316899865908536,0.637557052461627148519877891516
0.419728275928655692573610707146,0.639719163117538343575025826306
-0.493934160092730899902403432015,0.640870156750939742211430174642
0.360970085008407024034649150851,0.643078020413827053255350118311
0.302211897730991737712546462703,0.646436941435437617489095265800
0.243452955065156304934644975201,0.649782622136025971393327375143
-0.561446731552742064439454090496,0.651253796746608541819806905718
0.184694419283137231787026014230,0.653135441145517715826434375364
0.125936231546188175827685918789,0.656494354128414794698907712442
-0.640805879076013147796520068638,0.657209396870742669568317729326
0.067177671154771468676360507274,0.659846741827572020265299848065
0.008419484010799807025135004021,0.663205665183534212727127179055
-0.050338694918048148241109448554,0.666564732244894127066598756388
-0.109096750428542828913974450917,0.669925957495134084616685335663
-0.167854899511706654753692309567,0.673285546588746430999655852436
0.633216587948775454370487212696,0.675237376781651861112273094932
-0.696650596819166232945311779556,0.675788267200899666665617237661
-0.226613079576099231333590553444,0.676644593786635106005913594949
-0.285371269696943259728403733331,0.680003465067284633671849597428
0.691812917842739348194409579796,0.680739834915520605215106975089
-0.344129521728435673995438220935,0.683361253142914563305798891454
0.573006460196000000000000000000,0.683907560171000000000000000000
0.510774581729881843966091463029,0.685566638154511168918417120058
-0.402887854286418890422127014216,0.686717631781071244880553716843
0.452016402801232897770621052470,0.688925705219352231555711565066
-0.461646033214874757811556041009,0.690076698849289721188963486381
0.393258223872384942504376599895,0.692284772280712145895183142399
-0.520404212143362348331591383453,0.693435765916953283485049075040
0.334500032952136273965415043600,0.695643629577000855575507434404
-0.597881098821554023597362909122,0.697474396096666182045628837841
0.275741845674720987643312355452,0.699002550598611419809252581892
0.216982903008885554865410867950,0.702348231299199773713484691236
0.158224367226866481717791906978,0.705701050308691518146591691456
0.099466179489917425758451811537,0.709059963291588597019065028535
0.040707619098500718607126400023,0.712412350990745822585457164157
-0.018050568045470943044099103230,0.715771274346708015047284495148
-0.654409826696160051059467869203,0.716770266444135388582139386361
-0.076808623555965623716964105593,0.719132499596947972597371074426
-0.135566763186656861810026945926,0.722492254007231067760364244107
-0.194324951317898793502651293853,0.725851160092670904115347524246
-0.253083116466176987635284522303,0.729210468200732854235180886525
-0.311841317907950893732294153415,0.732569141433594877842327452068
0.634947961938146900718045240082,0.734066020031910089186524712225
0.543062588257495814263155836971,0.734773259223529742799092392782
-0.370599571279468536203991970357,0.735926906059914086591434187519
0.484304409328846868067685426412,0.738132326288370805436386837791
-0.429357906336553907654423116119,0.739283240947334770123342066684
0.425546230399998912801440973836,0.741491393349730719775858415123
-0.552173937884990273638301735834,0.742978590310188767911099653036
-0.490680532284000000000000000000,0.744253181956000000000000000000
0.366788043256027251150215470584,0.744850316705692912237685746114
0.308029852335778582611253914289,0.748209174001981621918010038119
0.249271665058363296289151226140,0.751568095023592186151755185607
0.190512722392527863511249738639,0.754913775724180540055987294951
-0.609762771215636304985040698984,0.755116679046571349745997255753
0.131754186610508790363630777667,0.758266594733672284489094295171
0.072995998873559734404290682226,0.761625507716569363361567632250
0.014237438482143027252965270712,0.764977895415726588927959767872
-0.044520617028351653419899731651,0.768339120665966546478046347150
0.589288380507114817777255112239,0.771201037819709453308813491294
-0.103278745144434914798601854771,0.771699076447099789197930155851
-0.162036943799359542071959376685,0.775057798434052370614303284075
-0.220795028696033963173434211191,0.778418509940925023724931790799
-0.279553296902372681603535830200,0.781776014959415614017759867142
-0.338311495725516487922007946092,0.785134734003504712636350276769
-0.397069750361226352858123553939,0.788492476507376196473890294349
0.457834357272576117998451319160,0.790697935451544607756544153883
0.520390990206000000000000000000,0.791223675931000000000000000000
-0.455828086903309358375430216658,0.791848785397293500289035179917
0.340317803542175654558160711982,0.797415831371188756881279846517
0.399261406680000000000000000000,0.797540043667000000000000000000
-0.547188564163158087741787395067,0.801621176980721046478850268033
0.224793573059365799747125326426,0.805090332781797323794805242231
0.164037080938029556541944145277,0.807476569905331866543558832369
0.105278893201080500582604049836,0.810835482888228945416032169448
0.283259132335768238491712794932,0.811842021537560411952716997075
0.046519956990467028697508096813,0.814188117131513881882293520380
-0.012238098520027651975356905550,0.817549342381753839432380099659
-0.070996226636110913354059028670,0.820909298162887082152263908359
-0.131626734552658594683793760214,0.825446548132066203870967411624
-0.247267939995549301131402842268,0.830984396648414530134336009549
-0.497595767681801061028284469107,0.833312839286695579953319169367
-0.364783547326000000000000000000,0.837700345663000000000000000000
-0.305733023621000000000000000000,0.838344274732000000000000000000
-0.188939044190349443589334659868,0.838829611749826663033066188763
-0.425270989906000000000000000000,0.844687846934000000000000000000
0.472833191424282962966534053888,0.847608759524358888017429234502
0.367305311017142755891042473080,0.849717660811905453523170197469
0.196393044270615220002236835197,0.856638532431024400384615504839
0.137640245704779281297526808565,0.860090428031927104153693633631
0.078802865916039265335768464957,0.863398082726507274359094029092
0.305050613291108146596109840993,0.866513204809283030305420091900
0.020044810405544584662903462594,0.866759307976747231909180608370
-0.038775993355000000000000000000,0.870257301189000000000000000000
-0.097550722598542728414758166684,0.873432299474107078029415978545
0.420589761118668781970345346763,0.874709145360351310969684777608
0.248723430791169295533594650645,0.883573551645611048491655315196
-0.268141064886743372588722769078,0.886012758101165274460140519700
-0.204375694803643205902221420891,0.895623254989273449657233896774
-0.373216114338000000000000000000,0.895947264250000000000000000000
0.349003193461749663482937449049,0.905653690484611014162275936473
-0.146471433884916031647726933084,0.906154737546846951646992364972
0.111005665182430573464187104885,0.912660508996086530652463997702
0.184531723279719667670264280201,0.914285006624232136641380681100
-0.318225935280000000000000000000,0.916920946667000000000000000000
0.052516282004263035874528742793,0.919202601780105819841453213791
-0.006337598476938981409579523742,0.919368959411770798396663649105
0.293469285459924677227320385863,0.925141942961476756384283351181
-0.079211616074798783331652240673,0.929356212914316153301549079923
-0.243599291989230896400258831369,0.939505833885508343258743290776
0.236856281736006826765920438103,0.941228419639509412840234356758
-0.186207370552201644647418089868,0.952543252200615333820886630636
0.146753660643836953849030458616,0.959413987401960181792005823751
-0.128130758537378933647588603910,0.962078138641311693942090999412
0.087507257939181521794116127039,0.966620047352040295039186636761
-0.036535838130473511682985056425,0.969885028581738087798481311734
0.023300594310054417486379861941,0.970293212611370032445664741917
