-0.026751855137568357970541881019,-0.970286464941942463415977445106
0.032887844924833540107108538290,-0.970097816695945931830470331891
0.092898798082225111001142824076,-0.966199409603271674299557442402
-0.107696363434980638140795614640,-0.964662106183151235467816169002
0.151122499777092084510988554803,-0.958818791985198622672571792988
-0.165800107085108092833390534922,-0.956389988599524954725650696036
0.219579316115081188670606738686,-0.945492680953832677671460629672
-0.223297704196653750046379486970,-0.944621416813813567634184817856
-0.285854898597232923001879812040,-0.927609003163940009601996632116
-0.064284413649480904742222787076,-0.925166846071356614433468861448
0.000940891553221223011132707258,-0.918541081223229657628487687610
0.059626484137954849206183044527,-0.917852475054419620900616057349
0.319374559039017359827209453632,-0.916608627954955483189614334345
0.117792269970738501615968227268,-0.910028517364617728755827629117
-0.130134313032474945605134151253,-0.909780718168931175329103578784
-0.341393626089834993018542058913,-0.908637374241268329994996827522
0.176330716082388177865539776030,-0.905818614478498797239094411559
0.261882665614009088612296881365,-0.904812224016273308526835442218
0.374187192523317451748701822217,-0.895631302911164747891941225034
-0.241737153337382581211649371112,-0.888903738552210272613574989273
-0.395684256893078359664047471475,-0.886343869302318328102050399624
-0.183197826525696705514032527668,-0.884706099702606750935176783714
-0.086294653470755453110631520402,-0.870760759109629200132651440802
0.431476281376397188313251398579,-0.869482434792347547254118948373
-0.027706095826503139639925533223,-0.867317814346321282284131585548
0.030979496758230486555124804046,-0.866629208177511245556259955286
-0.448528310568576357805210348186,-0.860809990893072463534826563970
0.089145282591014138964909986788,-0.858805250487709353411471527055
0.326588308083000000000000000000,-0.856216438062000000000000000000
-0.290742913246227437464381607960,-0.855318791611790872383578606577
0.147683728702663815214481535549,-0.854595347601590421894738309497
0.206384753406756893734775165662,-0.852237521515992758381006644323
-0.349232199874932123709174753691,-0.850473556308702609783027898882
0.264764231284471207065936982737,-0.846193374362225338531579697277
0.483235866563281487058353738830,-0.841816240678253482313879100567
0.382266294114395665101039425710,-0.837500406883681195164973000323
-0.499732595201177861340583595272,-0.832129088000370582662443981584
-0.236522216907645419160094924828,-0.830446254912295820413903000198
-0.177981030836549321880854444335,-0.826248781955255745021068138050
-0.119421674340700255434181768896,-0.822314155036918631418609059457
-0.060898024076736697226795307128,-0.817850607239690968682992911806
-0.002309466432484383756089319950,-0.814407662476383050834473056552
0.056229578183755086018952164012,-0.810206090045138962583624820598
0.114768622799994555793993647975,-0.806004517613894874332776584643
0.173316271874651437933786978910,-0.801799081767601212477364850746
-0.446802775723000000000000000000,-0.799398777948000000000000000000
0.523770157171905065281897575835,-0.799372816684273967392106377567
-0.388002806991000000000000000000,-0.799284930053000000000000000000
0.231855431000184845386519717923,-0.797598273587291045876294765946
-0.326266525202502573717272669531,-0.796463828089453130842442462641
0.290395085140884181094522176132,-0.793396288400325265242449456338
0.348934129757123650869563660094,-0.789194715969081176991601220384
0.466745928465213035104396692235,-0.785490803289814711174089990964
0.407897147961217672878789339292,-0.784703320917125094942130739945
-0.269426014146924623710261846609,-0.781847766430518243560130595162
-0.525031836318668151493191912733,-0.779172300386730777739805142090
0.578867726081346122145406931941,-0.779155723526590298112020999523
-0.210886589916540204744618676799,-0.777651486381218961257170945937
-0.583613114755887342944932626307,-0.775607644423238169391892047356
-0.152345451455499323885536917186,-0.773453990306126663421393778827
-0.093806214846154159225369336646,-0.769255093704378956710376305244
-0.035267170229914689450327852684,-0.765053521273134868459528069290
0.023321387414337624020378134495,-0.761610576509826950611008214035
0.081860432030577093795419618457,-0.757409004078582862360159978081
0.140401165971982178513299091335,-0.753208251779905664915403125892
0.198947849755157624806423518685,-0.749002347296304490251873688302
-0.359172998073765195293514214162,-0.747867151262226325830658719669
-0.476154487541828729905269155952,-0.746684183604986417785355597255
0.257486894371397094581465002647,-0.744800774865060402001025452348
0.624898875956423604470094659789,-0.742746848280914005822624449246
-0.417615294287304099291004593219,-0.742484682612429850298372642244
0.316025938987706188870989630576,-0.740599202433769165018984613822
-0.629421157561288928977857434773,-0.738918461142391461486642064982
0.374564983603945658763440038175,-0.736397630002525076688628724260
0.496686548952231318706843808746,-0.735012766478450834125125261456
0.438000976496915017417052436433,-0.734322446937306127506327241768
-0.302332487018187245286503391240,-0.733251089603291438548346852190
-0.243793293910674967908086404195,-0.729051586561447953035937225782
0.554633140281688038752420008723,-0.725703335304958176312186042352
-0.185253869680290548942443234386,-0.724855306512148670732977576557
-0.126714597608677316109069462741,-0.720656904339570563197928936311
-0.068175360999332151448901882201,-0.716458007737822856486911462727
-0.009636316383092681673860398239,-0.712256435306578768236063226773
-0.521131075026661456801604129299,-0.708980343831082039872439068656
0.048952241261159631796845588940,-0.708813490543270850387543371519
-0.579803810750895231569118355979,-0.707572139971093225839461495632
0.107492975202564716514725061818,-0.704612738244593652942786519330
0.166032743852488365385935631110,-0.700411517308608942689911963449
0.224578703601979632582890973130,-0.696205261329748390028408845786
-0.452318466650616069775160479315,-0.693052876856495390239699607242
0.283117748218219102357932457092,-0.692003688898504301777560609832
-0.393779242008327226808700710536,-0.688853389813999687400667032131
0.341656792834528196647457085021,-0.687802116467213064795519771305
-0.335239960195776130965490042854,-0.684655090132724587605482941335
0.632952250754314816770370214371,-0.684612382515399687429385742633
-0.651333039036827040182506215291,-0.684472686231210011976083264950
0.400195837450761705278133964752,-0.683600544035885921997444173240
0.691538801411121162757098530613,-0.681135453178394185457102081983
-0.276700849740415116162030890367,-0.680454383968017301987769989932
0.517641558982000000000000000000,-0.679855746835000000000000000000
0.458736229108982546098904749923,-0.679417781793160021542807110585
-0.218161656632902838783613903322,-0.676254880926173816475360363524
-0.159622232402518419817970733513,-0.672058600876874534172400714299
0.575865668726628159189656979429,-0.670989052971075058103898845727
-0.101082960330905186984596961868,-0.667860198704296426637352074053
-0.706798378622107582650802569449,-0.665287560217378962055476507762
-0.042543786034777660412335382898,-0.663660433448396055038491161148
0.015996226788894941045445045122,-0.659460169472589558818689768022
0.074584784433147254516151032300,-0.656017224709281640970169912768
-0.543042956502199568006252909817,-0.654534568919900590361880268624
-0.601715692226433342773767136496,-0.653126365059911776328902695600
0.133124553083070903387361601593,-0.651816003773296930717295356887
0.191663597699310373162403085555,-0.647614431342052842466447120932
-0.485225122463606165231040218583,-0.644456323905874800264108595418
0.250209557448801640359358427574,-0.643408175363192289804944003270
-0.426685945165518067735424948804,-0.640256600493544802644255826203
0.308748602065041110134399911537,-0.639206602931948201554095767315
0.731440061254898332162161952203,-0.638096222565225277517331762097
-0.368146752006774575636940801103,-0.636057098165841585172802236282
0.367287646681274560167713969882,-0.635005030500620242339382669825
-0.309607540289856182138198817024,-0.631857854538845184972273070735
0.425830692573156629000970809142,-0.630803124717193036944977359081
0.616200826738907389320023242311,-0.628356342717074876432143270402
-0.251068365993714510772572753087,-0.627658089283141973089184965358
0.484371512475467777542642786977,-0.626622846409194721828577344934
-0.192529172886202233394155766042,-0.623458586241298487576775338950
0.674632128841407249920970374893,-0.622855807281004949623942667896
0.542910835703051532677443116424,-0.622425157576808660453852752772
-0.133989748655817814428512596233,-0.619262306191999205273815689726
-0.075450476584218721987745797840,-0.615063904019223935043061985015
-0.753373640059632881936246871268,-0.612045459313384254613938793342
-0.016911302288077050241801453697,-0.610864138763520728461107809147
-0.694835589684484894165624927747,-0.607830057345160804387731766577
0.041627804669401127918081584897,-0.606663435001292836593198605579
-0.635792391812827561496601860246,-0.605342984049609609845977809329
0.100216362313653441388787572075,-0.603220490237984918744678750324
-0.576673418460264346628310825195,-0.600047579466255720155278829951
0.158755406929892911163829056038,-0.599018917806740830493830514370
-0.518133313233023627229614248101,-0.595860810370562788291491988856
0.217294451546132380938870540000,-0.594817345375496742242982278416
-0.459594268616784157454572764139,-0.591659237939318700040643752901
0.275840411295623648135825882019,-0.590611089396636189581479160753
-0.401055091318696059958957494359,-0.587459514526988702420790983687
0.334381009004984370701062902247,-0.586408465252397311389120814276
-0.342515898159952567860473346658,-0.583260012199285484949337393766
0.392920308939805692860198640427,-0.582208822483214870526218851961
0.740845025095918275353758426901,-0.580164896412528677381957011395
-0.283976686443034174361731362579,-0.579060768572289084748808228218
0.451464485309112418793688186729,-0.578007375682331866604811688158
-0.225437512146892502996105298642,-0.574861003316585872865720122842
0.510005699901901021249237817063,-0.573827378891011331812379710239
0.627229141469064171700984668327,-0.570712182304335126423626083910
-0.166898319039380225617688311597,-0.570661500274742387353310496434
0.568549311871790983217802975369,-0.569631772619770294059505525452
-0.108358894808995806652045141788,-0.566465220225443105050350847210
-0.789012831167383658115887220484,-0.565358501316012764072055070231
-0.049819622737396714211278343395,-0.562266818052667834819597142499
0.685194818398330376629009859335,-0.561522313417453140500011631213
-0.728202944548362917620460408842,-0.559027452533083661352606983215
0.008719551558744957534666000748,-0.558067052796964628237642966630
0.794832531882531692243411677138,-0.557146856396860927291789234584
-0.668127441384394338471264377010,-0.555569673019579772836117237303
0.067258658516223135694549039341,-0.553866349034736736369733763062
-0.609582393426273708206618043196,-0.551452596986954065932416931663
0.125847216160475449165255026520,-0.550423404271428818521213907808
-0.551042564613442338851843370750,-0.547250493499699619931813987435
0.184386260776714918940296510482,-0.546221831840184730270365671854
-0.492502459386201619453146793656,-0.543063724404006688068027146339
0.242925305392954388715337994444,-0.542020259408940642019517435899
-0.433963414769962149678105309694,-0.538862151972762599817178910385
0.301471265190423065478245071579,-0.537814003453371184907021086714
-0.375424237471874052182490039914,-0.534662428560432602197326141170
0.360014393241460389032103946969,-0.533611686787814451451167108162
-0.316885044313130560084005892213,-0.530462926232729384725872551249
0.418554042652472069020327803668,-0.529413134672322806224954578387
-0.258345832596212166585263908134,-0.526263682605732984525343385702
0.477100077015439899022229344334,-0.525212475084627665259364230934
-0.199806658300070495219637844198,-0.522063917350029772642255280325
0.535643905566100496578282044705,-0.521033862567533923665484859191
-0.141267465192558217841220857153,-0.517864414308186287129845653918
0.594270286910100747019972371214,-0.516878531973571446219552720425
-0.822929200981000000000000000000,-0.514665705378000000000000000000
-0.082728040962173798875577687343,-0.513668134258887004826886004693
0.652802470182719454395200293446,-0.512581296514585612705431031786
-0.763795847048127611447460085301,-0.512362495154775580236532898312
-0.024188768890574706434810888950,-0.509469732086111734596132299982
0.711473276602405928430747822891,-0.508850477559215986295825845648
-0.701060746753034779147904667818,-0.506991176202850826857422952231
0.034350405405566965311133455192,-0.505269966830408528014178124114
0.829064495555377753946192922014,-0.504800470162014127485174263691
0.769961216451474415345447967472,-0.503987740829923283352410431586
-0.642496587537572330694796922565,-0.502772587053023672612652394786
0.092889512363045143471016493786,-0.501069263068180636146268920546
-0.583951539579451700430150588752,-0.498655511020397965708952089146
0.151478070007297456941722480965,-0.497626318304872718297749065292
-0.525411710766620331075375916306,-0.494453407533143519708349144918
0.210017114667696311927150360879,-0.493424745843724522329519472859
-0.466871605539379611676679339212,-0.490266638437450587844562303823
0.268556159287753806057757184004,-0.489223173465675637345059361860
-0.408332560923140141876742733309,-0.486065066006206499605799644568
0.327103857363327791070908631949,-0.485017761409314592716005419808
-0.349793383625052044359282016530,-0.481865342593876501996551957983
0.385647836838808191825206719656,-0.480815858107152011385294053466
-0.291254190466308552257196143247,-0.477665840266173284526846860432
0.444188439231424043361974606590,-0.476617768706074585471991310751
-0.232714978749390158758454159169,-0.473466596639176884326317694884
0.502728805519608090173460150360,-0.472414241234118566657738390286
-0.174175804453248487392828095232,-0.469266831383473672443229589508
0.561274220515732197973159388355,-0.468236514991545304445037719227
-0.115636611345736210014411108187,-0.465067328341630186930819963100
0.619814178311064035526939240145,-0.464039195029943572457440974618
-0.852901218176755051961976527584,-0.463390761491249479389463282755
-0.794224139653320793750802304718,-0.462176919890464705661028930392
-0.057097187115351791048767938378,-0.460871048292330904627860313875
0.678423681582409149534105379087,-0.459779521646734591426155357956
-0.735241306311000000000000000000,-0.458686556056000000000000000000
0.001442084956247301391998860015,-0.456672646119555634397106609165
0.736954094779938065975975665777,-0.455459365588394586357617932989
-0.676202240913263601039381924382,-0.453826078225971974453583169004
0.800210151004016309458152533286,-0.453693718409152081922600693845
0.059981259252388973137943204158,-0.452472880863852427815152433296
0.858986986188848259744389225062,-0.452009637173019136676603828415
-0.617665339394655831733080190894,-0.449594752656143880800524201414
0.118520366209867151297826242752,-0.448272177101624535947243229728
-0.558493796075139191495622780549,-0.445774737093140623920277114900
0.177108923854119464768532229931,-0.444829232338316618098723374474
-0.499889383963731984088886729262,-0.441603773759165173450145107682
0.235648487875265565753224186365,-0.440626260603811964669499280586
-0.441348143203170569612725665904,-0.437417553054170925277580163376
0.294188751460658531650420744374,-0.436426931421619045154043694954
-0.382809098586924996744541825163,-0.433215980622929784515229137869
0.352736344632234184944847064801,-0.432221468434462492337343397908
-0.324269921288836899248922480921,-0.429016257210599786895433161843
0.411275187530310167754285412476,-0.428017071643712922168016795741
-0.265730517838585345805263580452,-0.424816856443682631463791121217
0.469817660027095985279278301534,-0.423819889990317808561510349613
-0.207191303450527367258556993296,-0.420617614106726110559817230847
0.528356518328949616604465023171,-0.419615506114193002486843472755
-0.148652129154385695892930929359,-0.416417848851022898676729125470
0.586900021051153676445263297968,-0.415436976145113531115363949860
-0.090112935099059886794890423098,-0.412218346266930617107914946501
0.645439095967188271787282405529,-0.411235825891676403196103829825
-0.826527144565006188580301595188,-0.410960987539809274132681019123
-0.767850066041571930369127372322,-0.409747145939024500404246666759
-0.031573510868675467829247253288,-0.408022066217631334804955297276
0.704039905344449562527032817405,-0.406867745069962707179434780706
-0.709323475294871032887804486165,-0.405375517976211277063781789311
0.767202925105583509967899963617,-0.405165417440033571719994023567
0.026967729526230317939264525011,-0.403824614701498422603131880851
0.828143862970373376990233808462,-0.402077863029024985691486832220
-0.650598225621212484281466296219,-0.401015971651553113732918717997
-0.884248609346593192315608246836,-0.400344704812551262707137489051
0.085506903822371989685208869154,-0.399624849445795216021177704982
-0.591342707622585100765556465479,-0.397139133204372671167753104134
0.144046010779850167845091907748,-0.395424145683567324153268501415
0.886565555073225429044582212823,-0.395187230128389286040807518631
-0.532798583352791865375558452245,-0.393008943262000494625879645534
0.202634568424102481315797894927,-0.391981200920259406304748646160
-0.474259625955118530321164162192,-0.388806155821449648720758660590
0.261173490321097345729314803746,-0.387777919034089886669323243772
-0.415719520936867041970379391312,-0.384619383803635385098822570332
0.319712657927514096405077800577,-0.383578060533507591660400888842
-0.357180476320627573310666862050,-0.380417811372391281308484652986
0.378254190237107795413040837486,-0.379369670819216725079856867601
-0.298641299022539475815047517808,-0.376218087960061283688688676960
0.436793032031440257616859704597,-0.375165273495558961321504883865
-0.240102105902129985270342233179,-0.372018585097999182023668329136
0.495332279987983993932804699209,-0.370966535094639513487118768484
-0.181562894204411871069049007232,-0.367819341203342870027066091706
0.553871620707793712323886924900,-0.366762379979066563139322328255
-0.123023719889553402796527251110,-0.363619576208527065866739413721
0.612413561858149811611818539690,-0.362583100308361420606841193357
-0.064484526782213545576810722922,-0.359420073164280120501503926109
0.670958640728058035911647468902,-0.358384847398408728428102020720
0.734288868253859843613954240628,-0.356573876672466238808757410675
-0.744607772004893354981416375395,-0.355855878340371366263021133808
-0.005945102551829126611167553112,-0.355223793114980838198544276885
-0.813903122134759028024110753701,-0.353645134469670972437956094570
0.792865528545172488026571027225,-0.352383756418510213520596809196
-0.684463200463281451119998696262,-0.352211247166061917866623140016
0.052594169168534739589671947695,-0.351025386044856154988955280603
0.851405745680651213777330130712,-0.348194981800605383989751981902
-0.625903336904804824909799183685,-0.347774677276215963450001754632
0.111133343464676411335616291837,-0.346825620789152948407001104734
-0.906827604522280885944806804575,-0.346172184727794845064405043994
-0.567364423251178973565834668784,-0.343571280586584768307990606040
0.169672450422154589495499330431,-0.342624917026925056539091901166
-0.507182350080292160507435530280,-0.340204762097949246070355819849
0.228261008066406902966205317610,-0.339181972263617138690572045912
0.909608129006000000000000000000,-0.338695080849000000000000000000
-0.448637259590208995324915292709,-0.336004950367980897904195765373
0.286799919367570942194249371109,-0.334978542812381547702418746618
-0.390097154571957506974130521830,-0.331818178350166634282259675115
0.345339097560444082106973053463,-0.330778831872315382255915899696
-0.331558109955718038314417992567,-0.327616605918922530491921757769
0.403877544818075577988092886521,-0.326568944919897282472690242629
-0.273018932657629940818798648325,-0.323416882506592532872125781742
0.462416644163188078549083831731,-0.322364672582323025861909350148
-0.214479599285326606259580669441,-0.319217447703536431015631457535
0.520955892119731814865028826343,-0.318165934181403578027523234767
-0.155940370532733299085638060509,-0.315018212085005477788931060477
-0.857506675857539607888400640070,-0.314361511186912883087232470959
0.579494733906585271154606635651,-0.313961536753613805603054406840
-0.097401196207087560188460458725,-0.310818447095424355189778430219
0.638035327623537185127759572075,-0.309781603411581219687714862141
-0.777745340102221982892378799707,-0.307416488004901891561402060550
-0.038861972165811041774761113086,-0.306618959062335866629439217366
0.696574371283166080786040015734,-0.305580017652236588535536882877
-0.717582035596052027864686341008,-0.303759021169934550194193148117
0.019677463364061903252993600466,-0.302422684496289081796575477382
0.755136384436705115067984164459,-0.301711740143863288928526311457
-0.659022131327871093928274967224,-0.299322449139217555573462149561
0.078217394600876019902518976517,-0.298224597471952391789315376548
0.813675300526314346239985960008,-0.297507292013698981106044998305
-0.600501873679738173754924266846,-0.294866845894626979109624001286
0.136756568897017691648463320660,-0.294024832216249185207361200679
0.872215254603105171513632670949,-0.293318410042558086655135616054
-0.540086093940663273229184684128,-0.291606237475815335920031114829
-0.926091339996179314219909307194,-0.290734098080898986426999659802
0.195295675854495869808346359254,-0.289824128454021293339451997111
-0.481546665101266213721109158531,-0.287410021724184654063492549201
0.253884233498748183279052346432,-0.286381183690713375490932141857
-0.423007707845783561093400137302,-0.283207232303116723407159118427
0.312423144799912222507096399932,-0.282177754239477784502778842563
0.929382166929164662106714577679,-0.280036200490182737330819672815
-0.364467602827532072742615366422,-0.279020460285302459785223028169
0.370962322992785362419820082285,-0.277978043299411619056275995641
-0.305928558211292604082902837160,-0.274818887854058355994885110823
0.429506108350463989342892073219,-0.273770747159524850943614042545
-0.247389380913204506587283492917,-0.270619164441728358375089134796
0.488044907502647875915485647274,-0.269565756161039754013223213222
-0.188850187794513622193875778156,-0.266419661555709655082490659409
0.546584198033086650117926539643,-0.265367611371975557395769298083
-0.818406084978595388870588441946,-0.265094191498503051956946934458
-0.130310976129767317932418168000,-0.262220417201412582899809220994
0.605122997114164425241307726996,-0.261162619383603470064765618869
-0.876770411331438036163503142688,-0.258923424540017024449827086767
-0.071771801782137243737114091427,-0.258020652663389684753646411096
0.663663633271894699601936350366,-0.256983280473523500262968797973
-0.750751397616564134829180060183,-0.255303149745315586212236102853
-0.013232608675165395045200576663,-0.253821149614012865202346127466
0.722202676177376559375435781159,-0.252781684206957714327567496993
-0.692140944404638951624297299224,-0.250870233752682586969386506908
0.045306815555085535290448384101,-0.249624869562851374598792745425
0.780764690022971833555386239930,-0.248913417175666697536503305621
-0.633620686723047706036148115574,-0.246414608817908328945390067163
0.103846087268423264692309427897,-0.245426462394759791199081738432
0.839354767988575653633108638606,-0.244669059763051663371288145323
-0.573065340115150415948819860423,-0.242985157589057016728869733987
0.162385261564564936438253772040,-0.241226697139056584617127562564
-0.514526955720973842407501133609,-0.238774396613094334169362566514
0.220924368522043114598136810634,-0.237025993376828692749218358996
-0.455987526881576782899425608012,-0.234578180861463652312824000886
-0.941969389718613701673880048150,-0.234233120279723130304314217363
0.279512926166295428068842797812,-0.233583048613520774900698503741
-0.397448569626094130271716586783,-0.230375391440395721656490570111
0.338051837027017448504433996944,-0.229379613028489514973955124571
-0.338908464607842641920931815903,-0.226188619422581458034554479854
0.396591015659926169864170429554,-0.225179908222021730099709590207
0.914481340754115863946168135009,-0.223269675713639228202648167811
-0.280369419991603173261219286640,-0.221987046991337354244216562508
0.455129463394597795618876605395,-0.220970021474674867695815764802
-0.221830242693515075765599942398,-0.217787323579007356624420586481
0.513668263926509918676668010994,-0.216765031156047697587474974182
-0.163291049574824191372192227637,-0.213587820692988653331822111094
0.572207838836102694013237877603,-0.212567024372633619028604269693
-0.842244212589777673729839431651,-0.211463814807862293892994352595
-0.104751837929429728831800334485,-0.209388576068918872905335410084
0.630746682180226965891751278536,-0.208362053864735122042383306622
-0.783746715123827804726467051490,-0.206718738865555968235554662306
-0.046212663562445318014329845070,-0.205188811800669889993327542976
0.689287454999026292844463527575,-0.204182781275379127948659964001
-0.725217022740728933830927926484,-0.202388835285003206671936665550
0.012326533441707678568571314887,-0.200989310636682626643701127539
0.747826497904505104652536117792,-0.199981185008770876015200935121
-0.666684807030575485946934096671,-0.197903479852603781000144477150
0.070865963670611965856651068859,-0.196793033487567682798661155962
0.806388511750103175845584212156,-0.196112917977522203436267383617
-0.898514155132481622165642515297,-0.194785489900430435374975195210
-0.606184172388343032454218407064,-0.194532910343025969205485087830
0.129405285733420385477140046376,-0.192594650677727462699664068726
0.864921963738276204573970648065,-0.191831782888595605237497245488
-0.547541190281433743241503037171,-0.190136404238168532797177096017
0.187944460029562057223084390519,-0.188394885422024256117709892857
-0.489002805887257169700184310358,-0.185925643262205850237669928544
0.246483566987040235382967429112,-0.184194181659796364249800689289
-0.430463377047860110192108784760,-0.181729427510575168381131362916
0.305072124631292548853673416291,-0.180751236896488446401280834035
0.953865297477414688712713899309,-0.179756724655025191056353833691
-0.371924419792377457564399763531,-0.177526638089507237724797932141
-0.954403949836717642535408223355,-0.176874493183457454415453615385
0.363611035491028459155127824262,-0.176547801297724178800559978372
-0.313384314774125969213614992652,-0.173339866071692974102861841884
0.422150214124922379281146096305,-0.172348096504988960694876749592
-0.254845270157886500553902463389,-0.169138293640448870312523924538
0.480688669672883427237821538888,-0.168138213537589182897178713299
-0.196306092859798403058283119147,-0.164938570228118872692727948511
0.539227481331612508971062891556,-0.163933228601944298715077719071
-0.137766899741107518664875404385,-0.160739067342100169400129473124
0.597767176609469035813147711938,-0.159735280051023016894518571263
-0.817493644807731766908639203314,-0.157789933292897194007246842307
-0.079227688097700602362040968171,-0.156539822690323170203234255312
0.656305986140734652582057710576,-0.155530293184799966103864281778
-0.758392051772238514882238273309,-0.153788463957856494154937486954
-0.020688513728728389228388962774,-0.152340058449781529738897948434
0.714846623718375523194592869674,-0.151350955167881145364825554663
-0.699862359389139643986699148302,-0.149458560377303732591319490198
0.037850679378480059579333638840,-0.148140555403702809917755515279
0.773385666623462317429993757007,-0.147149358895811080340537828134
-0.639230472354182535416088472543,-0.146031209197140151160346055309
0.904763925888857148425201414525,-0.144164051194662572085808188001
0.096390103609094983512446625510,-0.143944275357619144285893990319
0.831947680469420133002186631573,-0.143281091870008607612095837497
-0.580659983994091683505286584606,-0.141684175615581165839178942182
0.154929375552139381492474760101,-0.139745868341678972631933639643
-0.521921947502258405112370263446,-0.137333683144471686208330713442
-0.907204178973510590235780406092,-0.136431083865754002714607357671
0.213468549848281053238419104244,-0.135546103085975766049979463774
-0.463383563108081831571051536632,-0.133122922168509003648823545968
0.272007656805759231398302142838,-0.131345399323747874182070260206
-0.404839999792008651378415183180,-0.128928712615023045998859032662
0.330596214450011544869008130016,-0.127902454560439956333550404952
-0.346301031122120424081549854951,-0.124725928733192628613071042589
0.389135125309502240602501501981,-0.123699018958260721763015937621
0.962985516354388508424869799893,-0.121780052064376997022465933955
-0.287760926103868935730765084072,-0.120539156715378364991134952332
0.447674303943641148680730428723,-0.119499314168940361179766241074
-0.963348992686188754906268318422,-0.118870535009051879351660735485
-0.229221881487629467071052554809,-0.116337584284134261200797034985
0.506212800075257591774416179115,-0.115289450802027771464907511865
-0.170682704189541369575433210567,-0.112137860871804263581001058959
0.564751599229124122643350938786,-0.111084459826967213806857698579
-0.851326453295422403559333516976,-0.109830782734388835598627362170
-0.112143505869274922572082083572,-0.107938360510032122074989026816
0.623290889816105219261412437762,-0.106886315826334078496810047559
-0.791389230454956286855425602503,-0.105225351244486408977298000101
-0.053604294225868006269247647357,-0.103739115858255122878093809004
0.681829688901930837807494289248,-0.102681323904057968317263292083
-0.732857573125537668023057250455,-0.100922091346620456528347575332
0.004934880143104206864404358040,-0.099539351617713482413757502126
0.740370325075837754221436503038,-0.098501985220566691816917170520
-0.672380929983694370187015713894,-0.097600639156813285372911406886
0.063474082916973079669197636993,-0.095339853262721682743641363470
0.798909356608258780645544001543,-0.094300230501014111296327536418
-0.613698556539881588781614526079,-0.093177210346522711296935092977
0.122013507147588003602310623662,-0.091143573216638017111779838510
0.857471380890244464847957531271,-0.090432121470339727825539510068
-0.555040741214916345376153810881,-0.088881454521884319250332559606
0.180552778893310690018184694129,-0.086945166104940523807781427068
0.916033575123123492769510380423,-0.086566586305887600860598370460
-0.496300895645423822652428761379,-0.084531839831700314702343557124
0.239091953189452361764129038272,-0.082745400849237317225827251200
-0.437762511251247249111110034565,-0.080321078855737632142836389651
0.297631060146930539924012076866,-0.078544697087009425357918047632
-0.900700921458102285959475867476,-0.078102387658144113082339470441
-0.379212573600628743865627445099,-0.076129962797603687543069857892
0.356219617791182853394718064044,-0.075101752323701507509398192377
-0.320673382858374783551686613238,-0.071927286705704832000293563226
0.414758528649976862138599265051,-0.070898316711819900547713174469
-0.262133277840123295200901842358,-0.067740514687890568378357472969
0.473297707284811813247824974883,-0.066698611932201599851979832051
-0.203594233223883826541189313095,-0.063538942256646464588019555622
0.531840570651894625099988798735,-0.062490868135615061148227843037
0.968750869797665091208843695801,-0.060772017155102902504447579827
-0.968772139997539057513604869999,-0.060431999531881854759665072233
-0.145055055686649394691831764902,-0.059339218960394417846647993656
0.590379051363620026955198716305,-0.058281446022615144930767330023
-0.825190459509008881881829480587,-0.057246683113911438149510281313
-0.086515813144487078474850122988,-0.055139740063273081619083512479
0.648918659531618523581137304784,-0.054087732749837747781243482741
-0.765752315358399475073859079709,-0.052317473367351825860325910379
-0.027976588397184551926166104833,-0.050940501766656525557225595232
0.707457688578442753032725884167,-0.049880718249556533436261103273
-0.705414537113689178683942425186,-0.049043842244232155409538216037
0.030562599698812731709585931102,-0.046740744194306750485395341671
0.765998482543328416409846024454,-0.045703590355773991207237633483
-0.646856719187560078949760439145,-0.044751915248741793504191989288
0.089101853487403133426507781773,-0.042541270601191223371968982690
0.824537506909495388706871332177,-0.041501735796847050295510981526
-0.588079200338998401742024530065,-0.040374412000375911680227715001
0.147641277745674499821890436004,-0.038344990568531648444085914938
0.883099537766995853249781763092,-0.037633726318804239788207169974
-0.529419689358081762916212308814,-0.036079611209112947744345403288
0.206180549463159263836691569593,-0.034146583443127821358519640360
-0.470679242883504371003272618692,-0.031730288100480417295693684814
0.264719723759297883662245106097,-0.029946818187382075041885790487
-0.412140858489327797461953891878,-0.027519527124517734736186517341
0.323258830716779114452770828045,-0.025746114425196723253403623447
-0.353601429527806398431945381316,-0.023323313076586520424300554563
0.381847388361031427923476815224,-0.022303169661888805404883768192
-0.915288934478026678753133061440,-0.021253344625939811233921115980
-0.295062472265697477454628133358,-0.019120523747813207722823230331
0.440386299218379644778943361372,-0.018099734029872458652421215754
-0.236522367249045151155328697937,-0.014933751707639208776017701254
0.498925477854659051387830641361,-0.013900029270388249081106775659
-0.177983322707270111410598986414,-0.010732178238908293333997154610
0.557464344524824384900471822424,-0.009690345714089459090691580822
-0.858094642605475279743442062034,-0.008089234475845897631040892517
-0.119444145333140456209203123242,-0.006532455886507809193295176552
0.616005170710388956557148869510,-0.005481612453447408871473147036
-0.799526197595063734393685123972,-0.004319579307914176215473110399
-0.060904952213045710362561992424,-0.002332953020058307100386791534
0.970652883441581989707022353480,-0.002113213045443288924036486863
-0.970653565354315714298778039689,-0.001772531463172405887369464139
0.674544823604914895941784206565,-0.001288370344922668285849281145
-0.738309280814358717190646011310,-0.000439223488509042350571872845
-0.002365741475863979649415428957,0.001866304264854440614974507462
0.733087517044469252449528691877,0.002919178695063849194068190554
-0.679775595330963708680718182796,0.003836360589492238024106405650
0.056173433800233978276190502343,0.006066055861240491315719818777
0.791629081526244088810401191283,0.007093619336159802400550781706
-0.621237476057265582505503176782,0.008050805674596275144286823305
0.114712626909157021480413595614,0.010265558883418532493923248592
-0.562458039989821056672626171408,0.012427505207051365609153883419
0.913161189098781318042463012733,0.012772325646046437265224518731
0.854015105784000000000000000000,0.013930089329000000000000000000
0.173252051139772762203712047818,0.014461838929490803646233996337
-0.503798036596162311267056166127,0.016721940522106949662304469022
0.231791322856132918553952122977,0.018660246055440053972077114741
-0.445088327599069962637234542051,0.021086167766815023505788805463
0.290330497086741553628182764866,0.022860012224587037282808619126
-0.386519276248651620760868867029,0.025282058826676314207201839171
0.348869604109768004205212045675,0.027060715073363763240609850347
-0.327979743417012998623328360312,0.029478222472268895377376848973
0.407458161754020317675918032853,0.030503659836671681089129705601
-0.269440591253979743165696149321,0.033680917225880339977211851270
0.465997072611363433376802626628,0.034707095468759068785116040236
-0.900229590722000000000000000000,0.036271648068000000000000000000
-0.210900486237327416866396713899,0.037867689266054338924017380347
0.524536251247647936425235716383,0.038906800228172239699651108560
-0.152361441695552377121667002377,0.042069262734785254366037926991
0.583074698504254121727485855646,0.043116687193709602867412557138
-0.831785044474562936988428686221,0.044709389362313745030945201704
-0.093822259627262957833229428122,0.046268982809346075055173020240
0.641613145763700566053169358370,0.047326574119753185042162441759
-0.772083163049840097094112928040,0.047558670571760944439276688113
-0.035283051975714256132671825342,0.050468478624408493088318882139
0.700152787288554076895012475358,0.051519821741670131866982967149
-0.712699335283101418104391438023,0.052421340810143525524274718336
0.954595909758128891191871658050,0.054337177135723397529866177992
0.023256272214229700880870640554,0.054667680856205897785174709566
0.758691243912325443881559405349,0.055729578454819215966249782307
-0.654154687888735820580472139689,0.056640210753977144522713708952
-0.968986390477079347115698176608,0.056893416781152235846506874393
0.081795930106870814271365871255,0.058867198258857678745445580434
0.817232220160599544033321486017,0.059904150933058547168836935244
-0.595616423863963122540668253029,0.060852648824103251568828445251
0.140335215651516227218624347009,0.063066656425202575465007932960
0.885219129601283938287878544709,0.064383509187168433971113948141
-0.536836104470234533941159387252,0.065229249524207473675502513581
0.198875315250479657369111129012,0.067262608732496759391665567858
-0.478217543382806835486014216530,0.069543444878179013873820298498
0.257414586969283751821943282782,0.071461015857260010503666516739
-0.419518639398478092995134814611,0.073912903429749739099596770074
0.315953761199892386896173924671,0.075660782026406993814398021124
-0.360980252232504299820473634195,0.078123625871756610307059161344
0.374492868237793353529045792622,0.079861484867965384603576427115
-0.302440823256082174432181011864,0.082319839711814721893759701290
0.433081425882045666999751779801,0.083304429631273302452096282370
-0.243901865965866842704744894185,0.086522628649105158341451378767
0.491620336739388782700636373575,0.087507865263360690148082617004
-0.185361760949216088170637415936,0.090709400689301133956323752243
-0.921386480311741846288614681917,0.091225930637974099284968049757
0.550159515375673285749069463331,0.091707570022773861062617685328
-0.862791324112553374335795490120,0.094554687984157565871085692013
-0.126822716407442606722756015033,0.094910974158053760599943227358
0.608697962632356641742903641833,0.095917456988273774681421874838
-0.804141608816797287390295851711,0.096718908676189712723318084968
-0.068283539032631765558288315964,0.099110696500959315643833375821
0.667236502483206767968736987219,0.100127298981273807734295225400
-0.745609464641004662748630570850,0.101015541504497379462561959711
-0.009744345910437641617300603572,0.103310199338144425251314022923
0.725776257655150555833490896014,0.104320491451904089420078180067
-0.687071345580114398963630008522,0.105229989545475176516466757131
0.048794864842896868293907488006,0.107509456397881408112663789563
0.784346765592199476820615229354,0.108515067355471626309554042874
-0.628533081831893700512296281017,0.109442427416923964309120327091
0.848083801795729768019877337498,0.109830625534095231067889593481
0.107334040189592374569630053087,0.111709207010227653424508479738
0.964143423947433950846210267240,0.112245017090966799436740583290
-0.569994770222284380702922550719,0.113654200128424946435224260076
0.165873233312078265754802245344,0.115908709843345658013956247551
-0.511249626742704422231182051602,0.118054829360399705969963590216
0.905932825132094540765823906708,0.119728274472393131051527056425
0.224412657642609605597046004423,0.120104988495563716323369663536
-0.452637430857435876903317488769,0.122365133592819947905756052230
0.282951929358970126565786102744,0.124303395621507882696941036832
-0.393896200128604715405947128484,0.126714073505219811271345538634
0.341491103589578761640016744633,0.128503161790654866007672541217
-0.335357812962630922231285948068,0.130924795947226682478807929904
0.400030210612607432654954323528,0.132703864639400648940691579227
-0.961329733047740710132803613588,0.134226041293008289413672469206
-0.276818302018301591703354400477,0.135120970011236803532186737463
0.458618768256859746125660310706,0.136146809402708566789211434481
-0.218279253679215926135038922686,0.139323714765633396838963609961
0.517157679114202861826544904481,0.140350245034795954485197769115
-0.159739148678624455152624643689,0.143510487030372794269909478254
0.575696857750487364874977994236,0.144549949794209125399732837439
-0.101200104201472369870983042174,0.147712061399472495470285640893
0.634235305007093561723344064326,0.148759836759746328018837286838
-0.778563964583949507765707750971,0.149579662921316131753116933782
-0.846868517169939051562897848664,0.151043068865054645559588812177
-0.042660922760820684354953818536,0.151911780683621584340403098776
0.692773752280408262388925204946,0.152969723492951901647371316398
-0.905518495836230147550636813886,0.153200140527131521701698957110
-0.720028958575016699920724132157,0.153837130127445344928909805103
0.015878290433823323491785645451,0.156111273780307273111355184620
0.751313393822254322067255966892,0.157162970877645141347372657224
-0.661490832763944880149396854516,0.158051484408256678486012934260
0.074417524582460491221069730189,0.160310519509786360331745709055
0.809851828347671650571184782692,0.161373034866528697450643867105
-0.602952569015724181698063127011,0.162263922279705466278666504220
0.132956754689553919134621488491,0.164510243525910998720743406724
0.868436698037171842939099494785,0.164878173799773319029676599608
-0.544414257406114861888689396713,0.166475694991206448404770437204
0.191496134025960709498191465151,0.168709655994750825467794453164
0.955597350697784230229633846222,0.170309098823899484074302859094
-0.485643391590357029684521590145,0.170894295048319388350285904999
0.250035850444113241384483058925,0.172905792903584223965552784118
-0.427014991587562499314129802642,0.175166303668290020077504820790
0.308575124100789132401259220932,0.177104199087931425944697155040
-0.368274549639011652788437571164,0.179515626339073108700919811146
0.367114298273906609593170820126,0.181303966058428877284501290527
-0.309736162473037859613776390748,0.183726348781079979908382202416
0.425653405354439780422353743146,0.185504668105817717610457663299
-0.251194372310820496288535307339,0.187921416806913953311414489069
0.484241962998692093893059730325,0.188947612869125635458977518554
-0.951460351337173439562448535791,0.192079893888390265981761604461
-0.192655320381806510253896682029,0.192124159819126825031754633607
0.542780873856035209593944324099,0.193151048501213023154963853188
-0.134115215942112713226814935062,0.196310939926417892720558410498
0.601320052492319712642377413855,0.197350753260626194069498921512
-0.811694006724942514037578132666,0.198024200933491386173180323651
-0.075576171917743235498767261336,0.200512520603972204694465600165
0.659858499899090834426827811843,0.201560640153291302395434004764
-0.752986777688074822259751145282,0.202443204566052232315846693438
-0.017036993446962586937050993553,0.204712227670323025547256641687
0.718396947172405535092408952463,0.205770526886496876023968034324
-0.694448738863796752510252696918,0.206658766934749793322062662660
0.909578261872490929486028282613,0.206733217470296830544563568737
0.041502203325029505965451716682,0.208911728736878842680045160582
0.776936588714251594770739714409,0.209963774271190115723969375150
-0.892150297944000000000000000000,0.210374985195000000000000000000
-0.635910613052724932738925419276,0.210873121215561126879165791817
0.100041413015290584082260344066,0.213111000616229964247295333818
-0.577372349304504234287591691771,0.215085559087009914671819361777
0.158580589427822743690683552102,0.217310736409812692931437525904
-0.518834037694894914478217961473,0.219297331798510896797923294761
0.852759946377136918602358048035,0.221435334379726922760703981665
0.217119782773100206859586558507,0.221510239138881744024858464636
-0.459991740595634736926440938285,0.223715319933665287746477758381
0.275659207103680496981043649045,0.225706517794192269315838102379
-0.401393341097969436696620245322,0.227967856502143317507079093302
0.334198478820040471700607222941,0.229904924920144052156324218044
-0.342652969774324072326495520045,0.232317213443198128135119200666
0.392737652993157948892518822135,0.234104691890641503496128353531
-0.284114582608350279151834339629,0.236527935885204999342581591935
0.451276760073691119721701745155,0.238305393938030343822084726304
-0.225575153622162883541534927245,0.240724149589032362518255376485
0.509865317717943433192407732334,0.241748338701338261670604581558
-0.167036196331379752202373744947,0.244926938518414146462203196398
0.568404228575286548893292326108,0.245951774333425649366590916192
-0.844434410629742278050247657171,0.246732915837783800434743486119
-0.108496112170644517486849557225,0.249114002159093769567895829076
-0.938112537623755857974887141540,0.249231524001178537709680086237
0.626943407211571051941725415863,0.250151479092838820281125984516
-0.785902670326734801295737375507,0.251035047004816695902499148021
-0.049957050024302961176013228091,0.253315330342398034161067067332
0.685481855003993191340423737263,0.254361366177684119360326307331
-0.727364525406971741023607560772,0.255249135854127282957751883979
0.008582130675791174804242239600,0.257515006334518358855113657668
0.744024771238276976365931146931,0.258569891732995048147058352189
-0.668826399595899921252280283131,0.259463490134938616514855013136
0.935332377289737227717902106418,0.259470286923881584506043946132
0.808201518543842816904254399211,0.259632447680370298936571332679
0.067121323797970557864841694494,0.261714509171908949748659242144
-0.610288135847679222800946555626,0.263675928006387404307508583096
0.125660531146485209784447828092,0.265913813695835951862256269056
-0.551749824238069902991572825327,0.267887700717888386433612516081
0.184199709898214362781321973687,0.270113516846079746723745903778
-0.493211437103043680523152760572,0.272098423590135152995658179669
0.242738903020399519716343409570,0.274313019683389852387743499316
0.874659519568173900260789419386,0.275886061184127614086896972552
-0.434369818682548217889289379106,0.276517057129865694072448601888
0.301278327350699430965115508513,0.278509298338836413318892044005
-0.375771761233281856234678194203,0.280769443606268336941278482821
0.359817599067059405684679082409,0.282707705464788196159378159670
-0.890331174021334315983584307169,0.283311052280928119553285295953
-0.317030692500815262765912112887,0.285118462129157246975347810081
0.418356770993961215411076820645,0.286907503744431716267392477739
-0.258491228857830757262652148745,0.289328662187527799502987228417
0.476895880321213440405757167762,0.291108174482430252118898126702
-0.199951799871400363719318801307,0.293524875891237239641709603898
0.535484437965465753876463154940,0.294551119245738169967417981956
-0.141412842520948940784740840123,0.297727664791662949445659290879
0.594023348822808869577347748715,0.298754554877825557663404316591
-0.818919468110855130344463494825,0.299675730431815418211711461845
-0.082872758496616125760524624922,0.301914730339408713874097085776
0.652562527459093372625780838470,0.302954259637238728577939384914
-0.760281317840598208279732810474,0.303838823354240071448905317562
-0.024333696219487494831165579042,0.306116056700395362711798366018
0.711100974687437018073439114984,0.307164146995766481877106296282
-0.701743094483359668029053915878,0.308053243716974273699111376159
0.034205484486703368410222819521,0.310315732607533554708501460945
0.769639361827896705657708467447,0.311374869792476031444810068908
-0.643204812952041548834859641197,0.312265693635418942628517063035
0.092744677613019333038659129679,0.314515235442916728269510809053
0.828229009322323554246298370534,0.314799218191203490532120140349
0.917941218728024630207294066892,0.315524016142894624464154891927
-0.584666483653648501236541846144,0.316477480013172075349760162111
0.151283884957154502023611144018,0.318714540028707042420404717874
-0.526128172044039181427168115846,0.320689252724673057475864095095
0.209823063722153741016902005463,0.322914243112773056788988107106
-0.467589784909012958958748051091,0.324899975596919824037909758684
0.268362256947798744577139422557,0.327113745899875742012009402303
-0.408737304371605512212165803514,0.329326069529744401019158239813
0.326901681564710973550154641153,0.331310024416233895756561598259
-0.350149483932248782511852258474,0.333570692311041251580520554656
0.385440953281675014675224011179,0.335508431541892534759317214418
-0.291407015050893546667720852220,0.337919031344076123172000164474
-0.909631287776064799050542042616,0.338736484751334057061045188902
0.443980125207595244248531052944,0.339708229835217876093423921832
-0.232868627885527456443842614069,0.342129753794531414114772668329
0.502519234535829261749439486164,0.343908900559534487667230467296
-0.174329198899340060515670446865,0.346325967498358772855951245818
0.561107792180081575220145473343,0.347351845322842405515750322550
-0.851753407042720892168769390499,0.348463965272716959813687195640
-0.115790241608556850989063573788,0.350528756427739467758402841503
0.619646703037424690921030067117,0.351555280954929793211736657185
-0.793197844491506531326875248222,0.352428690961574631952461930063
0.872779365827486405665140419524,0.353005744999328298375347399298
-0.057250182711709178649433690849,0.354716173272367106886367010851
0.678185881673709193969463156872,0.355754985714342964126271725509
-0.734659718687200852586990579947,0.356643045336368859239730704419
0.001288898803352185777058772898,0.358917231573565327616035776888
0.736724357506720994674519756503,0.359965768590646557601578707079
-0.676121454928559642217467394641,0.360855483063008701663235577202
0.059828085483974294401607800247,0.363116824202421217207600468540
0.796139615350000000000000000000,0.364306124264000000000000000000
-0.617583143435438760345996978564,0.365067257393551267603311439368
0.118367278606153682878091392103,0.367316327039811732606141120957
-0.559044831981837094833577838329,0.369279032273360689743692006110
0.176906483517089449851488493430,0.371515665543973952740713991034
-0.500506520372227775024204108031,0.373490804984861671869795939095
0.235445664706617928732665372207,0.375715334713875400365687871151
-0.441968133237201552555784043276,0.377701527857108438431841602683
0.293984857828803221146629516132,0.379914837551183617513759077346
-0.383104169039121059063443562979,0.382134688079346356938339725836
0.352524282159644532336088688224,0.384111116206362402996050607309
-0.324525806482314380099189024208,0.386371261525968799316159938913
0.411063553876093296673597701895,0.388309523332271088557991269633
-0.265784090206756053249554837480,0.390720343794774773902496479968
0.469602723069397541043874626944,0.392509359714175139978530822164
-0.207239999643995561781623204791,0.394927920144646447201851624344
0.528141835131022631507892346828,0.396709992349536917347461182902
-0.885859012286959891734892588562,0.396768560047577735260750226893
-0.148700570657403442671701183581,0.399124133848277350257483926167
0.586730392775274944978598334007,0.400152937112844835195981038156
-0.827390466003317660905498872770,0.401857972983204729597854778754
-0.090161582825865303883659086304,0.403326907952934296653949878180
0.645269303632762286095443187501,0.404356372744862235130283666106
-0.767736012256713918335791911591,0.405310308970550351709342832947
-0.031621559004644655436072007988,0.407514815125733693725383399582
0.703808482328327204634075324952,0.408556077475508606724743051009
-0.709038662762188246222570699568,0.409444889150290374431266655476
0.879185425078346013769226849057,0.411344714482440884861467464730
0.026917555923679605085065240820,0.411715407808380907596728647831
0.762346861782959738813733028552,0.412766907120901687699688492828
-0.650499487341042435664537579036,0.413657248743263333507283324786
0.085456792203265566152167784221,0.415914952458767767625286478307
0.820834079862782315507842935881,0.417637048470014741379957887479
-0.591961175887440770152118438801,0.417869023623072755647663891528
0.143995985325445107331835592628,0.420114455296158208900269106344
-0.533422864277831450342744708503,0.422080796334573737773767824512
0.202535184213776287389573951825,0.424313877755196016013199453364
-0.474884344289825575788173087036,0.426292103673729008298516741081
0.261074388050431156168780767057,0.428513454900519816089227876833
-0.416345778593509768622591933285,0.430502738998425563392040119506
0.319613582025449905503028500896,0.432712957323854333078250049872
-0.357459556158137574729998649719,0.434949457126127531770225208148
0.378153066640238915489056784616,0.436909206716572240545784173603
-0.298903205047420677167342750320,0.439172352913571219044827795478
0.436692416976170436556302378161,0.441107575679631118660929610963
-0.240155400666805010049529604137,0.443518550218609270190504183769
0.495231627242446481583157712170,0.445307392164613185062552289696
-0.181613164317637909490358733124,0.447726956751698408551166473303
0.553771008519278018674805339459,0.449507894077842441812363794403
-0.859366934824000000000000000000,0.451278908195000000000000000000
-0.123070783442864195986861747056,0.451921737618518940507134294937
0.612359566163530332145511326638,0.452950838841150359660883649657
-0.800508094863030666422015265830,0.454028952247091760126475447162
-0.064528814819576407848867342904,0.456123064629465572207730633376
0.670901842000126875138199680736,0.457152640911491663086545595955
-0.741955322034404376873409532396,0.458034666859535900901183591084
-0.005988873646939195946220562695,0.460312126932802702292088269510
-0.683417010540722263394679749994,0.462246441182278060623416795713
0.732806826382870301913188411158,0.463799113119704098757509194062
0.052550319501730995570226640776,0.464511629400923243673254718132
-0.624877697319544687359108433495,0.466458894710439401317908206605
0.791333422732435388367221119438,0.468373467188276445426444119615
0.850022400756990368844298919659,0.468650620413709943162847227077
0.111089512623910396192014024879,0.468711132238313589771687297833
-0.566339449702179705920903556652,0.470671557007527228150034739508
0.169628705746089784667431434714,0.472910635075704105185090051245
-0.507801062260809558694196520230,0.474882275640343178825646070769
0.228167900046471435229504011515,0.477110121489449253500603627410
-0.449261564365642692049958805151,0.479093108441005513076698861384
0.286707091846919328596872072851,0.481309642751145607665398216206
-0.390721934926632699082172186917,0.483303227549314081706757208029
0.345246284969098717072289482685,0.485509145588536123078800969618
-0.331836954726204665787774859480,0.487750548511722671341661620512
0.403785713977301879486532739168,0.489705421978376988119484230064
-0.273274574678522701363288160133,0.491970518891292004586371228919
0.462324976728224436111864458504,0.493903954109433802832096546725
-0.214528436026712667448326246632,0.496317674422822061879362840619
0.520864110579578248816422177793,0.498104283073973097234941722955
-0.155974526137831648225572489041,0.500520263029692082738055364813
0.579403546886642607717561832694,0.502304162244471869768625724252
-0.097435329245915230197196939691,0.504719713318302342398961227679
-0.828603524630610657860275642217,0.505556806672169908514139724838
0.637992104530894921188267819873,0.505747107007779787617145579506
-0.038896139729425444182230100851,0.508919266417092491388411636038
0.696543080911201875615300183533,0.509944684086408079022735795387
-0.716333670344960966126772006869,0.510836219111168685884355235038
0.019643801443210623608918384506,0.513108328720445609828863101270
-0.657795358851278852648042224467,0.515047993433910845606588439667
0.078182994591881962206349352716,0.517307831188550161412243825216
0.761079674747732510990871888875,0.518664457319264642103512213518
0.819758781468659716519393247277,0.519775938273263075276377617527
-0.599381489318418060765582368374,0.521437092006390405037532081603
0.136722187714061362828136736819,0.521507334025940507510676404916
-0.540727344460713031688193752225,0.523477740552421863175298227464
-0.773263493345351700066189986002,0.525100447398084448149780914307
0.195261380836240751303554146653,0.525706836863331022924079158328
-0.482177909051922133206846073583,0.527683099261863966994419253537
0.253800575131401610437363972484,0.529906323349851956430548576292
-0.423637720698001947332770461388,0.531893596991523423204272116484
0.312339766937070340256019554998,0.534105844538772503545607213448
-0.365099333496092929375725289948,0.536104318933950885981203584838
0.370878960059249728731436964832,0.538305347376163018959009966860
-0.306208320459588923199361805066,0.540548717131913984695123286994
0.429418384389139190193214501494,0.542501626037335485199018821095
-0.247647737971726986410575635592,0.544769555646898762931844780107
0.487957591860001744868543326122,0.546700928855706086434773071868
-0.188888347656856339264460579778,0.549111963025584928528249458999
0.546496770500936480148200141706,0.550900633550300230062871767451
-0.130342748446117353345260857925,0.553316900496860415874075795493
0.605044767576499731973654334118,0.555096214269479465136153213239
-0.071803094304083410533261496945,0.557516128796664143227843287089
0.663633325220752045444360321297,0.558539159032787382984673068493
-0.013263423038730384720598503639,0.561715448007541137480666685498
0.722273391405006576832047135724,0.562693372007241420661486937302
0.045276518009912918361255075486,0.565904512043627530676942581258
-0.718576914597150459665576482759,0.569482965062688318426295159344
0.103815711312029516718942689001,0.570104012764699526017294929589
-0.642549734741544421714052150196,0.571722890001807198936850432820
0.783574665206436642708504930803,0.572871913999502608120695657823
0.162354906330318247688541653645,0.574303514681522624530391308345
-0.515093694410820102014417907418,0.576273468983770263445710877669
-0.583236218655788895350379087018,0.577923486829332028288390856915
0.220894099452497636163959063480,0.578503017518913139943794061757
-0.456554065384281388489657729821,0.580483587812381877121992508637
0.279433292574677024639376473314,0.582702520356303655357196815169
-0.775506737597588742497188796161,0.583747193349602261941551780231
-0.398011221747786256033984973271,0.584697328381659682851530849892
0.337972487357715017591615397084,0.586902024318318399830428158349
-0.339470703656887257714572909841,0.588902484508542985422704671651
0.396511680479894406067032806918,0.591101527155708915243830911760
-0.280581425579119974344267223258,0.593347793326498824147017581373
0.455051104809783867528810343580,0.595297805816881381483839765995
-0.222009092098158815412967429377,0.597562858199265638727352214749
0.513590297800062915986784784620,0.599497310492903296174624468721
-0.163256569965142044384148948662,0.601908600492753261664269889679
0.572137991190793604404292643130,0.603692685575307825430399256438
-0.104711931372772429997912435779,0.606114004315439290533146570326
0.630738057402997176587404644578,0.607862944444549708181780680752
-0.046169937469337813480003739294,0.610312096693487482874107115513
0.689363653903114104078484710178,0.611287838081410789980647895304
0.012369299307154332067407646227,0.614511626852376564748756574972
-0.681879812554510444041581073874,0.615284664345019881312628175099
0.070909240355784246512119853027,0.618700690888650057025449549202
0.747520077069831421666050361473,0.619181088358120055453075854377
0.129448433628783536548720085897,0.622900191623678005401809499834
-0.548008336993755517933027533889,0.624864612817987627389792863418
0.187987626750962925024137495731,0.627099694461068520815212253245
-0.624489245269188704825955511293,0.627564556125732924160307276560
-0.489469850742935762882233362944,0.629073957534169958280593465403
-0.738809635554909507107281097967,0.629548892631902401283031118407
0.246526819873142313499554905566,0.631299197298459036228615006657
-0.430931463505261890949663015568,0.633284678979386485946244189696
0.305066012995321701974972315400,0.635498700135849551642017760069
-0.372382591908580584372832593164,0.637495493956251782293031936706
0.363605205973977240611499408275,0.639698204973897925156233440291
-0.313843867154680868234094939370,0.641701520544878419592095481729
0.422144399096156629086916818110,0.643897707811288440569636193703
-0.254920430092331719574831924995,0.646156240330070000461935602319
0.480683823426046090548694354772,0.648093986472460906809645047938
-0.196377314406444520532655798261,0.650359495666433971863372645429
0.539223016416325139006668795812,0.652293491148482821500429750664
-0.137626502696913123862533963071,0.654706087802291480461841194031
0.597762209664284225288342945939,0.656492992232560182762269984839
-0.079076366669693048628353421459,0.658908803091751490425435739956
-0.020537173394380379072413921521,0.663108303794531945620174766461
0.038002019727799009403003488313,0.667307806631922461033577519873
0.704157209875301766281658009456,0.668082412269222220058181940274
-0.584678794764191688365276470227,0.670687647226281924657426240920
0.096541960776428923847715695113,0.671496870668195953310270494102
-0.699026155093504792018630775194,0.673449270768054338820889968199
0.155081154049428213884315927983,0.675696371403223901686630444734
-0.522380088471916397863120382231,0.677668084834688949565809740835
0.213620347171607602359733337817,0.679895874240614417100033198146
-0.463841709143201247652946330927,0.681878916230567964061373684593
0.272159540293786990835150747651,0.684095377078004932513435951557
-0.641534239632370452242991621731,0.685245567309208594886592368777
-0.405302833666056219288510635461,0.686082844553978585387745276509
0.648349728530132165883379536358,0.686248258833189798023674491409
0.330698733272442529471677840527,0.688294881916053306027651631780
-0.346756187414948082966669183188,0.690300027858879649086877771406
0.389237926394621917947095250361,0.692494384753443821441054385191
-0.288205019097454838742229473160,0.694494724897101089568066642014
-0.229288652838189301983310685318,0.698952878009671274455002827673
0.447599550423000000000000000000,0.699066246979000000000000000000
0.506316542188439097905626574275,0.700890167057093457510246169185
-0.170749880460018166182174282399,0.703158241719712734773526446756
-0.111989531827017768383236005582,0.707500947670929426368107992175
-0.053443646249048371349503688944,0.711704982871297386737807109293
0.574247247761000000000000000000,0.714663627824000000000000000000
0.005095547026264298206435810994,0.715904483574077841932546135798
0.063634740148443686681853220829,0.720103986411468357345948889210
-0.559054529602134291045166456626,0.723487931225344251626100536114
0.122174681197073579255618057658,0.724293050447742155257494572612
0.180713874470072891219911770069,0.728492551182769797971451389634
-0.499440699602077178315178640613,0.731688982768623453631484489686
0.239253067592252279695329179903,0.732692054020160313384854143046
-0.440865953970770021582728731153,0.735884356972529929564486240997
0.297792260570907818331856272778,0.736891558858208686899069823268
-0.382327078493624993218293035687,0.740088285295940550890857832913
0.627046183572533279934139132226,0.740934929308879106444004223710
-0.625979438562159363713558164425,0.741836389172327225377904495843
-0.321112359935321031150689337089,0.743090813983133203842080383808
0.412663779632280666684981164773,0.746306115403597963544099477802
-0.262573241843312421150708233483,0.747291362576702363561133867367
-0.203664339253177196637654333475,0.751753141664201820583620863411
0.354320459033692671061344550987,0.752672424931687474985956841974
-0.145110929667151121149180317608,0.755951396178581812023035334683
0.526502059592575697998330823072,0.755999311875393478228318825602
-0.086356811405680826996709336685,0.760297127450944217459778171093
-0.027810923932292770614379938959,0.764501161730275097780537480501
0.468440875126331588435418575476,0.764565046744850933246308510797
0.030728269192199872687286783887,0.768700664535419874405170602340
0.089267462465199288623008618654,0.772900165270446067803146841170
0.147807403513829077473059388682,0.777089229306721315198408752386
0.581120614214916544239414022407,0.777476891963555994235928227132
-0.580001338257449330508487812880,0.778312233889716413780662749196
0.206346596636008465948476798516,0.781288732144111830611811505797
-0.473783726149703640808986957318,0.784473380735648379526139128178
0.264885789614664004585003891392,0.785488236982160204126027186020
-0.354171879257242230695037062897,0.791583505573522208362040261161
-0.295519622689665013406320097532,0.796357052655164109196871840381
-0.236948930962064543822734117642,0.800091624387968292569520691197
-0.415483453999000000000000000000,0.800302780066000000000000000000
0.321413988077448857314492169601,0.801269103055638992212914204725
-0.178017402368682410252554596083,0.804548073120739510072417575216
-0.119478209246502726060378874908,0.808747575958125903326342275347
0.430774742895964935105483091023,0.809573217539514428560967337203
-0.531902818311652465498748917865,0.811942656642052530551286611099
-0.060718116767757367474200506111,0.813097351037324813360299663605
0.527705911861934570515390246066,0.814676596195568224216714406917
-0.002178438124030879781605418047,0.817297455414266954017690117989
0.056360991508955474628442181712,0.821496843394397584862368554300
0.374511047992177523867999305573,0.826272606487933831705317107110
0.114826151780288807830578316859,0.826624999975896638331437242297
0.173424734783728444511593714454,0.829892877798897513427387696081
0.231963927905907832987011124288,0.834092380636288028840790449492
-0.481859721502488367330944932517,0.842604708387258617890819971152
0.477505257576035892264856660833,0.845080004964072263067844929203
-0.376677869468065489577536050508,0.845786396272334511218030345662
-0.317206341619155439973242492478,0.850892905307903280730206776357
-0.211306810184963103220629751592,0.852883239229054639298205896947
-0.152566210077000000000000000000,0.857944213069000000000000000000
0.326308848878834454608235727126,0.859754257524205836873411380016
-0.093845453940509992706545648347,0.861543738800705353273753486016
-0.035350459665136313639532552380,0.866480341943750015630636824176
0.023454518833072592133793464850,0.870093520353922696581468164121
-0.430054999761919407551458839604,0.870186292113710719069906465967
0.425558897788959521062879874465,0.872393896308014460726593657610
-0.264785389643000000000000000000,0.877333876313000000000000000000
0.270612954742378610536441241943,0.878259400912403863398104742821
0.094634040285354865567184576845,0.881731820791352858788926288395
0.153232628302627841365372928747,0.884999608706591181729683510396
0.213251496427000000000000000000,0.891688739141000000000000000000
0.372056742547993292126658753515,0.896518413713521570500349253471
-0.359106354460193612304846436460,0.901783849926989193119844812089
-0.196562242632368823810417120836,0.909690551110220514011619484140
-0.125936593517574161089105434740,0.910682641068892535457261564719
0.315830584043000000000000000000,0.917829195561000000000000000000
-0.067747376748400286709282459859,0.918330386309625883952080384614
-0.009061042853777608404108417186,0.918952615757600658568022794170
0.051572642554579897363933811887,0.921608994474414626511380337913
-0.303949450734484967945506301640,0.921838498437246695930260210031
0.258327231274882931530938962519,0.935648720078580521913209757275
-0.247681342011954614014701765477,0.938523009106324441204474758848
0.143008732482663013739137169353,0.942791865192556248560150802152
0.201307878732286933583702010297,0.949550748387435921231465467270
-0.161907808714593882599222294445,0.957056606100219790380142718355
-0.103120778370472365299087579004,0.965161950592283088922307646364
0.089336374888853435214672932987,0.966535306093135441571292548753
-0.039629253109471555326139836584,0.969845868218666085346689277732
0.019057080867729696826031929851,0.970468089878092588497934967962
