-0.026874404732150409401232860899,-0.970305041835733950929257770906
0.032396717788853470636399369432,-0.970136361816246028987690298111
0.092112343995888023966545844036,-0.966296757691515817165859614611
-0.108920461273537648000101028281,-0.964546754158403990916113997113
0.150298654383362393045145737647,-0.958970501283591841421165273987
-0.167016409892057438299366809813,-0.956200620512411662663533835278
0.218971477461819272862822648622,-0.945656174251371773527591446198
-0.224456307570656855982527132581,-0.944369352442835011984614219666
-0.288705174641288454785091304659,-0.926748849460788904411207682881
-0.064970201513100695450072572885,-0.925717700391253404260349414857
0.000374396808127868401775085362,-0.918374091872531054269939491002
0.059018045939644271405153899552,-0.917880973223775797289337192849
0.318904445404780847338274830913,-0.916795540206551175477434789245
0.117190772385026971059502635400,-0.910447626240563788228289607910
-0.130749108758046642217808430460,-0.910113706774159086945410781703
-0.344144389554968721817572617950,-0.907622579588779719547305235805
0.175675071818665220769352750680,-0.906099354259799994863751124334
0.261418635478567199259546349345,-0.905189403614670516950754839091
0.373687464880416088890686253635,-0.895863709742057044130713432394
-0.243814675134124913328509562238,-0.889010754603476557298986617917
-0.185173671824749014854022995132,-0.888266792015761488191773096989
-0.398327390058403250543268641297,-0.885183256829236186803593619168
-0.086798095479174510418449092834,-0.871285505924485916428467154085
0.431278686223823393559936546623,-0.869604969311126767360650424658
-0.028293939661206376122236620199,-0.867213098591094512932414632709
0.030420574449790833033925642266,-0.866680334811260133202492062633
-0.451056394441098995889735028145,-0.859512790408233866846950582717
0.088620519095659023411431450430,-0.859231794933793859491655819254
0.326237900521000000000000000000,-0.856071216160000000000000000000
0.147176144764672618368637710816,-0.854843799378076557344361242498
0.205841238864304309945766690102,-0.852611277421491027911732974611
-0.351802867971991887450777666097,-0.849479061080092416952846744814
-0.293202526333249649786732294560,-0.847172394809292175177003721006
0.264178958691172726742778497209,-0.846608678412398516751409516986
0.483006781298009001085230251206,-0.841973014449804170993297607158
0.381999836310903447692639442694,-0.837810068765252046503195290110
-0.236895932597328058380020390827,-0.830774582414950356062272233386
-0.502138928447615937026990842876,-0.830704884046694938721521225296
-0.177910489552914212175255547264,-0.830072574667744345078061195631
-0.119723153196519214558282878665,-0.822754471278893672273193664704
-0.061145981759546312723717847232,-0.818547570705353402779972169356
-0.002641807078193675821928354968,-0.814475172547253037773123415822
0.055874414890705745759940849123,-0.810579832909015289966588592827
0.114359562597680303845451948087,-0.806239348096952142360313256685
0.172861395894094056693734970973,-0.802121995312958399575743476959
-0.446923125186000000000000000000,-0.799407856639000000000000000000
-0.388187267898000000000000000000,-0.799366045052000000000000000000
0.231362376524036193502890700820,-0.798004227131371474852376145641
-0.326266959409420778407303096540,-0.796684760977276750453742942239
0.289863357255269602769361488055,-0.793886458999111550008880903597
0.348364337885211003124918974473,-0.789768690817514162516414940942
0.413674736891001852068692205356,-0.788454001025783208782814663241
0.530858039771672846744794740721,-0.788082481305867953042022579304
0.472175711366021635543453338220,-0.784336145402374521568062367841
-0.269485036277888821026428121690,-0.782017315564153481926159740348
-0.210965452725721451480020319217,-0.778172957315621348866951630478
-0.526024043945033309113536667025,-0.777143498635774253120326174419
-0.584625764483626419613686977271,-0.774872133544295303374208489449
-0.152461522925405558283823104426,-0.774097304314952038697628056205
-0.093963114805868482343096409160,-0.769943150136032642181229777846
-0.035462155975693512755544280073,-0.765825072257661710671504159591
0.599332899276277389222074240225,-0.763553654752987468641582242774
0.023041999841264144134105778565,-0.761752664909753800672415395797
0.081542980475258376634515489236,-0.757634896785734850336234343834
0.140044813682932538098919218930,-0.753517544010315428508936107130
0.198545794356915594935177214941,-0.749399775850333674237526994994
-0.359083493270525329935464015828,-0.748080277081188180075112498892
-0.475962062905195500534795059870,-0.746596505267701601756849438148
0.257046775088133069529473691666,-0.745282007718084508109847532252
-0.417461084453956814289499710532,-0.742478706133472048111190885212
0.315547755718081711760171264758,-0.741164239536482231073639893232
-0.630353088667523781186077809363,-0.738152485228401668249899881957
0.374048909157604457234856489159,-0.737046555541935810199566422710
-0.302301676030779961266050378166,-0.733412421736445022276824644105
0.432549889787545244058890811964,-0.732928787360329706287387271821
0.549580188314789672122330053522,-0.732505490532782520436774086392
-0.243800665191177615939234053331,-0.729295082764865966843942332156
0.491050954495970053488149424126,-0.728810962410803122069497689578
0.644349860879601241524606412772,-0.725966503790630388766248079039
-0.185281081639010246392826250858,-0.725450724516333833784734222285
-0.126779921314942256521421585177,-0.721335510038345107977920361265
-0.068278750105952036560842534572,-0.717220450301407071182897946957
-0.009777757460990598404759826153,-0.713102852820311754719689404524
-0.521600119559708087113901512509,-0.709765967201286468370161716813
0.048726398355967058484890232485,-0.709030445472403844720600640730
-0.580210753094096479636192581554,-0.707737572229940506368442450210
0.107228223251621589626467196084,-0.704913088651136164468893043779
0.165729212189924040807430311637,-0.700795324569208745852365715946
0.224230192921003041711126105000,-0.696677556437042113897950645829
-0.452121844265645376745734088982,-0.693015121143356683677219054017
0.282731173550945178520283468368,-0.692559788255455189174606521887
-0.393620865814406690500438739644,-0.688897322009127130031560501081
0.341232326990467923994968692769,-0.688442104260908768300533051365
-0.335117908437119651604781726021,-0.684807734306987608722496971976
0.399733307620408710819003015575,-0.684324336079302664388353900476
-0.651369835071002105211308037441,-0.683401986417212416118913131181
0.689588730986391667763036621015,-0.683140900501595487054266062828
-0.276616898177037520557154447443,-0.680690387101332004478452840434
0.458234288250349497643037338381,-0.680206567897696560476174749588
0.575264586777593925706476579938,-0.679783271070149374625561564159
-0.218115887337435175230338122609,-0.676573048129752949045570528484
0.516735352958774307072295950542,-0.676088742948169976258285167345
-0.159596303785267805683930320136,-0.672728689881220815986362418614
-0.101095227629672231657854259262,-0.668612279053890561306031889109
0.632808296110299391439906566908,-0.668467694827851297903720952701
-0.707065455458437725614237401051,-0.665035750572031170821236275014
-0.042593989879539126570045334694,-0.664498165399097333370948812663
0.015907420329156675650744094860,-0.660380882272866063789456070852
0.074411598220154961809150667828,-0.656308616431684131736845410073
-0.542616865963186411139131740586,-0.655015468390097216239174966037
-0.601227499497574803661422809632,-0.652987073418751254237455699435
0.132912630067643753980714499540,-0.652190873257895821572902389150
0.191413610753871510500927212699,-0.648073105155848993634383418681
-0.484937989881007260554313010843,-0.644410375115694736979231296127
0.249914591383824579952589263906,-0.643955336974417388559744352881
-0.426437011429768574309017661505,-0.640292575981465183333572743191
0.729584857488398983775981496728,-0.640249985212952102842581785937
0.308415744823331390755080896380,-0.639837652979881726401499680020
-0.367936004352119918382512966311,-0.636175183558698482204098998108
0.366916725453272177579115219186,-0.635719884798275622489320529132
-0.309433043813022517413148716178,-0.632085641087594028923745665217
0.425417706083212964403149541991,-0.631602116616669518577141378243
-0.250932032973420172086332391343,-0.627968302116014973490863353268
0.483918686713153751227183864797,-0.627484348435063414664962227355
-0.192431015363040158652854741330,-0.623851059347831110189357440722
0.542419751421579927687891154330,-0.623366523485537496416388749122
0.670546361389000000000000000000,-0.621754964157000000000000000000
-0.133911431810872789106446938857,-0.620006701099298977130149330852
0.600920732051520607742547025433,-0.619248755303929875635589219408
-0.075410409699686304158815349780,-0.615889522282606075420410770273
-0.752510534070834306173450373857,-0.613109494036950454764718006805
-0.016909117947016250689529108673,-0.611776176596776404934497142928
-0.693732988670276209449442907544,-0.607925628187249636157886194538
0.041591876519299865927595565156,-0.607658604992759556673913450220
-0.635152984954609433075885206696,-0.605150035613649999823241384895
0.100096047949039572021411447660,-0.603586421944100877766275937107
-0.576255634518822450562593001843,-0.599923651846588038536624538759
0.158597028583092018685845573312,-0.599468653820908973922269947970
-0.517754600939297480480857766167,-0.595805943341307549617570240105
0.217098009216833025825128170665,-0.595350885693292460174390101602
-0.459253607148412929903359978201,-0.591688133850100197064505469957
0.275599162656210792187386691918,-0.591233201698843925786637511014
-0.400752622577126971025203529509,-0.587570251653329898114558671552
0.334100141092021703526086255408,-0.587115402345434204822981167471
-0.342251614588821885107498725974,-0.583452839402896457980879403269
0.392601123916076431163261745602,-0.582997665335642476678108006899
0.740176717012924889022207472904,-0.582568677484409187609958167161
-0.283748645270162721018622733266,-0.579363421663961108930418897073
0.451102104546017217987296068408,-0.578879897154036372765928856010
-0.225247634430560375691806408432,-0.575246082692382053497536585123
0.509603085175959371842779068584,-0.574762128972430934823065809131
-0.166746616820180362258328758418,-0.571128839924198190196030672578
0.568104149884382814240589003378,-0.570644304022903684635860122924
-0.108227033268012992711920955945,-0.567284481675666057136822562707
-0.788179199418684153220704635795,-0.566557726489785821582257927261
0.626605130514323494295244874482,-0.566526535841296063855060593210
-0.049726039090173136219873036465,-0.563166905973083044284034487584
0.685105924923501186817944616049,-0.562406122881739848209301851054
-0.727071770512921697069629581609,-0.559677867879535389639559226973
0.008775280565981301450725502163,-0.559053957158595656897432389931
0.793754366573788018935660063590,-0.558720067105699537494675162339
-0.667668300372810696620070189619,-0.555390375514229026377702897567
0.067276274898264870187415775752,-0.554936383650292429724908231007
-0.609159958543368735289126530025,-0.551378557244251326570832494956
0.125780446460500292385375773807,-0.550864202505171439704230353442
-0.550571153957419411915128601223,-0.547201472379564255155969728844
0.184281427094552739049809899459,-0.546746434381979535860224364305
-0.492070175506182044020175362020,-0.543083673245315971897126869378
0.242782580489219238059925598677,-0.542628750417718997401283259735
-0.433569204016660438936323654327,-0.538965775208169460258195164065
0.301283558925030149398625162167,-0.538510951064309276437626916191
-0.375068222435310294937884241903,-0.534848020543223285495507356160
0.359784533943440380992989787573,-0.534393103160671165872104045073
-0.316567227584252855365780493130,-0.530730454405478109905079880848
0.418285522378880684747408272018,-0.530275445873009330866895484665
-0.258064246753463201900454348539,-0.526641202227583828125280184254
0.476786503008821471571442594824,-0.526157677691403226954716333777
-0.199563235913860856573638023704,-0.522523863256004772692397872305
0.535287483638762258395476917633,-0.522039909509797123042537182934
-0.141062218303480843140160373691,-0.518406620487820909390891959759
0.593788549100126345421833688737,-0.517922084051902069752545320615
-0.821924554864000000000000000000,-0.516378839216000000000000000000
-0.082542634751313473593752571218,-0.514562262239288776331683849889
0.652593560757349885307104780045,-0.513597651016809313759150552645
-0.763212693689374601235004844095,-0.513491783163293376250026217356
-0.024041640599832307968256272044,-0.510444686162211240043217727554
0.711168315088521259121735401958,-0.509479270250155115156181699201
-0.701007082215456184240256863684,-0.507142615206514779859375930002
0.034459679082649996901336249469,-0.506331737722203359892866575881
0.828669291245000000000000000000,-0.505459532226000000000000000000
0.769938140987683481709918368229,-0.505128014072680412719199740461
-0.641888554974938683545773635486,-0.502714712474424282586644813135
0.092960673308503436581827602657,-0.502214162701779653212796650752
-0.583387576523701315650820396283,-0.498596913340175999327801953669
0.151464844975948557090506847579,-0.498141983068184592053597912263
-0.524886598072463947755867157080,-0.494479114205927716068959094202
0.209965998366938951284607327471,-0.494024299106406073087117522438
-0.466385626846675469767141984962,-0.490361212422054851300397290656
0.268466976802749862623306890961,-0.489906499752996352123461178894
-0.407884648558384187712218637787,-0.486243410972855679742159664943
0.326967951821160094217671516367,-0.485788651849358241557938307777
-0.349383658930393686328626827405,-0.482125770628204078521547811730
0.385468819854842108596172678029,-0.481669284328988564303134486904
-0.290882671427924307538667064761,-0.478008100085521440186043896712
0.443969920841684938331554798434,-0.477553226410376185055682962432
-0.232379675279891460557417898895,-0.473919067050021647698476311609
0.502470901471625982330384594528,-0.473435458228769907505131511726
-0.173878664440289115230601574061,-0.469801728078442592265593999659
0.560971882101566790942262664154,-0.469317690047164113132044603702
-0.851603575127000000000000000000,-0.465789250723000000000000000000
-0.115377646829909101797123924047,-0.465684485310258728964088087114
0.619472947562912952180824101415,-0.465199864589260327032979307879
-0.792125748968998894021547823174,-0.462468690510460731758177239101
-0.056858063277741732250716121574,-0.461840127061726595904879977243
0.678310289743585685476633287223,-0.460891167121552972288479147899
-0.733621190580281371998762664709,-0.458402070636007624965693871802
0.001642915161434050693079913035,-0.457722327756121118291329072042
0.736809245284455969289072709563,-0.456735896750260757674322250035
0.799578373491975451544484483469,-0.454523890065306581278930087597
-0.675112993507402086835735590560,-0.454388141794675902208924601178
0.060144250536960556872932181439,-0.453609602535257735724557797221
0.858215500561168306155377654147,-0.453519858923615564138073549678
-0.616204184407260580990109110726,-0.449992479422282555206694872103
0.118645228975799252046570073004,-0.449491803224863300976606702384
-0.557703205956023213095155871523,-0.445874680288034271947852012637
0.177149416248334769325304275591,-0.445419847792611129280491070396
-0.499202241364520883066150088295,-0.441756684255259908165842865245
0.235650394684145680664003839081,-0.441302048439201408316834726852
-0.440701266266955057391688300268,-0.437638837476160677043302304121
0.294151369702555912258368464487,-0.437184200535563297751311855734
-0.382200293006699396133899985470,-0.433520964595047554782888300222
0.352652237736237926636869626149,-0.433064833015193620496508034861
-0.323699311625178021331627426371,-0.429403207091133047144723507934
0.411153143324987783865680271454,-0.428945998864814353391290030954
-0.265198321973885347162460963296,-0.425285567077544897175313001344
0.469654319304489191915701324893,-0.424831006947743039244470440220
-0.206695304866643833909736542340,-0.421196833922646962118778574512
0.528155297735024674776859028939,-0.420713207519386071391203041172
-0.148194294027041488582920217506,-0.417079494951067906685896262562
0.586656280564353397701253076831,-0.416595470584522370412478590965
-0.824623030965613640817204217258,-0.413650175454237915152404761998
-0.089693276416661475149442567492,-0.412962252182884043384390350017
0.645189653527008511521438642046,-0.412493396449017741940240144825
-0.766118472576896118794419058793,-0.409583555579784808359921394699
-0.031173692864494105603034765019,-0.409117893934351910325182240146
0.704065799673113873534874298374,-0.408082145415350960937165575205
0.766550177189538953982254323800,-0.406062988314824524765164660850
-0.707610275504016833631391984644,-0.405569626738453085603152124075
0.027327282239890703076568015528,-0.405000047252127862056674369109
-0.882506223820468713111333155875,-0.404223790442484497257653705196
0.828027420551676764798944140309,-0.403240632847603893301112528518
-0.649109559734589196710133509143,-0.401448097419523595636454336457
0.085828620945892281099509174026,-0.400887369405780498149921967184
-0.590519813839582478434444585966,-0.397270246370140827826744931072
0.144329596040483540293322958727,-0.396769522584422521608207888717
0.886224988314726373328998248042,-0.396004265037784591922897935735
-0.532018855555075417523379844628,-0.393152160740079275102147608876
0.202833786618500271020552768290,-0.392697614644248386316227077710
-0.473517894985781654618303893520,-0.389034107567512030222668340351
0.261334761636910502614917393696,-0.388579766740610275750704206593
-0.415016915195588767475954130536,-0.384916327455655866403291427417
0.319835629670592516993418555359,-0.384460399220240598495900385720
-0.356515939895813149806235437172,-0.380798483549289591927544360028
0.378336534931212137445073745741,-0.380341560409342265165785598337
-0.298014960018029039598356169142,-0.376680704681835268241657725068
0.436837443450508691443230967284,-0.376222767882514693974256788707
-0.239513979993570602130492236004,-0.372562927898172795860176554047
0.495338689607110759622071460085,-0.372108773766475327912800035034
-0.181010934511029533803109439387,-0.368474600767195398585204076445
0.553839664615542681840176393640,-0.367990925721078504760235443220
-0.122509923671427188476293114553,-0.364357261795616343152321764495
0.612340650866878874967382018215,-0.363873237403207847284327456840
-0.800347565198964251977178049535,-0.360264573357095764639181360384
-0.064009507886671413363946794310,-0.360231476722099773328072601369
0.670841626101856445893460967902,-0.359755392576275229741955862318
0.733705284122551316036071245923,-0.357477583259022498097333484944
-0.740340538386032785378521036187,-0.356907006164379152741439661239
-0.005489365147997193680243675587,-0.356395640006681639441855530542
0.792294646557494283526796289748,-0.353370075637458088508577133826
-0.681839822616605148457262560685,-0.352785476845449662774741873621
0.053011531053058521952166832032,-0.352276672522534706109692578105
0.850859327491709524646447199428,-0.349221888184812638507429343148
-0.623338856052915791927005188506,-0.348667456145076580161530541462
0.111512948536998901866487235230,-0.348165115417024725777905450471
-0.880998629872276376534030817445,-0.345597449008368649633218054653
-0.564837472492578904862376088972,-0.344547024803186618717371688636
0.170013841641397019160475166801,-0.344046103951886568455394337287
0.908945581165000000000000000000,-0.340510202476000000000000000000
-0.506336541762385813820145468585,-0.340428547759022789160215024596
0.228518113234234287911960864844,-0.339975360180327252119832587628
-0.447835576983334801302174295632,-0.336310554390598345367201993681
0.287018981267925245104173762993,-0.335855992659951536869832906452
-0.389334591725078966876193136687,-0.332192851963820965887065674521
0.345519886035462881211701496592,-0.331737146845312645631911175270
-0.330833608735214078217603069922,-0.328075117309706675921457214259
0.404020794740789064510968374069,-0.327618356960741454872376941906
-0.272332622344113116821039017814,-0.323957430977508108456728645600
0.462521673303340317164530150992,-0.323499138967992580964031140881
-0.213831624265025977454111192231,-0.319839712150450665335330014684
0.521023016095088975517194719301,-0.319386519240316306829546034375
-0.155329082237476873817318823928,-0.315743850693880754205184766742
0.579523910603903142803705671997,-0.315267510815577318575211383641
-0.833168098940839922129917388140,-0.311662790320250754254257856314
-0.096828181315499671856449829793,-0.311624678658449548714422319437
0.638024978560205689010684286456,-0.311150983464249963628519524958
-0.773157529186317986736571354771,-0.308302830785342515514355448085
-0.038328079404791256247267544661,-0.307494445505359476489903012252
0.696604816081794667447334882278,-0.307071630452450344355974124584
-0.714656813416890349815312879269,-0.304181301466413025547657660468
0.020192966576477857980090609958,-0.303672413752437892736378305072
-0.921965861228514114831069061763,-0.303633098608694330113919621794
0.755143786045564840415034266946,-0.302890850578277626499621220448
-0.656155649574637928273833505398,-0.300063147566362997122531466713
0.078693971561767489015100810316,-0.299553499258980287615271215481
0.813645906697450858685681453538,-0.298749159864303421367436456698
-0.597654829656710907165746831087,-0.295943096790895793969324611598
0.137195403113949899292194922495,-0.295441949006375568498883559050
0.872165448717869210551767810743,-0.294583349150918783292794604592
-0.539153952007610404898978779122,-0.291823865825396521321801958482
0.195696763006668528619721382663,-0.291323164925240538701339637240
-0.480653012766681723330178691993,-0.287705509673808182417928119132
0.254201034599505797371207080706,-0.287252421153681222365777887582
-0.422152049772879459487978942198,-0.283587490943892927890551907348
0.312702262864932153389079268413,-0.283133229114486651465830531456
0.929171179849135322637279292374,-0.280811371527790273010505814586
-0.363651065205864076050994455879,-0.279469778696542136035972613842
0.371203165450923665988677736319,-0.279014352315347554549856912119
-0.305150077619524221700304184593,-0.275352109345432816931714084451
0.429704032344470858753801248994,-0.274894968603476468964405568327
-0.246649213312787704313249533037,-0.271232688897486757896892067314
0.488204858585798845878464212649,-0.270775007615298843866790277196
-0.188148104471814474688665516466,-0.267116683259127987318989103920
0.546706297511569502877189316674,-0.266663755606910093144770684270
-0.129647006451190132454801652036,-0.263000249839264879413758389957
0.605209363822102896296304207677,-0.262544559123624140448400076292
-0.875305948124000000000000000000,-0.262184896700000000000000000000
-0.805978062928193656889310693376,-0.259701047748497505129431944016
-0.071145901356093669894776327234,-0.258884125834975994243797228473
0.663753383729252301930082190664,-0.258450225244661411791978935870
-0.747476520394239482234474083840,-0.255578960129980523874056987923
-0.012646015057406809458377165053,-0.254750839914202533031138889315
0.722254363659350256244372587615,-0.254332447120426070345001162195
-0.688972640374923129631883823982,-0.251458972187326359895447253559
0.045876392980440926424605660917,-0.250949720748245025868881235454
0.780799758973446674367258388513,-0.250154792680611923035987039008
-0.938619485744110533976054842373,-0.247401634640950428661391706871
-0.630471820456996108523797149671,-0.247338921411859156742240398444
0.104377730395511244595570561658,-0.246830968196518535019982635277
0.839299776139293493309841599634,-0.246012078677314626765465647301
-0.571970945395463125168894124903,-0.243219653698167433146495615942
0.162879147879420288151452007863,-0.242719411090562684342649973730
-0.513470057930963059937000695569,-0.239100562132293483344468333976
0.221380080334820405508639604906,-0.238600418785802692510094526831
-0.454969109690624940487238279679,-0.234982333818632976215328059089
0.279884351927657674260125302949,-0.234529675014243376174532777173
-0.396468146728059468368004759468,-0.230864314644964932413526978313
0.338385987143688872140683786284,-0.230410303095229508077998685329
-0.337967164378549117301817024004,-0.226746570893293011836255125134
0.396887430051972986865975228564,-0.226290462007577448020843830794
0.915002418596029297147228717708,-0.223902963062831106231123239506
-0.279466827701329578520955190893,-0.222619664289780255911597583834
0.455388242594185035548354626358,-0.222170306505278992714458351587
-0.220966430231994698998206239722,-0.218493619526088034113690451372
0.513889054440572616748850360115,-0.218050141123196227185047561591
-0.162465265309499070407958465025,-0.214378470419054145254250717250
0.572390678739349180629339056021,-0.213941527747986740625641769768
-0.838799739466453636733380019865,-0.211100036455727174910442930347
-0.103964478847552373025332116117,-0.210257944627863318187844054727
0.630910710813041146511065932570,-0.209830599755032369584424417507
-0.780297054136115152387213422445,-0.206977177093135513489133483853
-0.045463558409627805131365980865,-0.206139321389719974470816185241
-0.897211940169787856727743811343,-0.205871694610021594637240766186
0.689412084077335626849656037424,-0.205715494317980621157212935822
-0.721792347352272262051045028552,-0.202856630850893858221846581014
0.013036023208994653543900758568,-0.202001725480464922934293007949
0.747913083679219456078112258832,-0.201597725765287402010009396602
-0.663290788177693316689411833574,-0.198735512350344900585666456471
0.071560151814184682005075412259,-0.198227189685783273273592655250
0.806462136897684132870962424512,-0.197421851280233309894126397341
-0.604789968185893183657908038532,-0.194615461610861647480667847994
0.130060922509303082062811885171,-0.194106440052605954592632985289
0.864981603548714603557828098394,-0.193288606766078912279793323073
-0.546289093564715855438270273195,-0.190496187643346841210807234593
0.188562465207572165040370230106,-0.189996664951124838151404863321
-0.952582733087199526600881547735,-0.186548236297409216005480557368
-0.487788211758145428797187756158,-0.186377015722216086307364508853
0.247063245942858601041331810808,-0.185876057857007009116522400325
-0.429287261139424692360761328835,-0.182258820955618270371281580470
0.305567628489568790473172950904,-0.181806909015990383409830851741
0.953847940628327965701219865419,-0.179967258135057914783308796818
-0.370786299587779025046588378208,-0.178140780912711401194286427135
0.364068468223777014520543870060,-0.177687139622609362532669763459
-0.312285810219915288346873387236,-0.174016039005973409489234061619
0.422569276047463195376015067185,-0.173566917123970179733434061514
-0.253786330983984782341951002235,-0.169876995112627311725148276992
0.481070067660150349534771761266,-0.169446464460596033444915739001
-0.195285905618823207301345365249,-0.165751281495901557550935148665
0.539570799599630908961971746172,-0.165325164664755657728066630195
-0.136784694250508462204876405235,-0.161636511035733490718264554679
0.598072530372847352517692904328,-0.161218067636408877122742706912
-0.813118730674375132231282748933,-0.158376165800365183270144470184
-0.078284112621727993104079561156,-0.157512825882513015548535551600
0.656573333428079542851865232779,-0.157097777433633009091078870245
-0.754612881094147932203784367158,-0.154254847814048847836923076945
-0.019783373698483895227916960893,-0.153391624928273149056860581066
0.715074494146440564826938858864,-0.152982568560848045087059233037
-0.696110495285781155643499808799,-0.150133170950228943055896995673
0.038715923561452688872768947341,-0.149250010562385030516032506376
0.773575474076414434583015613541,-0.148864790434849843177686388642
-0.908162730840801788987413084229,-0.148257452159549428336204837070
-0.637609148491536577447928055229,-0.146011948998722184618372958463
0.097241863251014449861682698126,-0.145503661283962878042378012595
0.832143964307105243118948923272,-0.144698379368997595408454073112
0.902849320276000000000000000000,-0.144122777388000000000000000000
-0.579108308918391099503516917482,-0.141891907797313768497184068729
0.155742716875686232602083399102,-0.141382704789084346451086401778
-0.520607434300050738119341268517,-0.137772633789509085506578329398
0.214244277558795656069336450204,-0.137273185704979678974558045993
-0.462106558377582308726657814577,-0.133653378302639113622471425861
0.272745066621006667240819207625,-0.133152483594876441528398743106
-0.403605603280931152915394476248,-0.129535072195413323148886550185
0.331249456300013488979031963912,-0.129083437300094966269780094665
-0.345104936427823878810359414967,-0.125412512406692635656871222554
0.389750294369248634670401868856,-0.124963644264118196482249020157
-0.962733731665709076844128300776,-0.123926872608693361615839643552
0.962975226153137242996345581512,-0.122036148975895755562792221796
-0.286605418989958356641595236686,-0.121273673481246196284520187888
0.448251101636794572760544469330,-0.120843413869152505795155406482
-0.228106382544958106107369666427,-0.117128042110066358833757275393
0.506751819977214348021036885267,-0.116721921042878497273531718360
-0.169605643585246353633265649385,-0.113006505345280563161526807468
0.565252519951425211694998374689,-0.112600167533809834756608157422
-0.845937660312286730656060169336,-0.109773299558918450483208008315
-0.111104725426756069329199374147,-0.108887512497658521322863511958
0.623754357782268462765679403088,-0.108494595725173162637070382684
-0.787434557632407912047853693646,-0.105653836521278517617934063276
-0.052604161828685600317238694370,-0.104763541235815437274636302049
0.682255160837500653099851731539,-0.104374305522397294605406546017
-0.728931029027656825796239147404,-0.101531387913383932670973491604
0.005896333516046455670838179166,-0.100638884415771153327609624682
0.740756321555861675074925357624,-0.100259096649612330601386908809
-0.670428887142296207597662311368,-0.097409592234187271280338443127
0.064395785956096749053287693886,-0.096499462514533185233802169919
0.799257301485835544831002112301,-0.096141318523614128692014064414
-0.611928171859517438194757533623,-0.093288056007801616301896833161
0.122923444942496074356406731827,-0.092780069683182202455249291291
0.857826089845983987238275248127,-0.091975052678931584782186413832
-0.901160591847014579966165172795,-0.090031248445295143881374340040
-0.553427351455066849202828898908,-0.089168012140514229743119637235
0.181424301155306363313343052712,-0.088658460643842569389540148641
0.916227268942735718174715943101,-0.086625003186517196338435122206
-0.494926477599833901252102232870,-0.085048727295267800276033693268
0.239926040596717368596755437626,-0.084549682438161445759361606340
-0.436425602534085939553274707188,-0.080929459641436212127642072549
0.298427103372504204882091777560,-0.080428361729604630954211029403
-0.377924780021256106993391002657,-0.076809204481907947518929125075
0.356931582507296336165312326315,-0.076360110935616118664601976469
-0.319425270192264313515996763302,-0.072670404250772730781069865495
0.415432419433808239227091051966,-0.072240301673063283659322955745
-0.260928066323559943882679259267,-0.068498850292311945104638178897
0.473933136135140833569450690442,-0.068118785581552728783873061529
-0.968460534187616192623070201741,-0.065561433500114446740734492154
-0.202426810175114086121989513377,-0.064384807677136683991364738088
0.532433843053391708226889616386,-0.063997130631527310849650438241
0.968796753834578760618031684185,-0.060320530827611845223348142704
-0.143926358483170379206979464272,-0.060259121739954606166281068466
0.590934489841575854421908810562,-0.059874622314219179719762161966
-0.820253487270319510472631114049,-0.057050970279831784830997601407
-0.085425513204000737349833852247,-0.056137625970512094227298863058
0.649436483323316520231029747945,-0.055771269036163848945276747530
-0.761752705565916805640308473893,-0.052930376620613602451984477935
-0.026924779871385648836437982030,-0.052012622636751390301876142862
0.707937284696068735687396569945,-0.051650954945230090730294441644
-0.703249420884171877750401649973,-0.048807809197342260895414939058
0.031575390529445769738306533048,-0.047882974164176594293493720460
0.766438447094740419194251682480,-0.047535769959546319975119249528
-0.644748775234106661791162642032,-0.044685284729536095793415467533
0.090073496467212489519432065377,-0.043724566878210389080530327982
0.824939427024714288950328437156,-0.043417991833548118065746405133
-0.586248060530358591093019763747,-0.040563740284448907417259709100
0.148604373269321184966156240454,-0.040056159834474790763639845658
-0.527747239547096689226451233315,-0.036443704635756199317076269363
0.207105091646003184710795353556,-0.035934483657701904300652362785
0.889952855402624653973236301901,-0.034194325691510676504645296882
-0.918939340303135625143997698722,-0.034145321300833020971553564814
-0.469246367416456596953871678135,-0.032324395298421586196932970932
0.265607270804705721097849188192,-0.031825919631752594951341326637
-0.410745493117590615911514403033,-0.028205116753526073824837941333
0.324108034269158189257080447865,-0.027704453132617651115229085811
-0.352245910378418482889902650275,-0.024067536687242326760792215575
0.382612478074064445792424039431,-0.023636185130049393660532890622
-0.293748964749983262422355621751,-0.019892838901048896409802297300
0.441113314997248307032503728350,-0.019516375820238732293409994125
-0.235249393099323855362650151009,-0.015755102061722234352621449012
0.499614031701910378040016638692,-0.015394859775986702666776822913
-0.176748567803907178358465335179,-0.011635127642227491364519802028
0.558114642852135919536241202295,-0.011271845767732325475355134174
-0.853075163591949779803295425466,-0.008449958840765110899094426612
-0.118248172253229026670419904966,-0.007509055675289603323766258563
0.616615349901708060685391183774,-0.007150192681615643719607839579
-0.970655436218469985343511369971,-0.006490915273255941889348132720
-0.794571879103217635354457856132,-0.004327391575293897163809833958
-0.059747884486390179825412517904,-0.003381455808635866701775430266
0.675117378713879755371999527481,-0.003047343144770833662399036491
0.970675508627463259536431501216,-0.001704718181541240545354269676
-0.736071097422431857594470976462,-0.000206797904571930676425925389
-0.001248005012264190368682155639,0.000751926701474651246076563362
0.733618180086631970828366349481,0.001072970946162924552583269396
-0.677569442248747776150418995808,0.003916563219466234251204405736
0.057251852590154815785585133786,0.004885618750823996237348944627
0.792119342485303654335221462016,0.005188155931846695307758461511
-0.619068575126438138017609795166,0.008038979816233116090444378341
0.115748289580776275712423369366,0.009067437597260094041006994927
0.850620322415277524091298216692,0.009305934057844897217131305906
-0.560567860475862887767266094331,0.012160525016048963646003681060
0.174283335525635834742581276008,0.012668707608705399841096245869
-0.502067003291533804679812679842,0.016280542303584985904213975957
0.232784040488056038989816233446,0.016790390318718249425791128695
0.915631326267907007500048566609,0.018530781074459936529200834860
-0.443566130758831054724736645315,0.020399858239945649437734840922
0.291285648724103223795705611741,0.020899232401131611414792689694
-0.903014639490664535308129296931,0.022296902729545489530603669443
-0.385066413454432773829456899209,0.024535863526802838313120097003
0.349786367381929631736834568685,0.025020720722114212255745100923
-0.326569412546150113282499146661,0.028710108164302783715714558515
0.408290811186835888272178160251,0.029088988724682469710441296112
-0.268071088505822373096093854928,0.032865725536621051929501629053
0.466791648109354887549912982553,0.033208798043934097458740132728
-0.209570735299945330547600629478,0.036992397833979591762041084579
0.525292364814682107155877882300,0.037330314078745021106033854181
-0.151070114231738075051482440059,0.041115271115585536007420837523
0.583792975964907648652102445903,0.041453328086999398297455542920
-0.827393555424847904685122167549,0.044273619863772776768093340836
-0.092569955847482782271166360456,0.045244704306617926487403302203
0.642293669256807191711447762638,0.045575176438073777990764147198
-0.768892393804618561100031851866,0.048397221123721624318869934782
-0.034069949850221670047114040627,0.049376295741231068556076377556
0.700795711760670685968666389149,0.049677830742095007399386033778
-0.969275851609325489978771997700,0.052138578121863603597646325260
-0.710391241132629614348013278342,0.052517634101825814344616418568
0.024429876149526377161313183842,0.053510435006103161333557885918
0.759296513133422901425033211149,0.053798144833028765614368339665
-0.651890252779096025211728373601,0.056641320000734380800095435423
0.082927914206604556010434004470,0.057669797088777357289882648308
0.817797675532094584931888323684,0.057913329818712536369543531780
-0.593388919992320873206074162361,0.060763509796641282655132808894
0.141423387862371180891162715750,0.061865069576908199631413821882
0.876298655462068454687965078360,0.062031107944710738278916376175
-0.534887844998870050153515975832,0.064884879488755078800235705226
0.199962882286912968975175575338,0.065393290372322750487388346035
0.948599005899910241237972086270,0.067045133945815099483160113323
-0.476386843350257434611395958503,0.069004826413021874494030131600
0.258463587249333173222410532776,0.069514973082335600072083228862
-0.417887020449016917120492188826,0.073139074978115790581245596174
0.316965195485380358028299911072,0.073623815164748962061084789860
-0.359389705684610972035962317378,0.077312817310761403199431041543
0.375465914143206765969428868015,0.077745303485731562902037201089
-0.917242150418082312095282670364,0.079190651791040483717306878251
-0.300892136822429784643968212799,0.081488000358303350126413491659
0.433970357948113022504772459582,0.081813571488299820356733396278
-0.242391699359087159020280746748,0.085613478034851049570556316842
0.492471194870632021782507281883,0.085933380807551448105032232895
-0.183891167601626284187457120787,0.089739600017905576004042971472
0.550971911575959241388472181631,0.090054896842362371752325954347
-0.860215231738894826291150875459,0.092874631307960705938121530247
-0.125390681890496100813472192895,0.093868197465353783261846510849
0.609472522726184782884696745234,0.094177910850616748943747643086
-0.801714683021586390472300400959,0.096998531068621372550185767208
-0.066890565029598891592973888990,0.097998427916958191321864284489
0.667973178513031213855082156183,0.098300291469999918814838330676
-0.743214134304277954653449926458,0.101122430829282039162250004170
-0.008390593465924918481893722491,0.102130506874515912061620340038
0.726475258335205720958409218161,0.102402413596665234235007556180
-0.684713352622478279950395315341,0.105243024485609535202625847887
0.050108386390667681117722793111,0.106276602049512266861437903696
0.784976059707957936414776040161,0.106522727687598992449989862066
-0.626212803922983165543975459192,0.109366924498965249099732011473
0.108604156971728208081823048419,0.110467732397054390058568274106
0.909255303622969171293284109587,0.110540695568816080622212636031
0.843477222106629619921631152696,0.110637912673282763205165054182
-0.567712158269938763717892891379,0.113489448924495304264483060618
0.167100868619045531426176395141,0.114645707494247357027767785079
-0.963869335507262480563730242239,0.114760672315654879050181944979
-0.509211445721220600822736390591,0.117611023957708219613210387154
0.225643752834912853694597370566,0.118117228364083446353734482887
-0.450711187357603748322644700032,0.121739040533768843636855060345
0.284144522804587562099452140408,0.122240394871313153662994032665
-0.392214181906198113357953019504,0.125912899980417017948891952456
0.342646241226921757028426357784,0.126347667822564221101470239779
-0.333717175151866691982157972245,0.130086741166406111774482868395
0.401147682124588701357714561412,0.130470313133673409996899214544
-0.275218498755188251588297384379,0.134237115763819157312209962902
0.459652234504016324122684680001,0.134537019460046690446095655428
-0.216717770637732093648733929301,0.138358469811899626442778484268
0.960723212616549046900231040613,0.138654306032268378636951327251
0.518153004547060982378102695686,0.138657778350465234727658320616
-0.158219182870559233518874588151,0.142510093435077501354972819087
-0.904906987961094424475567369896,0.142560265653218909485634537595
0.576653828243304135035970642638,0.142780935878916109983889492178
-0.834536359335633312078329108869,0.145599542512809301720213956619
-0.099717261229465647718953288261,0.146614470825315970593345778210
0.635154290005776247370138831999,0.146906068972489340985645446235
-0.776035810618324876259478634368,0.149723442273469968332278193580
-0.041217402860551134571505514074,0.150748152027234833629711432486
0.693654779903608231842842273265,0.151030803045834277202136746141
-0.717535423267571155109464423632,0.153849630499172814015397185804
0.017281891697959340587878781116,0.154889804549934135350776677071
0.752157362347262208472424439556,0.155125750772683093415676721763
-0.659034480446963756803145109240,0.157967935801378865758297024361
0.075778315750863453292757846098,0.159071804368797828187082603901
0.876438025565202835734724334813,0.159144676993606817504770183240
0.810663171430174311432130158178,0.159246386543009608211467190099
-0.600533819789293766645605797230,0.162093281026892922521278179413
0.134275427332079384803678629996,0.163244176130389515478257835544
-0.542033079777631753973936986636,0.166214747835620031713404200724
0.192769087527863869667833797712,0.167464657899364777688448978903
-0.483532602577771689799482803829,0.170341171617019457587089374772
0.251317323367691981820077799890,0.170844721435161365883363966799
-0.955179782392379402481089888485,0.172759055190747013587314428843
-0.425035520284188633347580133320,0.174514554588132684555440439428
0.309817851704581090025278699695,0.174968910296863658288192876320
-0.366538349420078788820306510921,0.178688091652969825247538995265
0.368319635884313591762525504918,0.179075246528853771104289228513
-0.308040486149894994373839173816,0.182849911241207225171360682765
0.426820168096746582917521908157,0.183199380416622782391036499583
-0.249540738018406510629909172117,0.186985152227481717205469554462
0.485324795731325079084797256781,0.187265003960615626680340353236
-0.191041196883452563215482425713,0.191123320477080300258723013894
0.543825565774369737340215272465,0.191385762851034170961903018424
-0.867370904600950166640605909322,0.194191860698732612407113873683
-0.132544085307325189455274575886,0.195295703240810052489168754281
0.602326114845248443203867280262,0.195509657596037656481723291450
0.950596470823507130766847059917,0.196419086392962324377593373349
-0.808877073586637516059717955166,0.198409974344805967086350745707
-0.074039402303566946997133786742,0.199360863266670307893043138234
0.660826423727916895831444994847,0.199636958178081241837417241712
-0.750371033124650422379124996865,0.202455215860770594951074426523
-0.015540489945896091642176857954,0.203508244823432426765693507669
0.719326088509777190779613952902,0.203773378112291146090060174005
-0.691870652901940889871291712207,0.206581505145414870408483652462
0.042956392508909629019483782540,0.207684260192322486039415273418
0.777829682210244334447741134535,0.207853852789680520850564858477
-0.633369702967641724138202263919,0.210699709395664876554467614736
0.101454269871018193665424405942,0.211845881702006306930136568773
0.836330192576919112598314806881,0.211978296546204737584647291826
0.894907700083897699634725835040,0.214806080790453591123869578857
-0.574869263764658028811964261462,0.214825162403537244101759697596
0.159947962097031255281547516271,0.216066041366460726308422277809
-0.516368544295636817562532097061,0.218946639210342953894460797806
-0.920137792861579785961759262798,0.219784364537794214595708209133
0.218443438475180092882666980346,0.220261423627679062825896572037
-0.457870723922614437645418829976,0.223109061710253620925178782257
0.276995766518819905868949718167,0.223569841698622559709976702611
-0.399373509705453545280047184550,0.227279994255110267888616859959
0.335496013235490927196927209357,0.227698023326261557816519318380
-0.340875646435269750833579847445,0.231441813843347667812438547458
0.393998089562515514489703254072,0.231800361665367156666712100958
-0.282377775065351271137310374803,0.235603519581458740740990163868
0.452498336024687601247517317930,0.235928546899495710861679987624
-0.223877840431500594814543485392,0.239736121340321178662715969796
0.511003244903506991972947202183,0.239990121291673552088654684123
-0.165379365882254966949128754300,0.243889339956456899789994880201
0.569504014946551650228365217868,0.244110880182092096370217349311
-0.841985840471909305100747325589,0.247180797068900706369717287459
-0.106884140731825304832520773393,0.248088075964197311629407695617
0.628004340329344359197577763520,0.248237946884913104515293007689
-0.783200612347377365259801387077,0.251136059802489300205935185647
-0.048376011333400929572307531650,0.252102991126362526182067658605
0.686503957797769726431159651923,0.252375035898948989002156144200
-0.724694571885390271579208428776,0.255181301318453928070658866463
0.010121051881687944619417164439,0.256276040931007910965070289127
0.936182956930598869027308549119,0.256467500853876813537640491516
0.745001453704464961064911972344,0.256542015873502388224323109841
-0.666194652035374519557614934560,0.259314112347751998002853694887
0.068618772347142479930390567621,0.260439867273171618853206995955
0.803508064323951631767613944027,0.260579002779837892922413756189
-0.607693243422849104951230114081,0.263425795678517151060777834699
0.127112615122923545928294574866,0.264657817816309835257803049944
-0.549192846141990003707702253381,0.267551843114479061114769725909
0.185608081395471353827719084303,0.268853193248780288641018940159
0.872227650425000000000000000000,0.270491031158000000000000000000
-0.490694647286316417280026679702,0.271708943077701533605980567166
0.244104694503173879815340791194,0.273032547791041545938324955300
-0.432197406710604968513114812831,0.275879505928144249182547370974
0.302659196103412405799719234391,0.276302271297673059036750996327
-0.930144601429317070371393043810,0.277570042103699889951184275388
-0.373699543440421174066647475726,0.280041325516381649106369058474
0.361159442820083427127696725581,0.280430452925312057143293612096
-0.315201672070502694370378003084,0.284203031254492722034920674883
0.419661507069013215943205354925,0.284532797142493965344080032178
-0.256700615973910286026527452381,0.288336390425530439256922862745
0.478161753530380210636201797095,0.288660982388031427201861761689
-0.198201195257541455519364469979,0.292490248033587883888422171756
0.536666662409991183177853324257,0.292722556768806935830253916733
-0.874535120672577031166892898822,0.296195465573460625982105170361
-0.139705969386566607979110529355,0.296688984527936708838963095981
0.595167432453035841433271339942,0.296843315659225480111816581921
-0.815997451151839648023102469100,0.299753835501263013251300103079
-0.081209940599684557681616878985,0.300876509528031784780753422036
0.653667757835828550402483885594,0.300970382362046488256892240299
-0.022700817796527360630506797755,0.304876921790189933751109074285
0.712165325967181395511737693394,0.305136348298043419083356991780
-0.757653955505990579712307247994,0.305700033049692226525108145967
-0.699050382525593690904894815415,0.307923090267455749131021170263
0.035797923301117704250191985290,0.309041437385259657761718661624
0.770658354204316481806386562299,0.309365579565291905423240922543
-0.640550462675577938883301321199,0.312055901296753819063215998686
0.918986293925060071908461732081,0.312535277079941711070373727638
0.094291940042804224730733870066,0.313259505407867696386137390807
0.829171171225011419161013447259,0.313311589418907024540595815813
-0.582049054063052524276916500720,0.316167584627518972121140138498
0.152787423851038839805977520900,0.317454892682166770560176840064
-0.523548961674045223091979029772,0.320297952642570997898808013267
0.211284036958741365793599227791,0.321634247224428027857482855205
-0.465051075389146559491377752442,0.324459448727060277802299684099
0.269766164457359458471468545281,0.326011633738951538512536190869
-0.406553213888952855964211625800,0.328621293193917496211339518898
0.328334209300776351980393174414,0.329029061895786860523774961704
-0.348055350618769061517744288695,0.332783112782154896135161206398
0.386834042686510058739427154270,0.333163097168792321922889883853
-0.289557479248850581821474816053,0.336944818520265969063712822807
0.445336517005533170885121650177,0.337259589328457225952371012384
-0.231057639929094654667357882739,0.341078769297052403041470229118
0.503837249234965505383114135641,0.341394537682402081435262578129
-0.907381367274522683819571310824,0.344779874941346621155467528670
-0.172561662120159098513193622505,0.345267006353222188402789819439
0.562342680493631662227289635093,0.345448858031371541031831153677
-0.114065633333277048215699972135,0.349454531353317264344580145494
0.620843450536676320482707650777,0.349569616921790085313393818865
-0.848959368468739428703699223338,0.349897570223328022188818726147
0.874404714889619071838740786057,0.350637817154966660627142222935
-0.055569413426381199592919422060,0.353639385719509308288541249571
0.679352522036140130998820673363,0.353746056550202688298645654387
-0.790479026878717850341587978942,0.354298751539355257924091171194
0.002941071272825005819747795942,0.357619829127738007231310855017
0.737821441476562313697143595887,0.358307208258733908794385522015
-0.731987575566074403224484599929,0.358549736460854738608957305142
-0.673379541940998457405402045118,0.360651912491571973260899778876
0.061434993397599194295768334268,0.361836679127798178510934837949
0.796345873309100504375385440028,0.362086760537022577320196601220
-0.614888046840144331817445513387,0.364902294866007549082159707177
0.119930459671452035706818214400,0.366032054542072752846141193643
-0.556378503242604286856722082082,0.368896547921300304565437684691
0.178427072779154561694439921291,0.370211409084334010143447208785
-0.497880420421174102995867492826,0.373055280381948572627648048649
0.236909200277772654372309238781,0.374588795598857520798500544448
-0.439382558920980399468701366183,0.377217124848805791036687883448
0.295396819813155269970919368156,0.378892179214860701545422078677
-0.380884695650796605022234029079,0.381378944437043190960509570948
0.353971688200726882030900433737,0.381774113086554948907356175898
-0.322386824280878125325964556437,0.385540650175154263889061187357
0.412471422205146255007478434140,0.385909553918477767214543078442
-0.263896528681209969097086062290,0.389807507347077727661446659826
0.470973994893586378437532298391,0.390004641011072322460142679845
-0.205391178649318984263715201970,0.393862722151261140913959376038
0.529473728891574087253099912986,0.394140081933977131262978477348
-0.146895149862436933966221551600,0.398050247151356216855749702094
0.587979140772973769005177089292,0.398194404324948491785884729618
-0.884773315417000000000000000000,0.399175137853000000000000000000
-0.088398929955541085343441001525,0.402235101517548260799710806171
0.646479910816018427260595104976,0.402315163215367036067447394806
-0.826267205466931761872714404057,0.403975167135187428869001105593
-0.029901626238537275402718138627,0.406404778639672589042196408253
0.704914218519131678964746454513,0.407290344892455227857342530668
-0.765818901256500666766665408055,0.407507763499347733839477032406
0.880309582033098034941191515166,0.408985510284001482558121559266
0.028605623390536303469740368329,0.410432493910570514144327929026
0.763418489838523125879269936795,0.411361092593945231278206372809
-0.707327449943857219649562029042,0.411758748420847214524343166353
-0.648719416318781273830479474231,0.413860924451564449176285640088
0.087101089664389144880790248462,0.414627869324845088479534284720
0.821959400483906228319059660548,0.414865736694481850864228936993
-0.590227921217927148242522942500,0.418111306826000024997545568389
0.145597702772091670868411955353,0.418807223867106345776840299862
-0.531718377620387103281799511195,0.422105559881292780480823545903
0.204079830270709763546281272843,0.423184610381629856431893635525
-0.473220294798956919420944921939,0.426264292341941048543033909860
0.262567449806092379144891402217,0.427487993997633037178815169754
-0.414722433298763215893778795296,0.430426136808798266952073744660
0.321061100297628979925893362518,0.431708610260231990937591606764
0.379640158386643954919847137712,0.434504089264975901502462392826
-0.356224570028579421447311458192,0.434587956397035666875895432160
0.438139884335622377339127749055,0.438639644047175672250084899503
-0.297726698658660941751041985550,0.438749662135146739804447048569
0.496642464997494904189867515955,0.442734617229414285751028422065
-0.239171775780839087980753785231,0.442986519593242628395578159659
-0.180648530679837599141648263919,0.447033410701631385941206192622
0.555122404399471541578870232572,0.447141139327769761977158917530
0.613660843912523062955132940249,0.450917936768386106326513433206
-0.122120189358914119681299399714,0.451205887317861966118638043938
-0.857911022785000000000000000000,0.453999207580000000000000000000
-0.063576586325893402194719424152,0.455368631479276230504359902383
-0.798973288625042206272189259638,0.455882419546485143850415408938
0.674901677009825247447091689423,0.457674549774683082703032007281
-0.005065981051012978595160929913,0.459532092495932591139686766960
-0.740475099981986388916477352046,0.460585773789018916859382222206
0.733994373622102659437649146819,0.462091183608497303666510970800
0.053510725336575959115315684236,0.463527283170153478761231882905
-0.681892037367041931836011468623,0.464601539192241390192504604361
0.792721539971472859381742232720,0.465703402476042320888657258275
0.851388600621366561589301649484,0.466209779577331503618532995345
-0.623284003741965986016928913812,0.466703715222958624844447078095
0.112028606745404104512313730737,0.467712138573256733213107383277
-0.564614494790637449605672959594,0.470868042283342080318217867832
0.170570921029486759613422813806,0.471870008559682209362496598081
-0.506104951193097404644949528289,0.474862295338634835801495845346
0.229130316602444682210629050396,0.476210961227277502198159770580
-0.447606868371667220784094939033,0.479021027799283103863706209304
0.287617945605163943407422088284,0.480514340370760166762741507729
-0.389109006871473517256928812390,0.483182872266140322272746044103
0.346111596096700544188424048585,0.484734956633359120521517944739
-0.330611143601289722810461475286,0.487344691854377722196567731603
0.404690654185715519182377823779,0.487530435638103031086388730801
-0.272113272231371243114192002644,0.491506397592488795125119348012
0.463190380134693941601658435122,0.491665990420302801834011237478
-0.213548410379663025843281397468,0.495738428515858578398411807153
0.521692960796566468452398202021,0.495760963602541415334954760040
-0.155005673263038767246328893409,0.499775847249101203387512242414
0.580278767018570461563166521671,0.500117343129463190844503797375
0.638802292409865089914016463345,0.503901220140763597305432491115
-0.096483256233976501515857425325,0.503951203786811425546009883346
-0.827761763881841962469854328866,0.506975906820802043722094032553
-0.037950907471611853211017836719,0.508119416617692722681657704661
0.700675853158999749886965978023,0.510352938069063150945066098880
0.020557266786499166857045529026,0.512284058522987771791595103693
-0.714655150549876826651104874857,0.513242048688245902202851181419
0.763036759456481854947112934536,0.516281407134579070802913257397
0.079105584825821292274091569707,0.516293028850357249593017753832
0.821680412680225043749916698750,0.516774038878897154874166823706
-0.656149677081901249393035631223,0.517295482263643500831291474521
-0.597541643456825303573953076412,0.519397658294360735483233948255
0.137601025320792499490555540673,0.520488763680090585688499443169
-0.539050188822285186998365348300,0.523648597507956984548803177959
0.196097591425942574669061293995,0.524668776044661071324884042714
-0.772049594924464071444538731630,0.525291882894348712711810077106
-0.480540645224745142037641916994,0.527642850563249740032081155473
0.254647296215639074002268411671,0.529014412827357364460529552640
-0.422034721623511364332519648017,0.531797784616587979206508253145
0.313135515827313328430568383170,0.533317506558213639994720880905
-0.363507037106144148747259283267,0.535945168402655416684437024329
0.371629166318849929211570343471,0.537538122820812593753497317916
-0.304989238496452475074216598206,0.540097310066755292905330577706
0.430208267231826351061097421859,0.540333581130498737896945704378
-0.246490142084343875202755533614,0.544258420785259819251208408812
0.488708231465557536607942305840,0.544469020758703815160078879049
-0.187934366631996268758841068612,0.548494864259327529017747404613
0.547211419441064842468420557042,0.548563700443269481772219522247
-0.129381669218167240301431679507,0.552527445956349521293359472914
0.605738839301649704457680939023,0.552948257079560011850903753097
-0.070878047030528282959000518616,0.556711927920486897909093324824
0.664262364692944332808530880697,0.556732134090860418311832446837
-0.012381892110907614240104818491,0.560897690584792342630740853166
0.727163905968272522525691024102,0.562676009536966595844308999228
0.046115394643309546236144354351,0.565067605674700568199817521387
0.104622564439015684065730930982,0.569096480450437111855387535892
0.785275132790912388546997521846,0.570576071923057588985388755095
-0.717472379631895319809070473440,0.572107599352926810343420592560
-0.572135282119170057233806848146,0.572254422790900357678633816723
0.163118004933986891282194901948,0.573292215280170447950869225229
-0.641193375176867273300059079780,0.574002005546133953971177854235
-0.513643827484629940658219120034,0.576505362004496606744203046428
0.221614571039136966460700655270,0.577472227644740933587253824774
-0.455134283887089895697495688728,0.580499615059789362227481023942
0.280119299910368014950781312327,0.581839575176732779892125255008
-0.775465844547097138362904784919,0.583838018445536155766895774647
-0.396636198832462031772504607770,0.584658316107433797231288166324
0.338606919486627409400068722646,0.586142958237176461941718894534
-0.338138326901059196947397938569,0.588820013953187036195138497499
0.397100569978164010181070682947,0.590363574499775415700495331544
-0.279640454953363120803594009676,0.592981711569918369750972223792
0.455679628069435606698809875419,0.593159053457231986878086534618
-0.221142583005667044659790080782,0.597143409186649703306805950086
0.514179354037342693119975962197,0.597294607971675253109642496256
0.572681934747834590113387422021,0.601389580459316188107343458862
-0.162652357005108803701993673398,0.601411220319511079024763181947
-0.104147004262957422768098213503,0.605466396022066354287727511134
0.631593920243000000000000000000,0.606308346500000000000000000000
0.691064858901344630564208825862,0.608894832004894957586800233866
-0.045651018160258479563661287198,0.609654517239868780836627350679
0.012845136759362189155234412927,0.613840279904174225558274879021
0.749105695659327906839865422242,0.617296329823390196795211683666
-0.680438694627252881335874863685,0.617580964353101105456954175020
0.071342423513579349631483585769,0.618010194994082451127351547242
-0.605465331242145103021394544152,0.620508216164294590339760136092
0.129849593309285487461070162400,0.622039069769818994782921561747
-0.546877514641836346393817971890,0.625271929243101307713221888286
0.188345033804256694677534133367,0.626234804599552330878403251084
-0.487999027369752604914514998045,0.629246853986902092788115104032
-0.738792684425650775509306947466,0.629602634429600863870746162886
0.246841599909406769856039886689,0.630414816964122816514787850629
-0.429489483772212559953791566740,0.633241107042194848271393081546
0.305323671162742332767949874729,0.634792954853903923042627967514
-0.370991398733865724151426767970,0.637399808318855250190386390861
0.363811290739001727217237285048,0.639096337914347605092221607040
-0.312493526786169648007622839077,0.641561505935586583746220117155
0.422304941230538327998239245349,0.643316954176946558850998044050
-0.253995654838473571863818910183,0.645723203552317917302053843448
0.480883999321809924515978437821,0.646112433134403130028589247124
-0.195505428837915330906022502799,0.649991014685179293020011075309
0.539383725289717010937144524599,0.650247987648846396260145208762
-0.137001115806721701523793365446,0.654157092110358489782084606768
0.597886306000208907930555984423,0.654342960136487331257846171368
-0.078497601101404559486252667067,0.658238699218703889311161879058
-0.020001446181783890767356966942,0.662424461883009334032809407400
0.706707813754769503118239184845,0.665415790178972880792512703495
0.038500835474215460901689782677,0.666597753530346295238810760158
-0.641081569420543681788295586081,0.667100107384567440157717574836
0.096992845734132559338072258814,0.670841040607119167716461537688
-0.699422743404885418695759703781,0.673069040923393423914702369275
-0.582293064810361009513889006483,0.674381835106004519370739441413
0.155503278321672218039741400291,0.674822249956190368972268470027
-0.520852099202559132118543827446,0.677826648352570306783362997395
0.213999844426822293218247153613,0.679002262320760854608653069572
0.650154102901323988591341167213,0.680939917792691913592830625685
-0.462354227254863055974739898553,0.681988345969301640339196723688
0.272475899908984929210037273767,0.683460029105731991237018587012
-0.403844683657323011014016467247,0.685982599024594395822474701202
0.330969333735940579500841124132,0.687683647056460400382020183452
-0.345346598618976175211651668478,0.690141300301254797741468010517
0.389462984227477180281843084433,0.691904263319059354140796620463
-0.286848726671280099067847739584,0.694302997917986131297301736810
0.447970715417883471780727559356,0.696101867473906923781958922678
-0.228359209941990692806642488317,0.698580518489103172061648041560
0.506552367037520179980814456202,0.698842459194260508603127086506
-0.169860648739092570546816249333,0.702732516400101848609199993625
-0.111372101535262760975200080610,0.707023273378483045968296161909
-0.052861339785476384340442625958,0.710999642189583224576160075006
0.576684614275000000000000000000,0.711061041901000000000000000000
0.005635947155272428259176032755,0.715169554662747763810471621399
0.064127957415189526695558508892,0.719412841739520636288122398929
0.122597302966394206241481629421,0.723957770812231928550914585836
-0.644725994886226465870704345733,0.725632482293563210386138723636
-0.554367396157746461644842419809,0.725951959982395268336750819612
0.181131564478396154641119290247,0.727571768419691313178255113302
-0.495100300656306282066934545696,0.731165134905239433300037781615
0.239607619960558790632909410401,0.732029535204662449806620630742
-0.436558580071120169806290168990,0.734656223616250852529001717168
0.632032001527147096974958181018,0.736715451777103132273598497939
0.298046959922092418559682836549,0.736945254309987078663915063372
-0.377760248759469117261376814071,0.739015383761017771150999290917
0.356586760447641075882275613294,0.740468392668202367756059222443
-0.319242080066536881765150748882,0.743190536261332492178863722389
0.415082642066590414060751788407,0.744657972967470987027569383377
-0.260743222215993284566234550238,0.747474245065213161435553130627
0.473315915485580701280353423962,0.751601071437986441497336000918
-0.202235247978677845753176144404,0.751632476252216239676764362426
0.531961557955888756199728885073,0.751697863519041249504414369384
-0.143746700774848036181559975680,0.755923233230597437035860530710
-0.085235939025061659546802521029,0.759899602041697615643724443807
-0.599728518267875508956732377710,0.763242957529102493714589370628
-0.026553085268257334025699186012,0.764191865309014780189645266289
0.031990347133870668712147992965,0.768470716145073699137605875928
0.090459828572717868869639891003,0.773013896719787577174862733360
0.586388395216118878572849604393,0.773539112002371610746526339393
0.149004550825679001993893455452,0.776634745736811810730849058519
0.207474551497661578643110572773,0.781171238972838049294474824461
-0.544808805465053523934510912731,0.783813467856211681037797740614
-0.466644186801671697131764680711,0.784996833635565749756561492625
0.265920433840793728143548662782,0.786008550891136105541006808128
-0.408147454209972609924439375141,0.789174515475702043646518529453
0.324484430660560806359114978003,0.789808623218822796094970559514
-0.349649660919605276537387962219,0.793337318572127500275423757784
0.382958209583748435890798157214,0.794296153486612967035121115194
-0.235085814390653960654664151836,0.800213964865416448025880898877
0.441252620074712815571577045025,0.800705713141776248896628261644
-0.176597267186824151083047983112,0.804504721843797645384977067160
-0.293092408080446980755566569114,0.808848537117092807729970660150
-0.118140179712667540047121124818,0.809204687109728557349261939998
0.532765878046826470747119206560,0.811366430735023014933374170065
-0.059595346233179382020852516223,0.812643178395330030934731406906
-0.000982427686515136110591689199,0.816969343652522676793766225716
0.057487053752332064046900208839,0.821512524227236554831023083149
0.116637386333624395352895991021,0.825539627008587067300433809007
-0.506388333296795611873063410965,0.828121346025113810853624042700
0.175793888518168866040051902383,0.830523608142331368568911395753
0.291462286845565392770509721329,0.838799975332467402751501583990
0.482809651650975105239009032267,0.842086069303023746972635284116
0.349972397396768124108666323812,0.842785914713364908213767097175
0.233014044757473362335017492379,0.843608690989890093891860699445
-0.397539477165207524906964696074,0.846852861260579506550277976744
-0.334804143803618381940889103877,0.850072945571580806169765354795
-0.455247074999939225256514522219,0.857300535719856266968125038593
0.426065992322857644284296123625,0.857350987322317886775767861174
-0.222753865251400120644026070138,0.857548455182231956046048692748
-0.164265318047570311072409901415,0.861839212160613153405144861032
-0.093830254617000000000000000000,0.862669119245000000000000000000
-0.034024688651437184105745019411,0.865420656738837927538852366334
0.024482608237493388588953279612,0.869989604643864369914583587082
-0.279905816232635819152569846488,0.870700460675714182278851767300
0.083625056880858833562949459261,0.874011338898762992903513251878
0.142137476306000000000000000000,0.878562654574000000000000000000
0.199349362170000000000000000000,0.891680593561000000000000000000
0.379741501718663873618235837341,0.893314334215010144084568745279
0.270379572222327961708857976107,0.893525105698481930538117026862
-0.368710529212706316372835517392,0.897923523185153493365531161666
-0.129856647984665000951890890052,0.909329886760625719034425046210
-0.203736382683866780131458520756,0.913025081848384975496976267079
0.325101389027638591881581246218,0.914616419431584899008407604143
-0.071758389173716228802768531578,0.917324451951939637071496368830
-0.313812201641723753584516260003,0.918551038289286869474617574171
-0.013185126658288557712687716717,0.920238841726995552866065988761
0.050694168186188896127196760958,0.922538417105073894626163709424
-0.257768379848612346930990469864,0.935825608856572347863182986693
0.140290215920000000000000000000,0.937226520889000000000000000000
0.197498864459000000000000000000,0.950346678268000000000000000000
-0.164523006775655670568620956701,0.956632786435343956099042815048
-0.106213329392000000000000000000,0.964839245384000000000000000000
0.089464650528367569881513797486,0.966540353976272717327100997412
-0.045222248418882919602426501424,0.969623151584930794930801779728
0.016985545824394351612093750199,0.970528515333063380190777431023
