-0.018354280732499453153125196509,-0.970596020686015749545311221147
0.071135403393138222864451041890,-0.968159733399830883750692009216
0.129283715540237073994301551345,-0.962122256206999494000413306809
-0.134106801829410803682937504365,-0.961461845678664074871936682519
-0.075690326657005368162555418638,-0.959183081793979585914199487436
-0.194093356566074752768078768126,-0.951168378327229021912685290464
0.240993946589000000000000000000,-0.940375574494000000000000000000
-0.250995933732842373581963171136,-0.937760393833262033298276198307
0.182601337166000000000000000000,-0.937363183331000000000000000000
0.025367189252756202182328330763,-0.931787382488588725603639583126
0.341979299029634837050389991782,-0.908539307774770009625790413291
-0.048538652813987405167194787773,-0.907409884636253493239414186909
-0.155658094015612624269335895236,-0.907118316703124039990825724613
-0.345941910180869452216811863279,-0.907037876702592484361578240619
0.134434593541862781331316793738,-0.903888710958382083722829285805
0.075989125806349477704570759145,-0.902545342956873774326268776624
0.284031952248000000000000000000,-0.900796663550000000000000000000
-0.212662188219000000000000000000,-0.893573626261000000000000000000
-0.289090341432421536163896849674,-0.893415231318860907080238304996
-0.400230311270000000000000000000,-0.884407210631000000000000000000
0.206519016784000000000000000000,-0.883773880865000000000000000000
-0.101627193989000000000000000000,-0.882656126806000000000000000000
0.405253673420335371919193735309,-0.882135463050919565264880336323
0.002081206744977160353720332639,-0.878164249839909839541253063373
-0.457271315860149823206329088745,-0.856327308150489386348345207768
0.457654537032289513926656027182,-0.856122561159613909723041776722
0.355159923826696670504443245780,-0.851583636710510427392917119648
0.255019344762443139572796200574,-0.850034631884587003323213929536
-0.353349223342511770254560966371,-0.849048144437856484057445020207
-0.251075649580819004191401328943,-0.849001713783789368234751198151
-0.149820241433591272740612801697,-0.848949623975497870313717557927
-0.048556185717940864210569525332,-0.848948982924017802140559322473
0.052711429294541639485355326375,-0.848918612854110915291070483675
0.154213229347083732575659072086,-0.848875231681982606263076480227
-0.508973055334427674276664782171,-0.826643311352288635834851320106
-0.407164848482125126293784372389,-0.826210547645658362017224902421
0.510703621078000000000000000000,-0.825545094726000000000000000000
0.406536437404100388879338849982,-0.823688633770176214543656668693
0.305556209375217031923628679030,-0.820645813406795744829128675264
-0.301978141367360568721233732702,-0.820250823948316943979979931447
0.204956841170663417344623815247,-0.819844847676457170923658779611
-0.200462983629646503739989763193,-0.819743631452142496429298508744
-0.099188398581682816717281190259,-0.819724740300279424937043368660
0.002074036831623614921065468404,-0.819703345938218877890376742775
0.103473320927000000000000000000,-0.819690710446000000000000000000
-0.458191148755808306636369890290,-0.797679967266172164201567050204
0.458890557296792653005678801657,-0.797674724670004299960205428465
0.560059594992069463510529445477,-0.792922925037519163399509558133
0.356932723242275592677875443170,-0.792750810999942605932254213737
-0.561908478892104014959410798256,-0.791613779782728396974268013997
-0.352858719684032994697612554175,-0.790589297865490536142549405913
-0.251193128391425316575417809986,-0.790540927481008069373996093210
-0.149838145221021492487179194822,-0.790488722375669642433647730731
-0.048563355631294409643224389566,-0.790488079022326840489683001875
0.052693896390588180441980588816,-0.790457711141875224192215619238
0.255493705783437309695456293703,-0.790456029198665912429573525339
0.154082407209768411179634825021,-0.790414473715815324866028807124
-0.508484019681958881799441545655,-0.767875530173417649497406851357
-0.406778275792000000000000000000,-0.767707083805000000000000000000
0.508104613175127818526750799566,-0.766120738544405097937538639204
0.408563968591000000000000000000,-0.764709906525000000000000000000
-0.302039661652945237844153478236,-0.761691189324561114921095260214
0.306232064922630906571674253835,-0.761416465698630093132489496709
0.204810400068687841510214026914,-0.761320486330278392020851506646
-0.200480887417076723486556156318,-0.761282729852314268549228681548
-0.099206302369113036463847583383,-0.761263838700451197056973541464
0.002056503927670155877690730846,-0.761242444225983186791521878338
0.103318399248454389179793496263,-0.761220114681080108679526426566
-0.608539886106550077920985078920,-0.756354891575484671242783848781
0.612786180252847826189418726924,-0.752918728870427559333994697319
-0.457646692215000000000000000000,-0.738826826995000000000000000000
0.458772317788530178523258716458,-0.734751932888150344617277919837
0.557293478463603577188279205447,-0.734527497684332074714848721079
0.358023757449052963958323813658,-0.734300088328875102074823315383
-0.555115426896404944758988386365,-0.732616641966173923754991161482
-0.353048714655615374868914671816,-0.732128702261945951565724761986
-0.251125546943247089809657302085,-0.732080062202103198029776977919
-0.149831382078878876061739442497,-0.732027241073670852176504918885
-0.048581259418724629389790782691,-0.732027177422498612609613174679
0.255424151538324950402541854857,-0.731995166233624164336372807677
0.052678871767176264139454913916,-0.731994920567013741962125254145
0.153926292537406361713867869759,-0.731953777820030126896602856732
-0.406789273304873493927672540939,-0.709115017366300678763272820506
0.408531083531081841187411923252,-0.704860534180518702305528477395
-0.504344755230000000000000000000,-0.703601375686000000000000000000
-0.301968237398728606981324795339,-0.703223552301242150962348782149
0.306162798758630046401215743068,-0.702955602391551505256201831040
0.204633497938199884956268516302,-0.702859849641591603288381236805
-0.200474457211369804867251513827,-0.702821825864581940914903807279
-0.099203064984880091695032111614,-0.702784911134935419451689777923
0.002038600140239936131124337721,-0.702781542626154958911452051142
0.103290988091685949000574860896,-0.702734892144843785041608931687
0.508383110822597286880425787585,-0.702504798334776800643733690692
-0.624734669480432661358103799749,-0.700181888024994162971596584525
0.632373287189158511361084173370,-0.697836766502734695471982268678
-0.682383002432476237082653015196,-0.690468647357702436155633148560
0.689112305609684575316527079702,-0.683752693047742812365473700797
0.357861183963385483524601484794,-0.675661601299091445557349458306
0.559646019681253290931744713704,-0.674341284045594324348221081833
-0.453743028537000000000000000000,-0.674284440144000000000000000000
-0.554950127995010367363590501922,-0.674155971317578035906804517078
-0.352409700059697045570556070626,-0.673671290441402559201613161344
-0.251119116737540171190352659595,-0.673619158214370870395452103650
-0.149838549297731326809700062308,-0.673566337165396805390115488598
0.255207210845592500927841482470,-0.673534486912871051024575627134
-0.048575498622648847358692398095,-0.673525939011959214254463400060
0.052651324697735820224934297559,-0.673523561676037159230554355774
0.153909474303439885944891313268,-0.673486880416512510167649447348
0.457740276739784800236488127492,-0.673298965142225539940320376403
-0.722707634537629745995179165686,-0.648141334875164333384307295301
-0.605589802251833417207718235954,-0.644944659680247268917956266542
-0.504314336309593694059627185034,-0.644937930027965710218164810456
-0.403246217582360162283405048727,-0.644803907072306410877521211222
0.305945671774633378409017381265,-0.644495101262299940216855471676
-0.301775841677012334980253416862,-0.644437424975629517246344577487
-0.200481624433828376762680647237,-0.644360921962561017493709030411
-0.099218470080357995035308883752,-0.644320344028393828815784081516
0.204572063399730676670102067762,-0.644315329164122786057202156285
0.103268316005189997235955653771,-0.644272962923336193628970087065
0.002047068975664571107864132275,-0.644250935568603233921180344249
0.407077742150964138030778013030,-0.644111444146358392774471460528
0.508354687264631209974460476283,-0.644043900903145154936577619242
0.609611928523516507910864631867,-0.643988852076042117421403500450
0.729020476070913663108766610648,-0.641032495636589793459701948091
-0.663232554588375721199971387423,-0.635198355792185407640393119019
0.666736091432000000000000000000,-0.629692293678000000000000000000
-0.554972227167629443202810076826,-0.615695071153135027600705897760
-0.453819254707762869007320492539,-0.615477378939521198235954794457
-0.352406440530735136220524849779,-0.615210386190904740315525621060
-0.251126283959998743085781793004,-0.615158254312349946974257326783
-0.149856025504555817925431368381,-0.615105359567133257308537607352
0.255193765179303582453165326510,-0.615071693298123059585407625841
-0.048599300051023525533459759949,-0.615051232816298860181159344534
0.153887233103514875238463763680,-0.615025696927976622010969608912
0.052666403206497769997870458481,-0.614996282584063188057795681891
0.356367417447071654526704548206,-0.614909211048308491434410468553
0.457704803144239495175330193681,-0.614838071563402934942050710718
0.558967416666278973565801605885,-0.614785928332818566858457751180
-0.760411300492109915645103783839,-0.603463477831620090021017086143
-0.703014422333223671102555702572,-0.592360518135018008439881429311
0.769950519496000000000000000000,-0.591182721807000000000000000000
-0.605611901424452493060872807228,-0.586483759515804260636014853369
-0.504458841437057934639369094268,-0.586265915568156077978026952510
-0.403179775314373801562202778829,-0.586232018200989383369144608479
-0.301781397798911622046921922770,-0.585973724534106475421376821090
-0.200499144401144103534762853737,-0.585900020246446953980223357902
0.204549985332353382650153643884,-0.585854428991705462218271132148
-0.099242307314506069256136785904,-0.585845699920608404746932304965
0.002023803138640843653164900959,-0.585789960163867621493251774795
0.103292934006895110208854740069,-0.585735865324975155988321834628
0.305733532123527032909181353489,-0.585687866222093946229355221412
0.406979677198738249656574091066,-0.585650426055759114440243935773
0.508321380077551096542079652491,-0.585583006049904225343560566006
0.609580146421309086616377571450,-0.585527956373800415644720333759
0.710839180286412150534674476253,-0.585470657833949836786672730344
-0.656252780082812563160368874197,-0.557274535884908923415542765425
-0.555098515693880984497431824670,-0.557054603930825311013335908119
-0.453817008166529691690231766327,-0.557016474641319861841952009697
-0.352413610881349235582212239483,-0.556749482289267407939493632919
-0.251143803927314469857863999505,-0.556697352596235883460771654273
-0.149886404025384536877252599997,-0.556642056231000222943862366045
-0.795357264460427461479460142180,-0.556597104612269578762305596406
-0.048621397366563542377114892030,-0.556588158207773380257943687792
0.052649875670603836570955431495,-0.556530420990786334475406245056
0.153907858301895706043026287945,-0.556479457970367495791517263359
0.255093536502992621259054040353,-0.556477111696360472652235566864
0.356345276343170432042740047776,-0.556427912543691197486827947514
0.457583639540785723461704242366,-0.556377292781457161946924123905
0.558934986747657599002065001324,-0.556325032986349734218489042655
0.660193123862061663984382238545,-0.556270412885115763529840106165
0.802096008172000000000000000000,-0.542263344515000000000000000000
-0.710018953153342484720278026207,-0.534320756898427719889041416477
-0.605739394352241054596927891639,-0.527845380299929973792863820175
-0.504456594895824757322280368056,-0.527805011269954741584024167750
-0.403186943016903383238350597180,-0.527771109659612934944789998185
-0.301793748475194048579010228774,-0.527503852400008526345722090961
-0.200530911297388696608599265680,-0.527439124535940550674799990344
-0.099265484759755883934427339189,-0.527384428480345537423372851720
0.002004471796569189230592861908,-0.527329044262174388164213760407
0.103266292656060640441903677623,-0.527271424406155571161504346236
0.305704973239509438324600488797,-0.527216903086783558729090454559
0.204500018176998892331679704679,-0.527185931457118836565263933374
0.406949834377435064078821009910,-0.527155809056460460366778645203
0.508198051945153201400494453851,-0.527122231794150801840051662247
0.609548859228156475674689722306,-0.527067060404597654616567110172
0.711769413895522792421391525074,-0.527017154929137673682025329689
-0.815532036862621081564589893782,-0.501727660520588736687583715945
-0.757107202936795687321610840215,-0.499674341950535601525557964885
-0.656482157935717047934883699286,-0.498813513664767405111569975500
0.762959424224519720473141656903,-0.498781358872932868702944781226
-0.555096269152647807180343098459,-0.498593699632623974619333123359
-0.453824178545994438478315317974,-0.498555570739686068064536611963
-0.352431138105984389854264076495,-0.498288580575328718561223134328
-0.251175570823559062909247886856,-0.498236456885729480116410047338
-0.149909871090931527121224325617,-0.498181156191177214331692836374
-0.048640646219914938915941936803,-0.498127142265781248742269737161
0.052621308469457129516921099083,-0.498069319734643856229528856013
0.153858452824671864526846901016,-0.497977898399817738723367874295
0.356309758858588934459831821932,-0.497945193043511265861718431752
0.255111047092021420295293882231,-0.497925016525853282198504945946
0.457564246781802542017611221394,-0.497900748069154100259906183545
0.558810782134345334949897832377,-0.497864260586180106016208646364
0.660630310745840521103506348968,-0.497811143269091182782135337509
0.814339735296352121528026611461,-0.470893351224982472617992208731
-0.707049331942724251969716094188,-0.469476877024629906400026466269
-0.605737147811007877279839165428,-0.469384476001728637398861035415
-0.504463765275289504110363919703,-0.469344107368320947806608770016
-0.403200290295459160168452794211,-0.469302885441826190533569830492
-0.301818402274014580702615051088,-0.469030619128678981902588940702
-0.200554938136077186480956031515,-0.468978225131967764739835474472
-0.099284785579130462006145452162,-0.468923527323443572750357359088
0.001975787000257418123175177661,-0.468868146958139928506792454119
0.103213468658333852696619070253,-0.468775793763306090928912837743
0.204469549709926185916200133960,-0.468716719282433841425585621853
0.406924171262956412398622033417,-0.468690132056204905754845970093
0.305716240900234131609161151719,-0.468654012169261196427477791952
0.508176976970994675567014599920,-0.468642776861183404436063167662
0.609423512938003108064159163746,-0.468606290441160226517911498527
0.711246173797200030015235608976,-0.468558592201254000657292849411
-0.855412057496463017833417886144,-0.458981183582076664634518773429
-0.758222236686975994310278908477,-0.441210091631767482056602714178
0.864778776794732838105687038504,-0.441079564475777720047753550332
0.762436184126196958066985740804,-0.440322796145049195678212300948
-0.656410539135826977927198530758,-0.440231693149106294438991763999
-0.555103439532112553968426650105,-0.440132795730990180841917725625
-0.453832930319839188777561098594,-0.440079382904109179628279099693
-0.352462908062059135194301981974,-0.439827684860096918419030466384
-0.251200144653744592661759138307,-0.439775557709123643264242830143
-0.149929179367965398910137559743,-0.439720255038348232441767473503
-0.048669314003848378030785803233,-0.439666244953401862495748620684
0.052567947189134141302873148831,-0.439574620986802163206176435848
0.153824775646263959343572484148,-0.439514250269506033128659556657
0.255074785779834062909341070489,-0.439445787990121022896423131617
0.457536901452148545948025411942,-0.439432160848234209931002954210
0.356330653304784984590026686335,-0.439398951181638099739580667709
0.558789707774652448681275931289,-0.439384806716163524937766019826
0.660039080812624411973336526855,-0.439353228633205715920621702961
0.813816495198029359121870695363,-0.412434788497098799593259728453
-0.808345129684462116231722944173,-0.411120675984850048369749208295
-0.707047669933815261053335069399,-0.411015972706888383912039859981
-0.605744318190472624067922717074,-0.410923572100094843621445637681
-0.504474539254847353899717897290,-0.410871425411602036217696240611
-0.403211062712783175960713279919,-0.410805242923612681351993911595
-0.301843136837712223556291464448,-0.410569720019857864766679434662
-0.200573750508504738938077253914,-0.410517323817456314183851719784
-0.099313427284302606771726358036,-0.410462629998281621106864846354
0.001922845995364794675481094174,-0.410372718654500639477663198018
0.103178580893748996727480904826,-0.410312952087658897843981501749
0.204430266969088026527879301326,-0.410242876305866079800514815476
0.305689270652156734315307264056,-0.410190601357649659939286252306
0.508149632255806319062286743312,-0.410174190703214330432705806374
0.406943383493977118146287932701,-0.410140979973667403903892323321
0.609405275649273752590453294398,-0.410131744908209014340476224259
0.710654943863983920885065786863,-0.410100677565368533795779214863
-0.866007040940276843616855811746,-0.401488369576883685866648308973
0.864488187521000000000000000000,-0.382491595101000000000000000000
-0.757726576965303437901122194446,-0.381872779359141105389125180792
0.761809129291840280560793563709,-0.381800030052937107717632746879
-0.656416323908369272728865242546,-0.381768380916776351373348379458
-0.555116410408216802866403199607,-0.381663922565656265820718291492
-0.453848636386271727097845378182,-0.381590290093385106241024547185
-0.352487671763267442264687586890,-0.381366785763611022291481028629
-0.251218486489343275656710651395,-0.381314656245089838379412611229
-0.149957738138368303421109409580,-0.381259357672612936412047703203
-0.048721270066096320138796571061,-0.381169098896369367526843333950
0.052533423269054048078865760103,-0.381111021873472290151302571855
0.153784251069330906766435274320,-0.381042561069691795934707966783
0.255046365986060405390083616809,-0.380984890556659356413772443473
0.356302000841348867875554014744,-0.380932630149678964096687847930
0.558765200130427622971464106421,-0.380921128895259819835416010807
0.457556114297634891260549264070,-0.380883009828647524405595175485
0.660021138700633261502182554406,-0.380879193840371832215633736161
-0.903038352075559574513701342509,-0.356251666204375558098269725989
0.813224590931975789931833132305,-0.353976880685150632112572682744
-0.814056517770000000000000000000,-0.352725517894000000000000000000
-0.707054844146550563866669709959,-0.352555068805724876251063760780
-0.605761886102230082152378083347,-0.352462670398368761857503886985
-0.504490621822471877709826958479,-0.352382985399351888386326272556
-0.403224737673316071119902541504,-0.352324962638587421104930260255
-0.301861318403108659009260541844,-0.352108818505759720167976352705
-0.200602245665890783633792254101,-0.352056426420679992161253623238
-0.099365825026700809980181185604,-0.351965404984184395122938003638
0.001889062000180006335048590930,-0.351906979616323964661686196205
0.103139208708169046001235535707,-0.351840557360245355698444438326
0.204401847175314369008621889857,-0.351781978872404413317864054128
0.305659096175252538944236401280,-0.351726919348688660598145321985
0.406914731645006640990818116504,-0.351674660004659084596652098654
0.609381063181787131883193366428,-0.351668577827422637710573522709
0.710649268791566774850660305508,-0.351639773499454910083284414604
0.508171682172256195169726627179,-0.351629948020693013808305379918
-0.757733751178038740714456835006,-0.323411875457977597728149081591
0.761803454219423134526388082354,-0.323339125987023484005137946620
-0.656428781520889681344019175217,-0.323298599265465970241340913782
-0.555139050610660128030772964772,-0.323186855558254341205426359956
-0.453864493530915600001600042362,-0.323113780697595128227495264833
-0.352505824193045233673861264269,-0.322905884240458848420978776923
-0.251246905215495087964116791735,-0.322853758811109175027181382607
-0.150011303462197869333405173727,-0.322760796996600260799370678857
-0.048755828619311332220015478998,-0.322702705176162115601514466532
0.052495035631665233023147978046,-0.322637046102050232366672352796
0.153755836210049561546082262375,-0.322581655077681179359458469830
0.255014585368938699489628244040,-0.322523993782924470547539391257
0.862501985489153793110055781388,-0.322521901396227126153854276805
0.356271891607380473761325016800,-0.322468837137740729860791271443
0.457530299519627944899995479613,-0.322421598196704573999362303087
0.659998236468616712178790726197,-0.322418293985014049152811877021
0.558788185897965411032445501711,-0.322376290368868652427588742981
-0.863733959553995512701001158657,-0.312975320876688493214580688781
0.919736409743571353513113911110,-0.310609806002227719239260492385
-0.922934700887583932758292956871,-0.300902428638860870306728841794
-0.808371166882390370997747702378,-0.294196648825362099785121329288
-0.707072423557561656613574477254,-0.294094167107455531959022210198
-0.605791574265519527967822929906,-0.293997830500806602985383322634
-0.504509733688117657354281942954,-0.293912120020069467461494146738
-0.403230633073567407173013865449,-0.293842658327891918630350265417
-0.301889736676042934117806901052,-0.293647921071558742675198343807
-0.200655963011802173663729711360,-0.293558129387029443665298438226
-0.099402668089685216270649230580,-0.293495743397769041876597792033
0.001850644593945135494456306934,-0.293433912831305134740249864104
0.103110881995135632055836382346,-0.293379498496708006166534179833
0.204370065940614525083863599391,-0.293321083169691099913037284810
0.305627316176873458320826710320,-0.293266023645303256291772444193
0.811911644978501381537799149456,-0.293225232926473701079406517035
0.406890193498844058891327867154,-0.293211035062554444799131091175
0.710621687088787520566933174359,-0.293178875664576640080450737256
0.508146163796138796097873148096,-0.293169049248754146776533475416
0.609405359184794991328042861479,-0.293126006526460063869827097293
-0.757751330589049833461361602301,-0.264950973759708253436107531009
-0.656437927501672880953614003391,-0.264798100360115545738851137743
-0.555159735181302906777410993897,-0.264718718622599442384318560106
-0.453873700087261038416741813160,-0.264637229040566949877049209799
-0.352534242465979508782407623476,-0.264444986806257870928200768025
-0.251298794472350019817419820677,-0.264352291647479011313315399426
-0.150050952486338996054915623767,-0.264286808164232478682214159937
-0.048793863462412258705134854312,-0.264230982496491917668946384654
0.052466615831757833376650492042,-0.264176148668591547701146324776
0.153724056167856463357749552568,-0.264120757306644675592724138055
0.254983871635546216896765609633,-0.264061249011693856805766955253
0.356245781220700212159551870565,-0.264007938627213965911040982330
0.761280030926792473479389590656,-0.263999952860592449520328406920
0.457506062285620990656969203563,-0.263958478295504101133340381037
0.558768393655136866270755968914,-0.263909999640531627003695221929
0.660028809804965799716185309641,-0.263886588206022654797465957528
0.878669042916000000000000000000,-0.262599209369000000000000000000
-0.882341048684570480099342748182,-0.257554624647777385242058065751
0.936765468005807027291293831552,-0.254684064960094125219695286950
-0.939395124075844837769321782204,-0.244806690789414895634860611704
-0.811683829700466129783155024279,-0.235652029788577921950241588647
-0.707104386764197337279126397371,-0.235633271503951264695794608495
-0.605810489585889854877680430925,-0.235526623551217209077119255166
-0.504526627811565641024180040976,-0.235448905187238592772920535599
-0.403245573593726174603629293815,-0.235358250453369548387802855071
-0.301943300262406990343217068931,-0.235149357381970226639541042266
-0.200695785972834345186912773030,-0.235077509543962896635578123401
-0.099438523553393507200595200249,-0.235028315825802848569308580092
0.001822224794037735819033572320,-0.234973015397846450074738552116
0.103079397772378199874480972802,-0.234918087695533501652682426819
0.204338286032949263692601384700,-0.234860187466256382609491448593
0.305601205790193196719053564084,-0.234805125134776492342022155080
0.811905672922415044086360072004,-0.234764328890144010549707729631
0.406865525730859162381596766996,-0.234748661557697716526803922241
0.508123262807978116608317808208,-0.234708149392909092696540651044
0.710701821575592273403544740280,-0.234682345945351778114040269811
0.609395128534710221204319200451,-0.234664889805132736198938034131
-0.757783293795685514126913522418,-0.206490078156203986172879929305
-0.656462784353601425680884403430,-0.206337201303161972379917103355
-0.555177434596267261287375352215,-0.206256900999974791390956657432
-0.453892189860072264182263805325,-0.206158976538083732062459228332
-0.352608302636074213256606377971,-0.205981997698812450824484679179
-0.251351435779180556523160180004,-0.205855320710298384053845170398
-0.150081390333921569850294539089,-0.205822419550629934245593796278
-0.048822283262319658380557588925,-0.205770085063033233003435072666
0.052434954978318222637015525004,-0.205715044181379203038001498886
0.153692291368990010414547105984,-0.205659835398025872246705815928
0.862606573255499484503213678170,-0.205659414497123695753021072572
0.254957761248865955294992463397,-0.205600350501167092856016666140
0.356220263105887595166148565598,-0.205547039855161039059623395844
0.457485504229222904479823283287,-0.205493517056867177011818050530
0.558758039939804716902705418570,-0.205449096216012246580412156659
0.761327463571214844010515221629,-0.205446721974903339143419592522
0.660088317128120095707916551475,-0.205425714150900163747789248706
-0.860828672901971832660064384889,-0.203195678515621123288837971478
0.920626804591654432140690363484,-0.198494912273698368344690755754
-0.917882748293246190330043418912,-0.190447744657258633681640517431
-0.808424852759692867793915201298,-0.177282034022688824612446939253
-0.707129243616125882006396797410,-0.177172372446997691336860574106
-0.605815074114612662188818683484,-0.177042062297347882047641948222
-0.504549173439563316155320536499,-0.176977692278518031313887495340
-0.403282341168679538555757634891,-0.176830339852191896568597889926
-0.302017029970075052965520209773,-0.176686938961118661779417476306
-0.200733854802550524932270494981,-0.176605742380265922921303570010
-0.099466943350908002480897923662,-0.176567418388194274748940345932
0.001790446921960828437424363759,-0.176512113846565985966698019436
0.103047686128324203781153356856,-0.176457073603504989728093485728
0.204312175646269002096529059209,-0.176399288955729618649853799577
0.305575687675380579725650259117,-0.176344226362723565490604568594
0.406842625257528730284251365668,-0.176287761701650989381493103939
0.508112909092645967240267257864,-0.176247245968389712273257585775
0.609454635857864517196050442285,-0.176204015750010245149261325310
0.710720450985956622179591786456,-0.176171671803777210785379469145
0.812175819466704859974451332234,-0.176088881720313947788610949270
0.958485026254264828894702181884,-0.153947943926177121037273287545
-0.959245745414836628937184606272,-0.149134552992492474017008323429
-0.757808654090495712375543104647,-0.148029179315475834567161734697
-0.656480995938515350931042501949,-0.147876299798407720742516853452
-0.555177266603507722278981771605,-0.147746313265659799525835003481
-0.453936419236851101872059774342,-0.147644012377259672327549857134
-0.352673252697646515496430167369,-0.147504333947428135911621804297
-0.251424262561118086355737133152,-0.147394461730375871905863974491
-0.150113177021469843275040903106,-0.147361523850881220004357374716
-0.048854068958649647254344231924,-0.147309189362745576375684663417
0.052403177774055944993562984065,-0.147254143785336821169395649776
0.153666196564889302835716442897,-0.147198908343173605376438288005
0.254932243134053338301589158430,-0.147139451729114166004599079654
0.356197362632557163068803164269,-0.147086139999114311914312577542
0.457475150513890755111772732943,-0.147032613632347796588534985261
0.558817547262959012894436660404,-0.146988222160889755530735447838
0.761473751948040072995102404820,-0.146986000664597828679301762310
0.660078209725343095010809696542,-0.146964810683276503493177612522
0.863228742109000000000000000000,-0.146803424195000000000000000000
-0.861213458055302544564691634833,-0.144736040501037255520024015046
-0.808809637913023579698542451241,-0.118822396008104956843632982821
-0.707147455201039807256554895928,-0.118711470942243439699460324203
-0.605843541940027946467414884536,-0.118581164887255731415640676988
-0.504568544149500617516541770742,-0.118419617375134148800774664724
-0.403339208322498407323255348900,-0.118338630166601211656843060779
-0.302082462375839495847118293460,-0.118208092014670270979299845103
-0.200800186991461074609190666007,-0.118144875670550462736815929782
-0.099498729780441656527904697591,-0.118106522688305271914703451271
0.001758661834816291464961420042,-0.118051218145947113096067243481
0.103021278089315243773011452310,-0.117996173623982176176898234241
0.204286657531456385091946853533,-0.117938390183676691798441092668
0.305552787202050147628304857788,-0.117883326506676838345293750292
0.406832271542196580916200815324,-0.117826858277131608958210038670
0.508172416415800263231998499698,-0.117786371913267221223580876953
0.609438623727903861631678090363,-0.117743113601462305352652921141
0.710871130737886733034667815025,-0.117710549121160580979849036532
0.812028620024939508622283905848,-0.117628162696898344835792219254
0.914114220435567222681697706022,-0.115883407577893123428089636456
-0.911720197286037852456971362801,-0.115090469637706225403303477335
-0.966483337724963193059924879896,-0.091123393773228463300783473010
0.966579752330556292515638614107,-0.090094935358967714131029491112
-0.757826362267935706372540411572,-0.089568277656068846301936586435
-0.656509463763930635209638703000,-0.089415402388315570110515582218
-0.555252644870927385264609355637,-0.089285457519894293238761578206
-0.453976556928180835424247973158,-0.089123287235240730103358800011
-0.352742147974539858295085737117,-0.089031498802795206348552564392
-0.251482501695685760627176427733,-0.088928042226848889169761698777
-0.150179328126715075966192260020,-0.088900656935980977185525495380
-0.048886148537485580655506519705,-0.088848293822983061464793019521
0.052376295062278064671430011064,-0.088793245624855139531926247959
0.153640679324763646915850333244,-0.088738009570738885208100055035
0.254909311101769658096711686657,-0.088678551885438321839486077936
0.356187008917225013693766037756,-0.088625236574594931491030749630
0.457534657837045051103503974777,-0.088571739577225305538858276440
0.558800649839770809799358283873,-0.088527320261522067112736088900
0.660228651916588230690779956903,-0.088504099914782622971273028426
0.761425998814786168661849316053,-0.088352711153461097136339493476
0.862584605283422267608519997970,-0.088272248625718804037309404364
-0.860995314373771755273114608238,-0.086027372935061169796528738508
-0.808469218465819046783019653026,-0.060362482811022907458111861633
-0.707175923026455091535151096980,-0.060250573532151289067459052970
-0.605918736512003184808242293897,-0.060119350030856751215859319656
-0.504639438369370218284327652816,-0.059952243707687736490388601635
-0.403385042636996798240212304030,-0.059825770655431830206774476019
-0.302151361303220978917145262388,-0.059732234926329410693934490184
-0.200857245909927958105284691692,-0.059678966852338879139425045180
-0.099556191359817404522598988522,-0.059645646586613991794606692068
0.001726581749678919444046471030,-0.059590322606462426038060844658
0.102996025792095567712274040576,-0.059535274736504503962805173896
0.204263621561531553671644869338,-0.059477490380864106088399720595
0.305542433486577818444425732506,-0.059422423082157482748550016583
0.406891778865350876907932057158,-0.059365984222009117908533329848
0.508155044196217288895448518997,-0.059325470153061796203672411730
0.609594960958496774022172421966,-0.059282418300424929313867159802
0.710783519993487666317961457931,-0.059146261947083139127763485370
0.812096527180273339815006513862,-0.058799696889217657202264320957
0.918013514316683101535723983562,-0.057552688024307165054581563283
-0.918957789596164416579711636425,-0.057079310418442214687078626915
0.970266908778000000000000000000,-0.031161343280000000000000000000
-0.757854830093350990651136612623,-0.031107380245976695669935315202
-0.656585210708729143966851515952,-0.030954547119077875762125555436
-0.555327284610844752252037498013,-0.030824600826550942368385662861
-0.454031934167886489781448794922,-0.030626974196182057943674440277
-0.352795228506757099779563677338,-0.030528193235477757450373825506
-0.251546740414000000000000000000,-0.030458720159000000000000000000
-0.150232873034375230593318654298,-0.030439777108839878152637825790
-0.048934895991107584583959688479,-0.030387409805580721373885917708
0.052342124165642904060355807982,-0.030332351270079603394927979737
0.153616737905767283957577437984,-0.030277110131721874467743088789
0.254893477586352535900121863219,-0.030217649688241668105336575256
0.356246516240379309692479044625,-0.030164362519472440441361147547
0.457517014039421005478425623085,-0.030110837898352712202100937445
0.558957870852351488638069697843,-0.030066627330599617204833696531
0.660149829035396209649353922993,-0.029924580332725445470357616746
0.761340201609020258692790156542,-0.029791547156506961805658673616
0.866804672765415262316506153300,-0.029351058933285713167337952636
-0.970330949534115934381487301382,-0.029178131690652662675720569384
-0.868232906683898319395854881862,-0.028016213715797159080303888089
-0.815706810775945610905759926650,-0.002351323591758896741887011214
-0.707276630826675747413911800052,-0.001789755933101430098708178038
-0.605994513396935941845336961646,-0.001658494792579633502414238602
-0.504715215249766594528740040478,-0.001491388477244858596466154664
-0.403442120037646791320800168230,-0.001329396776227985187273789765
-0.302194338354281801818152988464,-0.001249749762718973897262981640
-0.200920532826482745704969087511,-0.001209252431994074386878917779
-0.099610103651792962527132607244,-0.001184767104047387640345097577
0.001685514465043126948441318827,-0.001129432689454357597716586620
0.102961869680817813613214263480,-0.001074380373088668668693175725
0.204237529591160409953723133349,-0.001016591862114968136818902492
0.305601940809872197715359819779,-0.000961549027035134289642066862
0.406874117410314863913512520171,-0.000905082548468287963687868450
0.508312739188857744365238641656,-0.000864778498757028414720050425
0.609512738929250924265251198871,-0.000708789362900133361324153475
0.710706562959551798092815520855,-0.000569774904888533900276481719
0.815978876581841773700173222868,-0.000464803054126683604160604032
0.920761040569828742170947666402,0.000843616960671794464524049402
-0.920200523878420786244819843416,0.001368383701292806269342450576
-0.763076776465093453033878531446,0.027119835147695091469322074816
-0.656662725095275921549845076005,0.027506305833391790349145719931
-0.555403061491241128496449885675,0.027636254403891935525536784110
-0.454098023033907711661890314037,0.027853763231622551105562785376
-0.352845898099166272462005628790,0.027957113121034024462282473661
-0.251574496419660138838373989254,0.028004123229494687161961017642
-0.150291267107197955860304883488,0.028021105656962960951271100108
-0.048986975326964981108832886217,0.028073471338592769889438350735
0.052305256218156233672981743944,0.028128541446033200766442172508
0.153581049446770330790686108615,0.028183783316328484791534186409
0.254958492171309564198611685165,0.028243218501635104078317916193
0.356228817759441407770686164971,0.028296539142870875585503936165
0.457674980140902546362964868825,0.028349853024019952859227734215
0.558867607265757179985303185168,0.028493059468942455441045056161
0.660069420551941876410420500032,0.028645925415347431045204046425
0.761781267297751633582200545795,0.028710551812556693272893706360
0.867312243674877417787044154104,0.029107641943335474033219223127
-0.868146579494376162010667236788,0.030444626887351477188220442126
-0.970256084992431410148845731747,0.031569677348617758375082353668
0.970242773741064658681188165532,0.031976162933993895537135166525
-0.813860261867186716754590816767,0.056080410881367641945526819647
-0.707329208577782839932468618654,0.056671124764938789564972855725
-0.606072027783482719428330521699,0.056802358159890032608857036765
-0.504792729631048733252551833321,0.056969464484386317979482563709
-0.403507337382388780461013536429,0.057149835694076651576271963634
-0.302230889817601356004308869351,0.057211143152253961034920682297
-0.200947768491365005775264457466,0.057252059867247610973594390917
-0.099659757799237266950713867169,0.057276116150279557054342364271
0.001636977467686691492460444239,0.057331451503057566997963664616
0.102924073094520351811291922111,0.057386511750009036065803639940
0.204312897257145314430513442985,0.057444263897318856527786772737
0.305583319284648260442598975251,0.057499352348578305141229441986
0.407032101138664129924884153028,0.057555608326272320645657735158
0.508229848212924160452617426928,0.057707691000119156891825300565
0.609424288888448132137588939411,0.057847774247190019835316817684
0.812502724542294306973115082037,0.057892661793211852815361609295
0.710963906719473198606260395265,0.057905198824327436271127096105
0.917564044658250767643422404154,0.059217040310272909975158989452
-0.918697098243516064969575090588,0.059809953219664866638844472462
-0.758254553436709944918020572206,0.085381516392531570942240342696
-0.656738501984725003963363427729,0.085967161063822934137042662277
-0.555480575877787906079443445728,0.086097107356361601636808059477
-0.454170540765603176321391679537,0.086320320080892315039721487343
-0.352900496296928217885458179313,0.086417991969478486138037051354
-0.251609416661932328269878965246,0.086465017141468720998239285580
-0.150315656278927672652781859959,0.086482469824414156066860327941
-0.049026301774051892065642511115,0.086534362452575650409455789218
0.052262398607307354098447853185,0.086589430077968956918058432523
0.153666907577351897993889374094,0.086644624610239198055682962964
0.254938368019688266029770632524,0.086704119379306537063339030465
0.356386838449636368445232628460,0.086757229917714387596478901218
0.457586943368973524026557103171,0.086913490802345571790837933136
0.558786529840492588304119059360,0.087062405769966401679599843740
0.660025595952157982073037787193,0.087125497175289306112618698336
0.761572062469252499272366075550,0.087171081828543852883302554212
0.863182569107183861072242609140,0.087422503894431165844682441234
-0.862425015732660736479256995850,0.088624873058462061702628799901
0.966472015607152234829301092754,0.091243399985887201057363497562
-0.966221887545272436690372300782,0.093855095872238171997817100275
-0.809081530751706832924369587119,0.114345675536532020471685932705
-0.707681617836584840483573808982,0.115130966914269928773560189546
-0.606161277880399570282423908935,0.115286467643468458442156304207
-0.504868521582002616091415475741,0.115430319695292817381771361612
-0.403579669275759317731307360611,0.115616071621149937186380300901
-0.302281232771066165297590789953,0.115672025817497282185117228056
-0.200981562410123313709374649073,0.115712954441154517255312417009
-0.099691956562226475286050968953,0.115737011624519985124904964698
0.001603257829014279387385521054,0.115792346119855647626212689308
0.103022271898375626720439411750,0.115847333617353018811555356588
0.204292002528509190606838953200,0.115905164504653997231949604521
0.305742261413429437046353834454,0.115960040625488811494536262321
0.406941305385307694806291576445,0.116115758648911351541213390181
0.508143650836396295890065627660,0.116268161068997206206133231084
0.609385930448576260408382915286,0.116343423418147018050336945325
0.812228724640228856265777058775,0.116352924027177850685624474593
0.710637534556343546057806531859,0.116384837686253561707309830261
0.913696711020032810695871780925,0.117549887548695198914132528218
-0.912975534481800639438164849650,0.117990199390775451153252830237
-0.758606962695511945492532813060,0.143841358541862710109309186081
-0.657018554380175973425837840461,0.144427394616779299095003768974
-0.555556367828741788918307088147,0.144557962567268101039096857380
-0.454267183821935235902604637294,0.144793275883083411986390128489
-0.352964991352996224290543811036,0.144878860734817115727490566567
-0.251651813104255223934386702283,0.144925906109667633957490259883
-0.150348560899922277966828395225,0.144943554189118203883748205238
-0.049065156468356450280178627616,0.144995253882001643210503463522
0.052377738866623737059793921435,0.145050220639121855426048303021
0.153644883981762805697888830874,0.145105524803202702649115094208
0.255098810124875904092849846150,0.145164803558858233098382169106
0.356296702107725078351449930187,0.145318614543466296206136500267
0.457498388114506390512733632440,0.145469782603445454948087692839
0.558741827077961723044751528522,0.145551294395844026830385611252
0.659997689677723432978710782116,0.145603074204532678546282398280
0.761248970389307291405741220688,0.145645047858707832658487712452
0.862620160245574247918360498796,0.145990409649995649397735977684
-0.862164966228442196601170293128,0.147085199012614581225023038763
-0.958336630839124821127655568495,0.154869031715999006898796915807
0.958250699103550695929015238645,0.155399847684264024643579247198
-0.809665083138294870635359266985,0.172803667317147529449041765146
-0.707685216449552060318252170661,0.173591871144878504886836211205
-0.606414785128629266189738639890,0.173746822333510307416218427000
-0.504972320244540007806611156144,0.173891168567868274397858162957
-0.403656314047383189869059409178,0.174076925720191166683028490822
-0.302334502401264976731196508745,0.174132905889190536522290440586
-0.201010840112614077477639985005,0.174173851451263247392619042295
-0.099723784682100410168629660721,0.174197907301726199914432224986
0.001733204898888239778144051448,0.174253106037679450855898807962
0.102999249418707628900623049346,0.174308233425479757369331163633
0.204453213834755039434469844556,0.174365846568115602962176168046
0.305653250342516209856758268408,0.174523378297619571586943647506
0.406853811075589835561626876192,0.174672593306520751076635229705
0.508093961253347560243313016837,0.174757413357102823881640258522
0.609353712882376337940875394719,0.174810726238094439716754740928
0.710608136356620453693454575653,0.174864995251738798822433726648
0.811835319242631684388777463182,0.174948608156053424512493232532
-0.919985791207294446534197664965,0.198992613120323289815887966637
0.920942220186950524109469000334,0.200408232873470751726614124061
-0.758610561308479165327211174739,0.202302262772471286222585207740
-0.657094707853455118850918872237,0.202888249357870029430222367517
-0.555809875076971484825621819102,0.203018317257309950013158980173
-0.454377562813818265399322135729,0.203254076022053062310101215978
-0.353026723431987238514724250194,0.203339732483028555203416189238
-0.251649564083658630262669859545,0.203386810407773640560836295581
-0.150383116838638303393331388601,0.203405871095894966326884533809
-0.048911349562814579387456248296,0.203455955894945437781514855887
0.052353995327438786372563527998,0.203511120158841443582704159322
0.153807222118223214151328035498,0.203566203748454899936278913887
0.255007633271833875207996372130,0.203724457090248775094267010948
0.356210359786986584385145733652,0.203877356239803957209078526827
0.457445773671886956620127732862,0.203966460532704392436812380999
0.558704838944804509203650521170,0.204018588926631610896572390348
0.659964830319163360456806496260,0.204071487134047839520906431156
0.761197562195396061520289224273,0.204163243146679989127412046554
0.862621290568391524516757507474,0.204451313980434922283823097177
-0.861893301374065100984092243977,0.205545472144180595761216105219
-0.809393418283917775018281217834,0.231263940448713543985234831601
-0.707926143372011686747515105355,0.232084027877809271262380216454
-0.606517530385416311866430489433,0.232207636387221625579290084157
-0.505224751402650883826066244878,0.232351527914358933840687989215
-0.403681522749852714191391181457,0.232537824626483420200290469110
-0.302291734372663606374289076019,0.232593794586730300768586990551
-0.201033379632672548922392433192,0.232638805348873945762556491298
-0.099556039397897577908238146766,0.232658570981931120348262073730
0.001709283378650229139659735176,0.232714005484842188662803174990
0.103162584615943034860391757901,0.232768909593513830763306036077
0.204361624140864785174799526524,0.232924844257571408294915168195
0.305564763494681096112774625269,0.233078399245272367699930023945
0.406799228395999087675829459170,0.233176566284965112559567758666
0.508057240542092294401202087910,0.233226617019922817957220733786
0.609316275721884923683997364940,0.233278797466045595530933005610
0.710554682963120531495158065402,0.233368998050047216130376366917
0.811836449565448960987174471861,0.233409512486492697398580352025
-0.936673778229208393112717632516,0.255021073973418609239257688895
0.930078345883022859257749511960,0.258150838838875272860161439837
-0.758920441192356006123859070081,0.260762345828074033767987422034
-0.657281409022920241539136325737,0.261348855573369739693166997829
-0.555912620333758530502313668645,0.261479131311021268176230637329
-0.878581288395979047562612211528,0.261573932997275915184585827478
-0.454340890992046060645812627942,0.261714968861522174442652366115
-0.352934028905784773402642961609,0.261800563336987645176613143557
-0.251687142599348545716980247584,0.261865839752449250779073729320
-0.150197675528809195557472857374,0.261866481321336608276558328273
-0.048935487694091502785293634361,0.261916855253072160484244499520
0.052518050255810582791260681865,0.261971794311564656301009336536
0.153716848766418510457345416730,0.262127787511689674088226975999
0.254918771776292559273341052901,0.262278756422391327418358218387
0.356148628974564393170393436417,0.262386246138612621089980287597
0.457410518485920855633313034363,0.262437028547960713456479012789
0.558668655367449579031009482876,0.262486863529239991832728052827
0.659909421331207607842110130207,0.262570621474875701268622731822
0.761182295236913759767042322627,0.262624145494577269083295495464
0.870227617412000000000000000000,0.281504852314000000000000000000
-0.809703298167794615814929113177,0.289724023504316291530637045896
-0.708027353569645918772005020972,0.290544844609243137197399977523
-0.606664193304554461091744208577,0.290668356759096559200562915138
-0.505046224280167710913842957639,0.290812159663228539078647953248
-0.403581333607889723041532223761,0.290998643116701599150377374344
-0.302329437133921731605840626542,0.291072608500188905968055668095
-0.200824915490965412753044269644,0.291099338010764953437986737944
-0.099580178478462218062609564861,0.291119470339665880519592238772
0.001873515958614537852234769695,0.291174679138761720514810616006
0.103072055484069077525005878727,0.291331118074070082581649073058
0.204274134258475133388195014223,0.291481462240504870848547261385
0.305497551082035469350476590183,0.291595380040252845200346593464
0.406760601222984924808688434324,0.291645528452700794154578411494
0.508022372836517444120264501127,0.291696514797797708480196697828
0.609264843796544655281392267298,0.291773431318209537123235657326
0.710539416004638229741911163756,0.291829900397944496086259815828
0.811801792966300011047301754243,0.291870406555353279865497699202
-0.919624600343804567744259634075,0.310940684753915464787872627433
0.918113598041422943454043903775,0.315374279363692837840034462576
-0.861532110510575222194154213087,0.317493543777772770733200766015
-0.758970730288806573276346929640,0.319223228539654614092624043550
-0.657418545217598957631600759954,0.319809599069108074698732115869
-0.555734093211275357590090381406,0.319939763059890873414190601362
-0.454240701850083069495953670246,0.320175787351740353392739271349
-0.352976404617608401331290776108,0.320271273214808788165559421985
-0.251450909957909280398712075923,0.320334351618481504301230357355
-0.150208361561094339912257419364,0.320350693614819550015233150628
-0.048771038904896244652097207025,0.320377528299198949102612711852
0.052427231430445228690261056040,0.320534501829023138919365196247
0.153629599865149013550127394856,0.320684346900990224128935339464
0.254845539539709811731570345140,0.320810804276962359103409661016
0.356109495981772457584446681949,0.320854709661356437130699427261
0.457372293848759144251887330493,0.320905294445691143032474540019
0.558621391487344828239328029259,0.320978192481694605186878407337
0.659892041574060167126338122815,0.321031523232840780544130274742
0.761168414244696441985258991642,0.321092629188908481818551875967
0.849659238383783530178308213370,0.336418034582810130066696813089
-0.811753379004929805031345180949,0.348148971129210351698012222192
-0.708554342933389996582909428298,0.349003373658654768903858573787
-0.606386723755739426401930783760,0.349128602628061935812253815817
-0.504945539183061243912748141622,0.349273842397509748817989067374
-0.403629372302667470055935400719,0.349459527720804255945770770007
-0.302089274778915911889395760669,0.349547933128885890573665958761
-0.099415728741742158904264354406,0.349580143383127291764639848068
-0.200834297852774017535528502442,0.349585988508564962007939944097
0.001782657858376486599446336689,0.349737383203088906445897229412
0.102985065524593855384909242577,0.349887231652992590502407085002
0.204188075685298897570201616411,0.350035971373133542160743638934
0.305460418213238176287358723750,0.350065058553467281558648011211
0.406721895519963326882338053164,0.350113252847867615181048967208
0.507975792057239970934912022145,0.350179230045037548044765542888
0.609239555195385559248218763355,0.350234330189994380871708844084
0.710512403923912300406405388243,0.350290798498793903550024771618
-0.899240318699091955971652398958,0.365732640351789825559917835128
0.897465180979772519581443759984,0.370067242432615577235643542246
-0.760322655801762883573517867692,0.377668498954101503002586286243
-0.657066981902348227723787546073,0.378269446311858999598216613741
-0.555633904738482699100127696863,0.378400581551255861103747645857
-0.454288740544860816510356847203,0.378636671955843010188132667012
-0.352728649834130037972411776949,0.378759763445176588988901149226
-0.251466871761603384434421379014,0.378809605597784678349999403460
-0.150043911824374280753912208908,0.378811366658280961260280759924
-0.048862031978469427652720810691,0.378939998287017249107924365629
0.052340510658058025810597809567,0.379090080808183681582292135247
0.254807448375824233584752488770,0.379282448850397377692041975208
0.153514076598412558571113248966,0.379289550886554929750026664611
0.356071787012694829725951227370,0.379325384673587484151642787023
0.457329795300517841618320115142,0.379379578483515034111760769679
0.558592483579568820681166567715,0.379439089675830028533582217977
0.659852220285100225898559220058,0.379492414011850884243364510677
0.761127552144253904357686560628,0.379553519249693139910178173617
0.819196163386468197061906073530,0.386314711808035703375008036190
-0.811119045981436559916634916531,0.406606433937868998772918283820
-0.707719593876025829901143171314,0.407458318106679288736855164943
-0.606286535282946767911968099217,0.407589421119426923501810860312
-0.504993574499981258357280072442,0.407734732887700103451588984569
-0.403372175631091218141580578905,0.407964397174482807793373220217
-0.302104682066125987375698457520,0.408024148277306250673769889006
-0.200669611969530965302008066150,0.408046889934307430384482094780
-0.099491708825922518573498628163,0.408173793472386904052917181103
0.001695820821212111558430662186,0.408292695892112024244319271463
0.204150939422262272917878324558,0.408505735780702723572040083177
0.102857394991822914616263538143,0.408513230429178075508694047152
0.305422129289965232663645279616,0.408537045281900135278022667652
0.406684342627382589815890430828,0.408583658375439892511688413756
0.507943458627430626402312671908,0.408640125444951837799924497453
0.609206274969624058566618888363,0.408695225058589886010418573231
0.710464200256394515198816292613,0.408751682967101777717647024469
-0.868870547069350139054232985982,0.415686161824932558003564754080
0.873562023344832315288457661628,0.423418122383086898582508946503
-0.758680060731520517963303581266,0.436106322474879708645787217074
-0.656966793429555569233824861530,0.436730264803223987287773658236
-0.555681943437690189408367530334,0.436861466155354877873895293246
-0.454053887999989774579341000268,0.437102711603540609338231346879
-0.352746950686167171100480505131,0.437230961958808637756212418124
-0.251300746132907390351319870926,0.437273001371523631411326132919
-0.150117914304767464114356015428,0.437410186745475405587168023583
-0.048932362591442517827640610938,0.437523918595670040917463990788
0.254770808025384368510925856070,0.437751354922944470695536042925
0.153478930290923978287510187964,0.437755964575838643620753157056
0.356034756851759104943389108948,0.437795194022063896160017471407
0.052161839807138955440166334866,0.437803003652663663879322744559
0.457294155682104069583513520096,0.437846678959329239208861030736
0.558555098909292207169876479473,0.437899982063791669273420040899
0.659818940059338725216959345065,0.437953308880446389382074239824
0.761074122460712431590064702417,0.438014511109359171893335023727
0.819142582395627826806881391719,0.444777003046325051573471796188
-0.809476450911194194306420630104,0.465044257458647204416119214651
-0.707619405403233171411180486772,0.465919136598044276426412209438
-0.606322686210035453503295017241,0.466070925374511330726229216940
-0.504759468209920786025808775716,0.466199472110247461044580531906
-0.403396016208353658424997207853,0.466425987188112054999250807827
-0.301935757759836768134596678227,0.466492394485534910049029758008
-0.200749592645546134040595344733,0.466637235015663689147283229226
-0.099558062887753596745438975091,0.466759441609949969081416495480
0.204116318612556095963891231894,0.466971238669617709656152298905
0.102818332262922368174993811650,0.466985140457352267608701273866
0.305383846142863830381478752636,0.467008793446042476869574710396
0.406644405490137312024390565179,0.467058495290210419092126307113
0.001519087647815046567591058322,0.467059452079149869855644452326
0.507905414179220887574381202499,0.467107197297423975250287648064
0.609168890368253460501877856349,0.467156117446595590844872483132
0.710437206321775923922406007698,0.467230603598751288496125844135
-0.758579872258727859473340896723,0.494567140966244696335344261569
-0.657014794934272917017348064831,0.495191149437874769066490635977
-0.555450304221214432284805512696,0.495321911583728013883370733678
-0.454078125671567345561213299971,0.495563610920483036086135040364
-0.352574800356550951421370507069,0.495704801118651762263785066922
-0.251380769685107550519833648904,0.495864053762159104481480382461
-0.150189197236191480284749135605,0.495985552726566845017698868495
0.254730094113189896036882566394,0.496227402197240859494662430950
0.153439973973005524130329872585,0.496227690397232207841241652651
0.052164126716041949045470685821,0.496263907949299810507405033940
0.355991980424037346050836115839,0.496274713576050594646522530044
0.457255296033792748921311762028,0.496319648630236708581965245453
-0.049109831789000000000000000000,0.496331097798000000000000000000
0.558517323494833952799620325049,0.496366593731475391060664305991
0.659781555467571333317640803544,0.496414201268458235278930694301
0.761078874386556770135138612149,0.496475415257598307473803192196
0.830866431805763860503251032601,0.502050283827321489749315767010
-0.817909308565204254068651918500,0.522893753983661205195411599266
-0.606091046993559696376665523592,0.524531370802884466735692503040
-0.504783705881498357007681075418,0.524660371427189887792484225391
-0.403211934187856032365180323251,0.524920516303478256850842177932
-0.302013208625046728028943591760,0.525087904696006509716147660318
-0.200820148067489266849609884908,0.525211981764838164011543909480
0.204074188759330084350563745258,0.525448464332615135526812292426
0.102822290372593888207335489834,0.525477091131931404865672525692
0.305337356392656692602812590005,0.525494853759641910172751659877
0.406603489925787855449932102802,0.525534796334642392003014478638
0.001537046990000000000000000000,0.525545121380000000000000000000
0.507867447746393407862216994506,0.525578620510619267455401181601
-0.099731773395000000000000000000,0.525608955403000000000000000000
0.609134426753081001298813319804,0.525617011629541785712020840161
0.711036399912000000000000000000,0.526715669651000000000000000000
-0.711006332208000000000000000000,0.528569124580000000000000000000
0.792248311873628859519473825830,0.545940124899232884260094974084
-0.767415502369730235221116721372,0.552356490996781907298802181372
-0.656783155717797159890718571182,0.553651594866247905075953922076
-0.555474541892792003266677812398,0.553782810900670440631274427163
-0.453913480915810750953397189257,0.554024304644576176018477260602
-0.352655008645704404227734854402,0.554295531607685946657153845796
-0.251442664436917394390035038569,0.554453017533726109980225639106
0.153455657591845821531822429271,0.554700142871787381156553119186
0.254688352519093551651145948323,0.554703955497698135652706070456
0.355949019839889980590930113293,0.554754708768235100600692318945
0.052227561556436717536375517093,0.554766180438871595621938468124
0.457215870629181130433095421674,0.554793372114904311490621373779
-0.049079398513000000000000000000,0.554815676493000000000000000000
0.558469424237374927240004316428,0.554855186428475727750647177228
-0.150354240027000000000000000000,0.554869945520000000000000000000
0.659747091842795390695301103076,0.554875095451398768741004494614
-0.504619073288388218155218057661,0.583121043955990724639236655490
-0.403274495483096744208696952355,0.583542249904780651621431783528
-0.302060815224909941399145288165,0.583701609759924835061015822757
0.204075082791589424476400531646,0.583960993350175909972455080630
0.305285612906103057599060700059,0.583988671267866738491089115494
0.102866839346975291635658595296,0.583999439876969222201123121857
0.406564260949000000000000000000,0.584014222046000000000000000000
0.001614999815912512730743026617,0.584024443040605630860084557717
0.507816952961423921284731717423,0.584071483492264327473064371528
-0.099706874867890891829784268658,0.584076048246420850395665715607
0.609102515442155408514608350374,0.584077907261396742870945783969
-0.200973189856277117351155948337,0.584128962326733062610390126613
-0.607422511362000000000000000000,0.585488108134000000000000000000
0.707156433064053428420066246192,0.589080821600345328308022558713
-0.699195471011024400101017718269,0.593886813865009248437219180221
0.764985193566736173399458775086,0.597654723578858890588106766140
-0.755507392374474174536709491183,0.609591744580139828006960331671
-0.555309909299681864414819138822,0.612243483429471277476974929185
-0.454067952251484617875680862045,0.612485333464213552964954799484
-0.352713737527188323402953582062,0.612889943022544547332719719684
0.052248138916695534683143626280,0.613247080861499905352772782058
0.355896190911072758346172083932,0.613250365176683434803960119879
0.153488982066239843065934883956,0.613264981983384010402889280668
-0.048998330381953620520729749685,0.613281376282013130868762613538
0.254651594950907888554604910835,0.613281528035080865753103323182
-0.150332736758409807435540657987,0.613344300761781443444585102677
0.558415638074942085677629954915,0.613353737537048484457976758262
-0.251604722176373481812776031316,0.613354383988865505783193158601
0.457242364729000000000000000000,0.613442595666000000000000000000
0.666702042120926850198462343139,0.631735489322463822906770562245
-0.661131813072713468145144354307,0.638258373233208853930651846557
-0.504942063593860400695178981928,0.641921041539345569115604482244
-0.403134362747139320462354121903,0.642477742684561398123680497855
0.102864857988410632676055344568,0.642503234286881150162241232413
0.406511723562681826216020287410,0.642503487930533351442875958240
0.001635199126422273850115301537,0.642504689482106215736427192956
-0.099612488970257348223947465373,0.642536876394102190873007849940
0.609070443396671990145702441567,0.642538802805292591661950546986
0.305262176751000000000000000000,0.642549699098000000000000000000
-0.302246538976497148682550331889,0.642593587515033427695355598882
-0.200954718947788037057336206892,0.642598325519086455584102315835
0.204047087792780137072232961918,0.642617243936330269335428660984
0.507876689497000000000000000000,0.642779527634000000000000000000
0.726037886979049317596602499094,0.644408644930627503145474733035
-0.603162774441585581530919225185,0.645825928756177001811664598249
-0.717443734436163242580836127221,0.653963303948339433500392998007
-0.454195404861744374287041794199,0.670946099057575489887704328544
0.052250833929230832601964762194,0.671758967142975720306004799401
-0.048979349850720071992102505679,0.671759514182501562879944958980
-0.150219293986507721840326136219,0.671805095035789611181679241231
0.355884821064000000000000000000,0.671807474569000000000000000000
-0.251591133836508948105300499707,0.671815286751031458555526609572
0.153417521579020033156461064163,0.671864868102203445292880216370
0.254663137641000000000000000000,0.671889556874000000000000000000
0.456991575917368257262130747534,0.671990126305893186246625331250
0.558547942064000000000000000000,0.672025781908000000000000000000
-0.552582464089859898128296802572,0.675804216965966578767836066120
-0.355200081102749862140723926249,0.675943874514319537173320563828
0.685931901270803743173833477185,0.686943186741017007260046251542
-0.676778200368270690310815010009,0.695963204845644812862723851628
0.628466933554953922773271060897,0.697688177289053285813214034990
0.001635900124828128128318173200,0.701013126033402485907402777950
-0.099586154866970445608481176525,0.701027732824188983188616350271
-0.302406660625043886137823228828,0.701054272573182290236074983097
-0.200834313365031087365790676881,0.701059105867162925301704367208
0.204024233992685595168707317406,0.701133246859677370488898601844
0.305297023315000000000000000000,0.701133946400000000000000000000
0.102792008499107424404698874228,0.701140372989321172298090145783
0.507578139326728853059615849025,0.701293316216236923962160006846
-0.618650705405508905553318414928,0.702197919415254743268980417021
-0.501410859995360626939265240653,0.705418959874976091197785418462
-0.406607081639000000000000000000,0.706235523861000000000000000000
0.409879006305000000000000000000,0.706663757634000000000000000000
0.356360463204000000000000000000,0.730275551577000000000000000000
-0.251470728253739660112345929400,0.730276067099107902861213824756
-0.048970904891422245488060497645,0.730281344675089906216074169241
-0.150193777143359456972533084916,0.730294538320189698913377239458
0.254658350466000000000000000000,0.730371484039000000000000000000
0.153401362672135590563659416591,0.730404183516991685226835212641
0.052167461472365023965619436779,0.730411062086644696064092126946
0.557944234792252260994562364353,0.730973844580603467038811960206
-0.355288638572600839619701946269,0.734404711781544307854406371350
-0.551986545923304047693428879270,0.734740919722988107184156706636
0.460667483605515022823607002976,0.736418983061137170567253623698
-0.454348437920778452090991129182,0.740100450109455396544460744656
0.611797642416949915894073884762,0.753722203285556500423601404718
-0.605141544580194329541013185071,0.759076561366396553243951732448
-0.302094837377100086750417076565,0.759514345295275655592220878081
-0.200819697226806584496145861407,0.759529680736720318390978655730
-0.099578527167811256852112406037,0.759548150171090621940835058428
0.305456588429000000000000000000,0.759604119045000000000000000000
0.204029363905000000000000000000,0.759651607961000000000000000000
0.102775658807215937756694260508,0.759676873179576869688016595782
0.001555217263868770216035620227,0.759688628064736991508084999211
0.409961986420000000000000000000,0.765533895411000000000000000000
0.511112159807611086115394854611,0.765965759209861221654757703967
-0.403391620078307192875515239918,0.768754944552380152559129936873
-0.504924123848721872845154767799,0.769422409957467412530832032829
-0.251461691134621946935003664159,0.788736970741977477074552756963
0.356230778420000000000000000000,0.788744911940000000000000000000
-0.150201636469948339877829781294,0.788788159422017423508097672882
0.254698152061000000000000000000,0.788841863818000000000000000000
0.153397072253714900279455223180,0.788919818261921380880618980512
0.052162804808949120470689534941,0.788955493617396217273167033539
-0.049055228634703005063534201605,0.788960284431372118444885032915
0.564911137917000000000000000000,0.789441763697000000000000000000
-0.350124298638351548442197480912,0.792843734539069910142885111371
-0.558002612704000000000000000000,0.794360363009000000000000000000
0.461201784415096349935830653381,0.796406386111091871861160270737
-0.455257861010686792031080715451,0.800259719699298305915061541520
-0.200846439060462235700638009711,0.817990578961813779008931993724
0.305336443101000000000000000000,0.818074069325000000000000000000
0.204050979944000000000000000000,0.818124261517000000000000000000
-0.099678337936840088094565797775,0.818200293682298920021276259638
0.102781004081988440465229529406,0.818204001934322136330356162974
0.001550994303243603016028557190,0.818229509504223800889483464505
-0.299491152395873408626784068505,0.822066359985771731625216990254
0.409760306894471780958100311355,0.824181405960762951418354201899
0.512585301742700182244949832196,0.824408099945120738184920681447
-0.403382582959189479698172974677,0.827215848195249726772468869080
-0.507015472367218561456514371880,0.827845894942399496828431414436
0.356027232299000000000000000000,0.847215255013000000000000000000
0.254707609916000000000000000000,0.847322993766000000000000000000
-0.150323140527353983917374026192,0.847402713222095275522110580480
0.153440198400000000000000000000,0.847408719776000000000000000000
-0.049072114998893480020997275055,0.847469518755150602476238670677
0.052161790013000000000000000000,0.847495511866000000000000000000
-0.350115261519233835264855215671,0.851304638181939484356224043578
-0.248875900321713697392418414057,0.851319968205608033559596227015
0.459669902262000000000000000000,0.855012557196000000000000000000
-0.452854586792269752859330858782,0.858671204952127607430571281893
-0.099716917589407375843805503471,0.876671938294946957977072991519
0.001530548622394372656901207087,0.876744896990814679791483950648
0.104256035110000000000000000000,0.879399269033000000000000000000
0.404620328098000000000000000000,0.882420927612000000000000000000
-0.398006255807333948360988621626,0.885429012022399887869199787885
0.293527796361000000000000000000,0.891046885728000000000000000000
0.217641392610000000000000000000,0.892556458057000000000000000000
-0.207676949530109802669123311949,0.892796754364632020996170403163
-0.283197135417988438716239186516,0.898645755656813131792404372631
0.350209723030000000000000000000,0.905393535040000000000000000000
0.160601309552000000000000000000,0.905446258356000000000000000000
-0.150367921520554673845847226724,0.905863600412361649038253143836
0.052159449235000000000000000000,0.905987255779000000000000000000
-0.340732412757806949495322287094,0.909007666573269110966159864751
-0.076485859368724986120713455359,0.930318888537786188374605227720
-0.018044750444155289711434957765,0.931840113069859998608182516448
0.256469303996000000000000000000,0.936273357255000000000000000000
-0.241998184626384543992944084408,0.940122541815837119228978548779
0.199634706255000000000000000000,0.950006558547000000000000000000
-0.184969736165932749088563071188,0.952984633504361047025381708332
0.082544759821000000000000000000,0.955950542845000000000000000000
-0.126917786408381255065212561751,0.959887420315288937385150716334
0.140848108909000000000000000000,0.960487446891000000000000000000
0.025884395250905496554426503859,0.970413517053855569620701813718
