-0.018064065002000000000000000000,-0.971023168068000000000000000000
0.040861011471464373194091767901,-0.970427043791441997167558798702
-0.075669372252501070531506468859,-0.968334867534563606981680205754
0.103951461194373499826533780525,-0.965708218508998238063837548815
-0.151382260279146012259672674540,-0.959417365307218794803489924429
0.199068502512028480189722512816,-0.950668186534022467618863368388
-0.217443206498403518647241968285,-0.946634418098117258900992427115
0.254900333693917293710698237786,-0.937230484899687927692594461862
-0.273047885424755077330880420522,-0.932117233086607206480306339345
0.146622238247914938463162165690,-0.927276851320420486224033390104
-0.108501772360385113738925563412,-0.921220127786878010103223682886
0.011696648524952086074141376366,-0.920957809592190131862352306768
0.309861917159000000000000000000,-0.920521926040000000000000000000
0.069115719734018633342069002850,-0.920054781450616289911338170615
-0.045706869052333849126765940970,-0.919344933871449730406412128534
-0.329623994247295599599948082940,-0.913644510735289901584574758386
-0.175571284041233793464519424616,-0.907334197894190985775297853051
0.208849699128000000000000000000,-0.894055552792000000000000000000
-0.230542234340741260476132667969,-0.890722159442953006657680830966
0.407087704333000000000000000000,-0.881847279867000000000000000000
0.264975463012000000000000000000,-0.880671841142000000000000000000
0.349702603270000000000000000000,-0.879137611055000000000000000000
-0.286097850361246351544790717813,-0.876184665610846756655614554589
-0.369603083243736339239312500541,-0.872420274643507677190142820880
-0.427029239789700915819455070054,-0.872378529048542403945240820776
0.155290815644609684896937376765,-0.870508717968566806255611723651
0.097864462128511624601534539052,-0.870342861259666005272214911637
0.040394872071000000000000000000,-0.870255666890000000000000000000
-0.075157986544000000000000000000,-0.869694733949000000000000000000
-0.017081158507002432342284418491,-0.869562066395668155916369423362
-0.132690796122472894943772313488,-0.869136960373850201075031611507
0.458510485610000000000000000000,-0.856237793259000000000000000000
-0.220578502589913899508573784703,-0.834166971812339633145200235645
0.298307234709000000000000000000,-0.833879919538000000000000000000
-0.505797672859250062676882396111,-0.829196589302220586074075991952
0.241072011300343944495582893352,-0.828430983818019339495572345329
0.508331875174000000000000000000,-0.827631396638000000000000000000
-0.334078322318000000000000000000,-0.823881725349000000000000000000
0.412296261969000000000000000000,-0.822114908088000000000000000000
0.354846614627000000000000000000,-0.821919663945000000000000000000
-0.164592435640823389090879203368,-0.821387085040216635190819195706
0.184147206517732296933389876002,-0.820859207355531603759008541710
0.126721273604817407702085803744,-0.820693595104391604843031352426
0.069182986116000000000000000000,-0.820551963249000000000000000000
-0.046052406678065106662705506343,-0.819979489034794439015752702520
0.011644797265070962497052613994,-0.819836975512722427475655716526
-0.103477880545540850743702556486,-0.819696382284275132634341037541
-0.276134118610418990577231834547,-0.819629477980233383143133959268
-0.391784970074348293185580106941,-0.819451141226297110578385665618
-0.449211630673860482104561443041,-0.819409606716681773875679828426
0.556373565841000000000000000000,-0.796128319891000000000000000000
-0.534474623190596737782319936279,-0.779443220390861377353184383619
0.269957135092000000000000000000,-0.778714228778000000000000000000
0.443286291821000000000000000000,-0.773740318051000000000000000000
0.384621644234000000000000000000,-0.771769223721000000000000000000
0.327074115034000000000000000000,-0.771632897780000000000000000000
0.213001671085156075807944670427,-0.771208577219916860782595830477
0.155574720728604471912854287892,-0.771042373695335078142286675491
0.098148778097542196489391074386,-0.770880166203912699307089195368
-0.591219221036375919493108054613,-0.770621893185892623708571692501
0.501692444233000000000000000000,-0.770574155330000000000000000000
0.040725353870926477602063062648,-0.770318429231253679615723865502
-0.017294958551412390259419706319,-0.770236010485632005495217271487
-0.305396888489277341714813020456,-0.770218391194438946474914498084
-0.132455156910000000000000000000,-0.770075244725000000000000000000
-0.074720600748583162359294410625,-0.769989400309749477816541280803
-0.247381230386008123863283584385,-0.769919955581694246610672483204
-0.189955084739756089607642407016,-0.769865233083782290927423671589
-0.362821965125836485548114448742,-0.769863748244927241671074772252
-0.420462330854477060173307188192,-0.769698008892516741952365480895
-0.477888581005207157209998983210,-0.769656237805322565154788220093
0.582596621629000000000000000000,-0.745012120257000000000000000000
-0.635728061751602499037838500670,-0.734335142208119511759196776835
0.638529843886000000000000000000,-0.731874815791000000000000000000
0.413823657346000000000000000000,-0.722102878060000000000000000000
0.471272715382000000000000000000,-0.721837742091000000000000000000
0.356375219428000000000000000000,-0.721744191372000000000000000000
0.298933999820000000000000000000,-0.721554102161000000000000000000
0.241499205112983557141871594802,-0.721327795971578393435491783135
0.184073207057450447589524342033,-0.721186566859010503252048965758
0.126641256786496253751754221792,-0.721020925771513129113978412077
0.530456015610000000000000000000,-0.720841748902000000000000000000
0.011627989051898599759405914743,-0.720625242498505901629613873105
0.069106146950800421383130896547,-0.720395530852917226527122379894
-0.045797653145272172340468789562,-0.720378632322623373950937882422
-0.103624641346816277715798847530,-0.720367614414519739078228490622
-0.276376140437237402246349190893,-0.720351211503823436002656352758
-0.333802297004006735190102142972,-0.720309494538154627594339250419
-0.161050679287530122673600296224,-0.720243659713022885018148542811
-0.218676928409585969457766695837,-0.720137766885089013319277639181
-0.391499325905965252535841529993,-0.720110615911146873045054587529
-0.564013196717862990459186625874,-0.720047363767247604895799048898
-0.449139281185823735278744728361,-0.719944639981157533231473872562
-0.506587176735494952451219394196,-0.719915351188316668427328688332
0.680690185486000000000000000000,-0.692846227819000000000000000000
0.569676659751042888092018577250,-0.678884878509930866126362258798
-0.649361241841871928198073406904,-0.678550721453193585644741763094
0.626792050427591039634277601659,-0.672918527346815701555904543060
0.500040536702000000000000000000,-0.672104402603000000000000000000
0.442556061592000000000000000000,-0.672084978913000000000000000000
0.385106718815000000000000000000,-0.671996346842000000000000000000
0.327662288464000000000000000000,-0.671807645993000000000000000000
0.270223972020000000000000000000,-0.671589059147000000000000000000
0.212795811496369503630515924833,-0.671459540076970572698190478654
0.155369868761164396822600018093,-0.671297369459184830703680325562
0.040215491581443899976836781910,-0.670765950654557696249159316662
0.097946434449065730075446335538,-0.670736664420489160729845155839
-0.074791261501661134750330825943,-0.670704736879671535551278408177
-0.305053090768584077351786731062,-0.670597842592464227281764744425
-0.017210358313312291816663705992,-0.670573695092194811755163047975
-0.132254331357131512459328524365,-0.670559300562403292153611684431
-0.362479657784135502177829224223,-0.670556362204374258968319065696
-0.247626945437642751361374085901,-0.670542790199828321827706107901
-0.189773844851675447059569581423,-0.670515423538761931474803463548
-0.420176276237311927641279070162,-0.670357246999787664324162979196
-0.477715446106365636506468687660,-0.670133315999854650491424812747
-0.535141602646291518304841295582,-0.670091562098754653225782239776
-0.592567759186217400103213903503,-0.670049808197654655960139666805
-0.705690845838076191769750567803,-0.667381974344984095308782952245
0.720469191507778813201397613728,-0.651393601955853072679015143557
0.666591276311707935873714755411,-0.631520618977414127985273819036
0.534746991675000000000000000000,-0.626277905503000000000000000000
0.592395323031046589743524993147,-0.626111411470203878256254417166
0.471313437372000000000000000000,-0.622351371560000000000000000000
0.413863031359000000000000000000,-0.622260299398000000000000000000
0.356412171068000000000000000000,-0.622074477597000000000000000000
0.298962230771000000000000000000,-0.621854274854000000000000000000
-0.746114507307073519497266797192,-0.621834163452492779401586877734
-0.623662899375618070554445781509,-0.621770853621795741348829952317
0.241523463723035465637170052588,-0.621735429266619590735278480027
0.184096943622606799656603565959,-0.621572925085804315823934682253
0.069004531807624197075792775131,-0.621077356780392753231500223126
0.126668273679935024581354619004,-0.621009195657918641911597184069
-0.046099930619797668869376187558,-0.620943484430898174815835760458
-0.218750502511228797445377952512,-0.620904939296975096887705591329
0.011572932488839336298835027644,-0.620881770507458685059304380151
-0.333730451548712844339513812313,-0.620844710258683858655744559702
-0.103526000965131478497089180210,-0.620835581562066879585259135436
-0.160980281589798339773151479596,-0.620829450538119082529728667289
-0.391156608115482177283266764392,-0.620802993293015050247427457363
-0.276304306217771518349101167152,-0.620789657866047953201685923178
-0.448778454772193453393589534369,-0.620530738134764078456967594538
-0.506392364437268876756701996123,-0.620379928644026957959016333727
-0.563818520977194758555074604044,-0.620338174742926960693373760756
-0.689180573289096185820463453611,-0.612380373471057466934707071928
0.726155759618686427608572520322,-0.594249677156655583546582145463
0.781047125841689845227672951113,-0.577376529480289780110754954721
-0.781573825528364946372462604764,-0.576663354852053501991774005413
0.672277844422615550280889662005,-0.574376694178216638852840820942
0.557436839877435918320761088470,-0.573509783007382533049992078097
0.614862479807593549393682526708,-0.573262645498665912529223230527
0.500017895508449609626229998271,-0.572598725441921016503261596018
0.442582429715000000000000000000,-0.572504552796000000000000000000
0.385134691750000000000000000000,-0.572319126343000000000000000000
0.327683484128000000000000000000,-0.572110661895000000000000000000
0.270249908380370798680060147784,-0.571987599000567003976367223668
0.212823922533137134151935469798,-0.571841490104027286465852885410
0.097769776908917236116697518894,-0.571374983873268228165502610100
0.155400421288131161658075902393,-0.571287682284358116380489354155
-0.017316902247557284655782506531,-0.571251407838556672515529060414
-0.189958597505722945334854611401,-0.571218005355643435652964521798
0.040340008111185695057555931726,-0.571180457059275697940899711368
-0.247427863291357564433129502615,-0.571151806963194728261671172038
-0.074750644550533399259787717761,-0.571139061950033902057803032294
-0.132247835118867432628255664264,-0.571108109867020729163123363220
-0.362306666664779313272170846215,-0.571033415073990824631525337514
-0.419732823231548646215923798294,-0.570991698108322016223208235175
-0.304880521333837987281758201054,-0.570978362681354919177466700990
-0.477471335979314898726603660513,-0.570768041849927448114751953498
-0.535063584510784388620530180265,-0.570623257354315762493420610575
-0.592489741050710270418902788186,-0.570581503453215765227778037605
-0.649915814371502280770291562691,-0.570475195921265852873927759072
-0.723833250661703658185336907474,-0.566587828780395131141449144578
0.816285183247000000000000000000,-0.526292735016000000000000000000
0.701052845561010575634536926705,-0.524679968855297280648330425366
0.758532759903835667774998370203,-0.524547858053187614364626778586
-0.684829561746288362874529171863,-0.524439549464083305959273972262
0.643638269336855559651509875809,-0.523526003805123428575559481598
0.586211783084546269687570811507,-0.523494153702949447787314274783
-0.761192795760066906785792396835,-0.522975564583501022184594566401
0.528774399978294719762811256383,-0.522861294834451965976034920793
0.471321221972000000000000000000,-0.522760247102000000000000000000
0.413866892417000000000000000000,-0.522574819565000000000000000000
-0.818829774075172106821675022424,-0.522413696861281607301554075603
0.356417058895630688665679388355,-0.522365643958421142335335696379
0.298991005727563931877495821346,-0.522248956878162875972600895156
0.241565031562960493798631540274,-0.522098326261661265964062640712
0.126514726317972267400186537190,-0.521655214841893941123511754772
0.184141279163160056159617362312,-0.521571203256336444017890220565
0.011450229369885444622082310793,-0.521550126800327325327376230019
-0.161151833197030027732742331446,-0.521486299204431015458904042167
0.069088857819209059996948709889,-0.521468598928626285677337856300
-0.045984356403026355511801155856,-0.521437292720448875480372102117
-0.218577978769187824413930423624,-0.521431499006706230731236087678
-0.103472478704269353390954201815,-0.521411590254987751635667260078
-0.276004078407424033365786536517,-0.521340511778501694237451949850
-0.390983616996125988377608386384,-0.521280046162631615910633729181
-0.448409787859404338283259346819,-0.521238337437217168316956090925
-0.333557471665184662387195741223,-0.521224993769995710456575092657
-0.506179459650527967736474767316,-0.520989876153822820580057729417
-0.564288923587616842574642128430,-0.520556718668575122522946171815
-0.621968122448660694190335613038,-0.520308556463133276719484993736
-0.721957050379000000000000000000,-0.480222718654000000000000000000
0.846009413395000000000000000000,-0.477046764757000000000000000000
0.788277154405053793953536057994,-0.475425193283325687707357491150
0.729678534476463815571369627312,-0.474897088942097936843554306592
-0.656547512491122133291797032178,-0.474460645031666217295703674990
0.672263958252308799588342576416,-0.473743123891924084770783362825
0.614837795262662524748822169072,-0.473711459670638690853103663463
0.557415018841379647636393240879,-0.473087002780462559118629868007
-0.789527098339072866927221214097,-0.473026265332183537971734580879
0.499988921851886935766560015008,-0.472994358893965458382803137461
-0.848309116022000000000000000000,-0.472982541427000000000000000000
0.442563038792622236525146350082,-0.472812278691898291818723114533
0.385133375787675481073202013786,-0.472615249007478470488157463213
0.327707343261657825986449714036,-0.472488810654548953067678251458
0.270281341167252245619307576646,-0.472349233472835428729532460944
0.155272383539893158969688610867,-0.471928962535059059471501373515
0.212857423387161778938460381408,-0.471840445578188590488708230834
0.040199285696989420155674885141,-0.471838388160069207061108763210
-0.132375728663151364400675897588,-0.471789343831123422295662138165
0.097846455116945265544838468792,-0.471761800641092572493666284569
-0.017229246310013247951456177329,-0.471729055557227879741949465090
-0.189801855340522975200873646345,-0.471717419073231629902733983398
-0.074706198363290495218937089370,-0.471709703207978213304065524780
-0.247227980664097007480022303384,-0.471644421419170423787602824948
-0.304681028738770708471224076686,-0.471587142867142485516560341517
-0.419655003657672640644248157577,-0.471523470866090014934435732500
-0.477081160224443525263641871936,-0.471481753902557190511049167460
-0.362228858326731314653835512415,-0.471468418473454109480377095975
-0.534882972627141800437095462899,-0.471230708831507760766885752565
-0.593050716849221666871177948307,-0.470694557917018677328623129783
-0.750925130636000000000000000000,-0.430432004840000000000000000000
-0.693371101092257023300730484859,-0.430394915480566104056324551664
0.758429028661518945956154648061,-0.425186181864762883177820860550
0.873321882621486654741087968123,-0.425096646557851256431124333647
0.815895714399392404121249106759,-0.425076604999487499613668693378
-0.627614816158633938687907112282,-0.424835117915363453152958292424
0.701015807117945136110957646342,-0.423966677734043618794069685192
0.643589642667897625767158222341,-0.423937783228878848755500302010
0.586165749477061242968067413283,-0.423326548050663809998176122763
0.528718733887000000000000000000,-0.423224122134000000000000000000
0.471269590066000000000000000000,-0.423044727793000000000000000000
0.413830279794253243680657317577,-0.422857076961634083610864851483
-0.817413029300344025793451086133,-0.422825268800644965588090902144
0.356404248272065231415773116992,-0.422730183506334134941373729620
0.298978258407812191677819534623,-0.422585662064892597607279285256
0.184007638506150248313697746581,-0.422187096137736059252523980547
0.068956882994725625703564644044,-0.422131589872535493877437191480
0.241554153239545872221772470049,-0.422098482467394332163028815114
-0.103599432180030986470901261597,-0.422079520501135711377670298333
0.126581649969126052863207123026,-0.422042048277031747723561487777
0.011528397751652841502218999570,-0.422022284324740345594543380981
-0.161025573070639406423870250166,-0.422020016313713471291250584774
-0.045950253341405539942278918555,-0.422001058247879375836308376783
-0.874832952832760797194996159397,-0.421978167940215775599901972377
-0.218451700179476318546956750045,-0.421948436875077048102575291687
-0.275904930995443682585459843552,-0.421891052507811215066711216616
-0.333352415400317360737863847879,-0.421830567570600884540362344835
-0.448331953990869907980532641764,-0.421770101955797454415486059186
-0.505766543672986509761222959196,-0.421733246641068576200119363733
-0.390905808659928581990119996602,-0.421715049563161548961427422662
-0.563510460302487306673988835569,-0.421448863267745559722256937584
-0.721000884786141261665052045038,-0.380052485549488106425140463481
-0.663521207315104138245419170361,-0.380018867821732372579674862577
-0.778467640469000000000000000000,-0.379980523792000000000000000000
-0.598075072565515028600880906067,-0.375588371598934420607153360969
0.787067564624440966759122505397,-0.375410691347473640940581055781
0.844696244074431005464483570106,-0.375313737682317969352634055495
0.729654343080867156913925503678,-0.374191187216754376556829880422
0.672228178630819646570126079677,-0.374162292711589606518260497241
0.614805254020067582784073873609,-0.373551614822507205912224205195
0.557379155267812018835014967090,-0.373460070120196507460980456803
0.499953263410719131747848296160,-0.373280786117000357915216308488
0.442527330137790751790620012371,-0.373115298747372352406602669996
0.385101316019303573549709561582,-0.372980759535094050251418295804
0.327675325151082867133191045935,-0.372836637575069804426605592564
0.212734821594453464866768671405,-0.372427451454675212738597384154
0.097692077846906413021933298279,-0.372411837508474669107332394687
0.270251159177584349200967339262,-0.372356678634717399526922912795
-0.074828535640078035918591234711,-0.372356308713403815747044871502
0.155308754902850412033103007885,-0.372317621277184692926936765410
-0.132254684250600283670564441684,-0.372304790769511353168844952690
0.040263625881170082625255883585,-0.372302551193106078252948228027
-0.017192352345703343066272303429,-0.372294091189588555879072486819
-0.189680829179303265067295635369,-0.372249320381644990368383884153
-0.247128650510822993652394290213,-0.372195067963717839381683683354
-0.304576317656990334852099614745,-0.372134477211269614090513219934
-0.362029365733514628074148332066,-0.372077198660308324021412671521
-0.476967874773450871795669088938,-0.371993106875036735257639179835
-0.534394031348332015998116331866,-0.371951401077306375155490548752
-0.419541729442509545805256443777,-0.371938054482400829803580543311
-0.840822034206778902355759199258,-0.370386888890250736580366920860
-0.898241957739195673757304272522,-0.369539788029821546592177991092
0.900828075980845419598556545542,-0.363190097751737469338905043921
0.815798333803952241919194794731,-0.325688381458551804953344811653
-0.737289843000120596975968429205,-0.324984935770697654636029167375
-0.679863674027605275004428593253,-0.324967174114025963081446677192
-0.794715680315642680033720364089,-0.324788958865117761496911722793
0.758385112260378432073997793012,-0.324468877327832540569593636295
0.700959001960423516244827649057,-0.324384888318187705559453317086
0.643535848623142977618093363909,-0.323796110652598960315197436769
0.586109750620958868413122657329,-0.323704096632604969425714625778
-0.622454238374235110286294944052,-0.323580849369285481464700411156
0.528683853358327915505409049473,-0.323526552502642802838747326911
0.471257837314849660964893236130,-0.323392837467933502580444664843
-0.565028422165629149445007995902,-0.323378782272166475005970820241
0.413831857333281506705198411452,-0.323244441063452792851198535183
0.356405874226138004940556512339,-0.323097259154243950947012711050
0.126419182780630772191851723536,-0.322687410508627614310694551633
0.241473464330182958678434632276,-0.322661513099162769968062720671
0.298981569798848390908475752772,-0.322634161563777723152278013847
-0.046061013615000000000000000000,-0.322623061002000000000000000000
0.184047325749198742321488366292,-0.322599820199042198230810439997
-0.103503379921722290084315347542,-0.322580593282719377267701075661
0.068991576635391948018327521362,-0.322578612855527340679841804894
0.011543691413266257425727987872,-0.322573956661241099044011150321
-0.160929536487630910462170271061,-0.322538875132239739809049660826
-0.218357779510649940172733175538,-0.322495951470285781647492275820
-0.275800037172369645919034061406,-0.322438492667176238405485686672
-0.333238933768696286837151539315,-0.322372849062973425456364251440
-0.390665286516095591889284779240,-0.322300203579547604863565792171
-0.505644834780571856664560515767,-0.322239743540621716069097928398
-0.448218689449630530674147870606,-0.322184691147985810615039291874
-0.861091123381509359939063643501,-0.316656736998010996039727953386
-0.918511046913926131340608716764,-0.315809636137581806051539023618
0.893281498127094850345713815498,-0.306261946885635989713166180616
0.844505492173948151963569086295,-0.275952436140740633805813122449
0.787092270630374342118372084576,-0.274732932010021369422061947091
-0.764799824737845202827626283263,-0.274576939350224961260194837512
0.729666328894554439398777397218,-0.274570407887051850766849064511
-0.707373655765329880856086447312,-0.274559177693553269705612347328
-0.822225662053367285885378218148,-0.274380962444645068121077392929
0.672242453083605788657231713653,-0.274056905029147795655861844658
0.614816366124763481816542056308,-0.273958239271102121408860589315
0.557390442801155864350968413524,-0.273789334660543845795591544415
0.499964424569931854898604769035,-0.273656562511894809077189820381
0.442538444588363700638909944357,-0.273508166107414099347943690721
0.385112465303736818358822252642,-0.273359500247401173923769555980
-0.649964375771452384063489843811,-0.273166421820865527316355774195
-0.592538537045933204579983723640,-0.272970858514003189638540511388
0.155163820287959082820994884830,-0.272966078544731388479149988781
-0.535112368935691089524952568873,-0.272950498982065022439631396553
0.270219084993973407634874017715,-0.272930191237598900997590956273
0.327688148965846198719684539988,-0.272897881939491221442789742599
0.212792930212235652943015146593,-0.272886085453089328526975985592
-0.017294131435125999797524442050,-0.272878629096259800324429696402
0.097737737174231147224549709390,-0.272865199649314942922364040306
-0.074735322569290078999941901546,-0.272864599161898120566322702565
0.040271964998346159392748391856,-0.272849844627510260040382076757
-0.132176854839601690348751575960,-0.272825219605329502653048381920
-0.189603011406790624268691835270,-0.272783503217273130478785701623
-0.247029166172196592439372946730,-0.272739376173744180671294279138
-0.304462623802015695642310363064,-0.272676847537273582653064065420
-0.361889197639828689703440445742,-0.272604108085821767814686441713
-0.419342246523216576758176206069,-0.272546840245132585675024540734
-0.476951343495076104514203903371,-0.272463470428447263740102833827
0.934170347184707526772863336931,-0.265939903025235062165738706025
-0.892348500322238913840530050608,-0.264689323597710487772180618624
-0.942153807593938748517756701442,-0.236102673463287728455028685447
0.885394341231560828390718607728,-0.235630392280339706258385647858
0.758543941507228407843047233770,-0.224905649296503197034364428165
-0.736249884569876082086669956689,-0.224750579712562161935312890831
-0.851095900402094054740163666993,-0.224739502594797426439293025636
0.701120158143142005213099859163,-0.224381910343585901842011786716
0.816561540680257621360027700962,-0.224306699075614626997239838544
0.643694203154092295649489945682,-0.224224138571820593302501579029
-0.793672834347838267225476354848,-0.224142272936369568860395810557
0.586268172246111635922224840230,-0.224096967458830422494900598034
0.528827665448380829419756885817,-0.223970332781420145704424283055
0.471401647217156819967393241329,-0.223837560632771108986022559021
0.413975667235588665707698416651,-0.223689164228290399256776429361
-0.621420819200483670390480561762,-0.223336404997506557461897348782
0.183909632267379605116678423565,-0.223252223038755668319346661560
0.356551157863595861174476783791,-0.223252218325185963490354936907
-0.563872663187938457380637975249,-0.223211106964242990487862738614
0.298925664160971215446082804931,-0.223193911613312399288102685025
-0.506446495077696342325606820481,-0.223190747432304823288953623778
0.126483548731662513945666244318,-0.223151584650594778880285610834
0.011489583471041404126661531631,-0.223151456659270212450077081048
0.241499509379233460754223933810,-0.223149805828802826817487714345
0.069018145113341531090855178296,-0.223136433022819818027667237727
-0.678846615905683938996457052417,-0.223128869194958737961096471357
-0.045963083708062735495817598796,-0.223120651103696589968868564128
-0.103402687033535353762552915117,-0.223105542605211403394815276251
-0.160829772422258060767262547945,-0.223057995540740228003449157367
-0.218257723410982335391781079205,-0.223017323151960094208645631656
-0.275686363083127078670520977918,-0.222974626967659705612584980325
-0.333112917163626483285860488073,-0.222908123536853700214495616397
-0.390566157646949674572331872571,-0.222850744751406748626145190276
-0.448074900568662150598232238835,-0.222825619525594038800088082686
-0.898310503773419985800906476600,-0.192050874192481320421677939540
0.901473068013312559749228336104,-0.180501092054288325651870854672
-0.954460286067606144088681416119,-0.180010643852000794716187132350
0.787041133939433448029651784410,-0.175049102867591727764535518792
0.729618057707763373413304908723,-0.174452852560978359100767612870
-0.765025113039222844069908211096,-0.174372068374199734233427779820
0.672191980108955038066477904553,-0.174348881642098670700667658621
-0.822703894097595974843948893394,-0.174243029166935074176740849531
0.614765914940636364048799931271,-0.174238257863705709373057844388
0.557339860165441074192655938897,-0.174122364410053484141998307412
0.499913841934217064740292294408,-0.173989592261404447423596583378
0.442487861952648910480597469730,-0.173841195856923737694350453718
0.844451389702570954335028387410,-0.173697166645920773138644736748
-0.592754945342488923191134813371,-0.173576653447746358311219576007
-0.477570052151282388409635155945,-0.173552896529451598348938872638
0.212616211434377412927887210782,-0.173515943414469166609858390312
-0.535166056629594856780529183575,-0.173461963186125611220713470475
0.327637208408435323170164644461,-0.173460498043939947683486940421
0.040260595781190969114537200083,-0.173429606985088783275168280603
0.097763956670802951737313189092,-0.173422818024082297100747527182
0.270211053626697568478282461126,-0.173416392259430375212858511391
-0.707606894325981372140024218642,-0.173416370652796130321223959632
0.155190127898660321756875031534,-0.173415305026308277170797339586
-0.017209541005263492093088607616,-0.173410875112309119352004796110
0.385063352580656105947375836870,-0.173404249953819301927928961265
-0.650180742047689191797111304025,-0.173369117645198538810418698583
-0.074637416924167156486331546904,-0.173365773825703632529087728395
-0.132063584097649820192130937507,-0.173342924327868279336022998288
-0.189489735685413990941043912447,-0.173294839450205921140106122456
-0.246915892260295135143491140120,-0.173253133652475561037936485878
-0.304342047025651423574933203509,-0.173209006544294323741151969609
-0.361789877170747468154751914902,-0.173154760202438681025954364960
-0.419298811692395248412387905336,-0.173129524031868201751208732229
0.957013100435305157653042650833,-0.165904174677652249333830787727
-0.907280548403522780282275107827,-0.135329595137171811172738943624
0.758686778245157789498725519920,-0.124843165090182984529096207881
-0.793753405753667846268466918945,-0.124648327605332641681010169430
0.701073303579637809934634118078,-0.124623521739651972404003256608
0.643647226266193288707934707622,-0.124519393325558256264174013024
0.586221160794677073359563066079,-0.124408927052595381175042797884
0.528795106019481783503419061743,-0.124293033598943155943989187693
0.471369087788257774051055399662,-0.124160261450294119225595072527
-0.448793963275015486223790822446,-0.123856801035725761300059522180
-0.564059451038928913166995995487,-0.123833977554599192315232537776
-0.506289613703180902864557519038,-0.123824112283272386280698719334
0.241327755681841520651945738099,-0.123782529845096715005229187359
0.413944249041519757823527679351,-0.123768990128235608499027879558
0.069007133190130766739206537229,-0.123715572056941952301706392439
0.011541733115512636772598956439,-0.123700419121961193042281124418
0.356301568219586878823995675167,-0.123699874304348733172840199584
0.126473637469362606857580890104,-0.123684747259876761558736319097
0.183901637830912793776692744038,-0.123681871646473170087532340647
-0.045884421666293200968904923076,-0.123656313337412200869182751640
0.298875413437849124132136804067,-0.123655768519839160702225199452
-0.678911415871590423519051303977,-0.123646752657590339076885578843
-0.621485247744129181772972486142,-0.123626441752051372814431660352
-0.103310560792943419491294585637,-0.123595130472637245127372782049
-0.160736731440793056447511717627,-0.123584037214234017808852827343
-0.736337523953085020843121346099,-0.123561260267109713749153816424
-0.218166695692534975809935324021,-0.123541476115790901951543865524
-0.275592850457891264241377387410,-0.123497349007609664654759349255
-0.333019007032772408443824630338,-0.123455643209879304552610718172
-0.390522531216193041994807947667,-0.123433539482900134151017906913
-0.963430330697708938570050047346,-0.123289364796691285467248136434
-0.851160113643574395157011477605,-0.123153306675957275956572679337
0.879584669586742623563374272698,-0.122750744335518114184240387448
0.821737459817487565931414417703,-0.120953990902400693333990353404
0.940608201468217769964309129542,-0.110871052939775300567886964232
0.787259415868105390545940605861,-0.075029817706132909475811064323
-0.882461673261776909040088857990,-0.075007927211210683450031556785
0.729833352735740148025047199645,-0.074918142042129226453720641055
0.672407275422295626798347789189,-0.074814013628035510313891397471
0.614981209950779411449976147646,-0.074703547355072635224760182331
0.557555155175584121593832143310,-0.074587653901420409993706572140
0.500129136944360112141468481229,-0.074454881752771373275312456974
-0.535183008112514959251024330951,-0.074196126651745967375217786636
-0.420017682798813279806210864778,-0.074160816486757693699868696865
-0.477513524826914000678713185540,-0.074128016789546549231819368877
0.385182464680450530700147517648,-0.074064614478765039743939117878
0.442704298197622095913940760918,-0.074063610430712862548745264006
0.269992115492993076305800081040,-0.074021906105505500494595875419
0.040287544033213733900126730432,-0.073986803753330985146997434527
0.097713715261509732218285157912,-0.073979294108994209468501564500
0.327626687558557133416203442177,-0.073945312529451835744370005024
-0.017138610748524020751682703085,-0.073942697968821360531630287901
0.155139860300103024762071522052,-0.073923937602816847882704990717
0.212566031957351861120610890333,-0.073921267674048411239848323988
-0.592608441201429229046969574899,-0.073904865794507478620993068406
-0.074564736898269178894885275344,-0.073870353170220965022109785594
-0.131990902439939049648170994770,-0.073843716408834624627319643316
-0.189417072536709057861198305237,-0.073830065285536573114960604005
-0.707460684747305000065582481302,-0.073820008383069611050284806796
-0.650034516619843758319503663467,-0.073799697477530644787830888305
-0.246846313724470148365435721871,-0.073784153333116965293635531272
-0.304272470299351292567882964799,-0.073742447535386605191486900189
-0.764886792828799597389652523424,-0.073734515992588985722553044378
-0.361751661078217982283880663104,-0.073734422490340757677674260125
-0.822312480395644780208639950499,-0.073498707147522097488834613624
0.852200984325502267357923725888,-0.072274027129962275089958496018
-0.942556356027507941278076043959,-0.069791305207542293984255668740
0.969359404946796142627779806094,-0.061160556091828668157603861198
0.911933250102438909363080599688,-0.061116531913977592160214567734
0.816069161396298441533505927081,-0.025353226026176748310496307265
0.758643098263933199012612520865,-0.025241550362173065288405883997
0.701217035300375041535242490172,-0.025129787927592922001842585697
0.643790957829670473830672316538,-0.025025746277440336555984664500
0.586364900627427187939422740994,-0.024911061749228265875186296504
0.528938882395215044395901395488,-0.024778290027963271971068181661
-0.506406919236248057065179997452,-0.024500031158020130326338436179
-0.391246812660838220095283580214,-0.024461699494198317226525050076
-0.448737244350711794261133227871,-0.024432032240578481631628543561
0.471514043648477028168373517535,-0.024387018705904761244524125080
0.413942513836552868790560599215,-0.024359234781242293793656502325
0.298743389613701085589866719149,-0.024311450115118175536740680991
0.356507584019420785292355284658,-0.024310052703868142315468923318
0.011612663372184033671031832436,-0.024232241978434061680830707437
0.069038834600480031989190261035,-0.024224732334097286002343400845
0.241317306078059870404677528442,-0.024210811683661086281993129560
-0.563832165610418884934843163107,-0.024174029314299300776940704341
0.126464979639073277063546753690,-0.024169375827870680225543285217
0.183891151296322115712818657343,-0.024166705899151513811378129428
-0.045813432318261025488205096615,-0.024138796335536186435168709706
-0.103239599425496181986965117160,-0.024115780944334409798752989419
-0.621258294238511752327169524436,-0.024103679288983022201561906242
-0.160665764967166052740250842638,-0.024089144182948069403975896811
-0.218091935063936060953278136161,-0.024075493059650017891545578245
-0.736110590845478875293942627256,-0.024038485992683985935322459094
-0.678684419647393517415671761762,-0.024030748776072982384602767353
-0.275528323355550322220521800359,-0.024027870047395152594532590121
-0.333005124344796866407938997565,-0.024021226815848058316550442142
-0.793536278412324058112930054331,-0.023802677147617097701604028340
-0.850962403851135723085891152057,-0.023729770205581705021235479537
-0.908388498826078670144615701371,-0.023635885887606881993763083270
-0.971081987368335340209963113084,-0.019951024761466001428659517033
0.873119429578987615504956299214,-0.018793340461658683629566403879
0.941696539943067584456919903865,-0.010836296553095075476621070509
0.787456676956845329866148423285,0.024437244272248659786805427007
0.730030613824480087345255017069,0.024548919936252342808895850275
0.672604550860921929867884986376,0.024660682370832486095459148575
0.615178473390217362163314847112,0.024764724020985071541336040155
0.557752451910767383302781426962,0.024896083748751439088953780913
-0.477630638760045850647600039783,0.025195953390947937273852389137
-0.362500275927417104219341914675,0.025251496180294382134598767907
-0.419966374212736734550205943307,0.025267084751980894841715103227
0.500327613164029367075253523429,0.025287355070809949815494083256
0.442752259287407801044993355831,0.025317356943565807510564636601
0.327624286074564737466018561630,0.025323809710465517892160400715
0.385267633175523123382768366225,0.025395326993654603634813692235
0.270120778755014434089509682621,0.025473199587059323861290273827
-0.017009947486502617829325204039,0.025552407723743437717200247412
-0.535055704030262575555641537560,0.025552432068680752276445112249
0.040416223741793380488833224560,0.025559917368080213395687554004
0.212694695219373218904320491915,0.025573838018516413116037825258
-0.592481859943235984625308522807,0.025595039523408291540588256569
0.097842368780386625563189717159,0.025615273874306819172487727839
0.155268540437635464212461620816,0.025617943803025985586652825391
-0.074447640585890255828406799429,0.025639183888879940677503839808
-0.131889979704040452364068922664,0.025652893020632054125791651350
-0.649907988571328852017634884137,0.025665389548724570115967054669
-0.189331407015015694001693160600,0.025670740908568006345917731798
-0.246767099903049970957846640306,0.025678904934758220358937650796
-0.304260977400995896060577833124,0.025693350672143394280403867927
-0.707334113980210617106137121463,0.025738320061634609932926193558
-0.764760076429003336017220158164,0.025893352852287902085626556944
-0.822186201867815000990181255889,0.025966259794323294765995105747
-0.879612296842757948048905805203,0.026060144112298117793467502014
-0.937037984935612940649124127451,0.026295824825258503730300787278
0.902118399047939080098990656560,0.030773028863470930957452238340
0.844506945139534503837598795419,0.030997129836766724467735330393
0.970510109868151992078772528513,0.038838076986070977277589766032
0.758858425887321374042200069431,0.074235891182589518062030492022
0.701432362754956131521306663215,0.074347566846593201084120915290
-0.968434827860512902556839116559,0.074379121849126245135387242862
0.644006299791397974043936632522,0.074459329281173344370684213590
0.586580222320693406339366493257,0.074563370931325929816561105170
-0.448859768622070790936672755220,0.074895070383507313747196035925
0.529155375757976768387979956085,0.074953493456669346012860184184
-0.333756128983616133871980750235,0.074966073668285834731553077975
-0.391219837479315618674264277769,0.074980280426473594202838921210
0.471565828802960139951873361725,0.074991730720280518570582844937
0.356384335230667075556431643197,0.075029189407988263842443016268
0.414077378626378055637201122841,0.075071918718462704939034831161
0.298958258605123472529156771728,0.075133696505947322267378256348
0.241502666291964774102410169559,0.075260435274417694375666675164
-0.506284660246379453360425829076,0.075278502610548838275466397038
-0.563710818119608022401245376200,0.075318380616487266034573635550
-0.045645494202781111360414321953,0.075329617997081990687981303102
0.011783590483815889816747182909,0.075338803565447973515898913650
0.184065897730561223885709791599,0.075354930339606769047892659264
-0.103121894980440494130589604490,0.075394106592597866760185594046
0.069211656985234098790745948270,0.075395265240710682490302580452
-0.621136937938627528286509287606,0.075395587273870588134701036340
0.126637828642482937440017851927,0.075397935169429848904467678003
-0.218042184767816893079051191964,0.075404596974286306148981814315
-0.160565799755917252629520981553,0.075406913387721080122414368290
-0.275475769453635723395704609156,0.075413977981568955330714095402
-0.678563094471712064188024666320,0.075437350583144029810464531740
-0.735989056920504783099107703021,0.075592383373797321963164895126
-0.793415182359316448072068800747,0.075665290315832714643533443929
-0.850841277334259395130793350061,0.075759174633807537671005840196
-0.910987368535027824588003701377,0.077473266960303656501922799162
0.930931968973023487720843281208,0.080447402402636983711663074882
0.873505914608485968431633152765,0.080563499161896339054753972612
0.815908694070010548013650441564,0.080795776747107582742960395408
0.730482225712140551376318337746,0.124161400313237320020687381610
0.673056162579775308855424931530,0.124273075977241003042777804878
0.615630099616217151378054900837,0.124384838411821146329341103178
0.558204025589050950655051858994,0.124490763681500700511652842586
-0.420113231888649675060731089681,0.124608266058000013108319853909
0.500393591396907541264599794382,0.124657869106139914767948945865
-0.304996231431908076488704105904,0.124671541085377750454635824022
-0.362475690535514648326903113328,0.124694857914465046799793231279
0.385194080681522007810864399813,0.124705781132796365146664155194
0.442890948141930394544081128736,0.124746292495177415999053039497
0.327761802719603607499249501649,0.124813884154360305797769675161
0.270335735605304547560916861443,0.124923493097194510156098326089
-0.477538079333543132227232652915,0.124998258707985339049256793337
0.212883615478623910838692562803,0.125047131578548408065331820875
-0.534964228009177750079548287302,0.125049704021062617055682524725
-0.074323630027688850835970381311,0.125082303592378979461086757453
-0.016897458798929119590650182266,0.125089809689717271296822089475
-0.592390347495999827383340538492,0.125127157371944744223716437299
0.155421947247363391977165833156,0.125127305198080619903426159767
-0.189296134314203092353931807904,0.125129474408904367477798647726
0.040531428826241724208941833159,0.125146744727098522585145188057
-0.246736681080475734411702857028,0.125147848573866498362734246882
-0.131796806748584006990037837104,0.125148650439622671636958790206
0.097976837969110641945533082334,0.125160499532183457753333105923
-0.649816508895394671655251789120,0.125161585078559825063157873729
-0.707242500113793757966975555757,0.125305567440952638530754254916
-0.764668625552605422939936653482,0.125378474382988031211122803719
-0.822094720527548369998661202796,0.125472358700962854238595199986
-0.879520879236072187494724462635,0.125511015133329414719969649292
0.962785258159194901490016041879,0.128229545158675713559146730035
0.844907663538962012607684798910,0.130362146072237197329979037628
0.787486370650505133250230655231,0.131110692232724715770045472809
-0.962346531817123032204601547269,0.131481642368139873374427474349
0.904432040048022948325426364916,0.131578353887384417639708056854
-0.918081317229338464743542719933,0.168065190252861408655155385474
0.701807436700483318139491569639,0.173983531967628328000632999306
0.644381373736925160662121538946,0.174095294402208471287196297606
0.529442241227981723531671697290,0.174195139330971269266741604267
0.586955299709758959939118497103,0.174201219671888025469508037014
-0.391369084944848704713369925240,0.174322843545991465705274163977
0.414007650197074346717744405708,0.174380154909511076206682363529
-0.276271045899179384130690060984,0.174397076924085848016979070704
-0.333715792983806590943626468998,0.174400325331556962522875977325
0.471718710735877795856807561392,0.174412430881036812196419140425
0.356571548170458539753682258265,0.174490475879168407101990814087
0.299145485037919434208370506776,0.174602151453767893585139043953
0.241716684791963684297199254686,0.174710189401325223845763471800
-0.448793928048660956695278458709,0.174713474879700935563750359545
-0.506220069592801798904408185810,0.174772344979330882215582297442
0.184240989308063013374393468459,0.174820268554128208980620112065
-0.102997641250249376172975246485,0.174837366437729725135420923103
-0.045571470021489644927663206172,0.174844872535068016971151553221
-0.563646175618035655881738755396,0.174859207600341886021477601190
-0.160534784608753283762190832115,0.174866794279118024112634460063
-0.217980770868858710451753160332,0.174878412327855399737631147867
-0.621072340493512472550213426965,0.174887243842635071309591349776
0.126770106125333730636997665759,0.174895138169331229401856434216
0.011855422865092979665516983614,0.174900657944578118746859562266
0.069304795894170801532330854394,0.174916697152070054990437090484
-0.678498358419456351144559641744,0.175020147964096782469158639283
-0.735924483858268016117520739469,0.175093054906132175149527188086
-0.793350578833210963176245288784,0.175186939224106998176999584353
-0.850776737541734780672305716832,0.175225595656473558658372396365
0.873666679291406231195195438788,0.180068123693515249090765524317
0.816245386402949351837741295108,0.180816669854002767530831959499
0.758819239186759646571492735890,0.180869719272817277686811649538
0.953524386420672830319718591373,0.184904067238521895391456579190
-0.946516180533014740270462761829,0.217957311346653096826941367667
-0.889090026533806862842664433230,0.218002424488754913347061945766
0.911105025165713379086508477476,0.223612761211033731141428517618
0.673047818566807268561217874790,0.223854717018951669978243671981
0.558193515348689732815738335400,0.223905595321358594224596798695
0.500767360566951978123879464301,0.223949701105868166695211798827
0.615621744539641067838214832947,0.223960642288631224160555411389
-0.362609187393140647330093280910,0.224028310963083381428356910023
0.442835412791021748030470838364,0.224046293295370472404048464458
-0.247534478309191291092255399146,0.224116035898328008987231895640
-0.304990607451077898585612424077,0.224125861170265060085219224008
0.385385117686010878660562264159,0.224164849655883118162009022423
0.327958574049315706541455247557,0.224280664774965335022320634138
0.270532510916776600996143496069,0.224392340349564821505468864004
-0.420034030496952899312001814379,0.224418942296792851286833105591
0.213074058621402786832900160342,0.224483326376905024761051762990
-0.477460161618215729410108790688,0.224487226847445579907519253795
-0.131735671679364592502410198135,0.224555479891395453382574979365
0.155586149346062386438897313839,0.224586374942798611996212086629
-0.074256995383258938509626880650,0.224593297967996241776210736859
-0.189247451004297605401321736719,0.224599560005493116248942166547
-0.534886212788581978216332730326,0.224604892963240989675819816744
-0.592312378582913848584751998935,0.224630979324379657916832530210
0.098083308420888911778189115482,0.224642829932875280935864243508
-0.016828422715232199533176040030,0.224650051921393443133286589719
0.040619568474961348139535002323,0.224665294380982583947591293484
-0.649738472313025935167558431890,0.224725622003496908894998268857
-0.707164597751837600140519529615,0.224798528945532301575366817660
-0.764590692726780547199244078930,0.224892413263507124602839213927
-0.831035529836531687566817807362,0.229151933532101264031240010737
0.845120857968218756193154833739,0.230455085826106946756080893121
0.730078112697781070711888138395,0.230586043015435890916809647002
0.787531426788587584233857953540,0.230602761422416041748998281628
-0.931981016281383447957101128782,0.273513536907020576916808147178
-0.874554862282175570529302800184,0.273558650049122393436928725276
0.471884062622095930297542741273,0.273583563520201826902841122859
0.586736021118991674607497037173,0.273736214048087339805806778103
-0.333884001860411954972079235990,0.273753846801791478990700156706
0.529309872285055656305541601835,0.273787482351726903771331561056
0.644162165297976076881074227928,0.273792455232508043344906900683
0.414212880279958279973288696816,0.273830988041742514359375123351
-0.218801423039526613104648437638,0.273837024758232274491266679109
-0.276254039861089805547177762240,0.273844820144507221055472048943
0.356772143564868045448335253452,0.273955038551680046082338842474
0.299346089199373387788872959925,0.274071134837499897100965418229
-0.391308835560049923540172420314,0.274145858160367595503400874198
0.241899254333694574188052578102,0.274170868007418654093850438907
-0.448734948655878413459428540761,0.274227913272608103872681339711
0.184419218659402159897404005723,0.274249432765575427776643737554
-0.160453462641815069636661774997,0.274285286653269432046490157616
-0.102999469067276448062095845651,0.274308842869564907228915679538
0.126898443000666506007413808037,0.274333542731293487585540143718
-0.506160995739421232668646133053,0.274347557307363127213846164530
-0.563587159805236613222283338006,0.274377205619010064747569621543
0.069402224600012820490429985731,0.274393816146177715382485670834
-0.045518442524490514444962159512,0.274395885532668816721299305488
0.011940717600661535880950252066,0.274417567805078513265362302707
-0.621013283909604695277818975071,0.274451156183878351150769194043
-0.678439409348416360250780072796,0.274524063125913743831137742846
-0.735865504323359307309504622110,0.274617947443888566858610139113
-0.793292400749659813192389141101,0.274631504076525783649000689660
0.930783300615231892253251525235,0.277562095531942697771420649443
0.701202933615139148219403462565,0.280434438981664220835354607329
0.816054750696638648702081117437,0.280444362435753602310888220019
0.758628827140286811090319111545,0.280613187896997776982844214999
0.873475342186224270511363412752,0.281244906827062700533341148384
-0.834459310125327052491519753528,0.314669620550604955083548666909
0.443261530111032462240360599725,0.323368258266573868858167781752
-0.305147434270423861933644574152,0.323472805776033639960952981641
0.558113484555754534206215068237,0.323520906464757769813275948945
-0.190007434677044077339991597575,0.323522751406008590288812796453
-0.247520984591425127559570800731,0.323565809004411486559506832412
0.500687336541902750986051051160,0.323573085268079485928086559259
0.615539628734738936479792258991,0.323577147649178473352376071526
0.385599906158815446761061686108,0.323621176937539442279704943402
0.328173887311814054626154473698,0.323753682485234978842100508343
0.270726404876595274599123455678,0.323857466973949333334154426908
-0.362572266988490092093576883760,0.323864960896412570906050686745
0.213239348774000000000000000000,0.323937942164000000000000000000
-0.419998368451309936500550204595,0.323954789167294957449743879131
0.155730979468533102935689828998,0.323996909906359980210206475424
-0.131746852961257743303216128100,0.324021548665853988475959650917
-0.074320707835411619271079288240,0.324076814582915451433673271586
-0.477424399905427388153879727750,0.324081713424402392440532029379
0.098216594978001764114389409678,0.324084088379970465977326711938
-0.534850561066620273594557740258,0.324116536190389377587404580219
0.040725118201397775229971483160,0.324147095102833840700618587860
-0.016748702088613884407870157687,0.324163747519996773909177535182
-0.592276707795775341392580326675,0.324170110231509134170869685510
-0.649702833234587006365541424400,0.324243017173544526851238234313
-0.707128928209529953424265973714,0.324336901491519349878710630580
-0.764567212346238573302649684282,0.324357038256907225904771614846
-0.914187997250804665476236986261,0.328113662109384265972563507435
0.672580397051902007818121493629,0.330219131398334650842823778171
0.730006290577049670689037142608,0.330397880313668206990313385841
0.787432340513930069951708568078,0.330516146890721425683232261681
0.844856199298942768825586365284,0.331031550203913221287802097715
0.912496435074859801542712557224,0.332685902470409390765110836039
-0.867542130245675396318564302066,0.361608860118593314073600549101
-0.805734121721905812601780296709,0.364395154730986397339319592096
0.414648555989889629028133589017,0.373158447162370796778497601804
-0.276414616949208971759449666180,0.373193932142217489474784802076
-0.218726996228942591794913960669,0.373251535652187802357052949757
-0.161300824996486751006554660286,0.373259013418593146718277061956
0.529500507123066771494177818191,0.373311093457505949293515616401
0.472074359785750606344338149941,0.373364011594138946212605195439
0.586926651302051173767755008945,0.373367334641926652832615738981
0.357002617025351247034397363099,0.373420376253927849387076705055
0.299539981443838621030046050219,0.373531836660337245522810769872
-0.333839449667275201919381896827,0.373586087262596420419894069793
0.242062290287735222009010773886,0.373618231971817176516589036960
-0.391265548347024765344750534451,0.373677677436712651634210173781
0.184545304720106089328442279210,0.373692217779044659981942693429
0.127048984809234434526211648900,0.373747540686029094390733266192
-0.045609736598417353453127685875,0.373810558951953433116374719612
-0.103035908300056009751597811228,0.373811983818539168598694324537
-0.448691544635250554749413915900,0.373819623345449223124202859883
0.069540463019690753098803118378,0.373837928977916903236279114277
-0.506117706747133190105876638039,0.373852841354186873303232026489
-0.563543865640475764926525077089,0.373891222246577429326632290389
0.012045450650232878294398215551,0.373898897758526513369398417886
-0.620969991079287429899486174815,0.373964129188612822007000839192
-0.678404466015754239485244624954,0.374062855177845757955123924046
-0.735830636232409219417411035886,0.374075992304538008924872106313
0.891272507429694512495741358240,0.386046094502008356717896969912
0.660135785081925248642921110130,0.386280676429247243042093692851
0.718825227441762570326257782287,0.386725040951330860172643747962
0.776291107345324107343919285700,0.386852192304424270280550749888
0.833862192581278067858117793011,0.387395519320967714092071715746
-0.876589060904339664832585263943,0.418317926801035282276655397603
-0.819194449028767914217561959944,0.420221535476369414113675634120
-0.247620390974777835476698208544,0.422879521087803356136396522821
0.615927279910182382305095929310,0.422932733244879206060530856210
0.386051266856425429301469266008,0.422957646478759203885869363457
-0.132638010434451933210450651228,0.423020527259298736622249394252
-0.190064181795669096443564132403,0.423026940406022043163380893412
0.500903217989602571767513336751,0.423110292773894356400887287074
0.443477070652286406617673701002,0.423163210910527353320012136343
0.558329362168586974041090527505,0.423166533958315059939987409655
0.328367744856542445188076771098,0.423197974570965085669149929017
-0.305045223692844065636629974129,0.423271676208182287081573891338
0.270875866854978568439933368427,0.423292601658205088705245379924
-0.362471287326466253452686162883,0.423383093816774646180961116548
0.213371364058884241396451680129,0.423394383548548128672718023769
0.155862447454271747026781749850,0.423442181572037547651968321582
0.098372852850923423510611791725,0.423501381283975531649693544274
-0.016858241056160094706936866634,0.423520886877042502799141992371
-0.074284395640870841830683674314,0.423565248450887798248705038113
-0.419897117937355709962520433691,0.423581025587242813358519149220
0.040860971392669511204340182978,0.423589833045519659382925518775
-0.477323278352031185298720141403,0.423617058409622300003073998905
-0.534749435886649914570206833813,0.423657421083985412609799853624
-0.592175591265938642621076386890,0.423700741865574340463937245943
-0.649601747051112023290144865271,0.423743521221893203018107521241
-0.761984547051560024971468719058,0.425200723572293692182910586712
0.689007485158316701329582134822,0.435921286145841447845713133730
-0.705639870273931457218603393354,0.436293180340787008767081972974
0.866736519776000000000000000000,0.438305121173000000000000000000
0.750970598982000000000000000000,0.438467142094000000000000000000
0.809292582934376475466468509001,0.439300234714997276206354376855
-0.849944935054000000000000000000,0.470039552938000000000000000000
0.644795531357000000000000000000,0.472597582370000000000000000000
-0.219035500819007887691525594031,0.472685838489503469416581205397
0.587329990776718182578431447870,0.472731932561267613167902526884
0.357416394687616627455148674007,0.472735244795796440167942587419
-0.103922894408269531920787793872,0.472751878637872914796780344520
-0.161349065769486695153901275047,0.472758291784596221337911843680
0.472268330230020952988915743928,0.472887882122239581123820012506
0.529694474409005355262492934682,0.472944123306660284662920135086
0.414842186151547224518343936901,0.472944225841551711740396129800
0.299703630267682392597964089307,0.472958739568832928851584539069
0.242213256855088260213107416874,0.473063071720968762541251681869
-0.276460333537074117851457359616,0.473077993609882400361758573914
0.184688035853973154116616618421,0.473144075823231409335526415862
-0.333886394862701451178994121478,0.473190594505162469749673883723
0.127185745181226362233109336924,0.473195693458932957581032811737
0.011942060627235298380843792598,0.473202954278487681388272955783
0.069694400595432735026039578178,0.473253884482969150080078579395
-0.045484022696644655453919391408,0.473303713472241235479805794421
-0.391312152962246479968523438019,0.473408550989047938053353045043
-0.448738302382827692771560335840,0.473459157919494568683529371162
-0.506164470461550092931317157060,0.473479606162784225203506366364
-0.563638060298495621207857574789,0.473566617648529348185197371169
-0.621261283048222010189729738553,0.473814799532884874612251671178
-0.792601367153000000000000000000,0.474137089313000000000000000000
-0.735987886859000000000000000000,0.485130558798000000000000000000
0.717911157132761130098274850910,0.485543286757768058172101223671
-0.677324236491985081917361453360,0.486253065067065415225288716863
0.779628158576294293772093827549,0.488471233543981315216131194919
0.839059973513000000000000000000,0.489121564383000000000000000000
0.673694854261000000000000000000,0.522249296678000000000000000000
-0.190254651880651131048406465309,0.522379177406543627859362618069
0.616123415189585519601286926821,0.522417986026166839769419452031
-0.075170258560294520635665172879,0.522461547014659250955986369898
0.328752280098756574865035992216,0.522496009793664283350377197470
0.558695103017136563799833855047,0.522509521909612837890835252315
-0.132596408583283085977881117813,0.522511465683908233068420226721
0.443604177503101440373877190487,0.522648625151098805161964315515
0.501030321682085842647454381242,0.522704866335519508701064438096
0.386178041864055149477784532553,0.522712998299123740045536344503
0.271052236164218193542517194554,0.522726829890486884376344061362
-0.247679484598717361208338159735,0.522771332526922558804550406773
0.213535802151977237856961893172,0.522816149918074765297665107316
0.040774456234937605217830027842,0.522866403230984707070335811724
0.156012062808998638899678229891,0.522898008012157182953186984011
-0.305105504695476867463947921849,0.522903295335707840586665003606
0.098506698935035926322509993672,0.522947854263718104721232501732
-0.016680080377730219156864762603,0.522987874109980839139966572014
-0.362531191781487252708901482746,0.523139221247699851342765973260
-0.419957343345908213537097684944,0.523187333995295746523599523563
-0.477383496001172476188545103001,0.523234126629486068671377148611
-0.534809665163098609518695832267,0.523251264954175797476128557867
-0.592235723057429195961371281107,0.523365602407885968171124752117
-0.816165895563000000000000000000,0.526543687589000000000000000000
0.746475670249374781092457511956,0.535361293429524164072827589648
-0.648298676501192267689010091676,0.535803867942066508784129815092
-0.706121357024374138542034682975,0.535936976420534616593726033282
0.808663569375851299446739806117,0.538016264758395718867612940001
-0.762479069905190841864542541008,0.546963009124084712446665482653
0.702327690822210561592018248174,0.572086231970453188021997958912
-0.161539479600489039632997980184,0.572110496303763112609542394432
0.644901525300202462113298136289,0.572112911086956861066105532544
-0.046369867736827155821641659899,0.572143562742202613154605784135
0.587475424506817924538402080815,0.572203166304916695034578662945
-0.103795950853050813842829724979,0.572244440216899967518828658917
0.300100885995292375809589097463,0.572264100115318238875136719763
0.530030950290217051184795301606,0.572270264938472061928979555325
0.414952726714735541970651214638,0.572416682839320638478406025544
0.472378870893719944244228405392,0.572472924023741342017506148124
0.357526604661834694560279923334,0.572492209666767286026625439506
0.242406438456095544559226777727,0.572498141627286070166213309383
-0.218964312318555269792929674609,0.572502651424142043554730183136
0.069570538078458882242469944305,0.572550916600822128118387914524
0.184864436094816528895405570773,0.572572737087540297028732231370
0.127302469688379144083275714389,0.572632547933471494538506638464
-0.276390332408174224532831600175,0.572634617340231806966325252100
0.012144462287510646205629660301,0.572655881302499024799508410692
-0.333815997243701977382888966035,0.572875898367170311319045460410
-0.391242152544948098463320107379,0.572919322479034777592535263534
-0.448668305747741060468135241519,0.572965438264627404218637927026
-0.506094474910596832679463050074,0.572982573474050439265944476610
-0.568339132753000000000000000000,0.576130938140000000000000000000
0.775355988190925351299772613606,0.584996889869289864024403276310
-0.634117535795715371984376158842,0.591451513414519298319425746309
-0.701816662564965912703970551156,0.593201579832655348012432498438
-0.760362058288339528746410751820,0.604350145837380016757460555560
-0.017545325071586290459147236995,0.621811569934720798814147622813
-0.132782862823595684184593122148,0.621817861853379849447737536451
0.673663555633839370526315252925,0.621846985102204617090769142673
0.616237415717539668282299712554,0.621907422258815596090386589388
-0.074971351125685576612554211023,0.621940914320911942316473489006
0.558811271779898411923363527374,0.621963909333775919072722965955
0.271455088287169726826298680636,0.622035411852117424665005967784
0.501379499501851152781569325757,0.622038322626693895245421265353
0.386306929006612892987360677282,0.622187994576119824268275204195
-0.190207695541661914344524816574,0.622210016973758780392925325156
0.098365997393682970390893547546,0.622235790769542767855152909924
0.443733073185597295260937868036,0.622244235760540527807375326775
0.328880806953712045576989416027,0.622263521403566471816517465459
0.213759388090396112770255141539,0.622268732378063875701477528652
0.156135087573829891830960461654,0.622295867840701970029072052133
-0.247633695752202025587882420793,0.622350367090881254520889578358
0.040940006484554879729337412342,0.622379896428928790725959325990
-0.305059246312842780709834484681,0.622617464720263186980141496412
-0.362485407091976000361095368709,0.622652911941179924480327781579
-0.419911521313537050138020559325,0.622734175392699897887873885449
-0.477337692849501299810881561483,0.622738764329243651721568523164
-0.534763864548297979033273706922,0.622740299468492783006035010640
0.739428689974990995786562276755,0.629796381398096854140296104312
-0.591707352681797601154955843748,0.630170262962771669074497975921
-0.666682405704885484191744636587,0.638751560413810495228461941938
-0.723320479822168611774855044806,0.648232792328570953258928398259
-0.103982725069464263639783088371,0.671500024282961989858709763036
0.011217107421341861158890455312,0.671515570532520570553976525590
0.587585964929173769879073736705,0.671675479947037429406828299417
0.530159820991532513520137551525,0.671731967021997752389164675983
-0.046208394494580489410515452541,0.671792929579114758733068979087
0.242810870971048372648308311590,0.671807633147566382739585527028
0.472733701793728503798278788401,0.671809634363493081035290444004
0.127197019324531642724430863202,0.671900037192490253134101338146
-0.161443913242582805033680798424,0.671913236448834160077761576475
0.184970630033668599390774457822,0.671957489737123841235182736373
0.357673835418719674007422640380,0.671966615990571203399713930045
0.415099979597704076280999831135,0.672022857174991906938814052625
0.300247713365818826597051379125,0.672042142818017850947956191309
-0.218869940914056739945059208425,0.672053602457881287123419497619
0.069771056068214975581638388772,0.672054770577696032516264427715
-0.276295232066771546296159381259,0.672371618750331501526740654257
0.700916627424545134913623232891,0.672394341870951357305572181370
-0.333721392294656361857094064284,0.672409099345216136355754032180
-0.448590550091000000000000000000,0.672488822229000000000000000000
-0.391151954529000000000000000000,0.672614185367000000000000000000
-0.509483130068000000000000000000,0.674481040242000000000000000000
-0.623760684081642285254673778960,0.677818443877766315038795837070
0.644192243531914424589772401202,0.681344731266826087420873054529
-0.566458466206143339484012672471,0.681747960954014478224717778174
-0.678577489326318305528997879764,0.694932270483864343110650951621
0.040039178233655363130687558402,0.721185012168463240990168727597
-0.075367774408650061633371222590,0.721289077266680188482686226767
-0.017386225674640851975042553061,0.721481970592096881007756507524
0.214019289283014781919639968502,0.721494754439080323729580021849
0.156034468710178000376184153141,0.721560551801851820871535706928
0.444100608205835284818340751499,0.721588255777944460166729169854
-0.132792606139949711969217821306,0.721681376856598399415924643688
0.329029637868565376332201650605,0.721738848661449689161570074109
0.098608737726486106718365594490,0.721785539190338483918308685621
0.386455782047549778605778841360,0.721795089845870392700670196689
0.271603515815664528921830389350,0.721814375488896336709812335373
-0.190218606350287812264216349046,0.721821727056376147261324130641
-0.477426585868812060600534612224,0.722160717335784568691999212882
-0.247643736783778458966334900197,0.722167549312622797520264880842
-0.305069891900652269023389373848,0.722211216566682514181293941755
0.502891708379637011951054530670,0.722271211505085493542365403728
-0.362496331974000000000000000000,0.722455086008000000000000000000
-0.419946386555000000000000000000,0.722465862731000000000000000000
0.560314826735709112751134596089,0.722863391039403038803405866009
-0.534395907726277393858457302447,0.729389933436915577510673147359
-0.636270060746432229380986682117,0.733865573097689238821010165929
0.632078630718199852630851118775,0.737478727943846505365585950737
-0.584173263354958633085389372908,0.758025227480318123722629327820
0.068817504558492270580497550682,0.770879812019931887877057688041
-0.046541912426198812020145539449,0.770956318777609712890342654956
0.185083127959524182905049663821,0.771097816503808303365932992404
0.011392348719230318915196148253,0.771221389496953088338312396177
0.472923135601902475948574563811,0.771257432465698057517023040367
0.242535621739121348279455658340,0.771340355865777267914866162945
0.415456410655680987143119761725,0.771360488448822945928585313918
-0.104009318181132652111211620416,0.771373303088292678998325037988
0.127658268668962609112764960537,0.771486061008641658281664292642
-0.161436299959702568257795502675,0.771514221833503256361707796728
0.301012772442239058438409142204,0.771866889217803477510526409555
-0.218860946469529938875331897912,0.771932756847212235655544402788
-0.276287117699725423169345198530,0.771940251952124848605486598086
-0.391205980609000000000000000000,0.772233125158000000000000000000
-0.333728776685000000000000000000,0.773052093360000000000000000000
0.587390389022275673762151936929,0.773544310601873712991422933131
-0.496223268557000000000000000000,0.776447177980000000000000000000
0.358241110977203176397106779527,0.776629500567039334068820971875
0.530065731080935072659120329774,0.776957343013765687702954544389
-0.547537635266062813155900492943,0.802247348108669234105237279362
-0.443696666907000000000000000000,0.804332831809000000000000000000
0.097729795410897839715588807819,0.820496791331476383003431641322
-0.017804515422527918809947421101,0.820674798358040733568678960658
0.040305564316210816709634595154,0.820968894625586073045688568712
0.271329190773631438491942567704,0.821026325521115895153232429526
-0.075249501507192192235678042395,0.821078817301684189760808069345
-0.132677335126750273511573816307,0.821220228915880557115428944385
-0.190101762059926615838716457277,0.821667878033628701912566071930
-0.303878562830000000000000000000,0.822328345407000000000000000000
0.160077122774294835810949585603,0.822793705150901044870364721368
0.448834594418685587215800350979,0.823387149345811583481970300692
0.391408551943024632250865202934,0.823508984972427986815289262621
0.328914125077000000000000000000,0.826486973262000000000000000000
0.505977189897718183926346116943,0.829087059893879213667901804714
-0.389677910632000000000000000000,0.829694574958000000000000000000
-0.246931871951000000000000000000,0.829922674092000000000000000000
-0.498049894856000000000000000000,0.833859296436000000000000000000
0.215929321308128292489418393103,0.836146499512890637991455714383
-0.447878426945000000000000000000,0.861846818580000000000000000000
-0.343422172718000000000000000000,0.863996376695000000000000000000
0.127128407304604793285414963141,0.869827175650469086775993138499
0.010983093045824657259971097107,0.870364221749836741029003089925
0.069709696868469807783398337451,0.870752859283041520267823619286
-0.046442930208126271077721974716,0.870757249727920836470011853805
-0.103868930422742080748586181283,0.870897598177410578523940975939
-0.161293167125872560351909469854,0.871369018795512395951569889537
0.422662458727757452069957111898,0.874502553205235161932418558891
0.365236416252096497105021963852,0.874624388831851565265737520821
0.281590838351693093137582579264,0.877528217412626842775221377090
-0.278355192575000000000000000000,0.878017298533000000000000000000
-0.396142946695000000000000000000,0.886817788400000000000000000000
-0.221109174074000000000000000000,0.890748730310000000000000000000
0.226190968886189947135058404663,0.892648391404401585613444661947
0.170660189071879948689174955496,0.907280468890218505916638505894
0.324778031400738787143781461349,0.915378337027771898283718080400
-0.320752905040000000000000000000,0.916783833812000000000000000000
0.039871226933240749543597418304,0.919995269681943224056305346819
-0.017553604561020898489730979802,0.920387603967960559749127308346
-0.075051982524878103162331936296,0.920570012173391507458200254359
0.104294301226874056778305100342,0.922518434868362802181541411516
-0.156303524841000000000000000000,0.928603848254000000000000000000
0.267534255675000000000000000000,0.933695094531000000000000000000
-0.265988648024000000000000000000,0.934141676655000000000000000000
0.211126068295974223896655988558,0.948063316907764370037474196375
-0.210294603945000000000000000000,0.948235837528000000000000000000
0.147826082994149212182065092696,0.959971728108112221322186778911
-0.111715030305000000000000000000,0.964828884323000000000000000000
0.070222861703858475019634455051,0.968745074451679054087410793343
-0.046145089022039972985958226135,0.970190136179200923508003889518
0.012060071462000000000000000000,0.971151977181000000000000000000
