0.027445658238678656378201238222,-0.971225267088351343849370295071
-0.029452428877906814490222098647,-0.971166483190875555938865057635
0.090401805263843637594549289830,-0.967398032620563592001789528234
-0.092095205433012796328042676783,-0.967238469446078485181899340442
0.183854711691755219116041568403,-0.954057416625539111114973989741
-0.185389238908000888262730919328,-0.953762346571331941789703617803
0.239268688212000000000000000000,-0.941687784467000000000000000000
-0.240779929695118462949418229841,-0.941305906226108380092506824214
0.132669785085518302560845842727,-0.929492473553198683948736549924
-0.134216904927729741418147046971,-0.929172028009756291141999330046
0.293867087367937067337009788075,-0.926103964730331051981499131708
-0.295348504191345136492435834012,-0.925635481554200318102634056956
0.056057413417622039659519887786,-0.922187944592843990385697364886
-0.000952767908312086246148920348,-0.922063928709806610996873854346
-0.057812948187279622257521268735,-0.921983432487905969108655399067
0.196026713333000000000000000000,-0.898584958116000000000000000000
-0.197231909951000000000000000000,-0.898177349921000000000000000000
-0.381407179350782002661592361251,-0.893622038212924638992123870045
0.381462984481000000000000000000,-0.893594546179000000000000000000
0.253041290293000000000000000000,-0.886602874151000000000000000000
-0.254493231089268990833354065942,-0.886212922128118423429483713455
0.326434180995119857494336794175,-0.879599070299241576120021376921
-0.326732855483116841753437878810,-0.878324657994016410162413659646
-0.087329393942911063006080229360,-0.873458321348637714689466345868
0.141768241350589847460914212147,-0.873452159704478208681401307071
0.084994309403349932778971573082,-0.873341782177979196881525389606
-0.144103105299632473479248441726,-0.873265368530274105460926864635
0.027657200755692084985172521258,-0.873025563881920226546672040732
-0.029313287217684894013448090437,-0.872880878006837024166664195778
-0.432950564675653549342416696418,-0.869819287086216585022108441150
0.433010011956000000000000000000,-0.869783441952000000000000000000
-0.483015688449319544312901094372,-0.843046634743281097418576562132
0.483079946059000000000000000000,-0.843003253062000000000000000000
0.286197054377000000000000000000,-0.839524459453000000000000000000
-0.287109327657870001826292649935,-0.837537619934619911264715000997
0.229606414745499963026575069236,-0.834884026079539388930240870818
-0.230401127985616403807567404271,-0.834804147585330901016802302578
0.173476237139880460756670003678,-0.826357632050253734150999077486
-0.174433054359583140591340865649,-0.825271767686318015663484217297
0.397955768968478912960331989104,-0.825080687224447794999438737501
0.341182424776372365978433282312,-0.824773786381232542992957562850
-0.058804735348961510363562836094,-0.824367518825386745791340187399
0.113411126421860575631446148048,-0.824191020723814549408058080736
0.056596010922867850111323365141,-0.824180535495641755520172397364
-0.115578456018416739632128589450,-0.824177326041987573982715947267
-0.342861626095885138752849037626,-0.823889795171842541623284355657
-0.399635649562000721224382189266,-0.823847470035785661022210533121
-0.000703318553680722784483137656,-0.823842513178950639715087559173
-0.531431608874795840425386973199,-0.813395493427943297414730663116
0.531502323042000000000000000000,-0.813341858269000000000000000000
-0.258554333445106107507361342686,-0.785502133891122180673508386212
0.256489088744989576446559919692,-0.784873374108997137473612128020
-0.578033015176509648883609327522,-0.780967103664484896673995869699
0.578110504121753714610396467715,-0.780906429300085981605338998545
0.486708848520000000000000000000,-0.778395846034000000000000000000
0.429918318842000000000000000000,-0.778143812941000000000000000000
-0.487168052211078182199296223886,-0.777751062300423694051876906416
0.200360356193301329480354123230,-0.776337500374343768309743164273
-0.430416858880581397290070345369,-0.776128176756397919756961606094
-0.145812427955327135357246769461,-0.776123205793393908725614810071
0.143586708122330298269132398762,-0.776100178045427519071318653018
-0.202586259819072844291134804064,-0.775969753992109295320190300932
0.312527257092491358276235963730,-0.775761663573993582815624137558
0.369626992949000000000000000000,-0.775621137205000000000000000000
-0.030188326633524686182838214738,-0.775325239652095060183069566021
-0.087026885329513580192074307292,-0.775104937235809093672633163132
0.085010179908023609552074292732,-0.775028459925721032485215427956
0.028235491613495042344005970285,-0.774997484792672168689973247780
-0.314313505216197123211003431675,-0.774815399340748439236049898640
-0.371211983185899038662695224166,-0.774700886007104159029166639101
-0.625020427986299306967073781862,-0.743895992891455609732297962008
0.625172895540471600198069432819,-0.743767847839467863339372478334
0.515194134170568721887400584676,-0.729276504713121712182770467919
0.458416845433000000000000000000,-0.729022378533000000000000000000
0.401636584991000000000000000000,-0.728722716642000000000000000000
-0.514947422440787042248556358217,-0.728215316272758183018239391459
-0.401422011025248622029124209767,-0.726631709293809929840184802958
-0.458196046599268329627038961569,-0.726611298803130347775049682787
0.340936434222962971799376390610,-0.726606542481692987792932261108
0.284032976747000000000000000000,-0.726605574305000000000000000000
-0.001326058781941363204537255412,-0.726413184438474538941508832013
0.227210245393702062097232995934,-0.726313713928717551388443226286
-0.058417111118166361424642465310,-0.726066458960847128077868625882
0.170377821214814909929075733447,-0.726044855536509754979926832235
-0.115564515319771676836136294916,-0.726024440024724254079465919055
0.113603818365850400926073429736,-0.725980571370847706904678242935
-0.172338453551371732160610872268,-0.725917343700573360378649427366
0.056641778287637978000077769010,-0.725840853405497207738240840728
-0.229112310666254684494071951243,-0.725773537417541559994910630435
-0.285886257110304988250151019713,-0.725670886960684710743968155116
-0.342663862306211023120849618215,-0.725626490176010056641932182084
-0.571642786725091515109652503041,-0.724553838271610578053332795147
0.571765888170565703426430588888,-0.724488002955095297449841458402
-0.669522194283007039868141785102,-0.704110655367896494397166485464
0.671230141526000000000000000000,-0.702459739967000000000000000000
-0.615082404620407749991172650741,-0.687998522255234703004370683045
0.615163718003550289182030769095,-0.687883063809910054291700095519
0.482911947079000000000000000000,-0.677757746307000000000000000000
0.539695698447488522232474900588,-0.677622658565676500877632149342
0.426128968415824502573560665498,-0.677495654669072701154636448221
0.369354720425283272952539802542,-0.677456627273515618091948305549
0.312528836440163620418719587274,-0.677450370408441803493980816118
0.027197162108956242533080462088,-0.677299055848769883299042362391
0.255754987972515839508290502216,-0.677237234675240951059203425887
-0.029576714726100885784205651424,-0.677163257962377490620008249584
0.198979417826384774507218245246,-0.677001607242608786132598775798
-0.086948120355118392002939922679,-0.676982112740599445528916405060
0.142027425776565561771053935219,-0.676833953239894655129296067753
0.085243264384775982936790210334,-0.676797540660705931102681739774
-0.143837294270881652612033236853,-0.676790899604296862795510605961
-0.200611208631678496871421609454,-0.676671819374657743311862925398
-0.371223344465366125322060009323,-0.676558705319252089560101931989
-0.257410385984931726400787315385,-0.676554532295468376386801690375
-0.314236614200318888159997206253,-0.676481977795946328149850438559
-0.427997583894502893663484672089,-0.676461693760434406171644086061
-0.484771619468522601261399423891,-0.676441283269754824106508965890
-0.541545652105797038731736516869,-0.676413896231177552777356042668
-0.680898459217220822404412213087,-0.648488068875584192608075503864
0.680021201956000000000000000000,-0.646342762322000000000000000000
0.735613471018000000000000000000,-0.634735134255000000000000000000
-0.735900586553850359416735327041,-0.634414777846355285064958378993
-0.626455634921093261669001846918,-0.632375315187718773982307288073
0.624762874986982808046900324343,-0.631926398574290498122613244927
0.568094634406967444033099219938,-0.628461766836204343617220627922
0.511320600933461055089600664049,-0.628418823325567879348186403811
0.454546580084356316898074964149,-0.628340120613990190922778133305
0.397758504053791392119902397152,-0.628298373309679710859990314529
0.340955502494495076596682014954,-0.628295655237388285146317314700
0.055740214014395772182980771536,-0.628221711586151415016640030442
0.284178842716823383797876733692,-0.628090496374976931431033917880
-0.058074325449305176970438445440,-0.628059509775314476411925544091
-0.001100462886453722512382991271,-0.628047124023383711139617879842
0.227391699887209072449576768210,-0.627848440914849728575590986680
0.170616856691724437157525585259,-0.627783612039291952293093441575
-0.115227560281187301790013716446,-0.627752397863449265670653102061
0.113666758412564719696430193302,-0.627650856955694429435430996690
-0.172121347870859924725314167711,-0.627563578052275251989763236267
-0.228909283950355538778136973596,-0.627452814252584559703753985338
-0.342752429827377355616598685749,-0.627388803208517240677472498401
-0.285760743074945626310633501925,-0.627365623130729993792683973819
-0.399526450264051548460347300528,-0.627342592773698426880687328588
-0.456366081652327237981538848498,-0.627283244482757329998772494307
-0.513140114751275674595200082321,-0.627256831840094591442037744256
-0.569914706490370625642861708798,-0.627235768112335013870818856777
0.771603198502103232055391980190,-0.590450020515238693600088515148
-0.771705442531183642322443740487,-0.590340995831505311328089597553
0.656820121848522937153199620365,-0.585068906909145333661511800595
-0.656384286243637708071715038139,-0.584130446424691305158922004035
0.713550350630215565175372513603,-0.582411762198445159490143916520
-0.713132137330222895742024052069,-0.582406228050198855443318709442
0.597939547202393822952224184702,-0.580126910240869618192301188713
0.539776286426018796130796995283,-0.579254409586795290541721875639
0.482994812092000000000000000000,-0.579192806613000000000000000000
0.426179685609453544801282072514,-0.579149808843708814676787379494
0.369388575961000000000000000000,-0.579116811998000000000000000000
0.084222310258166752550484933700,-0.579108957478735813031535357600
0.027448433376057645909209090515,-0.578973179265085041535927497776
0.312608744768558883829542067511,-0.578947088690742622341790714830
-0.029578590321634969675649500528,-0.578932077553551656101739392677
-0.086387351433317645580701996995,-0.578849086262296467587975139224
-0.599650465646783482726590829316,-0.578819940234788539469671474542
0.255827759643196896213970299233,-0.578709026342969133521722740957
0.199031578509114627636457224655,-0.578631856058569198859596596374
0.142256302268757784772365854022,-0.578600581583959782905123082170
-0.143511393658267627472781444493,-0.578525204793147280432966621197
-0.200419423189536966632029531853,-0.578344572930202068381654296207
-0.314276558702004093767234981421,-0.578272448543300906320306033660
-0.257259641040369438687983160136,-0.578263905087846177109636268782
-0.371099420635241434337174522817,-0.578197954017971094179192135868
-0.427894947965219484385551907861,-0.578164143528861369032948430260
-0.484734917411520504075116973663,-0.578099570972164299141441073796
-0.541509169135849261506325274250,-0.578078703721252052535500558366
0.804785459264443382220239565762,-0.544382353470094949131544287692
-0.804868527134413370646654595959,-0.544259531536767319753755333836
-0.748446010322159036105229297923,-0.537951510569850515244457807239
0.748417292811648625248943926209,-0.537605619955062658370502362790
-0.683187114921217135622561298447,-0.534081471341993448923183623094
0.681603666771834548181520580721,-0.533989874026533174343721635233
0.624956709810560883024495325821,-0.530193301859603787252961310298
0.568182750211721357158465681542,-0.530097840033671753091770041748
0.511408726014667496793460171183,-0.530035691258573341931635792956
0.112723517141802389697099916408,-0.530007300295659134074757273608
0.454620569333000000000000000000,-0.530003966547000000000000000000
0.397823550344000000000000000000,-0.529954075808000000000000000000
0.055938095465477550819160220835,-0.529864822685182519729695770087
-0.001026555637000000000000000000,-0.529844224143000000000000000000
0.341042841012000000000000000000,-0.529801590827000000000000000000
-0.057897342219677054168004173905,-0.529724966046318040718110195456
-0.114671287788150558575778413741,-0.529621832462104260278285529777
0.284264231194149254777675326075,-0.529569839485054484247662234035
0.227471120307952449427281427887,-0.529494456918806607615243107745
0.170630522172412561099466980978,-0.529425433624779973375602976587
-0.171809468976944669379496808635,-0.529306199671074096824857681137
-0.285775456667427906144584639633,-0.529170730500417089637258328624
-0.228769780279550866541875718393,-0.529155663765463685787536579651
-0.342623549509868172487810818489,-0.529081599352754759822025671127
-0.399467916801353737342657581059,-0.529019503887640058947201419532
-0.456259097765127869443499776918,-0.528983186461348518827175609893
-0.513103971796094090986242165593,-0.528921442853321760234903887905
-0.569878007158057992605666311048,-0.528900450791548772351959474054
-0.626652041926154083362242609127,-0.528877909735643673783789235180
-0.782120175133241034099623965357,-0.492242188148442079354163696775
0.782470202116185076675646969917,-0.492177747352454528689050883675
-0.838859314318292714661595295465,-0.490251807157898317883267390575
0.717489165949424575501452708039,-0.489995299958458586433799031424
0.839189549856427459246098249513,-0.489686310260805827504010281206
-0.718564605410553182255651866643,-0.489677364565422403723030436753
0.655191786274000000000000000000,-0.482052889148000000000000000000
-0.657206177936000000000000000000,-0.480927297765000000000000000000
0.596753040282518127810183439867,-0.480920133314554531739442329169
0.539869195411370815513298773263,-0.480887703496535566752002190872
0.141190761116852968321017355130,-0.480880691227393109990332577981
0.483049338333000000000000000000,-0.480848193979000000000000000000
0.426265935381000000000000000000,-0.480805384972000000000000000000
0.084411783988106618655427140031,-0.480747202691289424515262575275
0.027473402856844027685864803482,-0.480730158190135228761525226651
0.369486802807674775628002292438,-0.480659558416242067167256335224
-0.029363314066534135020490725629,-0.480642374740399479414369707189
-0.086195416662777296726414709413,-0.480505477796887925921119065036
0.312709519290548577557604935184,-0.480435765108681446729585785374
-0.142969363106827600482493777883,-0.480402827340031076670176589717
0.255910976813266276100955247488,-0.480357239924909366097507783580
0.199110200383489718698237554301,-0.480311286366157208574895425947
-0.200159826066958569289342995175,-0.480117290506335714230739964581
-0.257285595906609333998477197890,-0.480062489178034598315158639493
-0.314122447475291984865160476700,-0.479979881309870943138977966091
-0.370992045009803834843724054318,-0.479903148838140992409483083207
-0.427832068136474267364146343181,-0.479838547705530653920753317898
-0.484628152149701456354624968847,-0.479805058342505979920638424002
-0.541504923713653971067817257217,-0.479724647109198328474498931486
-0.598291195215656541874501911615,-0.479695047824080964980265648863
0.751542069660442258260439801740,-0.444567430944549109271803606756
-0.752238770221635180250046534077,-0.443968042144013967832736326289
-0.808977909406686860812017864185,-0.441977661153470206361840020089
0.808711176564618549987407147969,-0.441786828054875227133320347360
0.692266604444000000000000000000,-0.439017939508000000000000000000
0.866844701640000000000000000000,-0.438711432150000000000000000000
-0.867152142377000000000000000000,-0.438209530947000000000000000000
-0.693668424205000000000000000000,-0.437355164954000000000000000000
0.626898475083000000000000000000,-0.432792705902000000000000000000
0.568344689040000000000000000000,-0.431757013872000000000000000000
0.169658490132000000000000000000,-0.431753136258000000000000000000
-0.628671136217198299040322329392,-0.431733076256066508856247836132
0.511486752641832530875984069212,-0.431706374047604736164466217656
0.454696905686000000000000000000,-0.431648098569000000000000000000
0.112876068642814492807062329241,-0.431624132438668336050352799887
0.055958349912775926574421057028,-0.431606753323949055410483028173
-0.000869832553090592934178715692,-0.431536234155018141946194775530
0.397917630383266513741816220806,-0.431509440374927146783721506416
-0.057705715883029479874538995806,-0.431397143662765419657851609596
0.341140279073102336454043552825,-0.431293283489642337046294364727
-0.114545520871267495083348821850,-0.431256345019155103723371442273
0.284363375016430937193572459545,-0.431227284007600246092247131970
-0.171319720196841500392339964423,-0.431213918175292694076058873161
0.227536932774417767456996700077,-0.431166475678529698384502564345
-0.228675641694017036745944474672,-0.431024115918906626758362024423
-0.285632586714473412719053034958,-0.430871639987488451816878276959
-0.342490942815314814018827977041,-0.430801430703011762856195554238
-0.399356197011168815588487949002,-0.430722193040275005755935755622
-0.456201122521047854275271535110,-0.430660419586688115014216132007
-0.512997067613902857334269289551,-0.430626850085868775951941111844
-0.569872437341191079125132718894,-0.430545625316581527380233880580
0.777744538618372754809710036769,-0.394201548122375985282827077651
-0.778129937701738675947062817137,-0.393441425609108167243018524727
-0.834869076886790356509034147245,-0.391451044618564405772122218527
0.834498006766820759628148110740,-0.391206870740085877320917174679
0.720993116749435588208929549330,-0.390031806336971029995750650822
0.663890288106827074060665626568,-0.389700436364586302821440002717
-0.664636560191380024584093095044,-0.387803817096532081017070960638
-0.721416046022187941304715064815,-0.387703593194838260785134111810
0.891129817295222659035936689304,-0.387190548284054483171829083641
-0.891427553296787771897776188631,-0.386508345140753628961808867830
0.598479286153883027775883148610,-0.383616380927581298185250967175
0.198117237826445910170855473785,-0.382609530910059688813002565144
0.539946174705052693668829301486,-0.382580486495564697089884459399
-0.600238598070000000000000000000,-0.382560494651000000000000000000
0.141337446289067290326405916592,-0.382499377839529964193084469586
0.483136642141308496455792164717,-0.382497565054895333504553247980
0.084432371020331073368992579485,-0.382478910109090564531803782538
0.027607194601224073425578942972,-0.382417443960050944589516971827
0.426362403029815147488571921289,-0.382365371123833804171543967551
-0.029215598829923199663312684725,-0.382289051027757818760301394799
0.369584966153243726542464302182,-0.382158861003697644510878872736
-0.086040300763755394794314666092,-0.382157017543409848907371945067
0.312792412345045109402968271270,-0.382083806632505522118009053688
0.256002750653269061196908920506,-0.382044293882153276821600493502
-0.199973896906976992829156658265,-0.382039410365766831299554367959
-0.142962050940594693071691990645,-0.382029224150611604308279437472
-0.257022632501881115466520311739,-0.381833266728360480260081661890
-0.314001082054496241872720535298,-0.381693189380629271534095865107
-0.370855094976608892729065836749,-0.381620474997381748187827145898
-0.427725251395742402499613140932,-0.381544064921432466849398569731
-0.484570037985249255254915855815,-0.381482211330050911045518819849
-0.541364577008151466600454420479,-0.381447830751243955152701347872
0.795179129333787149265807531481,-0.340170755248921210819305726670
-0.796486592159112892201895675236,-0.339716898909650419775335585296
-0.855922349372773928173820132630,-0.338724853313112499740723433214
0.855593066372744449991275998489,-0.338497383851715341528757636501
0.738555388331791456739041318267,-0.336042379431835646962190133714
0.681781787675264042734737571399,-0.335819200296312256500594214358
0.912224865941164939076547371323,-0.334481057159841247907710081413
-0.683221561420972652444458950219,-0.334157854888326461387254997017
-0.739995508781491956418643401046,-0.334055712570121870378038233326
-0.912480825782771343562562174015,-0.333782153835301722930410082517
0.226570568436000000000000000000,-0.333472273569000000000000000000
0.625057300818461611958684447703,-0.333447658889617982681884143546
0.568283295787008720575155679134,-0.333383951040974519805083204740
0.169790210698076159004317286092,-0.333369634003095978014861884910
0.112901993082772341804297987025,-0.333349278536900423785310454085
0.511509303788180833655074510777,-0.333310708531377102568766696386
0.056078729858668926631007420515,-0.333291033593909435468196217462
0.454735405794192833315587991321,-0.333184065266927857260939442210
-0.000738964459160964433064108254,-0.333173138872305508910745030247
-0.057560556647328568644579760021,-0.333042908501190253432058321860
0.397961714943769593966509205351,-0.332985170398332390243435231821
-0.114390886988635902888389966101,-0.332968240442796739326209402982
-0.171476746348846045662760715870,-0.332935398900150276267849512835
0.341187712160912450161219492948,-0.332920827874956776386393164951
0.284369979332962473451339650593,-0.332865112626441377795649239383
-0.228341575803301792549894536281,-0.332836445140548213572201389046
-0.285391127841903944620181212830,-0.332654816121501299977295443272
-0.342365234215790320582958395007,-0.332512233674999256865727456767
-0.399224172304714059889064345447,-0.332442333560968892313423969965
-0.456094166859943803479257461636,-0.332365856664795262880701257573
-0.512934941317610791495062049876,-0.332301688855254341767023810154
-0.569708961755464644866642218909,-0.332255479869786123508217254854
-0.626482909637637193213750672191,-0.332153627915753503904375915824
0.824055315812031544662208090994,-0.291288678918001708930319865664
-0.825397196026724186404369675833,-0.290855170369224796312986232311
0.767437277052085737288675863512,-0.287082823603626370915529427385
0.710627602439260561440683495175,-0.286612324308408452648975444725
-0.711520079829660695589001857217,-0.284939101551471621154057827891
-0.768698347120000000000000000000,-0.284849736883000000000000000000
0.653892508580283038108611606467,-0.284507135730254912476287502184
0.254987190077395708528232666916,-0.284285865745585605034223910945
0.596725470916094696499227248870,-0.284248076103464877457329783274
0.198213186028372452243049059148,-0.284222650318219106715088740438
0.141363328491000000000000000000,-0.284213157782000000000000000000
0.084545434422227658195702012975,-0.284163083887099576214689545915
0.539951510472147095962555398522,-0.284153485103585272140370310788
0.027728239326361370533198777842,-0.284051760221236197820380893481
0.483177575400240550993350468022,-0.284044726659660099003746484596
-0.029092255798937909274774097602,-0.283922165644900867766432262250
0.426403563372742239402469125650,-0.283849106352750439386297432557
-0.085940912772993456321949085170,-0.283836880812948666010356212531
-0.142975431027203480847208755509,-0.283833804660406004675064256528
0.369617957277448988325753302054,-0.283778049213572198813640616369
-0.199823645933998387411366942374,-0.283744497141212424430167604134
0.312827047056245001425813554029,-0.283737861242502780631235196674
-0.256725113910212658003247504348,-0.283649185121232454111357436369
-0.313755280003198023330425672458,-0.283473860415871285308930841307
-0.370734288594308057886517812229,-0.283334105552663320926626743139
-0.427593087768915460868708666152,-0.283264125304331688344726657807
-0.484459070192305339719403655698,-0.283185334189998693602206247878
-0.541233708879079732192062291477,-0.283083081739142875419135977644
-0.598007729316933585563642460509,-0.283036872753674657160329422344
-0.654781715874150951795453800444,-0.282926742835860075240477009252
0.892638955344399050110411787499,-0.281192375077773589498308476226
-0.894082992531511356918663614958,-0.280071714779127387467316560756
0.939231032008308032453515778599,-0.248750582215901527343282868270
-0.939835631067718406398270751233,-0.246456426606580558812375146796
0.851798303450166960299231213819,-0.241754668694131780847948581234
-0.852778348817321060016882573665,-0.241120232912682498060751231999
0.738482575776512767995517495514,-0.237141201495911527058005638594
0.795254465999085516292331793379,-0.236647225277522590478780502727
-0.739811322237796159687781758886,-0.235716168532884619071200331707
0.283429371828373180085364775517,-0.235149994641087368905544613966
0.226651554171812645267720139192,-0.235084571913723565844854237082
0.169798180241101252036841491826,-0.235063796753813293387743250781
0.681747578275589381205888862849,-0.235036067172785777889733582140
0.113001029929000000000000000000,-0.235029181313000000000000000000
0.624973548593619552822694663156,-0.235000359004367715654135285867
0.056202626560950625716066949644,-0.234934545280211238284657322419
0.568199589324631627642131210601,-0.234905065397629872189960663359
-0.000615697072411675527155308518,-0.234806209632186550907372631216
0.511425653634265163340296867400,-0.234796630281924520529418980349
-0.114476025675539942497496718934,-0.234731101816776747686192091265
-0.057479376103313738919289135255,-0.234712218347455207605429346725
-0.171322708115212780165811957808,-0.234642682804595281085904632400
0.454651948900359750052886260438,-0.234601565835164440602928142193
-0.228192070168994651117636499482,-0.234566005517622933732345028607
0.397877946182246220390420904178,-0.234537166209213692583420690934
0.341103865920086424412715430572,-0.234506640996710711629557956827
-0.285089272840600103731594426003,-0.234468232521699070945471803524
-0.342124334381715760633985089680,-0.234295732293535349369830127679
-0.399103204058509458866162132934,-0.234155897296026116957929430981
-0.455957991101276997108854860213,-0.234083602829535119066231648112
-0.512750160641609381921386539907,-0.233962313832268890249348119542
-0.569524989264237648704976679730,-0.233860170548148046353460469922
-0.626299347410240611049588395114,-0.233814155664807573793317409766
-0.683073262158334482864918196360,-0.233695260230268622185283740243
-0.796536615467010861338428899479,-0.233364012073846705519492672134
0.897179982519707226371015224989,-0.207640232794099138203722763943
-0.898084544774464895434559158503,-0.206905614109587984650356161588
0.952156563061657812436043925548,-0.193467472870125076365369481063
-0.952626180700508303112012788513,-0.191141684318475740497968489448
0.825980177800000000000000000000,-0.188863726971000000000000000000
0.766917800720656500270254710738,-0.187450427283685019318586524336
-0.828613168021000000000000000000,-0.186424930353000000000000000000
0.311754567777556120504773989104,-0.185907153031413666708592190830
0.198190660720898747963158508174,-0.185898329041186706612256749219
0.254980531455331602588841594343,-0.185883346542620744823790571401
0.710165621710384187354879104955,-0.185873849376050618613128659814
0.141404587359744417784935381585,-0.185862571161790211910304352078
0.653391487614365375516118155941,-0.185850463035389744657953245190
0.084630593926696240043471585272,-0.185790448957252084620993530697
0.596617552349334179951028310632,-0.185741805452901267114985524583
0.027856647460866922682801917654,-0.185687810546645648335753289404
0.539843604721438717305041047799,-0.185639811859140577163019779594
-0.085998518169074401033963383529,-0.185615695902060092568256013714
-0.028978778301441408316796507351,-0.185610207626059132300200694626
-0.142834381554110941849183383204,-0.185533550683267245543744870980
-0.199691132758810183654603265847,-0.185464191215982091728631775829
0.483069877239313075848094067076,-0.185451663690090962135368387311
0.426295874521199546185628710816,-0.185387264064140214115860936052
-0.256556242248988280734076592711,-0.185385061299717815258603361781
0.369517341630088832864462562826,-0.185354164660057151510770852099
-0.313468180420251463660254121252,-0.185284342065497141538301884314
-0.370493249845917161613629410385,-0.185117524036898145401132815521
-0.427468107390870995106308326995,-0.184975374821229547679434421286
-0.484249081550581039310837744423,-0.184860582471805315713373519777
-0.541049097478864699826979393736,-0.184743804043478870084512202066
-0.597872318595217546894341890429,-0.184669516438356501437328884484
-0.654646233343311418709671691674,-0.184550621003817549829295214961
-0.711420121488898651932827939249,-0.184419637109637834611203264328
-0.768193615687279277737873321517,-0.184170863207014441576808120759
0.906854480885395462570348404239,-0.151696550279265698814952977766
-0.907622397155902406677091236698,-0.150938472822060247943325304135
0.795319550421342557517588358415,-0.138291174381634478614879308572
0.961831061427346048635377104798,-0.137523790355291636976599694886
0.852073612890792744532966868446,-0.136785211180911834607456767644
0.340168218067361260065693957293,-0.136754570128293745920200705810
0.283388166639510856960173945739,-0.136727494447567342615957238990
0.738567405127343878500553403046,-0.136714615953586649709785342744
0.226595929185632808159039596834,-0.136714190703424205916575591127
0.169821891652744810695646236033,-0.136700256486187602429762214649
0.681793370619140495832478411328,-0.136691287149994236601805532226
0.113047884197652039299781445987,-0.136640177893864998476739303191
0.625019497848172680332314727577,-0.136553800662860738753673031015
0.056273937731822721939111778369,-0.136537539483258562191499061899
-0.057503650077464470433850054135,-0.136510359894759060332288142471
-0.000500085938175248139037931444,-0.136495488719944737852727439754
0.568245525306985285830844515341,-0.136466772847279780559153168051
-0.114348036711658275310863603220,-0.136423238498300876792319038863
-0.171202735965169348926264380875,-0.136355017619926160530380531371
0.511471753549737427550865097960,-0.136292483937011872896142527344
-0.228055305446200231729347051663,-0.136283247348381284278521583760
0.454697750831623897888399741700,-0.136228084311061124876635076085
-0.284925268014039170989198113548,-0.136206916671335749777380144311
0.397923719780266352138576754210,-0.136197586134519979328399058831
-0.341837095865928998065097967874,-0.136106133798174269601392674510
-0.398858153178278697853775604446,-0.135937001562101576122637805826
-0.455759197840175037308291211205,-0.135752354463499744326576292951
-0.512548018387836357216430598252,-0.135642072683015295548537602300
-0.569396447412417134550686628330,-0.135553161806434334571263802373
-0.626170362160511006366016429576,-0.135434266371895382963230132851
-0.682944250180658665908968852237,-0.135303228118247383673436035478
-0.962164033081945814354544866707,-0.135174543030948003790937631996
-0.739717744616923631669539354543,-0.135054508509900900163817094780
-0.796491553597232912154679488241,-0.134892811832327278561402163239
-0.853264569594973000154678505599,-0.134551950469698583466994559263
0.882846490661985292112175219744,-0.088869950313492314470786460323
0.368574849746558807555418408879,-0.087597839636233236267513639422
0.823754250014514989313877740744,-0.087578451297437629601091605138
0.311800815284681276490538492713,-0.087574540020449936899291288447
0.766974752960477834591938932067,-0.087558404657232586818379156219
0.255012866484690781306279520399,-0.087552969812630068612104825960
0.710200591209765437288740677569,-0.087535195459708693694109164481
0.198238832231689659917709449316,-0.087529166719544274124215480330
0.141464806710604867633342669845,-0.087489694205085090778723721447
-0.029021493971104920986408324398,-0.087397649569618680432864824360
0.653426742455032212059555916585,-0.087388125670623166454107052810
0.084690860244775550272673002228,-0.087387055794478654493483480155
0.027916831076598340681719833036,-0.087345001852329109363171999682
-0.085861803567686196854032464333,-0.087312801226447564806875364635
0.596652768740978104467396651926,-0.087301866386611005267069205548
-0.142716325635133981335957305598,-0.087244574024855333127760620075
-0.199566980392062858253612333307,-0.087174115126787367509318737973
0.539878970650751598012733530170,-0.087136390230086450448567790491
-0.884468773846609874440335707583,-0.087122116304161885177843750899
-0.256424331211251121984468572499,-0.087105102719999218797298366290
0.483104967932638068350268173910,-0.087071990604135702429060339232
0.426330936881378231284935218586,-0.087041492427651022551785034603
-0.313294182402860927154130015174,-0.087028707794355622662010420133
-0.370201999216816134927625185577,-0.086925611334062354422002533871
-0.427149243627582740055758488656,-0.086713981204371772769779677490
-0.484058134677430355213884065034,-0.086533844674709724161740375474
-0.540895368321388791940137832845,-0.086451430445970760035289202608
-0.597680438319759348599030552235,-0.086326061645023567090071892835
-0.654454324791757373772457477795,-0.086194354345056249834862668848
-0.711227822151625839364575550655,-0.085946302985065183408574984051
-0.768001531738609641478851680985,-0.085752830297048068022365799370
-0.824905509752259698772329721357,-0.085368058220451057363846064868
0.942746640185472796246793679525,-0.084053458414944361463092029075
-0.943730212124356420497240070926,-0.081476444583687107390627041705
0.908935627285732514796734162303,-0.038445269033630600138375827789
0.396982066847715164805395796008,-0.038441745929388923843537768522
0.852161335688711904231104048141,-0.038422281639428051745140138674
0.340208010241757787706739010522,-0.038418433516589891244753784599
0.795381860160655679526615228819,-0.038402247438977729724600807338
0.283431666435051936023567918160,-0.038396466395146111553107031647
0.738607771779710821855712324118,-0.038379080641563205249005682699
0.226654360775371268469433760634,-0.038368758058423031766506738931
0.169880329648286590110375166906,-0.038338401362207916433687528458
-0.000594660999005464565784387187,-0.038249316180663758154662501322
0.113106383182457272749705499289,-0.038235762951601480148447287165
0.681833978629752050435711118600,-0.038211918104254351989395385288
-0.057378623323420144671134668294,-0.038200642600417273330146545626
0.056332359512126987834555583872,-0.038193712187887465895819773225
-0.114231259858600904336412868580,-0.038133508984049167134831424003
0.625059995503454662475773125369,-0.038132093777858693643990093912
-0.171080901193424651042200236076,-0.038063680147680364236658174177
-0.227936006157113748508733854144,-0.037995970498405302028095520503
0.568286159235871307533016147255,-0.037980280043888544513967992045
-0.284793244725672733469242990688,-0.037926893338613117919114219938
0.511512156521589272455740112062,-0.037915877040222844021837764160
-0.856066650372581788066858671297,-0.037909810568853548938848865941
0.454738125468514451021083718711,-0.037885382242618452640960340156
-0.341659086810703013825706358206,-0.037848185939843285523612222870
-0.398492770266707804230670960169,-0.037702407401863909342057035654
-0.455448180464838057961351342485,-0.037495471415581752604943760014
-0.512405484610982789937591299628,-0.037343202437665188648491975782
-0.569179399359051172097775410714,-0.037224306990954639033039458156
-0.625953285740219743333334678771,-0.037092560543765786907962988534
-0.682726783270911567305293642991,-0.036844548284563915022673616368
-0.739500471288675065908759044386,-0.036644846482262595192770323457
-0.796273724784848080251552226572,-0.036342427969243810762755880058
0.970989471344883949117084157471,-0.034802732328426819391186598189
-0.914332757885610669737155938762,-0.032906070730596018153794176437
-0.971094662633067896807362046312,-0.031732315479797216534330997772
0.425389263011367363277970450478,0.010714368831020260573407429324
0.880568389034410034003302728189,0.010733906701032661219546893322
0.368615227675942052668769580115,0.010737659997797138374125215719
0.823788945834852594443841536217,0.010753922219031848131350659126
0.311841042751322528204600075653,0.010760898395756927114201743962
0.767014878979888666790388620869,0.010777076576691651844772666182
0.255067007889512856084448554744,0.010784197259822615359994973707
0.198292976762424904379400958651,0.010814553949915817277357577928
0.027834036563425801260723250344,0.010909618870806671916412226104
0.141519030296595587018731017546,0.010917192360522253562597977308
0.937342102226997764807005857021,0.010926318431379076121009156797
-0.028946378633917275190672033950,0.010941070656015042729780711782
0.084745006626597760078159929881,0.010959243124044091962276660714
0.710241160599141313284140364239,0.010967951330850370079086566918
-0.085748321401118208140743040594,0.010978835986959807263924348371
0.653467166025080558793555799070,0.011039169676134845756377173373
-0.142595950125931202278477527161,0.011047409176734838397116029706
-0.199451739676706106507771386741,0.011115515887381380791003970654
0.596693291338367448532820307817,0.011175862783427740212066248543
-0.256304918516299024448839335431,0.011182239549389747339632212356
0.539919288625416696720346294487,0.011240266960665894632501826132
-0.313158150007997056953116570522,0.011253628011540895481628209106
0.483145257571711313858675698280,0.011270760584292887826461152451
-0.369949817888616743556249915811,0.011375040966012361623940728861
-0.426791978109535144476258099063,0.011515946567124576187693612023
-0.483795530398390492685058577079,0.011695170821462782908304639679
-0.540568976461719655294978647177,0.011954697395130026438452696587
-0.597342894875612615312502204012,0.012071829290064470237143336127
-0.654116781256781186548061472069,0.012203575737253322362219805750
-0.710890278787473010520020436290,0.012451587996455194247509177915
-0.767663792112961058705396007664,0.012695957857150155106198070589
-0.824437245302258585543878474282,0.012953920859977166556174216491
-0.881210729739064961641779817106,0.013204912596672322973335677467
-0.971290230868661067211338961961,0.025041386927333252595144134255
-0.916887304261536759117194986408,0.057369078639865092475433967318
0.969914373584537389849935063162,0.057427271868475275110215977510
0.453796450577788336126550211358,0.059870545151527779611878161551
0.397022416085355090006469642249,0.059893770285535474030608373357
0.852195999182986050751982571850,0.059910110560897631607257437382
0.340248260587492497592929875864,0.059916992142011996781405208049
0.795421964654085581707614928267,0.059933246234701229700724132646
0.283474202728391515470424039262,0.059940303831992370803980726497
0.226700171601358467734116439678,0.059970660624768518351443626847
0.056251191884395035294509843311,0.060065190354346204515482818568
0.169926225135343645963351317555,0.060073298932764025158857576200
-0.000528485925167589562935870012,0.060091514422241238591076644283
0.908969712375573781555685700682,0.060102522291244046508719700857
0.113152201465345829950105802541,0.060115349696285857243661297885
-0.057314430919693955507303655762,0.060119819026089996831387188847
0.738648339669518632890846238651,0.060150128829532099518760033103
-0.114112943014785678955237495146,0.060159625964970111462124342769
0.681874333787436351641130104946,0.060211675961647091503989407973
-0.170966701483527645503211291904,0.060226554677874800858016053164
-0.227820642407424104803160705536,0.060293951897227426738438483407
0.625100422062665630583846031386,0.060332006407198912659830214166
-0.284669824667098807541455954301,0.060362760398649830011026800063
0.568326419374239904430576626108,0.060396432200274897593431471665
0.511552388308924653113442868640,0.060426904200600444699927317025
-0.341448880367976505501637089784,0.060476855330024617105824807766
-0.398249035479158814129354056936,0.060593389330330107147317480018
-0.455139376321904749040630358516,0.060706560982249842012846175546
-0.511911568609275927105588576317,0.061164507304363662674050339645
-0.568685495128272316713767585253,0.061277642461514503240827465952
-0.625459413542165276731291142088,0.061394774356448947039518105493
-0.682233299923333847966850410145,0.061526520803637799164594575115
-0.739065404942935934112159553007,0.061741077728769669743344971577
-0.795838858130681661894588373624,0.061999041073122139423912440080
-0.852612342568998005763394283987,0.062250032468267445636487088305
-0.968169436635873221065738030327,0.081729588303852363049076875884
-0.888288917091469803238809453289,0.106414198511460215138585378155
0.941541983733113406598614906822,0.106603475728340245497926521570
0.482203581380034644983501365445,0.109026688807107940000075059220
0.425429546887628646598318233831,0.109049913864245002121847698223
0.368655481301318221021117352348,0.109073121063137085265671295103
0.823829017999783402328193737900,0.109089434575162121322195875901
0.311881420162574581708204648754,0.109096397346380093163621095901
0.255107389035637254954900487929,0.109126754318175483114989217635
0.084658569274051322025861527387,0.109221402851629246020584319638
0.198333442569398660841456971593,0.109229392502392189272505265774
0.027884298072304069279076493103,0.109244564764781117169221648964
-0.028895338163491599294088210570,0.109270912812596494842451007468
0.141559418899360002260056203828,0.109271443210771183098187358072
-0.085679428528364312482702765722,0.109300513074368648925915466689
0.767055513207318488797953851844,0.109335778903589926159360822350
-0.142491003706578974877319157085,0.109343010053954087810760383715
0.710281491960541855951827928535,0.109380983093003282343769021743
-0.199335431768622657055028802770,0.109404986609273679818961615372
-0.256186174998913964894250701006,0.109474641988559095936418085987
0.653507553861017470174596779911,0.109488149410278932897041459235
0.596733551201815104386203799392,0.109552600950739565914121612454
0.539959520122681670969160390285,0.109583047194777876109514639473
-0.312960104547196592932477607205,0.109586246624778912303347632986
-0.369748098189029892866003556323,0.109695203561804596468839782683
-0.426596463873852062257401903904,0.109783986352077302322290544614
-0.483368156407042002748550733208,0.110300182889387083292656819621
-0.540142064304249593058969047923,0.110422305891211725547438401632
-0.596915990824802409941565959561,0.110535440267307455041151465388
-0.653689909238695369959089516396,0.110652572162241898839842104928
-0.710463795619863941194648784453,0.110784318609430750964918574551
-0.767237075378301510199749560598,0.111077980691368574303486941368
-0.824010706473577172775934662660,0.111293257735508028878531650691
0.884867398005166416024543255531,0.111786089596405651355229396669
-0.961742935539523837954081961446,0.138138733090906219139701776909
0.510610713193791662839278325202,0.158182831801285371409698275607
0.453836677623316686673545591567,0.158206057481434023040646853801
0.397062643075439854376341431729,0.158229282506575233012348683513
0.852236072891062637388412094377,0.158245622022441162078618709467
0.340288608571916082703947408614,0.158252507634159769486243266104
0.283514577446164119893914414276,0.158282866822758362230172164371
0.113065828549530497625698906863,0.158377520644468613154852597862
0.226740630992687752358821968475,0.158385512066112545207785990598
0.056291658360898747744315672335,0.158400767398087656261740162677
-0.000482571536250217546311569985,0.158423953135921564005410038120
0.169966607315776430550213809603,0.158427553494462277319996222415
-0.057261754822245872222940810700,0.158450562444443239755012878475
-0.114053433371451613420665278709,0.158481551106576690385529133065
0.795462665433816468488389592508,0.158513460857732366880843308646
-0.170862649326202639222913801314,0.158523174093364823300828489912
0.738688634052973202100778900438,0.158543339197865001558436405964
-0.227700944430127257619033395270,0.158585595331109322402581147444
0.681914684566708170806137701758,0.158644293044803291374775109736
-0.284474861470899035602110136582,0.158703390898721056176769541953
0.625140681964316973954895729805,0.158708794609611116058796824431
0.568366650858369710973862458614,0.158739190811966897069070066168
-0.341259751035521230086957737206,0.158804348381998685061030079737
-0.398095527070454043475537314790,0.158885800303059778967695095913
-0.909043425979907899180672662099,0.159258705252917544420563862376
-0.454867085419164871056122685436,0.159416549403018490602707581002
-0.511641003827502397482854860002,0.159533683990644863474765723774
-0.568414911724709987793273171220,0.159655806992469505729548931396
-0.625188838245262804675870086097,0.159768941368565235223260369689
-0.681962756659155764693393642932,0.159886073263499679021951009230
-0.738736020877778140473165039191,0.160182724423411939962454840376
-0.795509663237778022607053860888,0.160395009908106641331989051214
-0.852283549607475748626741485519,0.160526761298368037944567516562
0.958201420207389612011682243380,0.160878283036222423227084358790
0.904713149666302767637939879899,0.179912369472710156775062241333
-0.951424469907225337350037561675,0.197036193888068700365163985862
0.539017843929479702914478953431,0.207338975418474392411826907924
0.482243809437073704529261719136,0.207362200475611454450234981880
0.425469773866573044970282722750,0.207385426155745291772582167711
0.368695739374167046585065488455,0.207408651212882353810990241667
0.311921708248784355371434652407,0.207439011092039543147589582338
0.141473059626043470127674405715,0.207533655681472585013636691666
0.255147761846323895053974875135,0.207541684548843169570057699487
0.084698948911918537204866760982,0.207556903230806772505350470816
0.027924870882155159023379033994,0.207580203141942841363721789840
0.198373738148003559574973020910,0.207583697055861760547097070752
-0.028849163560276888324923226903,0.207603550041622607886818042100
-0.085630767282615652889261145841,0.207628714748373724403463370680
-0.142424283436313723793793543824,0.207661394454437632004230958977
0.767101970740709032964407245814,0.207696410428417254730823466228
-0.199228824257578460479724857033,0.207704124684109605391868633119
0.710328020342785326075142456976,0.207796850272521149464547159611
-0.256005886494138715490274845051,0.207861238864594420412166754848
0.653554018373469209650535496192,0.207861906680927889267402887234
0.596779986973072995507208450128,0.207891747843937096593323392510
-0.312779896967917749267742827678,0.207918393666786564348839534543
-0.369607201898038523424801460439,0.207994932456040259837155726742
-0.426378670522191390152341779150,0.208535193693787018682019268126
-0.483152607834520976655964348604,0.208642776238167685647750719958
-0.539926494553182707673874388416,0.208774377168066206087009123412
-0.596700431734263688038495084528,0.208882028953261229600774035568
-0.653474358255602646550134706840,0.208995162934848884352712632962
-0.710247592893135613667260265527,0.209297422326451518189712330199
-0.767021255964915738820028596526,0.209504094434329611691195275928
-0.823795142334613464839716221156,0.209635845824591008303773741276
0.834682389805000000000000000000,0.212575216746000000000000000000
-0.894297721074000000000000000000,0.216151912600000000000000000000
0.946849582235498826899237418417,0.217962501959861612619533019210
0.886941166646000000000000000000,0.234799275403000000000000000000
-0.938291747438932605304649091169,0.252270450762937437048011549082
0.797609654631446192419173751525,0.255577228670914337846258863866
0.567431180044225186020912937973,0.256491532450470075130795198381
0.510650940172761744532310297106,0.256518344092800475410745953769
0.453876905680330062825998850319,0.256541569149922723182170295790
0.397102870109855086588114066425,0.256564794830071374771501213556
0.340328838984494510968058694714,0.256595154750585465969005582383
0.169880214872644984262949605222,0.256689813409171397701680263878
0.283554892632081696010101209105,0.256697855877826962474395878684
0.113106161698912993197099373980,0.256713027718333178722335443447
0.056332088380111099334541826830,0.256736296837450302302725130678
0.226780868913248896057760507796,0.256739840655969742921364540751
-0.000441946062410562633455985122,0.256759643519207889865326607480
-0.057218176018788194418424060696,0.256781702346815245058417577301
-0.113997682251134182966284834106,0.256808076955800678670348872018
-0.170790420125545819462691619009,0.256842238868836937890478357692
0.738735151001718994401467469493,0.256952993934066202171708314959
-0.227573973523839645437364427387,0.257003052595851069688045025152
0.681961149173839287734752249058,0.257018173655581231492443858579
0.625187117708738820696327747252,0.257047891461138955402313126381
-0.284347983964806798465468224174,0.257060239982027959101035981463
-0.341127347830435042605586550912,0.257108977740828139124965181549
-0.397898471341215399926392462428,0.257684362196567783458566140102
-0.454672464550712190365705292144,0.257756660164709210335042319104
-0.511446226996704762153212506714,0.257933944326970261560225338528
-0.568220232460623281497069927940,0.257995875992014579968437158441
-0.624994158985805415217415045843,0.258109008044968559258901109191
-0.681767168339000855543225989860,0.258450974315480873109028823879
-0.738540962230634037282557248693,0.258617884766141913211725887491
-0.795314848600331763302244873324,0.258749636156403309824304352839
-0.852088785570964621440979655104,0.258857398871627887629906672637
0.932502409805577574531161727070,0.272893824310723443636596887304
0.878742226240379533938811971587,0.291145788451176808665266035642
-0.897994541064379996700664750346,0.292263283750297830553503605665
0.595838310780038378070507123089,0.305647676067760926958391680012
0.539064276287464039474400131085,0.305670901124771246982328559163
0.482284036416018102829047428288,0.305697712767111744142681267679
0.425510001923612104443830193994,0.305720937824248806181089341635
0.368735970798473704841289301276,0.305751298160236377247892098003
0.198287345659432102521722758261,0.305845957021778867017664134371
0.311962024452642476907880007814,0.305854002925763646249841527217
0.141513311161725292517704649144,0.305869182109914148005128580854
0.823915893347392674887658808139,0.305889083654609867549000483902
0.084739276669330583476058603972,0.305892407194648179847674545483
0.255188000730810413309588186605,0.305895983647948569858401692369
0.027965242226808921508060792020,0.305915753876405767410276022284
-0.028810958518710646210490962881,0.305937795824906359946668771113
-0.085585001630512906450954119716,0.305961116095478251741770650297
-0.142364355535767389333154468175,0.305987578566848566450014739922
0.767142280568800395834040366302,0.306109138226588115560301000823
-0.199143788050997442792180261601,0.306145865762457407477000666490
0.710368280541962103359993505722,0.306175868285411826701736735017
0.653594248286230858717909063162,0.306204035169748786922247248098
-0.255919861716271032709229066984,0.306204299861055452259386900558
-0.312695463058751104757061459470,0.306250807786908759665022993895
-0.369466586569531462077867370987,0.306826192242648403998623952448
-0.426240579777703825977945850126,0.306898491250825179589728771757
-0.483014342226940578473912207274,0.307075774374161590213426626194
-0.539788347689918596081488027465,0.307137706901376803050176065291
-0.596562274216817855327381540676,0.307250838092609217496781765453
-0.653335281693831587233708041235,0.307593115703807995355781740593
-0.710109076501558013840399731143,0.307759714258306205338556780263
-0.766882962871255739860087355773,0.307891465648567601951135245611
-0.824814650278000000000000000000,0.308659633448000000000000000000
0.910968810533530396494026939747,0.337886977960480347259126256160
-0.907033473736971352545057801239,0.348313165356671858108650385432
0.856142477640543537442873776299,0.352630273163913406142860704420
0.624245441515608901798866773304,0.354803819871832394308426987970
0.567471407023126408285355245881,0.354827044741975103217868805849
0.510697372530720397771137262268,0.354850269799082515714263873074
0.453923341422719113642455698623,0.354880662164695158062580672597
0.397149306930313115257238464328,0.354903887221832220100988746553
0.226694477477063413372120587463,0.355002100013798191262796444530
0.340375361995676689717573370548,0.355007369138397430029711170787
0.169920441926906473508932449436,0.355025325710059205570909606888
0.283601337680924095553081631143,0.355048540196997873243338164777
0.113146407429129662048671799050,0.355048550798154109371286549224
0.056372372986607897062448719759,0.355071897479661179093209699851
-0.000403770229491162068974185739,0.355093906182104237491618185917
-0.057177804684922102278679930059,0.355117221450180647412847031359
-0.113951839110449061986321808933,0.355140609422831407947680157476
0.795549411299804767683030709693,0.355265281846483808846379727034
-0.170725666640586048822166028000,0.355295656275249042109444561976
0.738775411281028001825619792733,0.355332018763709888316150758968
-0.227499677027457853936310571826,0.355352897340555658353021814285
0.682001379021893227402123951403,0.355360178786952643231030144030
-0.284273697962507242194762546539,0.355398491361642158816873708464
-0.341044821473287599515568458056,0.355973875817381803150474667018
-0.397818814681459963415646937195,0.356046174825558578741579486327
-0.454592577130696715911613294343,0.356223457948894989365277340763
-0.511366582593674733519189114534,0.356285390476110202202026779860
-0.568140509120573992765082627745,0.356398521667342616648632480022
-0.624913516597587724671409128304,0.356740799278541394507632455162
-0.681687311405314151278100818212,0.356907397833039604490407494832
-0.795177388417290101323587535099,0.357112568998331137871091009226
-0.738429074985891073198897438189,0.358821502771150234736392525466
-0.851789070379368474746162582389,0.361403139749720185705858943174
0.884681142619718530063340467232,0.401710168570837368622260850131
0.827907474853946841819021838697,0.401915547172356152182051736135
0.652652572251271270483081661545,0.403959963489036250617209883901
0.595878537758878659898961311273,0.403983188578899989763389640041
0.539104503266382766582092377064,0.404006413416286371949804119760
0.482330472158490361960614088627,0.404036805985289165758673381513
0.425556437666001155260287042298,0.404060030839021241061499718442
0.255107814427177095615614032001,0.404154656562847494647732916938
0.368782492771413507850443233408,0.404163534725471248092325400323
0.198327573744467782902292649404,0.404181468702038152628495802219
0.312008468440723071643894210703,0.404204683800253284616274269100
0.141553538194310843039899599341,0.404204694398299166937067575258
0.084712557269328361402590886205,0.404266668408791736542385119968
0.027844079277163482317120437198,0.404341754157397290029355192475
-0.028977637930920702055610762320,0.404392465638873790675041139335
-0.085874722976206874591597903047,0.404486024703233509962421971058
-0.142665734230597800950725808855,0.404650817005021657150476823056
-0.199463005712393174817077709159,0.404721273792685562752270498373
-0.256286479103453772265969174686,0.404794919496514692730073850414
-0.313057602614234129586775086203,0.405370303952254337063674808967
-0.369838957396023793935995988143,0.405446774889537823448133534028
-0.426616420239690188739143341015,0.405626151980273207861264535049
-0.483460178231190554192335746614,0.405727519551481835264486855892
-0.540242633549543744396007709377,0.405845463641255409307454870473
0.713247057586947399220967790453,0.406046208516483603655700521661
-0.597015612964042321678186763969,0.406192364706554770360605004906
0.770386159988000000000000000000,0.406211042210000000000000000000
-0.653789421174293694856930665300,0.406354331535809470331039097407
-0.767303586337999412682665449903,0.407837130712227787406680896425
-0.710531184754870616777727285277,0.408268436473920100577024128042
-0.880764449516525573608572706380,0.410226483918326520404223332273
-0.823994501923493595841011622024,0.410908225309689377625064444204
0.859707801855352078509431310210,0.452696674462249636565925793994
0.802934134089580390265112681675,0.452902053063768420125716679998
0.681298071316240335854693445542,0.452977581905958970915451607354
0.624285668410457631779657914076,0.453139332563243154307025609515
0.567511633811806082800238955383,0.453162557143428584130793837007
0.510737602703946924936562173045,0.453192949774537037152898892967
0.453963568211432310527458106261,0.453216174566158923088736393838
0.283514945186976071706575924032,0.453310800166102906020755658908
0.397189623690403990178798362264,0.453319883154922898005163031299
0.226740910694581465145786093942,0.453334025251087456013432274627
0.340415599211623043646897212630,0.453360827397093476661409064019
0.169960670011872152433259799310,0.453360837390278113994653770589
0.113186634462248369243227048284,0.453384063086846655715684230842
0.056343200342466005345661856692,0.453444622000868663340538611041
-0.000523189962127008697420077986,0.453521252292316715531378493105
-0.057345308899225703351478236546,0.453571433761027285744835480470
-0.114127571954441935952336070773,0.453731004717050421854624712361
-0.171009392082756138015749531382,0.453850525805753281579696048974
-0.227811043852684753767309767839,0.453911526863345783897646100814
-0.284596325959674953046963115001,0.454495117062746980019807437225
-0.341382065687545725238879917698,0.454574128230015439645343089115
-0.398155833513435080108738395629,0.454751364805720555421543370503
-0.454950953634496601029965574672,0.454824521953292941701430334348
-0.511782598067517444860825407907,0.454970995824733982863821114134
0.741733253253000000000000000000,0.455247697244000000000000000000
-0.568555577103464069213178029551,0.455317958837388286213504941633
-0.625379889160648259124759122795,0.455509087386223783666012366014
-0.682121700807978085778133417029,0.457423220889666124924148274508
-0.740266529513000000000000000000,0.457809247650000000000000000000
-0.855143420514051981721386884080,0.460890617235719724496124617252
-0.798238591105506856819366333603,0.461503922655255222870011905424
0.774340001653436768685890962768,0.501949653638847159521600353704
0.709466832520538733374285593981,0.502270709461059373004098490639
0.652692798679941962792598955303,0.502295476676440971989747532915
0.595918764187223121871803550249,0.502318700968816714786884805342
0.539144733079631194847080680369,0.502349094099113517612277565524
0.482370698586912362671425770031,0.502372318391510638753255388791
0.311922075957876043709806553282,0.502466943762943098066022533187
0.425596754681408325304863972489,0.502476363395552270357542962879
0.255148041454380441236598228821,0.502490168854342867386368635929
0.198374006961985834676753243848,0.502513393939327417379590242997
0.368822729960853928712074727711,0.502516971006456143843409493701
0.141593766279809678636587248252,0.502540206078825602773270426173
0.084817277535386013186298018771,0.502562016678923582513837721915
0.027958989739745594224587091388,0.502633965770054059515923153673
-0.028908138363812872404625375341,0.502710226859864897344463635173
-0.085691224958228064604073203840,0.502870252792892032017249970778
-0.142465235612879430547061152600,0.502927227644521753901120517714
-0.199372471373184218610648763514,0.503049487009004861046888065682
0.831112338476000000000000000000,0.503222308422000000000000000000
-0.256143594795910517474312908323,0.503624880152657490581184936954
-0.312931370665273661468250772738,0.503705070462969293949943531042
-0.369711516073843835012154815423,0.503885999609939365300134681480
-0.426490087562885253140745297254,0.503949572939546249535008083321
-0.483264015168829284769327259883,0.504062562935581404566492949933
-0.540036321816071527179855002053,0.504506105379637604307200464565
-0.596810323968132132353377473324,0.504571002113013198063305993591
-0.653552099206192452583884724643,0.506485115871997606583059205303
-0.710325754620052878209297031968,0.506696165063717400126237549291
-0.767055143100333969457594760752,0.508947406163823254513328322445
-0.826565774128562587259116882757,0.510706181756521907523039864430
0.742134013955913080043878868137,0.548705037161765008289268247152
0.624325894260764852847999679108,0.551474844968657324951226210940
0.567551863153251417483363185656,0.551505238245575326679851919849
0.510777828660472603463908407141,0.551528462391340552172162690882
0.340329206707106928774984068363,0.551623087372305765248022962869
0.454003885506292733671922975988,0.551632916563769173260224440750
0.283555172214712322215139831422,0.551646312457290315243073145204
0.226781137722317967439925677764,0.551669537542890356164985291513
0.397229860494366953582201367275,0.551673114740481263742723668851
0.170007103229923360880080692790,0.551692762627874906158206898581
0.113224409352947322579658218739,0.551718159670902529571423917246
0.056450364874900938196142263288,0.551741380217511560209651812738
-0.000426429323416876891698905427,0.551823248653569277699703367801
-0.057201521856962356047957832221,0.551978585580209462170370227225
-0.114039283224211772081134586031,0.552072489499001525229475647350
-0.170813304660163415338061401851,0.552117455467114776746054981355
-0.227699658064451799740208336336,0.552759735348994017565855730937
-0.284497943948465118082240357558,0.552846008356827843987838650707
-0.341271746724295820024108869666,0.553023267048134321635178390938
-0.398045753271031319847096999441,0.553084197987891204313436475917
0.684142703043000000000000000000,0.553100285823000000000000000000
-0.454819680080027353091941540068,0.553197187522568290957602825239
0.798741459245317153011230681180,0.553212314507552055551434192212
-0.568374102302592549274202760369,0.553710322716135930596418167913
-0.511600068282117793436349334544,0.553734674105420362261847521639
-0.681734358234225544149841052262,0.555770546772450707538317879209
-0.624998071361383476122001839480,0.557840648507562008451844147489
-0.738464718717230649368888559383,0.557997169066377074877441099776
-0.795243049999935080786580250953,0.558229588621084863616701688714
0.652889288050382530395480792800,0.600540352885802290953407825961
0.539184958607075888541476422220,0.600684606464538359215900035055
0.368736337240619953645110707927,0.600779231106330885147337138019
0.482411016405701192446423772164,0.600789577237377170041111266873
0.311962302748225347085266470986,0.600802456191315435142387320355
0.255188268255830992310052317328,0.600825681276915476064299466663
0.425636991030114977545574713588,0.600829258473214786983622032637
0.198414233763436385750207332354,0.600848906361900026057521073731
0.141637746303061004823151663278,0.600870716219951832956360389654
0.084857497379111138927765688222,0.600897523605553152517862360544
0.596100201458000000000000000000,0.600897767777000000000000000000
0.028082941251179822258650206090,0.600920449026310026537519034436
-0.028692374207242344769412062029,0.601075632662846204058168174531
-0.085539201096408449973009925369,0.601174799532814096502880313704
0.763051206844255867556916331190,0.601485360897225810831213826339
-0.142842722425078884013830281534,0.601523305944346303446090651763
-0.199652994691709211775120650867,0.602122435899148730619395615669
-0.256471114712658343151655511460,0.602219972902275393847848780935
-0.313274144361757286862171926469,0.602413810615677307290447245854
-0.370123767048666702502026329811,0.602517529024209862820776625198
-0.427022142687990639073293446742,0.602700606059943119110524131343
-0.483793684471625030356420090173,0.603233124094604377272817390127
-0.540906982563601368924102595697,0.603397834881589597261961067862
-0.697469808283510315085365113819,0.610320485664307179345757923362
-0.608905776360687102765316839284,0.612286305575493033280193563064
-0.754200190334232547301353929156,0.612547023151031196330371594431
0.707852270191152667183156415699,0.614765757138109781771950637571
-0.653722818519086146562981778775,0.647139200205931805892442786825
0.567429925745322146475235879232,0.649934107612342628574175907759
0.397143467776367977608484054240,0.649935374839064408388235501805
0.340369433283973371048639817299,0.649958599924048958383285684141
0.283595398791579016273425663641,0.649981825009648999305197830449
0.454041620354080649872934606172,0.649986847560926304685161626991
0.226821364299184409713580678668,0.650005050094633549298419437518
0.170044876836574029693278302841,0.650026859953976952855674564804
0.113270834329224821171259132760,0.650050080154602455902798832952
0.056490074297416860875422437730,0.650076592727003019174626770220
-0.000283755203666974786395828466,0.650230916186165255332614401156
-0.057057765821327998457880122753,0.650287927885827692491177334163
-0.113892877897794854358496922161,0.650361795210439168207448463462
-0.170729476530583486652618227548,0.650976520980451966533580829817
-0.227989069821674014955649894313,0.651332747724882786193457192480
-0.284764795020705028187736016961,0.651510740581796657252577758241
-0.341710633517421449947250696662,0.651670203161878219545617041497
-0.398484564387556879670163438120,0.651781133325802817438239691113
-0.512208821464827623696789954812,0.652384640059076058392075960148
-0.455338191565122082336838618486,0.652428159585160412130148955841
-0.569041386681660081352004067651,0.652710580058368652889375806351
0.510737173373998615136947015631,0.652971106214906542296940876701
0.645535942573628766360716925235,0.656836177262461791197631800767
-0.707179949115793303956788330108,0.666260570360169870532771283299
0.702434351552830356023701334550,0.671280690470607881465684217163
-0.612988871356000000000000000000,0.688860556020000000000000000000
0.602868286119706671440986598199,0.694289650061099105956820223647
0.425548097100333649935843946824,0.699092963926775926089775096159
0.368774062607939043375999709883,0.699116189011760476084825278495
0.312000028115544688600785556225,0.699139414097360517006737424803
0.255225993623150082040940571252,0.699162639182345066999959031872
0.198451958042849277185013071907,0.699183032193974125772016568687
0.141677923546563523936081734738,0.699206247765049308740829680304
0.084903411247530543118915882268,0.699229149276052322559563242628
0.028129581746446707457097616072,0.699383472735214558717550873564
-0.028644428871214316214386678214,0.699440484434876995876113806571
-0.085418455056675322818466188259,0.699478989509516506242647719645
-0.142189565197275089898704322127,0.700055691644136575922064786077
-0.199054272737402373382815117204,0.700180153486501389881968944900
-0.256236330158135682422261596670,0.700596565669425888730911824395
-0.313100444892216942232642364668,0.700708439659313602456465484188
-0.370346676155132305732134390081,0.701091890547404756012737437461
-0.427117547890437597346697874020,0.701691602446319391608555567302
-0.484607072967020998834588266938,0.701997491335857307082452421910
-0.544308247409352537531208975674,0.703814037413862941522807317649
0.542883935154215433446815754432,0.704061494352893779177776377470
0.486109932194942864021980222154,0.704125681023586222575386091699
-0.667015262801000000000000000000,0.706458322055000000000000000000
0.662027113047101259970934089238,0.711162348012506875351996920074
-0.624246567706954093226379523225,0.744539586766249055061423770119
0.619359456593179165051203762202,0.748615820811144190111185342954
-0.170514361404093976628901211783,0.749259324150185999270452901160
0.451857323942392161478266160855,0.749403162842316828278715618705
0.395083289449997554918421923914,0.749426387927301378273765801040
-0.227288125662171014536124142469,0.749436027054744175623360189826
0.338309254957603200143207770256,0.749449613012901419195677947349
0.281535220465208593583363065208,0.749472838097885969189583834904
0.224761184884907788727435320065,0.749493231109515027960957073385
0.110758519025271200466688663897,0.749774227510729134835971171015
0.167532558257416282291234145578,0.749775329797505927209630762163
-0.284657116935706424228528111062,0.749843647267571168976558454091
0.053984689524187364804870397701,0.749928550969891370993958801952
-0.341431055343203370577751170561,0.749950650304575498991686504602
-0.053404342944400922548625005140,0.750530974616872714203131403948
-0.398203784331848389490784702978,0.750561865363985666163925326993
-0.110178369129861929152704515185,0.750569479691512224569665317021
-0.455601812985873478588715492648,0.750803089635378512767408435925
-0.512989167349177693080959046869,0.751168094854937022226128135761
-0.569263235029186836829400458169,0.758686129085634256573168605820
0.507344112802967905099742669615,0.761424302301206431452250792294
0.564117404162173897418444769899,0.761715712992313088993681584587
0.000393625170861360682780419284,0.768671265645888973826668407268
-0.141390385209382467099050764766,0.797994173514455735891215258580
0.423490420209796531010817277412,0.798582531530556789645787226893
0.366716385717402176234944690664,0.798605756616156830568079878943
0.309942351225007569674767664410,0.798628981701141380562177813540
-0.255624513429845993413088119933,0.798632984889839476136098654936
0.253162618140465423963221808929,0.798652666836324279810331258025
0.196388581337561464871139315400,0.798669311676120738799582995765
-0.198156611164131198438023930812,0.798936045481655384349883099652
-0.313168805173225033704131604552,0.799190235470148782068630346021
0.138360146601012557823119383605,0.799387146061427795891480871748
0.081486445288928672994435509729,0.799596900668715704624516842172
-0.426696928424043087993430436955,0.799668201734047069891158085254
-0.483983907368030172835086272578,0.799973693154458227911084149776
-0.082732612695008982022113768075,0.800268795437978121922072717136
-0.369928500223569580179915388511,0.800466381911619290664090280596
-0.540248414360267198407225268419,0.807562947720533601596386574486
0.535478389421138155837608940884,0.810737120220287711326923205617
0.478713597245586890385434894091,0.811761767093439082552730250329
-0.028878574293126982795826007775,0.818241944292778272753277952475
0.027895380935602668872345531312,0.818339615344713307457226447489
-0.227148781799984865669913906705,0.847749420429201568284414114121
0.395123516477734057214144726354,0.847761900219104278424403882477
0.281572993866504600402627020288,0.847806935044217162535091413114
0.167977979891548518178441980719,0.847823449420811084582485104036
-0.283922728535343837985523883785,0.847851909642328316583408525303
-0.167278001316094298367716985481,0.848522609708936356469124668367
0.110104522570551836330805833619,0.848630533867278802988918844108
0.224741491931198485238234761524,0.848916716484569198052941310524
-0.341287082065000000000000000000,0.849527623875000000000000000000
-0.110517867928950937208219762140,0.849779108742711775523010756410
0.338357751195000000000000000000,0.850113926942000000000000000000
-0.407823494672052291049377999729,0.853213369866731083712320891359
-0.464597403106538537436504891430,0.853335242836484439760112593095
0.450346693513524416588762343033,0.860941135781986571331346905913
0.056513458217225832208715855202,0.867373248543276405821628449424
-0.056730122104781925264480780085,0.867949687464997262173409933939
-0.000087232908370890373939618878,0.871806452356883610562095178419
-0.197836314369651139327770152419,0.896371131475747529597629215890
-0.372261969598611225499231215120,0.897470227712710247486443271484
0.369703500484672684494501090182,0.898527186772621230708025030284
0.193315945827695769275239965816,0.898629738541025587883597801095
0.136542428733864798745780546451,0.898873231343111482707599154922
-0.141119122459281570949825738249,0.898911145993519788548328238472
0.262517084912920003099905385007,0.901287434910064334965758135122
-0.264840735336504571882302615899,0.901323108128126603795543656897
-0.086976687017424362914064957079,0.915995882350060662151468301354
0.082951364380538794623690568034,0.917615946019109085540308760239
-0.319207160142925285436533675861,0.917681084339014903325404323827
0.316591324151059209769516840309,0.918586804342638206684321045842
-0.030410753319826924765845511602,0.920852494015326443862638436525
0.026350673254942072041035093953,0.922049149832716290280775489233
-0.227965187770941123531342103414,0.944491215843059542333079914979
0.226189833511468940315318982658,0.944917955621648294302169740339
-0.172407997109976409326979887122,0.956183475070213594746744852126
0.170613078898062408627143288850,0.956516053680786303115932315131
-0.116266017902422704099703950149,0.964631534173155079669684561736
0.114453784901997375272895486448,0.964848234056397416107449705566
-0.059158304575525320982167664598,0.969810331270960792537888178176
0.057061324504000000000000000000,0.969909488627000000000000000000
-0.001340659684188270195793811783,0.971612055437638404978336735913
