0.009307017877853059357119463322,-0.971708327096546240500775133654
-0.048395408079296077026283381352,-0.970547679682975684842359407439
0.066566038814783120591847037038,-0.969469594266221501268366795980
-0.105802512480813038491432340348,-0.965951701558487700710073556452
0.122791169894282646455712279836,-0.963963993733407444740817597034
-0.161758122004726607616741872884,-0.958195780478552691392817928057
0.180305057727212489114363234082,-0.954879023245401262474179103857
-0.217154643339034120021343874980,-0.947177944061218579014588354873
0.270950467622265170201453929741,-0.933215941549500708096196268852
-0.271819594550879245782965034561,-0.932968425974101293533751631383
-0.016446159190161258492947626034,-0.921431741701472393234710926890
-0.072900092823982277239282951934,-0.919657611653933034268674627483
0.040013628434422009528343942718,-0.919608294418683819575900977260
0.324717466229408972421189254856,-0.915897356501272511764539462861
0.096229627664957267702521811396,-0.914090052803376184561784048422
0.218203204262394273798009542450,-0.912991825859679524669650937239
-0.128892217164471089671131066660,-0.912231852114349869395726816857
0.152199309165375139851979404121,-0.905880190507962309038338200787
-0.361940062510015992208560107525,-0.901839989685887805503302414727
-0.184288548986006896212975250793,-0.901211843907649229537096410897
-0.306990617198807482481516991701,-0.888773783072948214876775022749
-0.238960489897385132117671663371,-0.887028829364724730052001304643
0.406484329165861501244289352935,-0.882654367499448537183662296437
-0.413724204877921613647633135165,-0.879288495400985016789101876515
-0.043858725050024371946775482896,-0.871210889933248532442809357567
0.012620841158202369548740080455,-0.870190040731191775903105201184
0.295836961781067985087025352396,-0.867337073810041259161200839313
0.352320138008480266040825714956,-0.866611659642813655962533901492
-0.099849906572108714849207522299,-0.863784256306730929045884543543
0.239731625476430706048269259375,-0.860766040320763221857704814123
0.183136163979652285409534501394,-0.858613069652334706851992315456
0.123379989604085320614188646304,-0.857295518058250573727811723916
0.066942408521629937300597975446,-0.854685599038181008866694644301
-0.152062488107927982185211948149,-0.842243280826800915391744102479
-0.208476420017737831396535586474,-0.839480025185920176566055519705
-0.264920959900530417761166454171,-0.836860278730236024303823996419
0.437845569564897630180209724964,-0.835670745046810237218450482669
-0.378247413949097881500331765301,-0.835338926567445235224565687558
-0.321337204265938357039699240490,-0.834144644925007840340729199488
-0.447165315052230715264195005090,-0.833770812621967789550982394030
-0.503583483602680795483329821775,-0.831095452333235324710606750987
0.507226790045130244642605008514,-0.828870879192069881672511087089
-0.012962602551234660078992065263,-0.819823258984962735226181994436
0.383604220047921720804565861291,-0.819549867519926132427589813753
-0.069330810003061875515000684323,-0.816246600778019843198006491494
0.327038676853130673658095079091,-0.816095661710530236283654377934
0.270611335297629752481656910461,-0.813439867920046537781287097396
0.213497963131648888808505535213,-0.810737226014460767703890329463
0.154436771918974503908108646347,-0.809945231153356250113215208558
0.097792269933239146360370885302,-0.806935414297707441752759329556
0.041351630092061157063267036918,-0.804325235867042381607903854453
0.554524311706071752368979327871,-0.797976741258095769995704077824
-0.121537682782175647190002383696,-0.794691793196253991259554495650
-0.177952976753269221896671020651,-0.791956486738722381245982665318
-0.234372334830050760450085965417,-0.789284717723021286579982612947
0.468198947050751647992137753630,-0.788031637917189959119422182447
-0.290790743452633875150394519332,-0.786614424900733734965120279616
-0.571902539783226823744563035016,-0.785648433356734421430197657924
-0.403682014993037159247613974577,-0.784908297332850470294708238075
-0.347208804617165275436608106771,-0.783936801010656007699052930702
-0.459824226002731564324761103255,-0.778726110162886308440453176371
-0.516242394553181644543895919941,-0.776050749874153843600077533329
0.414063769493046787446909330605,-0.771894962025583896679319135153
-0.038809497849392082081797079393,-0.768721693627350209100151120548
0.357667654879781726480412778694,-0.768629645477821324910994925189
0.301132279159893484316583778820,-0.765897413947585365741084938226
0.600011346110895937376875154116,-0.764393494937560779247641934385
0.244352999852744338486996559194,-0.763416473190172325502463743540
0.184968223527834752954037928406,-0.761982286359915151029598225496
0.128529780395894962002694699326,-0.759528610394658417888975646373
0.072123218935713991370952455616,-0.756618778870265988439538372533
0.015704960163889674779566852628,-0.753945321854155626604579901605
-0.091010213973192191305594930565,-0.747151980337091655841508488004
-0.147426252892166324026441680362,-0.744432081817970559338471438521
-0.203844525997763329065964154166,-0.741758927306201582728229510059
0.499825665514542809742576153282,-0.741232528813349524648324381473
-0.260262839208583379281116967831,-0.739086619369730009175274625425
-0.316681193592665321481046382380,-0.736415180833348710384974673579
-0.597973364361996680051392051773,-0.735543748934571550093573954848
-0.373099309124746775652667269391,-0.733738702723923838083068735950
-0.429517512017490763992278467836,-0.731064066745945707763798790397
0.555189708022846289512187685714,-0.730017985680618650378074315629
-0.485935680567940844211413284521,-0.728388706457213242923423147354
-0.542353849116899497225263684101,-0.725713346137029466158019301093
0.445992142235685856504529819134,-0.724134057841358224007677166145
0.389606190376827414012562173607,-0.720672338874756024028097310790
-0.652345252289409150032467514834,-0.720251100423917181988061944832
0.632003300171059672258941222080,-0.717843445608325762000629625946
0.333202283784175650224396192904,-0.717705778981896504889304547052
0.276781147103243760241032792426,-0.714929043060434996389605035351
0.220355880613372717631040243626,-0.712276514629476082051610748673
0.163933667213333832290904207957,-0.709558002990686182288927383291
0.107498063103500601572917105167,-0.707098757157444621679516408631
0.051083534243784750418944493954,-0.704191881522633016764962021564
-0.005339956777520752384052998249,-0.701524384084905239906458350179
-0.061757500273126068405154129932,-0.698835874984492250316289621611
-0.118186110831099961320765434534,-0.696108367272106238687395662872
-0.174604383936696966360287908338,-0.693435212760337262077153734410
0.682230728013926568402879000609,-0.692009154996616129708969358531
-0.231022697147517016575440722003,-0.690762904823865688524198849777
-0.287442805905057048240098684149,-0.688090404779127433778545693235
-0.343860921437138502411719571161,-0.685413926669702561476639755605
-0.400279124329882490751330769606,-0.682739290691724431157369810052
-0.693088825097527062801058286932,-0.681134242547918044119150004591
0.589384071066499675183491227335,-0.680776673864956103628341285602
-0.456697292880332570970465586291,-0.680063930402991966316994167010
0.532952604609341191973427050221,-0.678095087417300099220681092083
-0.513115461429291223984315985871,-0.677388570082808189551590320749
-0.575089269407696367192323482843,-0.677366895774881764099560905925
0.476488207093703968391659548689,-0.676586956369542188137387009064
0.420103430341743007255261590687,-0.673131980758899594264967645512
0.363700432931075433926158017731,-0.670153864180632688699874798312
-0.631990634749665504992276878309,-0.667564699521290690982282208714
0.307280535948562853048920774463,-0.667389431482226922124205632439
0.250858365204774376192265941635,-0.664734493466380011544076604017
0.194436701321373666839463472478,-0.662020127116124146314013152289
0.138014550043589594535625643862,-0.659353703153344141778355969294
0.081592811532443875016872531684,-0.656655033133136799299858618496
0.025171637663082254856125780889,-0.653988905032997062930229127089
-0.031246267728731012568477198135,-0.651304496045065622626201422940
-0.087662683093191478263282351596,-0.648584818852504823276242532252
-0.144080956198788483302804825401,-0.645911664340735846666000603790
-0.200499269409608533517957639065,-0.643239356404264273113045719156
-0.256917583487917411939195890424,-0.640567066782457652052331603064
-0.731790630428191814988152146054,-0.639373481670851040205796981830
0.732659767091127193709861797610,-0.638377350422437654738783055831
-0.313335742394169524726417315461,-0.637891503124009853496902558732
0.676234946041000048167755401939,-0.635846171897985115843084554997
-0.369753945286913513066028513906,-0.635216867146031723177632613179
0.619816225370078700076336270560,-0.633182480264542281802692565499
-0.426172113837363593285163330591,-0.632541506857299258337256970136
0.563397945357207753731638967719,-0.630509471538255019226859515616
-0.482590282386322246299013730172,-0.629866146537115481571853123875
-0.672734207557783417760867650408,-0.628447841645291553113370268473
0.506979974968252913816203010247,-0.627829935673121650131788720670
-0.539008497947780377101093762750,-0.627191777803682342204622881941
0.450544223430210536699854605164,-0.625555459118424145846389015175
-0.595426619402129373585493943907,-0.624515424534054687601014756959
0.394142211080395732467668509578,-0.622558744558633796222231197610
0.337727859287313493553782193435,-0.619804074518886759916843577702
0.281308423640516301620158184369,-0.617155569929796628067197039896
0.224892113857656754387388934405,-0.614441295487897410310686013206
0.168473338887832295086755719515,-0.611778754189470239435539556915
0.112056228431023050943797390293,-0.609081173242453782779843460756
0.055637523300971668002958841981,-0.606417152463661896443948425356
-0.000780740844247955749220219287,-0.603743808845316697499419095738
-0.057196800946300162209800576093,-0.601024349740429413590248489835
-0.113615074487905341025231456827,-0.598351204430848545166800503595
-0.170033387698725391240384270492,-0.595678896494376971613845618962
0.768510938871574552801166330365,-0.594732639663510908246066550862
-0.226451701777034269661622521850,-0.593006606872570350553131502869
-0.282869860683286382448843946887,-0.590331043214122551997702458537
0.707002772071448927857128737936,-0.588059501682435605383543154297
-0.339288063576030370788455145332,-0.587656407236144421678432512984
0.650414510129766725525733159110,-0.585601589705643259766089319147
-0.395706232126480451007589962017,-0.584981046947411956838056869942
0.593977424995605300849619319474,-0.582945688047224781114409226427
-0.733278435417159276817075869057,-0.582911514546278372743354152528
-0.452124400675439104021440361598,-0.582305686627228180072653023680
0.537549484100899811789169722820,-0.580278998292536964515366601604
-0.508542616236897234823520394176,-0.579631317893795040705422781746
0.481130174181215811902660013400,-0.577610864648937847634088115853
-0.564960737691246231307920575334,-0.576954964624167386101814656765
0.424706237370588941191202197584,-0.575060051043064751736783448000
-0.621382052688975653333971506336,-0.574346802591525596098832847285
0.368290310389957221086573990666,-0.572304540750180837559293599065
-0.677822651010689629457828757675,-0.572195952446011347309995426450
0.311863453355605732048113759243,-0.569584530134974482429484836496
-0.787949974211755667756751010988,-0.568727363493343869809848471538
0.255444189356431471919190833246,-0.566921066462169995607328853964
0.199020130447921639816251371480,-0.564225718353085020158420561350
0.142601022405395615997875957044,-0.561558953153326100283247073244
0.086177068634251815054460669410,-0.558869390033248239564631072369
0.029757950792824989222271711349,-0.556202832150871950372967202236
-0.026666055646868030254099090077,-0.553505502040566945252537562268
-0.083091391968433857451113600409,-0.550827819653330518002409463391
0.802379677213788088542009998607,-0.548171865795575704798359882515
-0.139510195565786336787479266203,-0.548155196751225570175271517593
-0.195929240191184370593951499430,-0.545482437926634658073913531052
0.742853943851896286948433270692,-0.544414790923508858890826649327
-0.252347499959509331985157976140,-0.542806809489535753020801102235
-0.308765702852253320324769174585,-0.540132173511557622701531156682
0.680872875140276595599018836557,-0.537985598482986175042153845720
-0.365183871402703400543903991270,-0.537456813222825157861155513639
0.624451626226641529709209657278,-0.535376007272249317006529504614
-0.421602039951662053557754390851,-0.534781452902641381095751667378
0.568032791947255573280573962742,-0.532714723030251613738217967437
-0.478020255513120184359834423429,-0.532107084169208241728521425444
0.511614229926772023271640484028,-0.530047673199001306797701505889
-0.534438376967469180844234604586,-0.529430730899580587124913300462
0.455195203391296084600898799178,-0.527390467890640083413245745884
-0.590905555652252139424276228201,-0.526784916625069494109194098009
0.398775620993648892432197560100,-0.524745091294270433423598153293
-0.647357086361859132562746380534,-0.524192391808882654611543520794
-0.703906985319541276889778144543,-0.522098299817114791275442817460
0.342359519499012164520569461824,-0.522026491027889088706225519328
-0.819661196324762360696296795932,-0.521988025806967990911525909561
0.285940630577030603841932215249,-0.519366365453667545790231827839
-0.760396456438213295723558735050,-0.519311207299063602529003720978
0.229523258890205382559469916374,-0.516674253418084136190061889741
0.173104605023631378901549502867,-0.514009147201582551778720138096
0.116686773643060405206497210289,-0.511326686097487608193363859905
0.060268280027472970094515761442,-0.508658189627667760930985856266
0.003850405868570589799606229308,-0.505976628393651987302165700691
-0.052567906759140963063980491206,-0.503304308146502649379232683060
-0.108986217605742416340859601120,-0.500631950296630373781735192917
0.833114207803213357918304457648,-0.500174747436361728333367640508
0.775636194307028628907565514623,-0.498419219219649606862625099919
-0.165404503238625977435136398259,-0.497959060192663224207442738349
-0.221822692986473310555934305333,-0.495284146953431858430664334706
0.716724046920723954690323369313,-0.494340887724059428549437340750
-0.278240895879217298895545503778,-0.492609510975453728111394389153
-0.334659064429667379114680320463,-0.489934150686721263271018746110
0.655628506975674039221027423122,-0.487457007301813991591429746328
-0.391077232978626032128530720044,-0.487258790366537486505614899849
0.598592737097039695753974266249,-0.485144399159058917255328505237
-0.447495448540084162930610752622,-0.484584421633104347138384657915
0.542167147882223799432328833457,-0.482490362177407417614989483393
-0.503913569994433159415010933780,-0.481908068363476692534776532933
0.485747955074782438597576198674,-0.479825390901459605160409700934
-0.560331806492692160582345906809,-0.479234141347263070963432613683
0.429328524167501897608351572593,-0.477165465142445431789912772855
-0.616750183625178138109228958643,-0.476563183279807782128398500088
0.372909386594575454513093519515,-0.474499324772534350232706688746
-0.673171503329012656431481390167,-0.473955123054426492138210755753
-0.848895537230571749362186859811,-0.472961248641382331502260864288
-0.792197599180419827724983403417,-0.472633004510702888077397174166
0.316482525608002190049050857284,-0.471813757748774269424687539485
-0.729612130567413450350136186244,-0.471805031847660710656097365131
0.260063505954333541848515655747,-0.469145123217066957778181683183
0.203638823495212565823787310430,-0.466469969156425493364791224721
0.147219516448770397058483996510,-0.463799069348332248928516560028
0.090798540025282106194843429461,-0.461126282212323148275668310178
0.034379322322859581386987893495,-0.458452236411481337682801105318
-0.022039518247883646936334157610,-0.455778230764785738074192970223
-0.078458139785487448136769607313,-0.453106069839735355755146529090
0.860831778375739620385479017286,-0.450870962898319736370631682109
-0.134877115802799253343828647443,-0.450434055063750736734122392425
0.804360622970668443614306923036,-0.449786572526810665644460278450
-0.191295796921394401278878324422,-0.447761368944019556417063090728
0.747935317109060239082653284276,-0.447266224597360456046852498352
-0.247714015011850510987264976901,-0.445086470323534547742428442017
0.691209509642103169857897441865,-0.443591310853467111008538055058
-0.304133049069362130431805947568,-0.442412263058465309117999410610
-0.360551217619812212676199894975,-0.439736902769732886986417598672
0.629094210017216498584541719474,-0.437596217294214712965820472264
-0.416969386168770865690050294555,-0.437061542449549110221013752411
0.572674390686245556633118409208,-0.434955898767574645698065821420
-0.473387554710302099339620509015,-0.434386181972735446213008576580
0.516255729548046788425120163071,-0.432290946491337557793559044458
-0.529806999519656139153122236003,-0.431711478811159176373295846154
0.459836712323340301451357179175,-0.429631073890372905827676079626
-0.586227877520075878915948337979,-0.429038914476511518055935033890
0.403417753250345855191747928172,-0.426961891688539232311568261632
-0.642702197067315431544066577093,-0.426396856988552944080865742300
-0.761526843348595092023110678934,-0.425204405206421192600348107672
0.346999137574493431485214327046,-0.424284866918400859810522179324
-0.820829382261581193869370547552,-0.423946370894741690569540873195
-0.699519442060074032304628639228,-0.423633795770336433415492230298
0.290580223870812457200485472717,-0.421615973653780059785602857104
0.234161339647167200406183029454,-0.418945025280097132026713919756
-0.877184748658745998383223771941,-0.418166106430075365264819529679
0.177742560227662655164044260031,-0.416274543728566282440807372799
0.121323679084979611649056905469,-0.413603041298433682734032830394
0.064905146664573102972305570770,-0.410929450577395656536898462176
0.008486492585017885188312153601,-0.408255119667493200241779382024
-0.047931735536372975517980541524,-0.405581015910302272572930237476
-0.104350282739103375870096220459,-0.402908816642662528019148973874
-0.160768966033895654601559875749,-0.400236650879151764622204335414
0.885572617940658468348596911518,-0.400096381138501494483351010856
0.829084932233011375008290650198,-0.399003118193164001295708252376
-0.217187592750290932280413602197,-0.397563936698771619207407927245
0.772404738335090106066341018243,-0.396360284667676020793950954570
-0.273605841325220234834764124138,-0.394889053802165479000081375235
0.716031949771770937629467228222,-0.392856571657620441358689514747
-0.330025203202926265527373187938,-0.392215015628100375444065496396
0.659618990124639284895354714661,-0.390073537501772375216805929573
-0.386443371753376347820508864805,-0.389539655339367954340352386745
0.603200931945177828981632219756,-0.387395850716425090755666192592
-0.442861540302335000834359264386,-0.386864295019184177574948540484
0.546781077639435512330111126082,-0.384756279656511882852462036899
-0.499280984235525079077731811238,-0.384189592420417930051527889801
0.490362399111016632514149357418,-0.382091695567306285024315536621
-0.555703070547039857486724667172,-0.381516251940407623465798266361
0.433943533682953194798759628632,-0.379431071754816181712753943301
-0.612179890962213172350785956428,-0.378872588185256680008402276101
0.377525186472679734757470513042,-0.376759481718423986254958315572
-0.731081462958270303728727110839,-0.376744323975505985356652823601
-0.668695682264080858340257217247,-0.376252006579093571710609356016
-0.787602112096740358586029499253,-0.375102033456437939470966690050
0.321106903310374807704985581967,-0.374086539466989899690270228405
-0.844021184953126253400260269095,-0.372445811837795867005265960792
0.264688453559226252875852383763,-0.371417115757900850796196334138
0.208270047982999791303884626131,-0.368746758572440435641079652687
-0.900148212441417410642051579888,-0.366127261324416236493816379124
0.151851656375421961137286017387,-0.366076106278428236123851732260
0.095433291820878913494924799718,-0.363404882541598648718066990462
0.039014776014224671877157513605,-0.360731283251794040301086500170
-0.017403754040997869555265438605,-0.358056888374890858282955829456
-0.073821982162388730261558133730,-0.355382784617699930614106684908
-0.130240447743672532911517412399,-0.352710543253055752580631975687
-0.186659361092951549723330026355,-0.350038496142672304500885201791
0.803007699443330335030273458946,-0.348887913053556538923344611004
-0.243077802708675439343386140053,-0.347365686494483732450532964025
0.867210005058705193411580009432,-0.346683070593197856601028202638
0.746615646923741591011817663213,-0.345371216363291581318198816718
-0.299496207781165450522797937390,-0.344690884313244989725740386827
0.690202449112660990308637750191,-0.342586068954803803104073375645
-0.355915556698367689681647348905,-0.342016839454631628268182027580
0.633740278433139387049495066242,-0.339869358627402288976120279643
-0.412334540771922928637873686913,-0.339341899790792131123186990947
0.577322220253677931135772571337,-0.337191671842055004514980542662
-0.468752936521838666267250390992,-0.336666656657741390821775679746
0.520902365947935614484251477663,-0.334552100782141796611776386969
-0.525171105066549212121330175488,-0.333991296247973078653206705826
0.464483687419516713360307786955,-0.331887516692936209767239881950
-0.581589273587333918137559731907,-0.331315935333655114912965685962
0.408064576152295242885490624210,-0.329225868930435856045439866120
-0.638007514808965029969990325136,-0.328642107979586577931935991367
0.351645492237163655267831966209,-0.326555809327475164656671408400
-0.694425911692955035519437780669,-0.325971567153815888508025105589
0.295226886561699796823275051233,-0.323883033330965673975724271733
-0.750861043306221500455187164639,-0.323681760381441150714663375300
-0.807322507145193587731933884064,-0.322174976912601473016131569715
0.238807102119262928186416266227,-0.321214297680599358506521484117
0.917333438242783821676545631897,-0.320648310346506001412387370509
-0.863772135311263886333182220044,-0.319530150118302043095754982080
0.182383927349841464733721742374,-0.318546399471861325128431745150
0.125964422258675075719138504354,-0.315876321368069733008562559406
-0.919899162799555043574973530837,-0.313211599604922412584305400412
0.069544599298147360032093366775,-0.313205849734930107112108275974
0.013123183399379195624480455182,-0.310533746189420149793468535396
-0.043296592377134626342620189544,-0.307859993867758169808112798140
-0.099715353719200953647526205368,-0.305186165162975801766740578265
-0.156133666346106041897864834012,-0.302513844898800296199161376935
0.833514281501280161974521353349,-0.301353549205882140231659320580
-0.212551977190378965389707739444,-0.299841486999768542943017473369
0.777141529694606611058716137651,-0.297849244851990334700657289308
-0.268970262823118427383074235843,-0.297168596892759807701623842627
0.720728663814396041086932247165,-0.295064310661942879034851225290
-0.325390152510599482316119214964,-0.294494560527428396426834955861
0.664311097423126488453144293047,-0.292376282063096990386556081141
-0.381808473645356688990651247315,-0.291819985497059231409311232202
0.607855686539102536905948014662,-0.289668211252659120120403435423
-0.438226921717455347830642190652,-0.289144769352559400713407794577
0.551433099703613267211118704077,-0.286992859780356366379104485184
-0.494645090266139709349828385197,-0.286469409026591347473543359769
0.495013491927522117734003115631,-0.284348024501259336904900331397
-0.551063258810850246308495403838,-0.283794048616823030716647220086
0.438594575139020817644041913288,-0.281685878128274756713217859542
-0.607481878485457003456893148505,-0.281118920413928926338472929297
0.382175149549618761084088631686,-0.279024351847501725937867397429
-0.663903357253144105260252698091,-0.278446763181809018893032802432
0.325754651759918951309211653576,-0.276357884324110848366587353326
-0.720361859281012483847594160689,-0.275796932945173587813475998381
0.269328116246632092975600411336,-0.273689199133637322524214766899
-0.776796990894278948783343544660,-0.273507126172798850020114268092
-0.833258454733251036060090264085,-0.272000342703959172321582462507
0.212905728881855745853376065418,-0.271021806611934036263255992480
0.156486471041627621859623118693,-0.268351887301448948466778422571
0.100067129463854145127251350100,-0.265681724834569863893134469807
0.920294928368113749388513610550,-0.264244437505192219047324131981
0.043647832132556017151310074898,-0.263010982012894308440622834476
-0.012771250646320930251678728721,-0.260337674822086955131084482434
-0.900543054972367355138744603641,-0.260150235270372884660426610616
-0.069190397867383697967655652255,-0.257663598255177895630181053128
-0.125609605695250878257770559082,-0.254989999872563862148138205722
0.864702240392004528952863798725,-0.254263438614676176529758645535
-0.182027918322155966810113158209,-0.252317679608388362956499287327
0.808001839484591357765446550780,-0.250450809314723667698074367164
-0.238446229166428890301956063640,-0.249645321709356609700355383760
0.751347085110441664238237888229,-0.247601718307333782749038632122
-0.294864514799168352295322560040,-0.246972431602347874458961753018
0.694852932531660904715433898392,-0.244858595590397454251902194432
-0.351282704545922927655719982123,-0.244297518340068503421937821800
0.638427132468376302227930075663,-0.242174811432419393140200142998
-0.407700907436547816365162307565,-0.241622882317390536239671487414
0.581961074114405328335197336626,-0.239472231905342485498895393255
-0.464119075985232177884348502111,-0.238947521991422482999807052606
0.525538709955239530653815841042,-0.236796432634367410505324107574
-0.520537244529942714843015520752,-0.236272161581654166242910912924
0.469118579076072134251544138353,-0.234152200136305117646067588816
-0.576955413078627076362201715297,-0.233596801255686113003046478116
0.412696157455724698854585334972,-0.231491682790310176149827110064
-0.633373581599661020306849978668,-0.230921440346624360705685646021
0.356274025363407640561502586327,-0.228831732259040411169300735036
-0.689791822837712395639740139672,-0.228247613339026378690659927651
0.299852094477044749078448458272,-0.226166004288900553514269101443
-0.945212926933119765858395619518,-0.225584792494798509836386895518
-0.746210222051881500400120169787,-0.225577121741555211602354661973
0.243426743009224910642560210527,-0.223496708064972000280949275262
-0.802628623191827659644202382572,-0.222906670829510003721789848767
-0.859098879865620887933002450484,-0.221776446755517362031521997544
0.187007694436912101959217888674,-0.220826923148735897986856046737
0.130584646516558274999387485569,-0.218154380618850911078655345519
0.074160733679164127452515129327,-0.215480674476875550277187910013
0.017737276724205403581011227400,-0.212804559492420557319740709737
-0.038684949586912014367754914776,-0.210128506791407802598696611086
-0.095107918096659847589625303914,-0.207452495216771512825417041001
0.894328209403570681944766620046,-0.206175298128822045476832512351
-0.151530178750799860979889446851,-0.204777641994822457683627184518
0.837977627545094885316922919889,-0.202330923085627170394990283073
-0.207952206579584596830347227076,-0.202102899792351253717482409381
0.950622279190328001467670307432,-0.201576928623745503509288797754
0.781549544318905944405142695023,-0.199873542634859432762100592195
-0.264372453842654407053256624066,-0.199428751539843678040800690057
0.725132309304439845592762619614,-0.197178567944065181389513947568
-0.320792255139631402578859614803,-0.196752804751027944880259123945
0.668714277274026942852616019084,-0.194500330262897783108714804137
-0.377212102667542645601483706390,-0.194077114061750700387778855083
0.612295959740139961046304368976,-0.191828113597464024725255357028
-0.433630881218597469869659801595,-0.191401362576247116329326445466
0.555877688462751965641422024255,-0.189154920500701672856197417252
-0.490049525455597451805996848086,-0.188725697139959606307423960214
0.499458038092208154515786771584,-0.186510994002646789445051490376
-0.546468450308036510238482538079,-0.186049851865781549371785357836
-0.902296657553402805118333822489,-0.185387996690991503965991656084
0.443039064141750628680233534051,-0.183852672419557887732704708859
-0.602887141032488371176017043684,-0.183374156125485389674847876654
0.386620072684835281510712389432,-0.181194722411368449408283183390
-0.659306367083366946460178307430,-0.180699697688481116291847716947
0.330201351610191887557006452795,-0.178531039329034794243468097000
-0.715725142386025256931238432148,-0.178028964963106697799475972041
0.273782694174126207118974496826,-0.175866008677542795905606849699
-0.772144038032304285185917242264,-0.175358197006333634587098758862
0.217364243484257415374979865036,-0.173196604808443026205347232033
-0.828970287174685918331941578377,-0.172938700411666186847532234013
0.160945802364762058658942546765,-0.170526998675029955873606587485
-0.956722456228804765946131164464,-0.170288336635012252561358554570
0.104527389335601893436242490965,-0.167856798957291285815401103125
0.048109100348898407898127497381,-0.165183979645341195445901521098
-0.008309155432951889736951666167,-0.162510459532225039259126681072
-0.064727434907409071594996195181,-0.159837439441847000384356750546
-0.121145746903800357588818986952,-0.157165105866229564691318520799
-0.177564057193260973872132691666,-0.154492736254131807890427900477
-0.233982342548320194326411327064,-0.151819840285967043258639692399
0.814763448782134346150120011712,-0.150840446299887139194062738030
0.755854766271942307597432334581,-0.149570358831077252906777552805
-0.290400532074633836677563158146,-0.149144922374240630752533241625
0.879295885822000000000000000000,-0.148762794471000000000000000000
0.936288860560201730328829087239,-0.146944333905618941766017913694
0.699419125954447155911081192463,-0.146889409099725978383097271240
-0.346818734747615485527905126979,-0.146470281760646442413126434551
0.642994060944570341683626523595,-0.144214768048406483205046856745
-0.403236903217429406963089446724,-0.143794919771454055348182282094
0.586575450710573995749176296305,-0.141542701095213068152615946069
-0.459655071701339443596956478287,-0.141119558079521272607004008979
0.530157179433185977864304946628,-0.138869507998450727781858038349
-0.516073240154627617159221902060,-0.138444195741833104227527512203
0.473737630637049325005334228373,-0.136223414859145852791791160175
-0.572491408610703990803407384806,-0.135768833462942632675778564722
0.417318554629932372959899464016,-0.133567260163974382411653459562
-0.628909649728344216078106135491,-0.133095003914648465899319585717
0.360899563173017025790378319396,-0.130909310155784944087231934093
-0.685328048897282236753306802160,-0.130424511361598594262554703041
-0.910574106943029047672973756618,-0.129516258514488552895376603162
0.304480222492947391424694403765,-0.128245944000542490284473812160
-0.741746449978342438412233586906,-0.127754059205474798019094337109
0.248060742895223084157327119350,-0.125581333898170351797444036978
-0.798169435927199855737954081636,-0.125182298742958972397992622543
0.191638828479755314038555695671,-0.122913701967540341175106293690
-0.854571111147286328338834603348,-0.122179245691578641560484590908
0.135218210132972848363679089664,-0.120245209792609507080933287351
0.078797078442875716025729722777,-0.117576401219950565901641024960
0.022378008434252064006401476466,-0.114903981593018811610887122286
-0.964999905618431008500771098593,-0.114416598458509301490743501648
-0.034040864412795426309625095876,-0.112230777271513002557593421156
-0.090459470942030573669978046140,-0.109557924559795267458728747339
-0.146878589511111901770982143277,-0.106886003779887044445510613446
-0.203298073478620099852503504682,-0.104214234873458254101764532003
0.845452736779867426413271691328,-0.103423836367778776067667757640
0.786347840115597117006717466680,-0.102027328397301409388664435588
-0.259716579318310709959279671419,-0.101541451756424956546854012170
0.729929413141739366868433503985,-0.099357423332134972864974895069
0.966669368120909575046980641089,-0.099329293680756224065059245239
-0.316134768844624352310431502502,-0.098866533844698544040747561396
0.910243279903606629251665344523,-0.096826522465749380489323236553
0.673511007959909350957486835562,-0.096687057814012561825244749776
-0.372552971517606001160773471335,-0.096191893231104355701340754322
0.617092674906276128937028586929,-0.094015168835997531919526800930
-0.428971139987419922595957791080,-0.093516531241911968636396601865
0.560674403628888132339694254278,-0.091341975739235205217404920423
-0.485389308471329959229824822643,-0.090841169549979185895218328750
0.504255888907194208302637191761,-0.088673925541145385051985609393
-0.541807476924618132792090246415,-0.088165807212291017515741831974
0.447836344124604981553000635127,-0.086027746827050298471682291393
-0.598225645380694506436275729162,-0.085490444933400545963992884493
0.391417168657370544350509029628,-0.083373705595469110686708899051
-0.654643886498334731710974479847,-0.082816615385106379187533905488
0.334998126822321752163629435012,-0.080716825154701145046802741627
-0.711062285667272752386175146515,-0.080146122832056507550769022812
0.278579404601246674531449116898,-0.078053166354724987726150060811
-0.767480686748332954045101931261,-0.077475670675932711307308656881
0.222160747344313421596640115749,-0.075388131911004989760444223561
-0.823896595705621946875440460712,-0.074753077833732330217542405268
-0.885451278216000000000000000000,-0.074016659328000000000000000000
0.165741991839438171493841876727,-0.072718870089285696536595060396
0.109323007474205858037732640001,-0.070049534933883798753587950422
0.052903860737186587896954513633,-0.067379702403122897875521797454
-0.003515311499460827122096224839,-0.064707335509122849759148519913
-0.059934233894361228783190849429,-0.062034156746295989806049219266
-0.945976055487324535723530354401,-0.061235206774474542658593074498
-0.116352549448861943544509452876,-0.059361153939559262872390334515
-0.172771812066707490562005853662,-0.056689307464811517264067750768
0.816869647082596127699605201579,-0.054502739027894209688353342825
0.873349474224152601395520481832,-0.054059544576866386826753095024
-0.229190446536046606047656128838,-0.054017100366431111216396421921
0.760451241900766111788658533157,-0.051832373509771798648623197532
-0.285608731848503118062156411877,-0.051344203499027698669122335961
0.704032814926908361650374570462,-0.049162468444605362124933657013
0.941232935613418045187325323758,-0.048899588183367590928890965712
-0.342026921374816760413308242959,-0.048669285587301286163015885186
0.647614481873275139629916321829,-0.046490579466590332219215708159
-0.398445124047798409263650211792,-0.045994644973707097823609078112
0.591196210595887143032581989177,-0.043817386369828005517093827660
-0.454863292517612330698834531538,-0.043319282984514710758664925655
0.534778002147870130191261003165,-0.041142867576171298623585787688
-0.511281460998734167959541776333,-0.040643921233784233207277066867
0.478359345070012990719169354309,-0.038477829341420873199637684630
-0.567699629454810541523428098312,-0.037968558954893759962175553701
0.421939887543850320223546133801,-0.035829790875868010322843295654
-0.624117797910886915167613581058,-0.035293196676003288410426606220
0.365520630288388471960760517438,-0.033177488856199670112742474521
-0.680536039028527140442312331743,-0.032619367127709121633967627215
0.309101602433221633779272502089,-0.030520311568281235712941640280
-0.736954438197465161117512998412,-0.029948874574659249997202744539
0.252682839172390806809417704498,-0.027857522169953445385688739763
-0.793370583776058819765616780706,-0.027231189288161134529437767495
0.196264150148911526887279220929,-0.025193160307619468204601753761
-0.849788752457117767873855647384,-0.024555831753718234115145039223
0.139845699411601298723747221311,-0.022523757441205307860794799056
-0.906168514352614315191122514955,-0.021166179283532428561725499864
0.083427258742476718185692856324,-0.019854141789844476384297484998
0.027008846262743013429927100051,-0.017183930463348140265713030777
-0.029409442567419429294849397281,-0.014511107847107228285184885246
-0.085827698226770907023984762956,-0.011837585148947342001153249914
-0.971697518349723941711266073092,-0.010950282160036376834513842981
-0.142245977636736977929747217902,-0.009164563697383651761991602186
0.903875060488891292642515719415,-0.006537382605260748965619924794
-0.198664289475008299599262716411,-0.006492226783539290687669847314
0.790977040704796234421970373010,-0.004305724871414369779078285977
0.847456867846352708117885653263,-0.003862530420386546917478038175
-0.255082599536158554495463573133,-0.003819852351422210822465401204
0.734558635522966218511023704588,-0.001635359353291958739348140683
0.971758241045756537481972368028,-0.001377245821863909515255183105
-0.311500884848615066509963856172,-0.001146955484018798275191315244
0.678140208549108468372739741893,0.001034545711874477784341399836
-0.367919074374928708861115687254,0.001527962427707614230915135531
0.621721875495475246352281493260,0.003706434689889507690059348689
-0.424337277036605575154738384073,0.004202603279762058397499643645
0.565303604218087249754947160608,0.006379627786651834392181229188
-0.480755445517727410591600681492,0.006877965030492574410225112743
0.508885395770070236913626174596,0.009054146580308541285689269160
-0.537173613973803785979332301046,0.009553327309383009193989240552
0.452466789233784900731233015766,0.011720254561119278170975701325
-0.593591782429880159623517783793,0.012228689588273480745738188033
0.396047425477835810649814057413,0.014370290152468825755404940108
-0.650009950911001995060380100927,0.014904051339003996758463241374
0.339628107495175667671857593657,0.017021300079459476985888896146
-0.706428192028642220335078851612,0.017577880887298163534922220378
0.283209013872935972379591297755,0.019677080587421929501818568349
-0.762844571846495692655793100700,0.020290699257410061158666870277
0.226790253982592360603726914562,0.022339941398143370647909644005
-0.819262740527554640764031967379,0.022966056791852961572959598550
0.170371564644553991754467198456,0.025004296599582706673060780515
-0.875642502423051188081298834949,0.026355709262038767126379137908
0.113953092958685071302011770615,0.027673256676528050633364187623
-0.932048541283740995186624697520,0.029275653663542414093955885139
0.057534652289560490763957405628,0.030342872327888882109861501681
0.001116239809826786008191649355,0.033013083654385218228445955902
-0.055302049020335656716584847977,0.035685906270626130208974101433
-0.111720304679687134445720213652,0.038359428968786016493005736765
0.934400365921229784937162763685,0.040984959756242932448015857813
-0.168138584089653205351482668598,0.041032450420349706732167384493
0.877982202122467153398109058683,0.043660420246982953913411683470
-0.224556895927924527020998167107,0.043704787334194067806489139365
0.765084137698993347335653270923,0.045891136277402544852233035955
0.821563964840549821031568551175,0.046334330728430367713833283756
-0.280975205989074781917199023829,0.046377161766311147671693585475
0.708665732517163331424706602501,0.048561501795524955891963181249
-0.337393488183521994238942911356,0.049050124446417588643757431421
0.652247305543305581286422639805,0.051231406860691392415652721768
-0.393811680830188171146273992233,0.051724976544232286128565931987
0.595828972489672359265964391172,0.053903295838706422321370670621
-0.450229859328176740804168579301,0.054400127050394768498452802974
0.539410701212284362668630058520,0.056576488935468749023492551120
-0.506648027784253116191900198856,0.057075489329285203282216930782
0.482992576689572143312543038211,0.059252777522534664518645333255
-0.563066196240329489836085681603,0.059750851608175674833965878264
0.426573886556045156500863983511,0.061917115879160150348532597548
-0.619484364721451325272947998737,0.062426213358906190846690931604
0.370154522800096062170898666916,0.064567151470509607481239903949
-0.675902557368221972288684131261,0.065101065454517396516358421353
0.313735220938378125854729663861,0.067218504464335998879936365516
-0.732318986325983802048427124214,0.067812861707065442682043034774
0.257316111167543037818541488472,0.069873941891198447733137405362
-0.788737155007042750156665990893,0.070488219241508343096335763047
-0.969094857575818251263085247010,0.071910589390583124951441624408
0.200897351277199426042677105279,0.072536802701919888879228481018
-0.845116916902539297473932858463,0.073877871711694148649755302405
0.144478661939161057193417389173,0.075201157903359224904379617527
-0.901522955763229104579258721034,0.076797816113197795617332049636
0.088060190253292136740961961332,0.077870117980304568864683024636
0.031641749584167556202907596345,0.080539733631665400341180338694
-0.024776662895566148552858159928,0.083209944958161736459764792915
-0.081194951725728591277634657260,0.085882767574402648440292938446
0.967905698653941733071541547834,0.086455389419176429533558723279
-0.137613207385080069006770022935,0.088556290272562534724324573778
-0.194031486795046139912532477881,0.091229311724126224963486221506
0.911049703589319894600663336118,0.092413800827992543575214844979
0.852088686823041364230000149220,0.093857047855643524529022402388
-0.250449798633317461582047976391,0.093901648637970586037807976378
0.739190076902914470063571948938,0.096087847742974256134057904040
0.795669907540489262061066526686,0.096530596444145731459649523257
-0.306868108694467716478248833112,0.096574023070087665903012422488
0.682771650009486701078824564739,0.098757754507726056157176087154
-0.363286375112504608703354195001,0.099247318722448590604064854661
0.626353223035628950940540602044,0.101427659572892492680865627673
-0.419704553610493178361248782070,0.101922469228611072973951725648
0.569934889981995728920082353410,0.104099548550907522586583576527
-0.476122722066569553748980401625,0.104597831507501507757715853456
0.513517303653384242446330017099,0.106787158663105989895856158759
-0.532540890522645927393165884372,0.107273193786391979309464800938
0.457098595028755386656485331110,0.109451105432609976614311630881
-0.588959059003767762830028201506,0.109948555537122495322189854278
0.400679905752020049518849575143,0.112115461932162963297246359712
-0.645377251650538409845764334030,0.112623407632733700991857344027
0.344260561694839369178987213275,0.114765916877826483097832548353
-0.701793680608300239605507326983,0.115335203885281747157541957448
0.287841290446090988736954840497,0.117417921218259493710756149341
-0.758211849289359187713746193662,0.118010561419724647571834685721
-0.938569272055306360655719270524,0.119432751840238506474817788906
0.231422052427620678574886354404,0.120070632411871703202048384266
-0.814591611184855735031013061232,0.121400213889910453125254225079
0.175003289692295922214062777473,0.122733432944516193098856006950
0.118584599586944358129692168465,0.125397771897770204694049725748
-0.873933482280777660828638421641,0.126082583011526834669416609433
0.062166124726570742725172563686,0.128066664868818598243911114318
0.005747670214938078271086013322,0.130735987962855944719824591734
-0.050670742264795650395499547697,0.133406199289352268503849942754
-0.107089015646161639631627967150,0.136079347980871509591302606761
-0.163507286756530339698050025953,0.138752544602607468046021567393
0.882611267732176261316844706457,0.141381140165826946723345391607
-0.219925566166496410603812480899,0.141425566054171158285183215121
0.961247844025845483696812859575,0.142543180131707249598777319145
0.826192997798358530459669107012,0.144054361618755869054503456119
-0.276343878004767732273327979409,0.144097902968015519359504969993
0.713294834107150516441716280631,0.146283501895599423634629785754
0.769774664744725308439210858379,0.146726250596770898960221404972
-0.332762183374989918349409216627,0.146770376431659190936643725511
0.656876407213722747456968896431,0.148953408660351223657747968869
-0.389179326189048422532121117329,0.149467280575237165271749126222
0.600457980239864997318684933736,0.151623313725517660181437509388
-0.445598522248412893929030968997,0.152120884026492394850730517532
0.544040773913756429076999990334,0.154318888918090946831226170776
-0.502016690704489267573216451744,0.154796246305382866402479465014
0.487622135477764192377272241869,0.156984321770424808764098570696
-0.558434859185611103010078768878,0.157471608056113382415204518354
0.431203427565618743642904160886,0.159648283629299237994744142497
-0.614853051832381750025814901402,0.160146460151724588084872008103
0.374784732259050022258591354064,0.162312512441935587522714357682
-0.671269480790143579785557894355,0.162858256404272634250556621524
0.318365423385881218311961065292,0.164963716231819916525728950059
-0.727687649471202527893796761034,0.165533613938715534664849349797
0.261946178647438143889679820814,0.167616284497705759148901480260
-0.784067411366699106817647463630,0.168923266408901360519272915867
0.205527228596286883382612661820,0.170275113260003237921763180397
-0.840486579623346216499830346303,0.171596009578703981795096100936
0.149108226665998087815530647297,0.172932840945751031619611082664
-0.956220384536016709566887283056,0.173085389459043721333904108041
0.092689603366779153739224921661,0.175598594175581505201702634288
-0.899829123413376151466440202034,0.176278031665694617936846271368
0.036270893467515735466049137848,0.178262513949951059107732822336
-0.020147565321032430848894276947,0.180931746646141733530695352293
0.921330472863252703389818941306,0.182502794428260807175856350132
-0.076565923182661724780523385644,0.183603111738871143228868150723
-0.132984192081321708917767152801,0.186276355038688184576046650056
-0.189402473702817945600769434331,0.188949329812056076643448288410
0.856717210453440530204738027927,0.191577405892548484108433816622
-0.245820785541089267270284932840,0.191621666725900437717770043282
-0.302239090911311453346366170059,0.194294140189544109294908798800
0.800316871790201134252634480379,0.194605457070028937916836015568
0.687397826312778503694919800747,0.196478247128686028431994783984
0.743877656963298772074610166087,0.196920994178447402912548118605
-0.358650734291215768280676494583,0.197103728493908085442512681095
0.630979399338920753556635838052,0.199148152193852464955684324502
-0.415074036083127402425463800531,0.199668550156398976608218001504
0.574562231435204087393454632721,0.201844531430043693961821007476
-0.471493340694065953216315123450,0.202319844647708673695296598649
0.518143794479638146624600035540,0.204514225560904475598224380839
-0.527911509175187788653177440584,0.204995206398439189708021651989
0.461725146384577094766009100192,0.207179453953966711416693065284
-0.584329701821958435668913573109,0.207670058494050395377689141739
0.405306451573897602843479171192,0.209843693267716159968482338138
-0.640746130779720265428656566062,0.210381854746598441543373755159
0.348887744063685127510509950884,0.212507663638913181378377566219
-0.697164299460779213536895432740,0.213057212281041341957666483432
0.292468714815964606584081154537,0.215164811359002825550215489535
-0.753544061356275760854116086836,0.216446864751227147511854687039
0.236049595433298600523829733400,0.217820044558931251930298059430
-0.809962379805189601881946334195,0.219119062097694897921533576772
0.179630471829595197510827409468,0.220475188067587365755152928682
-0.866380650461096101490704134101,0.221792268310915410748783791104
0.123211752935347754378246747852,0.223138917331872257593712352033
0.066792895615424694540946173588,0.225799713072940206084106088739
-0.944549198861708960640426285889,0.228347951109924100509788736214
0.010373929970222921567577306817,0.228458210917036238548566968041
-0.046044504825850585027167746557,0.231127950683890556468543740257
-0.102462771787800886769330865100,0.233801234857267609396411047509
0.943000383724748326118384177069,0.234661995519883704093432620475
-0.158881055345788784413145551099,0.236474168756935465460402582524
-0.215299367184060106158359753012,0.239146505670779824936575154830
0.886720514877941053279596833396,0.239431026642417229012307713329
-0.271717672554282292234440990231,0.241818979134423496513713910349
0.774099528261513443057549193071,0.244636880322326879658769752891
-0.328128145249894105166971971779,0.244651974990254437716173458150
0.830573408919580682261493750878,0.245568598455616198517811237353
0.661500158194989618620344353712,0.246673414677201413911477130710
-0.384547361229085207775338466700,0.247305154885193436448951118449
0.605082990291272952457163148381,0.249369793913392642917613813683
-0.440970649408013854715339722720,0.249870276001065350976938527594
0.717879648841735722002130701217,0.250067575792262071853368405675
0.548664858453027471220502694591,0.252045928279203283538908759548
-0.497390027576633998903744732572,0.252520004728265520098558123839
0.492246505257844938548471522268,0.254717391923941513907940458223
-0.553808220223404645919480865097,0.255194856823876725768225613588
0.435827780336381510410951937512,0.257380993526614604732516819066
-0.610224649181166475679223858050,0.257906653076424771933910227009
0.379409050510383763683331644662,0.260044491242512522809967758642
-0.666642817862225423787462724728,0.260582010610867672348202955281
0.322990040540694079192630949823,0.262702048260071534692546888430
-0.723022579757721971104683378824,0.263971663081053477902391158889
0.266571017431654074547724979155,0.265359326319125778946710673754
-0.902068294586899371341989071912,0.265570794462574976761369566112
-0.779440898206635812132513626183,0.266643860427521228312070048621
0.210152161997608888378271213901,0.268020162047582372560483116069
-0.836507672509367814119633352254,0.269772355339004488357584755322
0.153733300652600589714953344893,0.270680872440362757851266612784
0.097314255259279662268756969864,0.273337677319896405257606339266
0.040895471232888612818566478076,0.276000026704361811188290774892
-0.015523563134996408129154820556,0.278657065706132394578814528642
-0.071941981428707452082566327183,0.281327154187320270727060639915
-0.128360296113781542487905132216,0.283999430998856531211096766608
-0.184778607952052865320892918742,0.286671767912700867722219914133
0.927774022802175819101713914724,0.289052483919208434522296448328
-0.241196913322275051396974155960,0.289344241376344539299358669651
-0.297602433032133654360387235411,0.292274197267185530447048379190
0.871492511677343072242690381391,0.293822289545975549553941159412
-0.354025389867676073164291046801,0.294846596380083488340849915759
0.804850682883192558046933113287,0.295852876918356833377503007364
0.635591202830939872422440745002,0.296903111311782072653137070861
-0.410440712247345719758510113055,0.297581316851990313197222015651
0.748396010830244311820844839175,0.297595661659965909241187415100
0.579173070992694391185780291213,0.299579245677592713274432016726
-0.466867616302966556506222998694,0.300065626405826535364371660020
0.691973080582076904240849466681,0.300257385677030109872441249237
0.522755082203234675745091887996,0.302258394089666787939519616950
-0.523286790781735022796180675340,0.302719688649972690199218994899
0.466336340572703581631262347242,0.304921641747865098152888610446
-0.579703219739496852555923668293,0.305431484902520736364903608320
0.409917569726800268752969239958,0.307584270430008281420889395616
-0.636121388420555800664162534971,0.308106842436963636779196336592
0.353498701553824693283506705442,0.310244836035650212264842464717
-0.692501150316052347981383189067,0.311496494907149442333384540200
0.297079754800833007999837494282,0.312903734782238757244394560732
0.240660751998138278411623647634,0.315561443948239697064506228482
-0.804932146064669402630450767484,0.317045880009099693548264065607
0.184241758703992535734575654168,0.318219354958160624193590854228
-0.748483920424103750052465705885,0.318986271024670417415517448965
-0.917603800177185094702364607931,0.319873790340479560393676739800
0.127822525996946175074886014614,0.320879494447945460733682748883
-0.861172619509075558549320202613,0.322258982924884796288297974268
0.071403031266020717146124321077,0.323537822570178086875992541504
0.014983721912356916135177710072,0.326198681895509363681599262230
-0.041435072625010506669472352778,0.328865128732399764519292461633
-0.097853511913897378439512202284,0.331534773552915664962586308375
-0.154271869145884618021402512919,0.334206151943446348524055508782
-0.210690180068464783652465949976,0.336878508189270011807104425677
-0.267095579095745141137700203971,0.339810786456215573214817398605
-0.323514937181278612014089184823,0.342460942768184761087115386706
0.909413377995139882180713695424,0.342466471015580349586839747029
-0.379933784444918231494285955811,0.345121951731646813158701527258
0.609699737256549704490330037426,0.347100713900667629656822962513
0.853133631778502876052596615945,0.347236949089364334431572015500
-0.436353335300468884548907307942,0.347768000960110776639204886213
0.553282135861100945060269428126,0.349788007715228917286338104605
-0.492779980862905244388409420985,0.350258174816029721030234741524
0.796833667557333931206714745783,0.351762578764516494853610594891
0.496863687534244328969065270474,0.352457461526653842434839491407
-0.549196608711541876511309228551,0.352965830157826157509221365973
0.740252250281202881401485548230,0.353487042564192972212334979061
0.440444955660173619268413337240,0.355120915859515381907441181438
-0.605614777392600824619548095229,0.355641187692269057923514094246
0.682339916602776804186222347302,0.355911401228555556156699481776
0.384026172021012706429832837811,0.357783273449898399538682441142
-0.661994539288097370144399755960,0.359030840162454893290002515549
0.327606927370392867101256463108,0.360444259510570004141033004644
0.271185981970541475379466920702,0.363101391363897830711032585805
0.214764437684759677736487646606,0.365758075440541755461503974819
-0.717977309396148776030331271318,0.366520616279975839857823229769
-0.778386464515951816829689079276,0.366902918988573354005373296485
0.158342267438483509801251823568,0.368418209224004080419862168473
0.101920091701545826659624867478,0.371076229666436608451994759838
-0.897469664020378931503571699507,0.372644841651598158459094594034
0.045497825096920602175194079471,0.373735716550687896226440545847
-0.840765003284889731429501052604,0.374924877916880029333658732407
-0.010923268021978924113433721539,0.376396298595692228240197504842
-0.067342176624530913534882979080,0.379066389132512104814338208963
-0.123761360956904287055335632436,0.381737995851627370490673496940
-0.180181059634433511268584009613,0.384411242863421641448027522044
-0.236589615594140532584008373021,0.387365146844578208662242198451
-0.293009559263062715396078210834,0.390002807106471265537678907178
-0.349428153972328784046579020561,0.392669165351924402330001425408
0.640838554342424870148488132041,0.394223334432148367963300970669
0.887979140803075262806638618382,0.394726211493007401547073851733
-0.405846153677054957945760707840,0.395348083898472340616340451178
0.583809442342723760372827483568,0.397315337088266746786918348293
-0.462267476317730835312845267873,0.397956080589090793812714903149
0.831698464135648994069347697267,0.399493559379813252985144968138
0.527385675360082309033344373373,0.399983033651876293205426141341
-0.518691668124301360907623417125,0.400501247427799158457228494126
0.470967212006865318830182451983,0.402652789194460575803717591890
0.713323773371299614841425929560,0.403136054906578271506364112635
-0.575113310623833999665526856475,0.403178834039299473622969114662
0.773754702304539209583933579118,0.403313802398120140232432174135
0.414547622235402786496866973856,0.405315917078432267619043501707
0.358128577501962575813026560528,0.407978175098194977515051803634
0.301705502171158005145785111216,0.410639854509545039028346612191
0.245284281099588951534757903230,0.413295845371957181732611010234
-0.649186571576973560967772031899,0.414046611947845645721276430672
0.188862750564677287879358373305,0.415956221291627247687614002588
0.132440965492471770012296516151,0.418614199716174664677434711092
-0.761680187079835080225042022508,0.420857229191642561265406964902
0.076020951570328630079096566986,0.421272158260882686544545307860
-0.705202731023622224088082500123,0.421538590094591169028318918187
0.019599984709838197357829716015,0.423932165726768966830395490677
-0.874303620701268368277334497843,0.424156992957854180547309368057
-0.817873173383706537225603991281,0.426559473093339156798664443477
-0.036819624934801964403297300862,0.426592118386112585507718686017
-0.093238265267450763471645755205,0.429262545912308394783237635258
-0.149657092718499156416428125877,0.431934444975405489890218606701
-0.206060016262699309463587809358,0.434926528291762834327870276044
-0.262480456262443987733814766298,0.437566116852275188068889695040
-0.318899994033756710442959820449,0.440223586279526119229429103558
0.671936389094796839542515417176,0.441571087338080290603088763257
-0.375319029858547752414538408419,0.442891489774006742394493053280
0.614962212147794321094213926621,0.444428734638579387146680682044
-0.431735129029571339482849487785,0.445615134012823867602295095694
0.557907229831194019890521271223,0.447507785181247616112157499683
0.862437672149393142510828133079,0.447760967604660136371085746681
-0.488159499351834275823174147211,0.448156340222019560738464390725
0.805913808575291233017080447679,0.449746109891157776769324410366
0.501488806198296203403693686629,0.450182917295665045195593307382
-0.606009027657898540449437492643,0.450461198237936319480119571691
-0.544583827063109084898604979845,0.450698492379579534425977640326
0.743398878439308374285256322347,0.450944582915812722275997972298
0.445066491796678958727883167975,0.452846338212634022265433808179
0.388646209516069863240473872434,0.455508676046366772179549114572
0.332221716694483671241315662039,0.458173533366055587237107398111
0.275800485325622865038534313317,0.460833275955771987919387913830
0.219375747272513829437060494699,0.463489631106923641303773190027
0.162954245897002330346865376942,0.466146304107885233535152950202
-0.672938005044835574991249730782,0.467897567140847604645320281244
0.106531372285122870101856257296,0.468804776220696018327352138088
-0.735125881358222530583669570531,0.470707366031020005172252244876
0.050111155051788728834320494021,0.471463867195598465807911906850
-0.006309085955182515172068724175,0.474124596337341773537211218791
-0.847888829821000000000000000000,0.474720663832000000000000000000
-0.791318867662093987584231539305,0.476409609932716600705509723450
-0.062727754167782467223993449698,0.476794668004553146837875246799
-0.119233093070323176861187975471,0.479521707353791042861648764841
-0.175635473367980698046546959485,0.482513466404845012359742446051
-0.232074485379705067121925038534,0.485167337495143509789363699039
-0.288502833246954505110406292836,0.487846838198383457713559938218
0.702011494162805598986345809963,0.489379615347314741372722622920
-0.344927761686410900092628228059,0.490549431565330170778695380659
0.645585650729381534843138223431,0.491887899240384978363860079420
-0.401344395908513493206523628149,0.493256954106511259786286909363
0.589060331017743870648835644720,0.494620963610664872361016962260
-0.457770120113677846814918880665,0.495767918698904139125159737853
0.775557984710060397718403190909,0.497376890408850358812890208530
0.532009199805154938260754339104,0.497710829638427485463348639198
-0.575403395685209355996712575185,0.498030526829930108392312590644
-0.514194544131193952046502630126,0.498307932390417014873787996985
0.834008121693796545212774191697,0.498744853402199990875520394020
0.475584021318830401223777012219,0.500373957046550635936763038062
0.419165241898713779340961220250,0.503042226540048463055997389641
0.362741838619849849190124425151,0.505707683538605564655242458611
-0.631309658914187631151541184588,0.506071486165339830936011125077
0.306322730823204046963423441182,0.508368216490461435566835336602
0.249903182776037747030240235005,0.511030806244609306900442080695
0.193483868153754095064140053643,0.513687308492999415724682644488
0.137064133072074238122964985881,0.516345240239004249008442196381
-0.701904606682450159574213710114,0.516385743893838278733859102760
0.080645004210284534619815222196,0.519005326447046788688158972766
0.024225756113958776202413427618,0.521665073844625675677929645032
-0.759322451598811544868527111750,0.522954176257550291588870631235
-0.032193092918351206614843431235,0.524326045308383992441085208778
-0.816454188534243713798378136048,0.526990069993056062689146779653
-0.088611505776653519900633369821,0.526996248636160617724584919541
-0.145007269836527154488330425461,0.530108336579099638819885452910
-0.201426426132770714709965403255,0.532762785313123673314911286539
-0.257845118301585882784563977707,0.535427080571160062552272858267
-0.314262831176754724437183490931,0.538112032935081828312691508693
0.676009032297981083697380284589,0.539519811519945218569625564043
-0.370679498821843807184418513454,0.540818858951854944440584962935
0.619588347209847438361790062998,0.542141564644702557909301748148
0.742394614013809538088477577325,0.543100515997945441326502698665
-0.427096133043946400298313913544,0.543526381493036033448176491639
0.563170291415213955192632940139,0.544819301677188088491623245486
-0.483521857249110753906709166060,0.546037346085428912787049320129
0.803583667277977741671490710441,0.546414920669698470014197820912
0.506100403187742967216722023964,0.547902425827569833488008628866
-0.539946281266626859138292915522,0.548577359776941788535677579260
-0.596396133760189964881523949909,0.550469831366289532516664648343
0.449680506600738887886683566763,0.550573621310628798167401587397
0.393259579755993354291305002739,0.553241759455370028611534666744
-0.660276262770450591885661686198,0.554559665337748251925830582691
0.336837118056784272325851414359,0.555909601004340290069872569716
0.280411098287956212047205339177,0.558565009529588137302665205578
0.223989891372364172591068763974,0.561226217637324645432434844584
0.167565953503951782925848041351,0.563883395743581767995323057835
0.111144586025712611590505048732,0.566544692670437899387229432598
-0.725097792781555313267878810418,0.567885679950437384255940314773
0.054721665330302969629222114643,0.569206809745998974295728342245
-0.001717378879045404753852482901,0.571880354063948371983692450072
-0.784457772470961271082673708493,0.573534636317889753572507687439
-0.058180837614831588069423559948,0.574579246970508971102215276906
-0.114577649023781461593003388130,0.577692004706452276954133666273
-0.170998358216855185428869288358,0.580347446477893493938452265742
-0.227436436699754467952515472997,0.583024132775051437388681465124
-0.283869013381663895707172638473,0.585718578021869435249590337079
0.706741986309908294166028753158,0.586908131103596719283459234141
-0.340286878471699022597565844851,0.588431759433460146040021215047
0.650252795125772225351132801173,0.589786933398867705727526310138
-0.396703772780984829626050547138,0.591133857092020229642797989596
0.770480437528957186103535078657,0.592178918259999534633094760753
0.593727287254339202040584202504,0.592354838519636559283628410486
-0.453120504613258310990826367402,0.593885141017266875805411440131
0.537263497328864066023799438804,0.595008994995926225355458683789
-0.509555200878595102732751997242,0.596185652417087084025257580719
0.480198497976500907242133127131,0.598107671179290791457064866028
-0.566694964729702600955377199107,0.598511561700280828774272669202
-0.625362734910193491871714985850,0.598958008410576684301810874867
0.423774076017515666696218689864,0.600774135574301963628564798576
0.367353086934513197518573269546,0.603446111387497499522566767662
0.310929059826023991350474589233,0.606107272299959721014120784150
0.254505477366460992026763936143,0.608757714142593911782008657507
-0.687868371797238310112054403741,0.610360819837599827211918447927
0.198080723087188160591061949046,0.611418453577254026169535154821
0.141659987362683171928826539543,0.614073784050954867813573578074
0.085235620035857064069945385372,0.616736810323563537655061756300
-0.749086222635639579365868593834,0.619020037562489184426037907078
0.028816435048973759787196049809,0.619397639026499263113356583953
-0.027610372058940238370623375867,0.622077272009951886366629176990
-0.083996250036782410552956874378,0.625363616472940255928727840969
-0.140420169094418089717921521300,0.627914822744275126788486367464
-0.196839238954112967744638484928,0.630571108012914423315677587311
-0.253256844109493940481172843917,0.633258322889520209485590278989
0.734774306255115365056702039815,0.635942367446697516120644304047
-0.309673718518468774068293002354,0.635960836013166732112075806257
-0.366090042815784460585954053707,0.638674808754671125583101567509
0.624212204843345872811609997770,0.639907337956336347336793829280
-0.422506937125070267614438755994,0.641376906413231209185878342058
0.567791542360341447862801719637,0.642529577503063175474887683196
-0.478915158386328247604299419026,0.644254382634242314022331362546
0.511373488190787747904608817442,0.645207348774629426040514135006
-0.535354786635467148301826894676,0.646430539420993523729547050223
0.454295501240097033718272065083,0.648302315334020916674186940803
-0.591772245565174571904708013933,0.649120822524367079897462761166
0.679902262715289755112014159454,0.649329903927506959998292109139
-0.648234399024706902020244323470,0.650601539233850190119000162071
0.397874640826079795062470297125,0.650976288547080012612605542789
0.341446319048920385598872745759,0.653641708308159724955363673904
0.285021986609454469223812496531,0.656310876619081845874663298796
0.228599769452309126738713990965,0.658952357646517412905084465144
-0.711856801651322576210044187156,0.661495177449651627382016040233
0.172186138782699798733551436937,0.661726602558266169233369889913
0.115761018531242969303812669082,0.664268374491083965043987716381
0.059346603365829563601733706294,0.667026952492704395106069730589
0.002922625200423564289893384656,0.669594766788483633314935998552
-0.053451950150723829177259797746,0.673073699742659120328106590209
-0.109878791769597156859839124184,0.675571676577111020870269468826
-0.166302939326429807721318889730,0.678117824205646562048866420241
-0.222721989383674468335474100880,0.680774530041760605997275980906
-0.279138863792649301922594259317,0.683477043165407128623761508174
-0.335545665020276209536331816989,0.686382223113105506846323338693
-0.391971411702514678854964675227,0.688892682555792350097051586725
0.601780541629290437178288841754,0.691857629236879577096047011452
-0.448365737019869794164425387076,0.692030734062992484695090300053
0.545346965516254751649993038008,0.694360150194780642581325109272
-0.504792706893092796154735750794,0.694513548230002346542696299631
0.485493314425113959551542030842,0.695410773967738027013783216301
-0.561234413497473402215259667264,0.696635116246008394709368985303
0.428396192800748814658143038949,0.698505766108279049529776967184
0.371968404449365495287513942017,0.701169278437788691438065939816
-0.672221626736710836895350035195,0.701736460784137051149016070567
0.315413762079756732484744690569,0.703921907017608954103818778770
0.669051663791803420243110693402,0.704759424927269878338565122795
0.258986650226638825355812347039,0.706566924622860138665206449624
0.202570893675506719887563950521,0.709341991927444468597800378858
-0.616259506101775784924628743960,0.709378996312513587203996831779
0.146118828802011223865743648911,0.711898578097983991487889021875
0.089701487758617113663427691263,0.714658635001388649661803654285
0.033168992640973712695996687042,0.717296132436800705565561251673
-0.023210074350866209758269419755,0.720777231386494877508572669120
-0.079643887057080486603771178265,0.723279896205662701593164904436
-0.136072373373527638991875499481,0.725828329121875722263097403456
-0.192544750979393579577222499297,0.728518656146997005037540838238
-0.249013516217513009414195371926,0.731253928044381302534624808455
-0.305420502945406186844942810638,0.734159224957343640588524792763
-0.361846249627644656163575668876,0.736669684400030483839253040795
-0.418264932073624460077805223499,0.739823085300921902908512006038
-0.474701933983597361641563379881,0.742312216422439432752902957089
0.626976106552755596165842189340,0.742439854572977627499344919321
0.516260784815398599814270934348,0.742776690627763504553596157862
-0.531791576222000000000000000000,0.745554665133000000000000000000
0.459595469279804305900903437981,0.745605085518859856976940394290
0.402489145307541341985011417835,0.748697703180439049584093464235
0.346068147989264009778726182586,0.751369551163219354099265281931
0.571652733947479204758687405851,0.753819298269366079151944740970
0.289401286968739452042203970976,0.754164715939359605685770268224
0.233003203018137389336155120218,0.757318327355771247371339389437
0.176554369232200046565159251128,0.759481358173556695557859683022
0.120140159477867425182521542130,0.762403580221647821551598358862
-0.600868506882725121665826859987,0.763723126062659582500308888078
0.063708278660647871640412335533,0.764809774367997523983329919805
0.007325449251044186341810022292,0.768368526079673294206408694799
-0.049097824198158941828064746070,0.770978973774434108952760563504
-0.105530851647532197063515483436,0.773483581452296272868946590384
-0.161957159353821622166696982695,0.776030057393827103141632790770
-0.218380811978528908759204072681,0.778744862288389246003564908501
-0.274790611420014779186177398995,0.781614255707656504882533653200
-0.386331064417554591602872656973,0.787568222099706383737861232012
-0.442724449972073207955279557269,0.790734029547679370391499874256
0.490362939670088946163632341487,0.792971002178885334516753335851
-0.330112351657655372791008799325,0.793014220807665133742325527497
-0.499150929199070875038666179913,0.793227969664587136578916562768
0.433687491576389212745322502775,0.795794167863338596796807786791
-0.555482420703806591750967580189,0.797342621546995773829975397813
0.320141906755958185745495064207,0.801552801903111456404921428238
0.545768321200775311976339585906,0.804020627414976021278386228872
0.376539304624757667293028796088,0.804712429401332970753678514793
0.263217149981373348263150766827,0.805061665405739422891951674947
0.206418420787525901756294954875,0.807424460545815085281915869096
0.150010318011962120026304993077,0.810347303153119813297806834111
0.093393705460049822995206762773,0.812862025544618320986636018476
-0.018806705977932518449268351163,0.818654513169456613095577720259
-0.075238104393436662572193317644,0.821160326132315042584283837055
0.037602159197167831855090476764,0.821678557561835723051030612629
-0.131810449166772198929252343976,0.823796228684425771954543660972
-0.188390427538100453651289448441,0.826614047996258258214189119659
-0.244813022387784204627715361171,0.829681335123282086093614829542
-0.365544499934548534915321378130,0.840085866115435629994304526075
-0.302800910735272371617710801166,0.842457808787515004607689204697
-0.422036844833548979738818299168,0.843291140429052377828526431935
-0.478485162925220980127723913544,0.845793215291638844060331437122
0.475516996647020781974540171164,0.847466554942549773390758585555
0.419109462723407968331931698379,0.850362000604095009458594459644
0.342476054627230143788322000183,0.853434194768404913119370326029
0.236759687922992354883762584882,0.855071477950568236592738053857
0.180245129672233690002030169924,0.858085670938347251867170697664
0.123811113901693306831386093615,0.860459028194032277312214730666
-0.044818000708119239498938428574,0.868793880049622627722446800833
0.067995880273183785388071206891,0.869510018113688365145126536075
-0.101246042373628709296607750881,0.871302818849561084877708112324
0.011573981450769048403961240812,0.872252275557851847588102054169
-0.157676275171288103992786089236,0.874017029813437427654207492944
0.289924457828981075740589664281,0.874147836741855130849968655175
-0.263926899960172324395887082122,0.883435992131192383222652808627
0.382454124086365894508615786507,0.893333542869474450750084835873
-0.353709540392845185632289727874,0.895315252000955737178032585307
-0.209156270756746610632955229207,0.897259488815197526593781060329
0.153883580947206355468218676637,0.908271661089616409090387610968
0.224040851985671618940398758477,0.910104233928818587144018179493
0.329906762066491134282029916981,0.914044458832167764775878221808
0.098124473911450464356562050771,0.917290883999311481398088581642
-0.070934326570508300425579845809,0.918964125052407573652824981082
-0.014551095521024352928621683110,0.922397570644795024382878316977
-0.304388564514183151466221023759,0.922852083398679939581547392757
0.041929022067606635003422263419,0.923041011082637739446586385087
-0.143612544853588994313452965476,0.928726450346445298355649589013
0.276244679828261119576865981029,0.931667555676362909348804581732
-0.250105923186909663344461813274,0.939013549568348845266976581947
-0.195097131476277393140301944729,0.951968634261752745548046379120
0.187806111865007232240316354069,0.953437379419477842024492687749
0.131861494377000000000000000000,0.962748062143000000000000000000
-0.101551610744926509730114323330,0.966434006583866749189690882748
0.075058803922641189645933659758,0.968855070731342905082853311204
-0.043718478560772824432946739227,0.970772979596020151763402871380
0.013188966953002740175554396254,0.971666388704920702315093945029
