0.012440249636140017001422623644,-0.971794319058953713806863867270
-0.044083262256000000000000000000,-0.970863641229000000000000000000
0.074372845877330998949544104291,-0.969024064800442291154619409875
-0.100617436366519106825355058894,-0.966651483144413578916038177201
0.130311941258272027741617190970,-0.963097999339509411901391986836
0.190977491769281443577454790301,-0.952925262548841785938620575978
-0.198265853409787648121170146643,-0.951435552067481661002774299282
0.245789600615235481096826357487,-0.940278786053605387049287809641
-0.252979824086454312460545085070,-0.938371017759740724209994510481
-0.145302814755265268688055522784,-0.932482526441876449316528921952
0.299778869216161782936732452109,-0.924484498484287393778961645581
0.041456399447456105832548190960,-0.923408188196846740336401908253
-0.014789501334976609861950747051,-0.922571953147345475895186932036
-0.070920154453021358832345589123,-0.918877305068432835809674538810
0.097395494828397134624621277640,-0.917482122735913861083174485215
0.153291572643299392134441675371,-0.911163172760192322646160993210
-0.350783381020649687533315769963,-0.906360843133675273256725556652
-0.294810647050680663060350561344,-0.900761406035863103822982431266
-0.213776986668792630344368223130,-0.897364252943947842945654411178
0.205132274931631010092523730515,-0.889326455283935766216163431414
0.393324495391293263929642366938,-0.888726504438485583266886140870
-0.403721280090377114612419285422,-0.884052083515701173394337731188
0.261096596772982819435891774316,-0.883643557719939702963280182108
0.337400016911988229297416848386,-0.882664050256965725968775409415
-0.160813948014270250911253599271,-0.878411227318342631259409033849
-0.104449631119524916087008426170,-0.873099995120104195458250992219
0.064233246704000000000000000000,-0.871813744419000000000000000000
0.007984576146483833411291010034,-0.871136148120557804212842825682
-0.048296581574867000655295530585,-0.867375124589232558634016923033
0.120283122622444503329046815944,-0.865613827308188246097592833583
0.444083650179862889219210726700,-0.864481734919364374670634076364
-0.454192577325163117668215476341,-0.859213629471152379791871415700
-0.246642425297550952033630000664,-0.851711612411065192506075872534
-0.358469873565037504273475575683,-0.850636355910818299991193028576
-0.302497139595068479800510367063,-0.845036918813006130557449903190
0.172123878672225143214953960558,-0.843777070872427850237679698632
0.228192902194781621320418114770,-0.838018482081758754946072841794
-0.193679386643028572600515376806,-0.832758586785459980819830495204
0.284468467428455207471329906898,-0.832476612277113547791156087346
-0.505072641454733138516268728871,-0.830325589886403293610913573280
-0.137192206969589079868965269775,-0.827359155921549097629431721988
0.400416673584000000000000000000,-0.826771366208000000000000000000
0.340438263426010416941972743072,-0.826494043117876704962025701127
0.512604284917604762320691874653,-0.825697163281051904778091332397
-0.081219083074519640787097433000,-0.821763617939148643396619038742
0.031518351387406342775133001987,-0.820043466973498960046144038605
0.087769479615632667331458232258,-0.819709974939232594859666195260
-0.024612507148292643144467551180,-0.816351941011159286078269450786
0.458551405187811183718546729145,-0.810121963866541988756500051724
-0.397946855047000000000000000000,-0.808402445388000000000000000000
-0.455910229303426189442944104033,-0.802987742945755125565241860538
0.139610181618371434996505641079,-0.797873256784974242912988421844
-0.341136593732591667534253091549,-0.797121329477718166581623345926
0.559517026370128884140620991311,-0.794656942062544061956217747206
0.195574375471129958492748316248,-0.792189098949714506577387735438
-0.285163859762622643061287882930,-0.791521892379905997147880220540
-0.228931821924671942249644712055,-0.788701367849444882800802997013
0.251564115439800555720022677699,-0.786762344659539780786312956843
-0.538668075162298237509230111212,-0.785207439681791864878499290427
0.307508632577468705273552565122,-0.780887683297517772569215835183
-0.173301115033847277587073030681,-0.780327425343930620446960014550
0.363552112444396052551430551683,-0.775210023897065306559669623737
-0.117288403476972777991660274143,-0.774746046809726075991708910690
0.500926306147000000000000000000,-0.770421397013000000000000000000
-0.592854984699847279728077237447,-0.770105139239317671890950197314
0.419524782577727927343711804012,-0.769609948716275544383977056604
-0.061285155980052992729957337004,-0.769161914597167710733018648168
0.051086657719000000000000000000,-0.767058580588000000000000000000
-0.005300840228993334150443749665,-0.763518616634556593465495462585
0.604555329430116914745949124795,-0.760954540050788989417694604407
-0.489505663010991288435905486374,-0.757869592741143696832827577686
0.105578561408274742570073744107,-0.753083196841265550464060956743
-0.430247493927926510176040063081,-0.752930529110660818575476487728
-0.374014148833221202094110806967,-0.751477414061856345083027522703
0.162669653460295402894632089298,-0.746564764288538575279588975777
-0.318046581004581937016729947531,-0.745826573838319432779384652231
0.218664274792330234191022275738,-0.740894292261102114368452195197
-0.262073847034612912543764738911,-0.740227136740507263345641526845
0.549213922446000000000000000000,-0.739347774664000000000000000000
0.274631820475337070103650142179,-0.735243232705069949637166808605
-0.206101108820449935993032067622,-0.734627742068396789193716587234
0.330622481595854340883010373733,-0.729603664076706374166859757793
-0.150124025265633462832637904424,-0.729071955842994058833625170768
-0.643613718345247424496584249102,-0.728217234020226638862992926129
0.386688640141395322904499032167,-0.723936232053558499256949306892
0.648789654316953489448062108602,-0.723609661915561355189593039177
-0.094151291299351843549710247551,-0.723472518708322086271460986595
0.443258201086032115631799702116,-0.718609614728557291750519244520
-0.038178395329622868710301465084,-0.717874701218694771966899639362
-0.530599158279610367065696607517,-0.716690545434017397239430833780
-0.589195157247504683427770044470,-0.713972204994755335251382465650
0.499269029540000000000000000000,-0.713387837860000000000000000000
0.017789172499016396367079394353,-0.712223860995157859663256768890
0.073768340677019691872116284206,-0.706689118545494753360246436215
0.595557313903563841138985195427,-0.705426741963081699389914958923
-0.475971444284383006338908672690,-0.703269908059402124958436383961
0.129793401374773471150680990094,-0.700919910332210766744473150082
-0.350989712187360899733293149545,-0.700153190141508121747208179353
-0.420003886869792104103459553184,-0.697618964693047221841878587369
0.185760956590847504176894152711,-0.695268945191548168378795195213
-0.295022144358721634655912290109,-0.694502349917971209443565308881
-0.684667231985720901745896822327,-0.689760639505673771311031359812
0.241754086500010986094047317772,-0.689599446134136020881556342057
-0.239049410388752610182947081489,-0.688902912820159040009822183494
0.689784321467997290520235547973,-0.684643373022188525871850686105
0.297745669493722705713107950790,-0.683959213484258551234810731215
-0.183076672174589633632214410200,-0.683303518148048565857897243884
0.353759009292853611236078854217,-0.678329872233199566864139440948
-0.127099588619773160471820247002,-0.677747731922645835497805827418
-0.628740994810080888229208118954,-0.673966863159450184906400918101
0.410359151942631493930256649504,-0.672906755131363630260010830360
-0.071126854653491541188892590129,-0.672148294787973862935641643244
0.466458880747114186680247661663,-0.667364778721133994084335030702
-0.015153958683762566349483807661,-0.666550477298346548631080296012
-0.564816634819936429513180171422,-0.663277153084989711560138603122
0.525212420904000000000000000000,-0.662950155902000000000000000000
0.040813609144876698727897051775,-0.660899637074809636327437425540
0.639974731156678665221622784395,-0.658503262905666956523402209984
-0.508849092547686461825603294736,-0.657626059749254361530569933571
0.096792777322879994232933941628,-0.655364894625146530024427092865
-0.383867267287990434293150864963,-0.654509274725646300248612356129
-0.452881526087698055200968913246,-0.651975109867424834210596392656
0.584322806590626732718274236565,-0.650307902268102250434148460518
0.152910205184244433938857002587,-0.649605734880545658182352502657
-0.723427041439797585466780877380,-0.648993277376527528366250840522
-0.327899699459351169215770005527,-0.648858434502109387944969485658
0.208883873631970835329530202071,-0.643950242965898711024547566811
0.728239495934373661839948098018,-0.643588529207532083714643870588
-0.271932131630711904138389146090,-0.643207594278572475641326615186
0.264867935518396621703505126382,-0.638315426913324622479200264667
-0.215959397660742879665423937471,-0.637608157180760306207583489799
0.320882197190721976066176431275,-0.632685421640751743932090414370
-0.159986659446579903114691266182,-0.632008762508649832055658550189
0.376988070935939099621121416096,-0.627097935523106183235807348857
-0.104009575891763429954297102984,-0.626452976283247101695567133723
-0.654755618661162934142857655976,-0.624091618901682457113988039587
0.432957025444240738640197113217,-0.621393293229734981371078707669
-0.048036841925481810671369446111,-0.620853539148575129133402949549
-0.598787991288279442904328671161,-0.618441368452778256679921537268
0.488929936801098875272217147158,-0.615795629599024308546518931436
0.007936054044247164168039336357,-0.615255721658947814828841602317
-0.541726854071715202489114734356,-0.611982293021974119439248288752
0.544901074594343763482048953085,-0.610180259796876518793888834683
0.668594013171138714933244484173,-0.610075612323978781045945659003
0.063903621872886429245420195793,-0.609604881435410902525198731845
-0.416744906505896385390660225025,-0.608865419900023912617330161417
-0.485759174351001510687663535292,-0.606331261557277070782729942266
-0.759892083855000000000000000000,-0.605764074660000000000000000000
0.119882790050889724750457085646,-0.604070138985747796222188399170
-0.360777349091305483155211105518,-0.603214476533669009500772364825
0.612942088605086782429895936342,-0.601880251686414074956691909537
0.176025934265869639561415558993,-0.598292204632009497481357936337
-0.304809781262666218077830246082,-0.597563636310132097197129494353
-0.703675833449139991114566733097,-0.596322693301589996342774165961
0.232003979600400570828043617233,-0.592661719010183919238211206963
-0.248842213434026953000449386645,-0.591912796086595184893486623881
0.720291003137657226060130975829,-0.587900809680280597467974518668
0.288004463215395892056573606867,-0.587041635069817815176479947822
-0.192869479464057928527484178026,-0.586313358988783015459743498495
0.776442100980000148550790090560,-0.584531113108642201991239099077
0.344062755571625728797887949558,-0.581431520744968286000031612122
-0.136896741249894951976751506737,-0.580713964316672541307818558884
0.400032980385870422731766055855,-0.575782900763985678820056370626
-0.080919657695078478816357343539,-0.575158178091269810947727142418
-0.631665837912941707118792218910,-0.572796758838666864993097725217
0.456095036166538194733341722996,-0.570120170604912066106420239309
-0.024946923728796859533429686666,-0.569558740956597838385562958245
-0.575698210540058215880263234095,-0.567146508389762664559031222897
0.512739037595530356790329218219,-0.564029376598694524765237443084
0.031025972240932115305979095802,-0.563960923466970524081001611012
-0.449622554769199840877354847071,-0.563221571589876149189463711027
0.574306655296552425046064872778,-0.560994998392016185403604437169
-0.518636935875030251351174974911,-0.560687494829996828691408297447
-0.794673002230833660973289273345,-0.559494216137842170671273893603
0.086993540069571380383359955238,-0.558310083243433611777358740540
-0.393654988312110726333481336915,-0.557570621706741530138405422226
0.142972708247574675888396845091,-0.552775340793770505474348407866
-0.738865389519073673688924742298,-0.552436524780217877380815956603
-0.337687430897519824098032217408,-0.551919678340386627021847625633
0.630498411752373427817053156989,-0.548437982260113261285015280919
0.199146925928545389672223512261,-0.547003043296907833034671137899
-0.281719863068880559020651357972,-0.546268838116849714718204755161
-0.680586052700918764090501296031,-0.545027833238574404221883851590
0.686481483325766574795888144756,-0.542942862507676585177181908500
0.255140507297399841181112097718,-0.541387927166677111935490890118
-0.225752295240241293943270498535,-0.540617997893312802414561884689
0.808960043262089936176156626996,-0.538630306213512822614605314151
0.745394725789506052394257704081,-0.537560927351213401959597486059
0.311185021596299644788285125150,-0.535787734174034357244421145574
-0.169779561270272269470305289916,-0.535018560795500632980818759303
0.367156300234588749431194512487,-0.530138355130190601979696244174
-0.113806823056109292919572618626,-0.529419166123390158828893819692
0.423170990714610971229246277493,-0.524509777961562426606938008028
-0.057829739501292819759178455429,-0.523863379897987428468802403226
-0.608575919773993480824398095236,-0.521501960620699877461812987316
0.479231131969516904557771231784,-0.518846183877911107360032812994
-0.001857005535011200476250798556,-0.518263942763315455906638219053
-0.482500316293228581540866286690,-0.517577804862595907098142066208
-0.552608292343373264742323474651,-0.515851710197785373811191231593
0.541206442731834723683668510748,-0.515512292095493064237224145549
0.054115890434717774363157983912,-0.512666125273688141602076871820
-0.426532636575414181820175958961,-0.511926773396593766710538971835
-0.827520442872354709415168847037,-0.509655643542389253663737859258
0.110107427787749416554590850384,-0.507026081464743036409345105174
-0.771355991910559026388684215058,-0.506516361451635455605314485844
-0.370565080280691069663160979648,-0.506275818938957525362875489947
0.596641701844771069352637316763,-0.503515562043502715653181925408
0.166086595965752712059627740237,-0.501491339015079930106334772499
-0.715391380102825177009485488290,-0.500836320158217196903782069643
-0.314597522866100167427711860141,-0.500624875572602622246317693355
0.653712055339225445346040078828,-0.497199057648955741795050278930
0.222284138162631727974752693459,-0.495728758852250524805788858321
-0.258629955037460902350331000705,-0.494974035349065709942674822883
-0.657496134561970537796107172357,-0.493733035020607416690599113690
0.710687079151333945331600031339,-0.492165015225475313747241472072
0.838767887921314833077682484730,-0.490925033542069078400904304130
0.278322570586942504107959608842,-0.490132942995639056128852389741
-0.202638313033221103155264912057,-0.489334038701194711892669939555
0.766601903008488139998499954003,-0.485459523547784393675529823977
0.334290547185891958967723480367,-0.484485940950572924450206918533
-0.146665579063252078682299703437,-0.483734601603382542458926814168
0.390294310563329297928673613583,-0.478865232327767349766577375909
-0.090692840849089102131567032148,-0.478135206931272068307001874558
0.446307086911161666485012521692,-0.473235791412150920812749499323
-0.034715757294272628971172868950,-0.472579420705869337946910458092
-0.516713102933548157276585263980,-0.472540787544047563893775328987
-0.584324037691172101037084602104,-0.469392995827724981078384831585
0.502684439781271197966264589333,-0.467716515419942410931959422343
0.021256976672008990311754787923,-0.466979983571197365384746273918
-0.459410398099442922483687398580,-0.466283006669313524619217327016
0.558648666800428151981238026170,-0.462032674824739717208270679067
0.077229872641737965151163570390,-0.461382166081570051080184926686
-0.403442855827192954796110521895,-0.460631913333578174589648657465
-0.801157666810946646384249493694,-0.458807234263885666489298184571
-0.857397094297863880425439589662,-0.457612479130371753998220184928
0.133243959445019907981091215231,-0.455752291408249261266052607573
-0.347475299532469842639095542582,-0.454980958875941933241985175577
-0.745193055003212797005050766925,-0.453127192970467407787765768370
0.619855345431623086881624238603,-0.452276637432345196163216923419
0.189223127623023203486128105084,-0.450217548958586154963042274899
-0.291507742117878940403646423075,-0.449330015509587030125427378984
-0.689243965315988872453390891078,-0.447296240470553431114415457468
0.677067574194343232013766190831,-0.446024646241558811058723860715
0.805937345446405247183035513777,-0.445247291427463226044558426333
0.245464696283865747734898777547,-0.444474857839026457298861181473
-0.235515868184330475001644603618,-0.443690123321693785787742597959
-0.633273373168873888941158657093,-0.441675434604257202091879124250
0.865759119576336778638331819482,-0.441571471789848795030968354332
0.733030071402178962187304637818,-0.440323808570807462090862501067
0.301432652953453094452369689605,-0.438827870136146912783654898905
-0.179501781375950611728764547211,-0.438060248644700936749377441954
0.357428560897211439144385740384,-0.433212815712988308963514315024
-0.123529047405981587255799338591,-0.432460811546888767315634316568
0.413430406759879993184440978367,-0.427591245778355843972389372840
-0.067556309191818610705066667302,-0.426861416874778293163709376957
-0.548535184459605836242718856594,-0.425994163720689099609214330460
0.469797974493946306533059148760,-0.422079006524232176424074030102
-0.011579225637002137544672504104,-0.421305630649375562803617960491
-0.492522554887607933962448863020,-0.420808995226278753432915003448
0.525770347589377713514469346636,-0.416389309811393568923270505704
0.044393508329279481738255152769,-0.415706193514703590241453776318
-0.436352448769032908649772904208,-0.414973829940764040354889576071
0.581862310387280169510224948009,-0.410793750213582197718305677078
0.100366404299008456577663935237,-0.410108376025076275936892429085
-0.380372890562308303055813569526,-0.409328138164860861158495939403
0.156424517566253927741237299319,-0.404498390395025193759124930725
-0.324392631072598670425025077614,-0.403682897892538786990313141756
-0.871113687799797319726946480081,-0.403058325240974872345490419067
-0.807717912105945155130891086200,-0.402938962180754891621286383744
0.643266949116899696085922767005,-0.401060011379710163743691263920
0.772365513840096069371840197592,-0.400111576450486294459891103423
0.212403685744257223246274189172,-0.398963647945362087456114598051
-0.268393423397887085391010457512,-0.398046207987173937995721303819
-0.750898749897421767092941306684,-0.397165190775589879876831505371
0.832898839336634774498722226643,-0.395877477866012587009446619846
0.699940388274320317881253047709,-0.394632671965918441019992664010
0.268576192203430079567162941508,-0.393168767748260698185598133982
-0.212379336527059983575144238772,-0.392416333265200010644450100358
-0.694105715252027844397906794724,-0.391254612804641508441992314219
0.889852816958186547520421986501,-0.390740434122325961408396711813
0.324570663281439077792299746619,-0.387554747333383148125526347808
-0.156364669198329677286814520619,-0.386786720543296947029129517859
-0.637995728443812475277606831688,-0.385621888734771485225984106486
0.380564657093762134400162692830,-0.381938829163576803169330638146
-0.100391935228360652813849311999,-0.381187283445484777595386392472
-0.581927354900514828795556150741,-0.380718984340758416960035022079
0.436914046145955583884817052577,-0.376424655877028403609668244789
-0.044419197014197676263116640710,-0.375587888773374303443461452861
-0.525477235129195822408804362222,-0.374684986992139615344886579514
0.492887057568281763781510640496,-0.370749525836512935232178374619
0.011557886540618796897277522488,-0.370032102547971573083370036396
-0.469464605557197920128534368648,-0.369499818497729269168587252502
0.548983991176229731043456268476,-0.365150385200236049433305503714
0.067532104173713904484076208920,-0.364433334928571921259586567485
-0.413250659744047383389114128893,-0.363684376953523691976492354931
0.605233316458617103171244641136,-0.359614342960681145186346221086
0.123532838271667292020999459207,-0.358848089439106839617162781804
-0.357270284408744635908707242902,-0.358039053236402625482969096820
-0.903816167289444111734375679702,-0.357288810505569271194714133783
-0.839503296231165689142123244571,-0.356527864371098869333485701961
0.739393480969308512110153306068,-0.354535862607991359852760169743
0.179518165336557858499455720490,-0.353205271202033860829512220351
-0.301271067210615873015757610196,-0.352402356471240096607760375732
-0.783492913870034981905875843475,-0.351318477493047124665424261581
0.798992697430597365750840092248,-0.350560655793822224236648558529
0.666167696619928041529887331306,-0.349647052682611671702677904029
0.235497333514561154004492610343,-0.347670528752370754526501887677
-0.245256891740616593964510092665,-0.346772417930680162852428806218
-0.727494379761927241357234570203,-0.345983234140736606063811819329
0.855001665730648613312719466178,-0.344149673840697876529272652155
0.291714830522151369049581564190,-0.341895193047571331968537761548
-0.189242224349439049133194212180,-0.341142805163796020924202176263
-0.670910276404281460380952664558,-0.340004642254484377318103890502
0.910980003889417475569287190667,-0.338606542878164024758917709384
0.347706759477989774024627731454,-0.336280760783971642771986750837
-0.133227556986943514362139955878,-0.335513192457129472304473017683
-0.614320885965654438151244960949,-0.334594420861873036130191729949
0.404037327249970096149922762711,-0.330780138150146565798771843035
-0.077254823016974489762309157474,-0.329913755359317302927977823074
-0.558344309849860865435299242316,-0.329033524330013438452078595837
0.460016083139328995368437883647,-0.325100871048267391771532435301
-0.021282084802811513211576486185,-0.324314360687206828776052883463
-0.502375446104210297148145586907,-0.323395534004899266966489358375
0.516079036871691145096281116055,-0.319500791804582834588456310170
0.034694998752004959948817677013,-0.318758574461804098415961466998
-0.446362816532212394867875593333,-0.318210365510488920790190031363
0.572148770666120138887551844446,-0.313889350923994292569846961896
0.090667732722310480676231143966,-0.313159137367355591259127608015
-0.390148053590483716242007802268,-0.312395292025065456300965512348
-0.872205775720812481149552444192,-0.310758349635693268182709416677
0.705179108892320059588896690159,-0.309120390392228800801402686971
0.628114408699121984186681585561,-0.308219429985894987293216758076
0.146640630801714920765662540187,-0.307561340972533580255281638974
-0.334148720546761838499439775484,-0.306758511815103935100416330795
-0.816216973496241634838705691210,-0.305321928998622382625529565855
0.761214314722629428128835814445,-0.302688472527147269339966729766
0.202656179636729144532997073857,-0.301932150191797428818068933042
-0.278134535553345381589257245350,-0.301128566414746321464467878131
-0.760206591135110927602458290115,-0.300112542120570637957468125475
0.817211647598279536048922901094,-0.297340636076869907228726055370
0.258635347814777097293844558819,-0.296397407742154474988775713621
-0.222119779562995659522560066073,-0.295498889829276173132180882123
-0.704218024348101050033277419006,-0.294673697296362652107680252302
-0.926406387678816649667004176432,-0.293730050705286588009435088466
0.873092204208252793248412866577,-0.290885867541526933769626819671
0.314867639662291705501285352029,-0.290609184791725590044203586815
-0.166105112138052886208519647439,-0.289869277077628546199545676087
-0.647235433926123423254590793819,-0.288977174381585928222311513965
0.929063475592435199389562733164,-0.285271829465107850642558576320
0.371162602499360503093253373377,-0.285134184151386318709217958660
-0.110090444775557351310599801353,-0.284239664370961997637064448285
-0.591218281095636665264465970773,-0.283305335355255639970450634013
0.427140414466552044758117299993,-0.279455596887593630116883506079
-0.054117710802551872180191476190,-0.278640227274520024379604937247
-0.535241793512330873669188982508,-0.277743547718057317293678573529
0.483168945502181630557321897129,-0.273834453109307764743985365168
0.001855027411655914821877039439,-0.273040832602429770885220512358
-0.479272839950646630001039260282,-0.272106449076441031290962515792
0.539265205068000000000000000000,-0.268244811450000000000000000000
0.057832110966472387982271202637,-0.267485046377027040525129095892
-0.423260210378648727720769266709,-0.266921280582030685114663188779
0.595256510641019985022628656105,-0.262561361924613020321187087564
0.113804985956757557835960404866,-0.261885672909657242288840620638
-0.367026489728500918832740334850,-0.261114750603766765918412746323
-0.848950457683462914962170557352,-0.259538325945079814087690712630
0.651931486412498008257993686797,-0.257258195178638926630856448980
0.169778467750130378918702645468,-0.256288139929163760228235424823
-0.311012188889491347072939410638,-0.255484721758610159957123833194
-0.792725420691714781203064628338,-0.254209820934902235578630749899
0.708035917240000000000000000000,-0.252925396940000000000000000000
0.225792389715752546280880906196,-0.250658215029138267847253559267
-0.254997423375724447147307218758,-0.249855038313342331744219954036
-0.736736622837229192160620559225,-0.248773355291229918305509376651
0.763990931601997999171654086793,-0.246504924734305946315647304155
0.281771557893755841981654302591,-0.245123472579475163523949946089
-0.198982667351609496597885501333,-0.244225361743108698407524381947
-0.680571245175164030586791688655,-0.243633218471888135112082938716
0.820499424474000000000000000000,-0.241177518313000000000000000000
-0.941865084653627123330508951998,-0.239643736986137035752453059564
0.338308140361863492510096056999,-0.239473643620846659708906894191
-0.142967999926666723156979492914,-0.238595748991461071532137106689
-0.624131107274926607097615044411,-0.237686846594917182092526255409
0.876998683835352627198027351670,-0.234769559209560427759979060266
0.394273787434702100202218384129,-0.233803811912255041880384764754
-0.086953332568278718584457888679,-0.232966136282941005304935322922
-0.568096738923747692227081481569,-0.232024784154251186323261383801
0.944001172430825037924896151682,-0.231039312862523033992267172996
0.450275047754000000000000000000,-0.228166981463000000000000000000
-0.030980598598309694111462540259,-0.227366699185128835871493479079
-0.512122363304142838382323021231,-0.226441781567769133117030498620
0.506373287043673102277933122700,-0.222585154803538550328221708353
0.024992135371659297242947395583,-0.221767262087316335380172355869
-0.456151276088663832591771792864,-0.220825907655142340908409749767
0.562363040922781777373604901345,-0.216928914107510050340277163720
0.080969223135689821241442907203,-0.216211518271830981939955746357
-0.400138646516665930311501799291,-0.215640739160731994732110422755
-0.881945873870013233484562109032,-0.213979538048982174407291255223
0.618469103828830328580484193561,-0.211321961446245785680964106768
0.136941957105181466562788982452,-0.210612081169246865651889034196
-0.343889958071230427406239970004,-0.209840960547272990775120248723
-0.825428047514369409281784704852,-0.208440411469807870800778838731
0.674440117501701319184058080780,-0.205705354613239919655414369806
0.192914855186690975847673677420,-0.205014284795473641606413533388
-0.287875076711870412630989384046,-0.204211193657206170236875909099
-0.769439139118693533400941177925,-0.203003866843729882510994731497
0.730519076019323611811803172245,-0.201295019539339334769053503009
0.249011010770532151655544718617,-0.199394020138737073999844928787
-0.231860311164338284222630872628,-0.198581510227174857019562170711
-0.713147887279855222714315788781,-0.197706025238743715032308477487
0.787409633191507943792401192684,-0.195359396486503441533351985056
0.305212058593327628990465007560,-0.193987931408596233188653253464
-0.175845555140223333546345346808,-0.192951833656941223740115812549
-0.657169885843445952451160409395,-0.192159494875476852242642211995
0.843373647058560709248584058045,-0.189673466855070659316552403275
0.361401271872213848444983363349,-0.188156266912778374965072147000
-0.119830887719388090430837580240,-0.187322220903440079200007981326
-0.600995361805657960823205409413,-0.186396051360548382735609655896
-0.929956791861376076287382738126,-0.184666530739736143149907236254
0.900014678359729655814411710450,-0.183441548923371404299559714960
0.417394925667466054097738868240,-0.182513957475074228276813702313
-0.063816220356892858923333621791,-0.181692608196773393733000026699
-0.544960212363741600690006726062,-0.180750991797693316300681359941
0.473489913857000000000000000000,-0.176914544923000000000000000000
-0.007843486386923834450338273371,-0.176093171098961224299558182856
0.955789726581000000000000000000,-0.176028033190000000000000000000
-0.488987414997262143750346100422,-0.175152188456236328535085171953
0.529472340895521684969446934822,-0.171294469927679476681959561588
0.048129247053276943364107749574,-0.170493728705516216102541106640
-0.433014744431393341165271428018,-0.169552117598648565765117252167
0.585562378074000000000000000000,-0.165681485899000000000000000000
0.104106335342704667388954439197,-0.164937990183690956260676685529
-0.377002114859395438885001434444,-0.164366949104238219588817925154
-0.858263685174785448419993518772,-0.162766331913464893903019426504
0.641593974247000000000000000000,-0.160026406360000000000000000000
0.160113218906270685760474537574,-0.159315608876041340949740588652
-0.320752845893609492964289943412,-0.158567432445869001054872324627
-0.802141765941348161479661254438,-0.157234457378635517733142820329
0.697835311491000000000000000000,-0.154518082841000000000000000000
0.216092227904690445214209986722,-0.153758943241873460260085814732
-0.264737964500484249706314819304,-0.152937665571038695512219408924
-0.745850403561319563954636407481,-0.151936536791243679237793832334
0.753937777608833556432550278137,-0.150149491291536829986758183909
0.272302705702080125482200122358,-0.148190528157222942226864719379
-0.208723198952952120181444845835,-0.147307982141007381639303493170
-0.689872402124910293691481028095,-0.146390006427976816448127566841
0.810412682795344861985681689893,-0.144025583528486210659092342158
0.328284794182902912287418869002,-0.142685402072326411549292442499
-0.152708442932944700820203434134,-0.141678305568920231407986687186
-0.633901457884723530741044009552,-0.140772707722443721265464617391
-0.961967502517315497595486575078,-0.138410557642340322118445756813
0.866376696662397627441864555255,-0.138339653897053428442292760378
0.384526334789328039256194441869,-0.136862912611561943395849278855
-0.096693775508002230769713313352,-0.136048692817272467628072685103
-0.577848198962229121548137224036,-0.135114592056007022875622930901
-0.905978704662829908553042505965,-0.132974091998668004845324383565
0.440617148689610238582585936107,-0.131265812693547826433901293007
-0.040679112996543386812016052552,-0.130419077921582259351324718772
-0.521823100193710924044487419972,-0.129477463692864232724768000845
0.930005844372000000000000000000,-0.126011368685000000000000000000
0.496607188989545133976520506533,-0.125618446420829044948694647030
0.015293620973425637660979295868,-0.124819640823770089917882874929
-0.465850366220054026006249058299,-0.123878026631916548607033512244
0.552661388729345226836856425587,-0.120044409396535484067721925038
0.071267626405528748517927967737,-0.119219609553914207061915032973
-0.409877632253772406723321401426,-0.118278589497244576044869328071
0.608682116764984629955377602577,-0.114388817420348350597575930725
0.127244835508892093292464259700,-0.113665088432915976101706268661
-0.353865002681774504443051407852,-0.113093421002834229868570001059
-0.834977403601764200617870068358,-0.111560377822292540835383408103
0.664843950713000000000000000000,-0.108789887645000000000000000000
0.183294017322222238505780540318,-0.108057980161503369457707696483
-0.297615733682223330039615378671,-0.107293904359701526330215824452
-0.778553030383974192033356483994,-0.106167127326149314459941921165
0.720836104219000000000000000000,-0.103161275030000000000000000000
0.239401676146278413879043449315,-0.102563530688032162815192658997
-0.241600852289098086654774397085,-0.101664137484871220844810960323
-0.722575028947564921770201104608,-0.100620596962882451670275655673
0.776940827212670474625830775346,-0.098815678333519599112498541012
0.295398342897063616057000280979,-0.096866353571625374689740656712
-0.185586086745673487455302933161,-0.096034454052986389307174367807
-0.666604084707378158819764086065,-0.095003298257349356487612706223
0.833418496240815248956120001824,-0.092693009157064962759103199856
0.351383708405543508869994843894,-0.091394654313881989300892018098
-0.129571330721558841159079167246,-0.090404777482752619836051390963
-0.610631447417584590627544589257,-0.089402894815588211092821810622
-0.938681220944294249793363124665,-0.087204603551167969050809738412
0.889439433787000000000000000000,-0.087013341982000000000000000000
0.407750552234111743382814918612,-0.085614005705032100063361678907
-0.073556668147652758658395744113,-0.084775162542081333246397377176
0.968166535971000000000000000000,-0.084652546980000000000000000000
-0.554658721952293785615652343506,-0.083803372704508927450299204996
-0.882692423089808660750919055552,-0.081768137907495651777688365164
0.463733822901949809282578326070,-0.079970840070487228347994140739
-0.017542014134764358711662536727,-0.079145543811424188796342062670
-0.498685987982324761145491418175,-0.078203935606696757988524082864
0.519790242997000000000000000000,-0.074348614122000000000000000000
0.038431006576617343765362221964,-0.073546236106173105162587698149
-0.442713254012355268271612045304,-0.072604498508889270753955953281
0.575776503237736116451506168676,-0.068760960554348041308367200403
0.094444614490939692112735581902,-0.067958914942394924718241252318
-0.386740520042386243798646836685,-0.067005061411077101320212827896
0.631849366202796584085184982605,-0.063128899381285107699441873023
0.150422361375608425054748909392,-0.062409816132566474242761415578
-0.330727890470388341518376843111,-0.061819892916666755143913500883
-0.811388668044390231171565297914,-0.060493047769806337562182508939
0.687859425342000000000000000000,-0.057442541625000000000000000000
0.206492565408520490591266881763,-0.056812219258059002046119489915
-0.274478621470837166988074956451,-0.056020376273534051662807375851
-0.755415936023917710669002787815,-0.054893591184596505396770451433
0.743850190890000000000000000000,-0.051812555351000000000000000000
0.262469900993144578428886290275,-0.051258972934361718756597068067
-0.218463740081819453928632484411,-0.050390609396850228512681834959
-0.699439706465961020255043534224,-0.049329207268994051115454301771
0.799954492714995539758803538162,-0.047477291625334852735035282652
0.318585758049103533677234139394,-0.045585368800611176535219578289
-0.162448974534287627794178666273,-0.044760925966818777735239071584
-0.643467069176167452062824037415,-0.043728803827232905720663406170
0.856482263268714503180682143968,-0.041386447253463716257100762940
-0.971001768733959646451451909809,-0.041164590144770759311741784273
0.374609342396884544300096155119,-0.040161163611163484747480190867
-0.106434223361209369047761598007,-0.039131247207561485454376083036
-0.587494343710876647050931791665,-0.038129281716153622078140800544
0.915542239105000000000000000000,-0.036632429185000000000000000000
-0.915012970879474057409007840696,-0.035728124501098442038620411025
0.430867178751072039147182665662,-0.034318393633254525028004455117
-0.050419569285873730558042228310,-0.033501628431923262691414721064
-0.531521609740907622580770866334,-0.032529844618341452616365678413
-0.859000909003956384704800645549,-0.030536827135462447665661988913
0.486911700711038810398873528679,-0.028691631650612899328225564685
0.971444419868000000000000000000,-0.028470511696000000000000000000
0.005595384253006405367855403405,-0.027872144862935681079208423386
-0.475548875770938598093950995956,-0.026930407520529283321115634263
0.542922841761224996171524377646,-0.023067399785967373687676996365
0.061603572405590150352201637964,-0.022288721176289883337363059860
-0.419576141800969105233926284843,-0.021330970422721795948054423444
0.598917573343945783459430292907,-0.017489218646892148117779549621
0.117624144343791104603960999777,-0.016654753465342939942517396929
-0.363603407831000080747106414465,-0.015731533324909626652804379295
0.654920879991730724094997945754,-0.011825820571409560381619685176
0.173620909461906677140235250837,-0.011164055229122106831173209010
-0.307590778259002178466836420891,-0.010546364830499280476505052282
-0.788251558356163191400694551012,-0.009219500608653765359383427034
0.710933840004960289796484455489,-0.006130295283810282473462385318
0.229629924802442659843556772572,-0.005504187244537784688094927553
-0.251341509263558534261933043777,-0.004746848185513059330678250488
-0.732278824456522615685490092097,-0.003620062807828911884533512493
0.766922199491000000000000000000,-0.000488247211000000000000000000
0.285611690624818966017803150313,0.000012444215241308128600011628
-0.195326627870433594267508217523,0.000882918689317383059253461263
-0.676302690938409272044814054211,0.001945287158491932875245265767
0.823023949637000000000000000000,0.003840023704000000000000000000
0.341722029856050149901724900886,0.005688538508666187718813223920
-0.139311867173655639070520933655,0.006512604308575855699280090551
-0.620329965473118467032921808460,0.007544809269571216517767871393
0.880585239701726558770051243638,0.009440191145656729677123088726
-0.947715487160938398649328459396,0.010041363946401593755894234129
0.397710480118057157468410634401,0.011128582731284879585367843791
-0.083297124499602338487539752238,0.012142286902674198710806363213
-0.564357231503598014324789878991,0.013144246371867370253988324819
0.936510846737000000000000000000,0.015644937646000000000000000000
0.454045825700365834762686580109,0.016960694726781070181013812615
-0.027282195743386643094109893459,0.017771781728126537596613056129
-0.508384497533628989854628953660,0.018743683469679539715763446950
-0.892107164503000000000000000000,0.019370329132000000000000000000
-0.835863808105317481303728068013,0.020736706055565868775377437423
0.510052923468368183140948330977,0.022582058129348424991637984338
0.028767864164780563835808409338,0.023385408908422766872307780817
-0.452411763563659965367809083282,0.024343120567491709011013491100
0.566028628691147070431209996156,0.028243860033960218179399029011
0.084740598142235678043009436836,0.028984845931402965756484422786
-0.396439029593690472507784372169,0.029942557665299196384074701919
0.622005012147922249028640783555,0.033806695550614082805314363380
0.140743181762738621223438796318,0.034652112124141636925911167581
-0.340466295623721448020964501791,0.035541994763111365679324746069
0.678000692714037256817175046592,0.039473525317096046145963003614
0.196728654448002342526160935071,0.040122714658860214792179936706
-0.284453666051723545740694508218,0.040727163257521711855624073081
-0.765114446846447362497169266292,0.042054027794141520310287579575
0.734042395562939188914922739346,0.045165282808355347219294465006
0.252781688777000000000000000000,0.045771098693000000000000000000
-0.228204397052172674600808776889,0.046526679900654552241257045735
-0.709141712299869398503074530012,0.047653465303036732690407732384
0.790477543484755674267723049601,0.050605096267903973674366829352
0.308767892085019992057544702864,0.051277354025167468099189411154
-0.172189520510084122079768861897,0.052156448964508517406443547151
-0.653165587231693186799872382434,0.053218900257932375027579280343
0.846645654968000000000000000000,0.054906228792000000000000000000
0.364881745322335764145250533765,0.056955580271856973353953446079
-0.116174768310883005199894030933,0.057786138419651133570780793605
-0.597192853262172734091740452965,0.058818337360228528763799733769
0.969954201553000000000000000000,0.060900045527000000000000000000
0.902652148865000000000000000000,0.061194375953000000000000000000
-0.969911574261489277690610185511,0.061729219012268260394037136344
0.420873144062906261374215407983,0.062390572966382725518569602775
-0.060160045547081299973854766879,0.063415829996847898742852934291
-0.541220119292203709621579527634,0.064417774458040698225574855900
0.477187238049316494067564441453,0.068234520996330889276732829050
-0.004109691003801597656347533158,0.069029324275337949605346670966
-0.485247385322234685134759657256,0.070017211555852867520824900049
-0.913903912824000000000000000000,0.071249518047000000000000000000
0.533154105246666684361777805290,0.073892296177393390417302830607
-0.852609778856083822182558732978,0.074438410940045632891110790956
0.051864975810541571024647246939,0.074676968423693218626543113902
-0.429274651352265192274734946143,0.075616648653660354893886110869
0.589121941831631495372851971122,0.079540473926362875769572944697
0.107838136193288759845664000910,0.080276213429895678153333956482
-0.373301917382296167787915075765,0.081216085751472524189136155018
0.645098673063151991337220777761,0.085099808825377096965613486987
0.163870897327492334270041057236,0.085939429528802848846924196962
-0.317329183412447370969297957783,0.086815522850486505589756991112
-0.797950065676720944286450754423,0.087728121209087003992844803041
0.701101426291749351263278008015,0.090763453685703118501288902612
0.219863882218967730185821093634,0.091397093054612917101386504165
-0.261316553840337686079570241330,0.092000691343689323427559369304
-0.741977331676435376851579433594,0.093327558003850882887239697688
0.757146412592502516239413757564,0.096454353514180116717017689424
0.275930531958891780584590286185,0.097040243726634700621420003033
-0.205067289691823202413069421263,0.097800210175845686588447131622
-0.686004597414441931354625551750,0.098926992182546496773579052137
0.813134615258616190736714038997,0.102092548550177687197285186535
0.331924214041915004098927605072,0.102542209406938531102277004648
-0.149052421648477091204199022081,0.103429983074744201429325724056
-0.630028472637064878040382453519,0.104492430062246017352292765474
0.936501227337000000000000000000,0.106139580166000000000000000000
0.869218056326054262207937318407,0.106445510980578431212601918756
0.388022591715887805812927058627,0.108227579211533451710842483309
-0.093037689348591453242907451887,0.109059681520862615255636014858
-0.574055738667095853570221528189,0.110091867160058186814067887605
0.444012661593110434521897504919,0.113663015587684212763689448589
-0.036988815798240572631746068970,0.114673948922650453455648232524
-0.518083004697126829083401657810,0.115691304257870356109317931755
-0.964715529470240950787789125798,0.117740840685030250624995369010
0.500285934501545516503077225932,0.119544693212453994535088330208
-0.885445400367377121131014123277,0.120112502106180206915910436318
0.018983799450938012040742709499,0.120322514296062241623924987246
-0.462110270727157336223376946698,0.121290741355677843482379142574
0.556253884244522939817202947185,0.125191749565354409619232263101
0.074963269091803361483432802022,0.125967995820091665026052474338
-0.406137536757188311736557076320,0.126890178453490012777629186723
0.612222288623057675575996122947,0.130834298209902667344287989449
0.130956355576767384072748022136,0.131558262691041948977064751094
-0.350164802787339530762640626400,0.132489615552504152564030529490
-0.830785687188014818582600609090,0.133402212375223944385256772247
0.668199406640864085783323739183,0.136389737193984169320939385985
0.187018152293409741963356377097,0.137208379502720702345772912839
-0.294192164937070185932869538113,0.138090013392646856035484019974
-0.774812953187728991700300203759,0.139001649169985229807760210257
0.724204913593433802130194128505,0.142052141701543267240105104832
0.243021409121718334992172868412,0.142661404145601563509591849830
-0.238179446479988213891830885703,0.143274221618880457774749455191
-0.718840219187443424265428882930,0.144601085964749108702155104904
0.780269567194686691657577857483,0.147745470249022805536796815256
0.299061938271703782746606273258,0.148317745106620071502035241693
-0.181930190830216171537499581447,0.149073744286081370611329308528
-0.662867484925449978768475001086,0.150200520143444722588494459353
0.903062594079000000000000000000,0.151390372540000000000000000000
0.355065291617735185165172276826,0.153813947943047797052613212832
-0.125915342695956050044115783608,0.154703526168917900267190625074
0.840763318262638787331631735906,0.155005323577119361952643290140
-0.606891360178215967272249795655,0.155765958326317265674274410805
0.958984852057000000000000000000,0.157717015531000000000000000000
-0.926273668038653884962815469563,0.158808150477125695208279365732
0.411102487076898125142161352569,0.159530511993301167764765982706
-0.069867663598890891306671810190,0.160318344815396749829260279148
-0.550918626208246942785429925276,0.161365395424129434969524454954
0.467094989338002510937058842239,0.164961229881776994876449853154
-0.013898683046976975238334830632,0.165968650534164909521874241163
-0.494945892238277449925405214164,0.166964832521936922342585665774
0.523388296217956517732269582596,0.170844583272668887160009990679
0.042070150331970873010756437502,0.171618918135738106428413825513
-0.438973158268308425438585343786,0.172564269619749091637835709923
-0.870812185464000000000000000000,0.176390343354000000000000000000
0.579356697161241878524960761640,0.176487165991330076444744654369
0.098071539325147328279566688455,0.177254529049664013769227417176
-0.383000424298459671027515289784,0.178163706718763496950058400413
0.635325540532533778863827953413,0.182125358570967124406358260413
0.154100901617450491092553762663,0.182828435622835142572889431016
-0.327027786448195502434149926964,0.183764104558957933818680031607
-0.807648574699020490260193513850,0.184675740336121098152290984885
0.691302893942548536650239859674,0.187678425209824318059755588205
0.210119456068978200234598377960,0.188498051053181873696493745987
-0.271055226290143121741191996130,0.189365278832133766170015222306
-0.751679493408683336818509844239,0.190311570656571773402912642896
0.747318444424921027055514040627,0.193336304328880461918011161671
0.266151622322444763776182833819,0.193938044842650160400680614504
-0.215042347618381183016261045887,0.194547755729116141797631632096
-0.695703106976052975370731709007,0.195874614050914649388467664600
0.804884489844642759929022409354,0.198329800668450542187879450660
0.322134278857740713912035630668,0.199626383080913728269356242300
-0.158793111877695130377416342974,0.200347287380255069449194209546
-0.639730372714059529873777827164,0.201474048229610263274807019049
0.925543599259504225120526161146,0.202959149510599749430256062458
0.867059941169000000000000000000,0.204776670573000000000000000000
0.378124798658979726781072990119,0.205122424619909613311815942561
-0.102746217812229569355735977042,0.205962596546828246784008891065
-0.583754247966825983743757722095,0.207039486412487486925871120079
-0.948840359805339979114148298509,0.210335279900301032936185382119
0.434194735853939499446773190828,0.210824261030630372471183026680
-0.046778636376525652637168552967,0.211613544087743808680316282537
-0.527781513996856490883733010982,0.212638923510294974298932330899
0.490188297383783892346505793841,0.216254502027234126714250988207
0.009188959174227639509828975738,0.217264473176471072313826611403
-0.471808780026887466396913140604,0.218238360608107143594182375048
0.546500028223085527567823574874,0.222146700219987495228912369743
0.065156527323520326488421846580,0.222915310224162176873805450896
-0.415836046057038711985843086602,0.223837797707121548906405065538
0.602468882320135457931015474126,0.227784786326851843741845436354
0.121218861769445812467580283120,0.228523448557929011035852009810
-0.359863408227493305074443622729,0.229438195754387653854302581496
-0.840356168508170235388621230997,0.230441600440580501042239893507
-0.896603097251718692287952236264,0.231205570861121747805180602943
0.658438477266947951397444011624,0.233415513222646112186552149710
0.177191595857178345294754812331,0.234122884478561026616892150225
-0.303890848060572383072396981393,0.235039369938940111589217516174
-0.784672630037300837885111457880,0.238419331148525421527276432799
0.714416424774035761575559771795,0.238962587837161512737661645045
0.233188398079205005348451804817,0.239802286340476356608844749376
-0.247918534237060977207798432398,0.240643005288214147580470087275
-0.728508827168296586349068297427,0.241570186774686253055693359999
0.770447560932927361997962506531,0.244613439715369715413471633709
0.289209485656180624697800116092,0.245247260217356865534774114209
-0.191905268665860141856177807414,0.245821298823289840635496533114
-0.672571173317261448475866317106,0.247509843795681099284651867659
0.826461871487850486511894623417,0.250278980116336355649830014941
0.345215342326943424870711524985,0.250925887748125566308933069990
-0.135624036518784003024870454971,0.251606380143377367778723246377
-0.616562121190006336917525057903,0.252733513357559915570506060105
0.401217351043949861346605188629,0.256416036973034926333749098768
-0.079656495184869200025993116313,0.257257482772229333298607085490
0.936993754896407480691230079607,0.258033990003588463278711169366
-0.560589387220036844057500346791,0.258332950455367402943567270924
0.457291565654780437434888073317,0.262115947462607489893109255975
-0.023688939357483017803924424134,0.262908441858410240844690623933
0.881045857673705745694870996154,0.263876373099832927249963811400
-0.504615637368418416921709464045,0.263933116929349478623081537579
0.513285523576174204056675310946,0.267546009960836922139671895422
0.032278617753446691969331917473,0.268559388232257796654815687246
-0.448642913585376558001556986988,0.269533122899189604175496129231
0.569626166231813688379983228201,0.273453776285325525382983055163
0.088301585161660036735220759411,0.274185252115629609314483678043
-0.932233901375701804957805936287,0.274734256131453857534702120192
-0.392670254145289853865697657543,0.275133304957779514519854770567
0.625595761178626181846411765699,0.279084503181119793827689768519
0.144292019943246482634920364739,0.279825787839603632203248010705
-0.336697692925493718962361813822,0.280734468620934999977598003697
-0.876343389124126972973461871852,0.283682659866420751646523327134
0.681565601160503820305978943669,0.284712793888634013291268461619
-0.820106774738510106506828459617,0.285003207604561887650711623668
0.200269035557158379147677197041,0.285423297934780509671814116401
-0.280725750223825645498048305079,0.286341809709763612249668505615
0.737545541282042096518008237699,0.290239723223650766233122117082
-0.764153679570280382704014381307,0.290795597869409992472967275984
0.256257365136284411632251186873,0.291106510365449823491327080540
-0.224753588711552460884584491341,0.291946966222233533369591992580
-0.708030361473732307206326616008,0.294600043915677289130889764725
0.793553790756785503040002960768,0.295900892247273931080356998627
0.312288965395293592719590205971,0.296546755915240227546928872279
-0.168736193306949014503631919411,0.297080391586412138965025569946
-0.651109315762240926725591267853,0.299506856346146804996298393161
0.368297806347296868922152532662,0.302224328618629280369114804547
-0.112781123554138501090923272285,0.303011651966167197351684213289
-0.594893877435288765386878511677,0.304644859482192654856730396458
0.424305968679317683041844570647,0.307711420581826288793633906877
-0.056728759441661138454126859131,0.308624978112910477299935489308
-0.538638353334068112716393058632,0.310125351010104504833095062761
0.920495387241252221758281420771,0.311812765027094629414647207988
0.480391634480212606215862218919,0.313406175227217547471242016718
-0.000703934659369116595588041423,0.314250337060213625879540874054
-0.482251940407622363887658370332,0.315548673713433101859948227983
0.864547437729183974480668036907,0.317654647367602860938273817279
0.536386744596489052819199374933,0.318835718784887024555864340935
0.055387692033961518237844976508,0.319845559173193987064743526803
-0.425914680237822219263748885932,0.320989654925903699943790864012
0.592731996225484282471084462765,0.324745205770958676639231075627
0.111378599697778485736753271198,0.325485856829268778733586473945
-0.369827349332289132989418985710,0.326538580402907401344986017176
-0.914777389305410250395736027659,0.328209211299504674942112076245
0.648701978013609501094373375691,0.330372086125312314100244139422
0.167367351614530354637613397946,0.331127149538349241896124882679
-0.313854742507066365427293568999,0.332139723800406185594658294880
0.704671824224102948937571896120,0.336000314892783639786439706615
0.223340085724419959626531210112,0.336726585237496102432247459157
-0.859261163464058522593405469724,0.337278351954346797537912298618
-0.257882799805398291962980071322,0.337747064889234797866728801717
-0.803024583716032122574595444755,0.338600373939469028674042474530
0.760651771105900237560048691936,0.341527175755554981900007482000
0.279326341874529812956166738478,0.342410730037281614507247077774
-0.201911057929699573117687980093,0.343356410241897087318867298141
-0.747071331926239432098689661110,0.344391251077981003843638676700
-0.683741471694837175238525379088,0.345338101399128142553783533626
0.816669363181401513845492686337,0.347184134689299878326573589731
0.335365306754235826723158281701,0.347847663444940437038309411276
-0.145893280342303512569684736725,0.348485663409201968537986536857
-0.627490280125702484233735894274,0.350560179445482921105563924378
0.391381269306635736546425681109,0.353522032092470193139045376953
-0.089606964180916859021219930350,0.354268446454603587196516046949
-0.571482135851802889376167055471,0.355793574030198236271212291099
0.447397953612381049509199169651,0.359005288399884755345066711034
-0.033602218500627154453993818615,0.359903275159399438598423113782
-0.515113250971993434532754143567,0.361222026075505658182151731902
0.900904615709477742346066534499,0.364568007043436603596222748852
0.503493264497858491730807935894,0.364695699834227526318033436289
0.022454789660877790345700171564,0.365514107227302234187739080377
-0.458757033093604911840463321041,0.366659239883169558798076487261
0.559489197644395774548380011929,0.370124872677835434016212608751
0.078474428046834615266975552499,0.371141789679510803329832455579
-0.402664365854910122339898589371,0.372211950120291762813577001979
0.615847190485076070366895915768,0.376032928936344467427233063551
0.134459682059126506109656074463,0.376784631482411799530304602271
-0.346691773406693305102868471248,0.377812801708318469611020182365
0.671817071698501194892236172180,0.381660809606753255689294957831
-0.893607468089000000000000000000,0.382043763840000000000000000000
0.190436166823313426987920907780,0.382431441841706262043446991412
-0.290711961879364717986700091453,0.383425799125272074376862547636
0.727784304023683283997907942878,0.387314971767884877280908768307
0.246408900933203031976838719946,0.388030877540853122579569567890
-0.234717100946801372551069990024,0.389051751201839008144874825464
-0.837628260882750494673981481857,0.389204435667572427473792650345
-0.780742460863000000000000000000,0.390333461706000000000000000000
-0.716102814402506481340985611798,0.391351357192293870773601393324
0.851458152104185992986427754621,0.391388668497171073668891498448
0.783767343530516248365538417506,0.392810418197580929146224073104
0.302397163444471567418010537501,0.393714120139429736017888214500
-0.178741844739303544112111709025,0.394667513045650405028919984047
-0.660078704126100961946847913734,0.396410972950672469138007292278
0.358441109043498593412165807472,0.399148813457314768001184760805
-0.122719120969081870499981394791,0.399742457897638358382818370518
-0.604035138346978105842158996805,0.401705741452878998929775674029
0.414468220803570833513973989533,0.404818165615996562787507387995
-0.066486794234597830159537483319,0.405549616347056371564264526959
-0.547964678842574893214326198257,0.406893768351789544245337830996
0.470481973792394755126528811500,0.410302741126253143391403742115
-0.010452238697757001404869004938,0.411170994818186521728889771076
-0.491603606072989737939620836404,0.412325814982083113932460110822
0.526599688816743804757657069333,0.415983064741004565370763109398
0.045575376070306523508481885234,0.416795089354884569739760403918
-0.435506434165935253380212614941,0.417881405918880368924637034656
0.582601584970879427185327650116,0.421409550662160122542862466654
0.101552857228604624021616558142,0.422441758006862683342773721425
-0.379534701252694324206245766394,0.423490840700932982238740726679
0.639003675632909222790707558892,0.427350870698065804376159861322
0.157538507495218894168607159333,0.428084421544123110162177207317
-0.323561899003791678791657252053,0.429089595231229744737382331256
0.694937288425000000000000000000,0.433410008599000000000000000000
0.213507313766758733502553380896,0.433734685624134229026387236221
-0.267570297294438169444057345995,0.434713202488771443869455607284
-0.868458485664566582398044735512,0.436255449299458964417893439637
-0.749756062553000000000000000000,0.437339968411000000000000000000
0.751016627563846491136881286744,0.438545429376718102186188345408
-0.810933636138447850077598695554,0.438719056272461894084502074814
0.269480047876648338491471193062,0.439334121323281089562509812700
-0.211592388395992465056899944519,0.440330872814126211525301766241
-0.692482325182511756091075547505,0.442404007788451878069056864951
0.807096302859475536736899517849,0.443996942796473584884068451303
0.325485864121515684873674840839,0.445009466370166321952296984700
-0.155623279735618808198002649306,0.445966431317820950340063381723
0.863297890423127235409123485995,0.446380679193491989014675599849
-0.636476371717330259175109012228,0.447660795813587021357851302435
0.381520012654765972189825805153,0.450448568349391095585114640043
-0.099598951022762841638298947759,0.451023627790091142750566850527
-0.580466033674027145035252149227,0.452870659166899797163737430169
0.437563828517844863215922230314,0.456110402340413694516577910097
-0.043342653606763762196167888313,0.456819972289689732963780989647
-0.524447733147983181493729797212,0.457994197988759368017143347234
0.493615607278461575918196908806,0.461577838840617447020454050893
0.012686156161149766224389960688,0.462443944092034582932622058474
-0.468352701091757283972859422091,0.463547842093853880137326951125
0.549696428052071234859966642566,0.467274791954860076566681801791
0.068653775208779269631918573382,0.468095071197869855257021325696
-0.412378264790206683268609973505,0.469159221206953427462446686438
0.605690886005997722632885619699,0.472704626659715334003347496457
0.124632589719595287053920898599,0.473741139991732535048562580674
-0.356414596036019918133849583085,0.474848546602546434407106103041
0.180625010124040812334636748028,0.479380757088240471836313374282
-0.300433840203047799861377291069,0.480367207695097572233918806065
0.666875180359000000000000000000,0.482241529429000000000000000000
0.236595772762458061465838574719,0.485030140638094192355737375086
-0.841763860920263937801661949209,0.485770069904348431028602864106
-0.244430366826466303926687345917,0.486003269472118820920356463429
-0.781446941998405499278399494406,0.486623497742714646129881007578
0.723774987531306363878897301686,0.487761216399001782172510297828
-0.725215582386656533859708502226,0.488151516099753200442212824878
0.292568506872347666454756386885,0.490629576337241052891859951564
-0.188453551893000000000000000000,0.491645063094000000000000000000
0.779767033708357340296625368464,0.493164123837804588329096281462
-0.669240144772016047614606425287,0.493723861004258892742987305775
0.835962548402616170650497166720,0.495686973839810145180507036739
0.348576602817645469239187362737,0.496303895213388020774761311752
-0.132483796343505017185654888153,0.497286233028182447697820203916
-0.613225079202070539289619944974,0.498882647012612490496584908365
0.404616655628577005214586942140,0.501740338909838558097115178402
-0.076454810394928773674929352753,0.502293983732724504150083313216
-0.557216604495399818847736338569,0.504112504077342435628858919793
0.460647904201017560205049742899,0.507407830090144328983236624552
-0.020195268729513835617804224395,0.508088863610155606318888036033
-0.501196480555747164890300520559,0.509216067310147058660325274139
0.516630649161134279378842532420,0.512906276290281749685558346422
0.035772221066690753469688969663,0.513740476636276092994297866505
-0.445224747640693241546279444004,0.514825502074109359925613432998
0.572810956382603025270161414492,0.518558505002399085701895795296
0.091739756111859248797897098539,0.519391641547435196069789061670
-0.389261078886506476411519053585,0.520514827469702366870272849601
0.628800168376613425324390940026,0.523990703836668825872426466433
0.147726977674836001355241741110,0.525033925925605459951041806511
-0.333296214621799464295132440131,0.526192380791178055644775306317
0.203716099399638968747098038019,0.530675028112903990002689133457
-0.277309116609983493845542976375,0.531646324327793719083615616612
0.690751346122146557649229285831,0.533299549174417542766861614813
-0.812208367210417548611054384867,0.533719520534571168327046369873
0.259686810308918592916519336677,0.536324434949579066916806081908
-0.221309017333052162091286371695,0.537305495108529732115780118139
-0.702160992745974285734213301814,0.539462202514817132336860745389
0.749585834975860261659849360453,0.540634071035529553732896063484
0.315659544418808197905437148843,0.541923870648725927452928658386
-0.165331121252655804377444349530,0.542954810879128120108068326220
0.805770385460442997385567731250,0.543390324059229199109217301458
-0.646185770492153788148260949022,0.545036710342480315041114337656
0.371652090940935013990160824774,0.547605186539798145806086356044
-0.757775304436156611300445973656,0.547909035004722983661176696649
-0.109362036223000000000000000000,0.548634438024000000000000000000
-0.590170506466104407852119547969,0.550193341023192065647342539684
0.427657822398536517084128733706,0.553057054293465685917126412285
-0.053307425517678847096565688835,0.553562875053190377505190359601
-0.534162031759433687410235941563,0.555423198087922010779616551113
0.483832907175581861365231953261,0.558659720601175471520326522532
0.002881224522068505891802678055,0.559389702814743226913785995910
-0.478141907819781033452800123554,0.560526761320726633811082905458
0.539850327065351319497058984277,0.564142466643485163137169420998
0.058848714318273094979295872113,0.565041315840863713589195826383
-0.422170174904727110108779046999,0.566136196084688935076371064317
0.596171546718099291523417667585,0.569812900341755985849758935962
0.114847047659561909916918053858,0.570678615734013494519029721377
-0.366212024150968754488376809478,0.571879540763961870588396958544
0.652832876202015993659127476646,0.574850605512390867291575954454
0.170829186805270472470539090860,0.576323189686932252072250524384
-0.310241709079023086513490244980,0.577503104992492665780879387522
0.226796758332442282926361487931,0.581973993279005402695574859471
-0.254254611067207116063900781223,0.582957048529108329219719697817
0.714254614403676432141077762095,0.584406271080363646033590416051
0.282764328208136398691194581602,0.587624813227877964410069127454
-0.198260405442800274259685637784,0.588618866989724782460535542904
0.338737062318026003680112393768,0.593224248927024824946191703933
0.769808836525491506353967726950,0.593239676331189184569561108612
-0.142286196415496204876890007874,0.594269838728043335991508277442
-0.701479099693000000000000000000,0.595871759942000000000000000000
-0.623500676666941389536416193493,0.596511822406725399754337420324
0.394727851517002755991107782383,0.598906355315190362142711363823
-0.086308316209000000000000000000,0.599974851672000000000000000000
-0.567482451464841389516534223478,0.601667147994747450136540475357
-0.761358167722949034725756569799,0.604046934275656114601447114006
0.450809543527818572520876363902,0.604323987619316515371903068604
-0.030230932266096505586958786385,0.604863714257777998100088319479
-0.511473976758170669074650617072,0.606897005059477395268814486786
0.506772328629159627706471481426,0.610021998464023568527703056788
0.025919056108272432988284134008,0.610707915563152384758493558732
-0.455453852818518015117214799063,0.612000568292282018300280841131
0.562755096974233739832207889338,0.615520206563672718656753460958
0.081961294536077414293928404112,0.616325906894715746867622694245
-0.399295023111023604229176202073,0.617527129860018439584511270828
0.620134027200544219874157532856,0.620705927103913937065941667066
0.137928927067903128219420729956,0.621977031760866343261457107756
-0.343203421528645439061656542710,0.623210865013909837565108250175
0.676336144483545868150975952910,0.625957327418336970558304755691
0.193903285422623796852026290261,0.627625105995018960480010257420
-0.287220263903868760288575673538,0.628828670804596901712462209173
0.249870856949795607307848687333,0.633275909587092111103334592506
-0.231229438377772283124665398673,0.634280942248378926509064669742
-0.662806322954000000000000000000,0.636788654911000000000000000000
0.733620618000000000000000000000,0.637434940749000000000000000000
0.305839232001681893119437626890,0.638926367383711287585014182887
-0.175250216839598954427372548212,0.639949480314819424812031522035
0.361811966111571498108355439056,0.644525803082858148121136759366
-0.119282977793323590729389982281,0.645603575947398509498637281022
-0.725133169952826012469277466982,0.647082386875110225918498992211
0.417804653475283432592733216393,0.650207055654109446837692429030
-0.063422171909464284530624305476,0.652227095396382491951982182533
-0.605834856386663852604869557455,0.652827140056427544791371218617
-0.549625092226106289605527766493,0.655009582930772274749843866119
0.473856313935933564071212796156,0.655638186605960696521378339939
-0.007313059932910693369647670803,0.656235610967993748683927211800
-0.488160565514175270077470558161,0.658090613059437980820427832953
0.530272892131066741647495992415,0.661446310387226246487929134099
0.049080823422430058144404318768,0.661970310930225303396390154167
-0.432140441574522616120034740151,0.663194176292242603851894187299
0.587035176884446003217961333119,0.666262480492212681258853838592
0.105048304097130566914787883976,0.667622014285171017931813712194
-0.376168720554407132605481234474,0.668805534417347580517096614631
0.161015838737055876915455473954,0.673273183209742293070998416582
-0.320149306892575327572271659966,0.674521764852367333014755585895
0.695487685553663737507923691183,0.678848906318241897268601761835
0.216983375924083473529347702076,0.678924326908495905526005785866
-0.264158098638204071135186480163,0.680135952716080467451556849245
0.272950947451255283985170099147,0.684575130500569056149330120952
-0.208147369576562701429755364236,0.685579273056910180569647580400
0.639696794174534802613524360280,0.686037583735369212958314784568
-0.686482756606643211028774923961,0.687953479251684820521427273067
0.328918517316596587370367665754,0.690225950551979258453883017329
-0.152120068076092971158566622077,0.691276611161258911454241351235
0.384891251426486192359285477920,0.695825386251126118990005593807
-0.096228330453431221645439797402,0.697922353415933981232796315057
0.440854390218534805725935635781,0.701519922266218413523924262695
-0.040251996904031566339988673030,0.703485691105813515139668571504
-0.521250340861606489801335389681,0.703580913249058764018304869886
-0.632968489330653932845464379939,0.705289551163566797304600304375
0.496840862436031910555274532086,0.706980286038413849884591848194
0.015968086543402162355002736596,0.707443899971179014874569100852
-0.465132912238993458692293447399,0.709452995901799344064432346837
-0.577008746743495831640266231229,0.711017365185013679416540402498
0.072085175119404166691140707157,0.713303540391142760991873831512
-0.409108925999429584078335248005,0.714515223964708592231705478253
0.128097653945835766749898220748,0.718935054688535084653667225994
-0.353137394393278390939256997066,0.720126667093322166622099759965
0.574255767147506384960491362879,0.721043748555855498312588365026
0.184065794618196762234693193338,0.724585951384561494446429684817
-0.297115560836266393458791199914,0.725841811486199927251304228636
0.240033332468272447631114884423,0.730237094785470535242094545670
-0.241145245335012838037388578040,0.731465371441905523432808312183
0.296000903995444258086937281495,0.735887898377543685865418880757
-0.185158143751614489110824299695,0.736919278314553208478769573803
0.628630102169548066794772224701,0.741190362196223224795755511835
0.351968473860785561472134848102,0.741538718428953888169971777134
-0.129284872527878283940446016737,0.743436809031327105180339168981
0.407941207970675166461052660268,0.747138154128100748706094353612
0.528361823222890124323959539314,0.753571376119658207681961809238
-0.498256355410306301311812165282,0.754918786957955929725736624801
0.466391721189000000000000000000,0.756619004981000000000000000000
-0.609957320284057976818699352019,0.756621717674120263186194666089
-0.022675429509703536352105943370,0.756921305844655290048926100195
0.033434699740178347341206944737,0.760915556643845175887164770063
-0.442225151916457402002855152755,0.760935675675103721307508206500
-0.554005379487470523730855882145,0.762425248063499831805472952750
0.093435633848193556199367399583,0.765346393463928274136589300233
-0.386191391152736489701245534954,0.765887271232029828404167130425
-0.078070334625542015634830743842,0.766704205777320012849892810068
0.149403298974158005505381724176,0.770996269943390665405490837040
-0.330068848757135272664529529387,0.771431080608325550357583354014
0.584694945201456687282812988690,0.776318735714996493816795493973
0.205370836164888743625319266984,0.776647413605469275121935331464
-0.273437652646525957758193398232,0.777525126911432427652445557648
0.261338373354708086604564947792,0.782298557276574118188853396921
-0.216168593943998345875853670849,0.783851704447781816402789352560
0.317305944881879897060387344863,0.787949360868647268812177732007
-0.160314898267812901204263647514,0.790534916489707683973390255431
0.373273514747221200445584911470,0.793600180920057471116730628384
0.429246248857110805434502723636,0.799199616619204331652853204862
-0.475439049001578677411575969668,0.806335429906864183632121777789
0.002174716669014675097067192554,0.807682148376361243297027357119
0.538801001276840426646281165125,0.808846363278799203186168938185
0.059934587195554322359060421420,0.810534672000103660812686892762
-0.109038109569440364733695505236,0.813664801588162757768374130666
-0.531184477657684468083257631443,0.813868545320310263494084012510
-0.419497102046000000000000000000,0.814281646122000000000000000000
0.482984012186179078452530802737,0.815829512477998057753258427986
0.116525368471763425975024276468,0.816641274289390753476213089215
-0.362914896129444085440603310102,0.817097674699644917079857908294
-0.053004386760496576225339425606,0.818616826634114382350653194543
0.172493033597727875281038601061,0.822291150768853144745114626022
-0.306943441855894764413901009375,0.822709889092311773295842546289
0.228460570787547218260284281869,0.827942294439957987812032691478
-0.249927141966654028838665571224,0.828847938504504048273098067176
-0.193021124847816689202121426363,0.836301753684151580602218823230
0.284081732141914007245965614296,0.836343904611631867000355293563
0.340255753899353104022969418062,0.839306998177491462142628839480
0.396223323764694407408166984669,0.844957818228901664447181735857
-0.455047208073977570698370427722,0.858761315378343747355077960939
0.025273432895108506930802581252,0.858972985302577109918903884106
-0.141744336149444152731553284085,0.859431638782606654397202698465
0.450016271805633345587906053398,0.861408331441264469474112198240
0.083024321819124192134717298306,0.861829552825566140152310681744
0.139539901378551844560632663715,0.868738586821791123410275095534
-0.086280814769371334121601642880,0.868817715705767091840322495726
-0.029938966793631416066066150827,0.869922645462366383612699723610
-0.349620298990943007043769491538,0.871756199476757576543224560985
0.195582768213025100104353106078,0.873586031598039449415250355460
-0.283615391926393392630108719313,0.873896828152700709632269037234
-0.227757784098903578823716891958,0.880547263602776760465387710602
0.251218892111321324511862207127,0.881998415768898184674439588087
-0.404600648288545893183989686950,0.883649972427291708308908826872
0.318502914083357349308595355254,0.891182952181489396734040585620
0.374470483948698652693792921861,0.896833772232899599038593481997
-0.176480995400531042353148749681,0.903677148701231834260371585837
0.045881526976004649336258793304,0.911314241518283405683208019896
-0.121209989137367026975962515510,0.914137383428166203906011551022
0.102027100717872384944992689352,0.914774760710799436139025239905
-0.318094029473263368292857239249,0.918343697522734495044831059389
-0.065383559984468325050345614036,0.921044658717429075314599737239
-0.009162388550740362793066004570,0.922910275640768512257137033812
0.172214678624742779433002155639,0.924754703975572276727998497363
0.278795097721143554077401864137,0.931027524755806039328563969991
-0.264429686088155481356679476368,0.935209013794020573134118515331
0.224462748908161365123325083871,0.945597923389670264688796311630
-0.209879476621463830894354551133,0.948941285675444425914737131137
-0.154441498147780881423929279646,0.959524247747879483323203050619
0.130972083198875100257928981995,0.963008448451420362634885535628
-0.097926420926959446077371895436,0.966927802087984731566195357421
0.075037063086240990089972833388,0.968972856962286896097137394383
-0.038316421529000000000000000000,0.971094020349000000000000000000
0.018850661254583088867760002974,0.971691108808004875982129188109
