0.018037117701000000000000000000,-0.971749706325000000000000000000
-0.040150832189561447093986921630,-0.971109674460195491259545584727
0.076190955584261153577644500966,-0.968948413200031166140072157578
-0.101053681217388767388280063410,-0.966671734700107777757561483095
0.162644042982286972522468685290,-0.958234316040746463242775587837
-0.191367705856174450548794590535,-0.952913684606872398215354230785
0.217308261481814980228965133213,-0.945529010420020362760565943329
-0.246048490797647763988711288809,-0.940279867556410584699794809852
0.278387471361138622289498361059,-0.931217753774514551515843802185
0.115065071197929998396993647770,-0.928471200964807969579719903193
-0.141300345824807281335364290470,-0.927558980219527401911097269120
-0.299908927974912673656233736503,-0.924511072987576406327028032502
-0.011246644542414654755165944355,-0.923004066559050316265016649825
0.044871190012307880564908103034,-0.922379390667900595543404006001
-0.067354912727423272068513462368,-0.921794183771610097959927273897
0.333557797316130310990579164236,-0.912910337878431803646450065451
-0.202524866457000000000000000000,-0.897853916026000000000000000000
0.237231373532196492331313144707,-0.893063105478733613879781796004
-0.388134584350882881012695423072,-0.891076670992159107728404732112
-0.259161116416770203372231362379,-0.885676483679319175511044904956
-0.333248654959731474464153238876,-0.879366148802703314608729790775
0.290852317143274487703282414326,-0.876498203386122615850086304388
0.016119049115117529802723922855,-0.874006919849039772234289725681
0.128355360726059574493034917529,-0.873946254570165052505038842507
0.184476664756512916689909451631,-0.873917811616454856907387226580
0.072236883669840065122797970244,-0.873382243957890051512677081858
-0.096108918311763283120640535347,-0.873222398181124628813381712110
-0.039989219069891087510623595158,-0.872797037061599553929200349754
0.372530202806730686601581534109,-0.872527752704171154188684408790
-0.152225725387790900733596538869,-0.872511385753602424769688975360
0.428651090698953457040376902927,-0.872309768143346405767823109422
-0.438918271724266671667438211239,-0.867189045077417934744155923513
-0.291370008070000000000000000000,-0.838878912787000000000000000000
-0.235216562815662790157525688507,-0.834919612933341460916815064335
0.334308761611000000000000000000,-0.830527977035000000000000000000
-0.481200911459430795321024936473,-0.830286742275200912682223433516
0.214406931855000000000000000000,-0.825815856538000000000000000000
0.100863991013701116325538308307,-0.825019511714967606439389341994
0.156985957595130635851202669849,-0.824990696487445673819382216216
-0.346186647200430159526392310039,-0.824756534888486571353921160643
0.514257034326474877420365832503,-0.824745895292265171807151756889
-0.402307863704686029439974158668,-0.824653417660862531244992905010
0.044440610905728718453309093263,-0.824628077002610053956142841101
0.458136037912015865262270173968,-0.824557915164397854413365312268
-0.011679955510409106712803845831,-0.824338939990006039668085320138
-0.067894069715103542709941742924,-0.824104934154161058964766007919
-0.124015274641140238685277904531,-0.823995697118368240186148637109
-0.180196373199405400348139870393,-0.823857049502053176906606516078
0.271470776564017299703137020310,-0.823829830904577287039646732229
0.400401866585535045543520447971,-0.823816645826155341289865666572
-0.534240116778533893416869171171,-0.811944324926382902052310499190
-0.263104576099568773568328617422,-0.786217864605823713385416684134
0.363922234082983950838536683185,-0.781168808981140422442953495752
0.307801038893960042113480697516,-0.781054679074130937946517632445
-0.580212917828208314353001510187,-0.779755768905224562860871586341
0.185231070777317194253970616301,-0.776495179618299249386981520429
0.241352378373487493120116195499,-0.776474961402942239408638012591
0.072988860573939890582782169917,-0.776310388564920125367218969166
0.129110164607886326940567253980,-0.776281952504332176578919098590
-0.432293929173725631634653315671,-0.776272632345821853844978697253
-0.318298055367053197150330432103,-0.776055117859497629293608098099
-0.374419271871309067063912280731,-0.775952000631873589184679842467
0.016630727695749223670381794933,-0.775881672305160879893998775546
-0.039584806155621561912121993597,-0.775646837082567544703650978303
-0.095840393588966704590416388989,-0.775436622523107530207017237318
-0.151961598515003400565752550596,-0.775327385487314711428399866507
-0.208084386483311383758942799308,-0.775155301174535429375208135877
-0.488941249226663855229338480159,-0.774701773566661192567493924697
0.587430880134662227787272397792,-0.774332648297821215473117778251
0.531391341013849216105899441839,-0.771304178352937770290329418944
0.475270344599390203947803783304,-0.771116198225070452896542974323
0.419149378870033946342443986106,-0.770919270104643814519370891039
-0.630458523481277338884953798978,-0.739721663415036708211709251244
0.631144157535517020007338672858,-0.739136754304968696755614648571
-0.520735277693489962124371356384,-0.728455245816668486046725817716
0.270427607832670067652821785287,-0.728360510288892943006334826502
0.382669746367482851637460221320,-0.728271433259628895672458720219
0.326548551178458942912404235651,-0.728157303352619411176022856912
0.157421187567337699471043317971,-0.727748774920850075324837454874
0.213542495163507998337188897170,-0.727728556705493065346493947037
-0.404390650107645179991930241477,-0.727579628819230574674748168408
0.045178977363960395799854871587,-0.727563983867470951305074903611
0.101300281397906832157639955650,-0.727535547806883002516775033036
-0.011274122949463231528936352833,-0.727189569397722384929564433712
-0.067531130029484723792596639662,-0.726978525451514015945902207702
-0.123757000316923593896705022002,-0.726751258768927912756656510188
-0.179878195520158858934965935543,-0.726637135850294580090965452342
-0.236041781457758863469493765060,-0.726493348466871373725894045237
-0.292162998711075128858155718397,-0.726390639722009757545869148323
-0.460497874536248086657877469954,-0.726322273659150676909298753979
-0.348284215215330998771737567026,-0.726287522494385717436940892690
0.561484503296000000000000000000,-0.723913588232000000000000000000
-0.576658752770640743123916376865,-0.723747113450698964913124224473
0.503493638372759453980457138074,-0.722607979708387212079849516591
0.447372672643403196375097340876,-0.722411051587960573702677433306
-0.672102412061448210742303990139,-0.702100019126110308893617572965
-0.616925385280620088965718363169,-0.684654916257570145354226684375
0.643048753929102323901181511304,-0.684292591809895166021782639469
0.410893040140852101670113576090,-0.679763214742945654855765262487
0.354707988171772666520590138652,-0.679611987581684427285148276220
0.242363945469674028485703540729,-0.679573332925207334451640728243
0.298485254137300198234305376471,-0.679556347248239271543954754849
0.185637769826997627632673163238,-0.679036381985379048958234045238
0.129516460657193754673870425820,-0.679021145598601486444986472160
0.017274126718747940600536723821,-0.678871880960032456340640561777
0.073395430752694376958321807885,-0.678843444899444507552340691201
-0.039220446823326393409410998898,-0.678521257766668856171815663110
-0.095447736757441613098885272675,-0.678293161697334398495541480572
-0.151714395291371073607255987754,-0.678089306061263857107342419548
-0.207835590494606338645516901295,-0.677975183142630524441651361702
-0.264013441702176022123457313127,-0.677839594261763142099286352791
-0.432377075544190980346033194833,-0.677754565877863383121230543820
-0.320134658206431892037039161755,-0.677736477034139101990358097159
-0.488498343782393484931915453347,-0.677685093466669739215291919864
-0.544619652998756013616753912580,-0.677670029548965229161184344026
-0.376255894287576444876294067649,-0.677633779113639560802428547068
0.698526212319275140019816794667,-0.675815965968981924345169786850
0.587839241307006520016353473807,-0.674217310617251537115666277487
0.531718051815443509692667254296,-0.674100412660589093493280549315
0.475576611497979580842472869861,-0.673891577063111163974752285733
-0.683923064990935874293392678744,-0.647237702920897198792416023804
0.736368151383095837254025205836,-0.634372157951736749335777274767
-0.738051074633382279084215851348,-0.632413393586988136776531071743
0.439094702597373195657221020666,-0.631242417039603607200821044083
0.382931281945141916553243493422,-0.631103769065001186468454818488
0.326644691130613921842491279472,-0.631011031477304287653080174158
0.270523495941590013117435293803,-0.630896901570294803156644310851
0.214402206817226817038325725012,-0.630847080893587636225462574828
0.157691541185274896464960198456,-0.630368015670238056915914059179
0.101570263047552820091224752211,-0.630307062666764700757440064136
-0.010672197155115221279937922244,-0.630203569328978927582891791176
0.045449106878831215077847161820,-0.630175133268390978794591920600
-0.630465363439400058465384516734,-0.630153332288441359305535130153
-0.574344118754687321359146819085,-0.630066902439450025154324969601
-0.067137053551283282715699631911,-0.629835894012489238721454935980
-0.123405131731889092809436238427,-0.629631208989670342846227389932
-0.179676159546298215567490823916,-0.629429863865200069045936549284
-0.235807250739023497299480449362,-0.629321428937522292815043669257
-0.291984747815613715873930052123,-0.629185636463979029958464528095
-0.348106337278677338141595662378,-0.629082733653392945355845751537
-0.460439549652859997459189343134,-0.629081537556873885958821861866
-0.516560858869222526144027802367,-0.629066473639169375904714286028
-0.404318260167223587988719439247,-0.629032125517951106434563018978
0.672453953731223783697200418222,-0.626009010936281508724755807222
0.616332821251399373508573525378,-0.625867362561098595020593530707
0.559949289947998355054916362879,-0.625516672138147868139352422558
0.503828100456435344731230143367,-0.625399774181485424516966694386
0.771754972902146887423164038751,-0.590813296191366795449937186505
-0.773322035645330548518810969564,-0.588760663038100139166306244854
0.467348465777087010755081860032,-0.582751939198435221780651890905
0.411131189477617332223109690045,-0.582581951392535219533860393301
0.354867984903983171875144634242,-0.582502812960621046836386716425
0.298683181608664828989738655174,-0.582351442901832910938338467931
0.242561986419640920264682669505,-0.582237312994823426441902604623
0.186440716021629868521199984445,-0.582169607799138327223330670801
0.129774934457318007158671565442,-0.581682651916058439465553332049
0.073653656319595930784936119198,-0.581621698912585083307079337006
-0.658540613319357854937794202421,-0.581559279985118022999773365552
-0.038588803883072110586226555258,-0.581518205574799310132531064046
0.017532500150874325771558528806,-0.581489769514211361344231193470
-0.602419368634645117831556504772,-0.581472850136126688848563205000
-0.546285324625153833886420708872,-0.581463346529654171897854911603
-0.714661693714764305314565957631,-0.581398313117346772687012571036
-0.095094448525730762426250597663,-0.581173941304825183072140845340
-0.151366895986816234769671074590,-0.580971766793606554784821519668
-0.207647819790715374221454371983,-0.580776109660091837419328856838
-0.263778556852461191049953188358,-0.580667471139738180674221844561
-0.319956426887859161978486552746,-0.580531893083232873323952182473
-0.376168172519425934599074015547,-0.580480933501533606296523488496
-0.432421696991001705260277225466,-0.580454369149710853594807934663
-0.488543006207364233945115684700,-0.580439305232006343540700358825
0.700684784808746776654042429784,-0.577505178595397801186128174024
0.644564144628951289113712536493,-0.577230732079445020919336967932
0.588442869892391208547136414449,-0.577166724081994926044279675778
0.531989931802337018441048364817,-0.576855847369522795273163870747
0.804899318014000000000000000000,-0.544778874423000000000000000000
-0.806002041341393548821385506981,-0.543135902186283237102070099995
0.744120460181136900002349710612,-0.541967259691436409666287419950
-0.749932654726712574749161075848,-0.537745582568458775076787744147
0.495510297122988684464900081482,-0.534208012386472592536849067266
0.439386705327650075242157461303,-0.534092494815576731748576648275
0.383067496908532351413998262006,-0.533980765417411567950827544340
0.326906475382034079022392009944,-0.533843224385149670121645010198
0.270727655570790495161748657673,-0.533688416495474618535119107556
0.214606460381766586436692672003,-0.533574286588465134038683244248
0.158485263293265622833951648624,-0.533461094566549815997885046085
0.101817552735204578362253778391,-0.533020691594630447469020906041
0.045696289906244607229474994404,-0.532946978888872419120115428764
-0.630512822895941960691644449762,-0.532889319976734024836723312527
-0.066546198857519590296777521010,-0.532856252867135254483216973405
-0.574388780673738799047029941138,-0.532853021736120091814473287338
-0.518267471963295541687508591205,-0.532836178122491139533840984400
-0.010424894823573153938992436946,-0.532827816806547305694917102830
-0.686634021343742125905650939365,-0.532776803920872479415957227366
-0.123056212780657904386485433825,-0.532514499108761395010734975076
-0.179338556231233393423634622657,-0.532318012588498323158213827223
-0.235619125904153067971927110979,-0.532122151862307725278507032142
-0.291750235924706637154509688981,-0.532013727758992024039709498939
-0.348015041147653445500782862563,-0.531928233335223534734627233300
-0.404277079559641029305315198599,-0.531900460092637569390294723511
-0.460501608253785122686176896888,-0.531825710673599087833781859260
0.672979347706000000000000000000,-0.528648459496000000000000000000
0.560483511746729871933268416387,-0.528505899313369853178091123967
0.616697504300000000000000000000,-0.528480638586000000000000000000
0.835009531068000000000000000000,-0.497353716868000000000000000000
0.776740760439000000000000000000,-0.496217506344000000000000000000
0.716635958474060313023305402187,-0.493036658417858149170938689293
-0.838033981304368664450514149392,-0.492305936725173220464186406992
-0.781916737260661731997065184607,-0.491630291833804149371997348942
-0.721861455655355070086344784126,-0.489088940080886100822334199570
0.523904203245826001578351049886,-0.485799462829935620977289166436
0.467548536673551748951975682753,-0.485548568003614102504773824636
0.411323407759552283207345095918,-0.485491539015463182302897788782
0.355105339733750547889578949043,-0.485320800451944432484583892427
0.298950949344159745194402012442,-0.485180197978791377718425649823
0.242770273848677066365330870621,-0.485026456174046626538586681548
0.186649078659653157640274884952,-0.484912326267037142042150818240
0.130527881571152194037533861572,-0.484799134245121824001352620077
0.073855792111677384076542388718,-0.484361247311811532370062933538
0.017734536124734969139033640432,-0.484282497529116850299202290411
-0.602480152798886419539673415095,-0.484268287639835551464097123883
-0.546347382720159687788091153327,-0.484239427177712836107554787774
-0.490226074009716430428569803393,-0.484222583564083883826922484836
-0.094507963112446732257012357172,-0.484196810671071466421811103142
-0.038386659078500295899227273108,-0.484168374610483517633511232566
-0.658601356010319025725157625975,-0.484158173238957001806566879535
-0.151027873025075063040448981892,-0.483860744903653163384127282631
-0.207309862344671087174107361653,-0.483664054790714211017392002527
-0.263590804976398514076483611602,-0.483468408481561568643994686520
-0.319808054899246253966092700508,-0.483409608906037195912667971411
-0.376122088273005751241375707661,-0.483352565795050512445174709314
-0.432337200668994409687568426199,-0.483283278508760275872603683573
0.644984897899000000000000000000,-0.479977281910000000000000000000
0.588414016411483419900515435167,-0.479828507392146561237751053087
0.806177282291000000000000000000,-0.448419939752000000000000000000
0.862342220228000000000000000000,-0.448322689291000000000000000000
0.748954588497278347502364371418,-0.447155205427542507033299716231
0.688627450935756891497771839106,-0.444404106762027928666743870317
-0.810080370148977209223716162109,-0.443087410196921598911145637222
-0.753892929953683488249867770289,-0.443006554841450845619186053795
-0.866160386522401460084635616856,-0.440934891059570609836752267368
-0.693821957919598234410818079975,-0.440464801015835197179634153706
0.551935271448363686888102289444,-0.437179911304804550392063730829
0.495814077946473312226510090647,-0.437064954775751619233341649176
0.439485239105453956917163317369,-0.436947612203500553059094965143
0.383361897356605603122391438748,-0.436831950946243988592618343235
0.327148584647697336084842781290,-0.436657059803598248251954232262
0.270993567622046316397984225390,-0.436518237657363385721893223815
0.214808515652966881248460787953,-0.436367010496102158151276237549
0.158687318036125963354563495279,-0.436252881984218226943192845738
0.102566120947624999751822471900,-0.436139689962302908902394647575
0.045884136749506872077351755620,-0.435707490299838120380416547999
-0.462061666424925717429961332703,-0.435680151399245071865744309149
-0.574438586899283260773138050676,-0.435654595976534575558197956562
-0.518300932429000000000000000000,-0.435626620236000000000000000000
-0.010237102029859582143225924294,-0.435617307432678269667405015989
-0.630559790490556667031466492984,-0.435544675336820098386290868637
-0.122479623356863890910975905239,-0.435543056465963234795203410696
-0.066358319322917454553190821175,-0.435514620405375286006903540120
-0.179045684317144361641022261310,-0.435179646827860113993411590598
-0.235281541416916533278663862276,-0.435010311409968054382879656905
-0.291648623950938130888066623130,-0.434864289628606740516953158993
-0.347915896383231052385226054056,-0.434834401009504446675241064161
-0.404169773517832988639471930435,-0.434742598427366600535764371228
0.616441791382390815061686442640,-0.431207057339105452084650427495
0.830663978574000000000000000000,-0.397907924211000000000000000000
0.886798528523000000000000000000,-0.397795589734000000000000000000
0.774530208078084783176954367034,-0.397200333211330555729088585604
0.718410070762702163555214269529,-0.396837341775076790780180600892
0.660171730548875258226666154017,-0.396031867281683385670380252237
-0.834293086723781781121819771205,-0.392457913545775853280784611802
-0.778126685354000000000000000000,-0.392386938232000000000000000000
-0.721993826484000000000000000000,-0.391918342517000000000000000000
-0.665727766992000000000000000000,-0.391801252340000000000000000000
-0.890354461312000000000000000000,-0.389771592892000000000000000000
0.579971606446579116484971393868,-0.388551141151220239072046186874
0.523850389204158273836232816258,-0.388448426453149214410744874539
0.467692165127357504803929979793,-0.388429874215471321333900611965
0.411527559083730404047930990403,-0.388285823263068923751671586333
0.355406369591697456202731296084,-0.388168925532017593422799619150
0.299191202925583907288424994239,-0.387995099482170256255421806254
0.243031809426336131281114142722,-0.387858791979418917334582779816
0.186846755029439686962749398280,-0.387707566213283243052318265046
0.130724746658359871887844115376,-0.387593903603825458353977723335
0.074594465585454487752631838802,-0.387485932950329496912748262036
-0.433894239273764296381864836940,-0.387139471317851396528904996803
-0.490136141116000000000000000000,-0.387078653421000000000000000000
0.017912515935598017351746888248,-0.387053713425651926825143518781
-0.546324995059000000000000000000,-0.387002176063000000000000000000
-0.602453815936000000000000000000,-0.386966143819000000000000000000
-0.038208722843768436868830791666,-0.386963530558492076112131986770
-0.150451244170772745636580772610,-0.386889279591777041239930381478
-0.094329940136826309278795688547,-0.386860843531189092451630510902
-0.207017363389389807745578761934,-0.386525903447113957358899244976
-0.263342032542488442735447733661,-0.386404631582812849342619221041
-0.319756465434922929307199976678,-0.386289081732073991279526251743
-0.375963581628058289783322276831,-0.386224433641820534765830726074
0.908284898354000000000000000000,-0.345935694638000000000000000000
0.832767245335413711850313121330,-0.341812427511953404788855773146
0.776650248351425022841077407234,-0.341116565040484585625766966955
0.720530094831725235192199297112,-0.340756087571671557288393499568
-0.855496539858030955711524814277,-0.340496243535431755735252341116
-0.799359725171000000000000000000,-0.340422994775000000000000000000
0.664310776472344911010884226209,-0.340063395139560338781241494285
0.608189470209603055296547307345,-0.340039763725593425735290276019
-0.743226933566000000000000000000,-0.339954677186000000000000000000
0.551999951363240250994286091574,-0.339897383978943016082544583042
-0.687082060452000000000000000000,-0.339886721143000000000000000000
0.495813123087645576125743369719,-0.339832448793617946870644853384
0.439691882588920884122717499503,-0.339743342315190195230216159349
0.383570177361616975251513203352,-0.339623862941640931755139160324
0.327448987869584027406313509032,-0.339506965210589601426267193142
0.271229138291697892718753738086,-0.339335475728993177177451028097
0.215070048802808936995402753050,-0.339199347696600002235624807314
0.158884183651673595496030018377,-0.339048587832890474463103142643
0.102753091296189359888653482278,-0.338940146591852046364331337796
0.046622844771545633027026971430,-0.338832156076143303357475232817
-0.630964820117754581271500071396,-0.338624048189484351655092163255
-0.405688047383989597525715183335,-0.338621306532305330758971351650
-0.461954760328591791891792040840,-0.338536912401557934249786190932
-0.518170610221000000000000000000,-0.338445298180000000000000000000
-0.010059163136647428752809612375,-0.338399970044905770190631173159
-0.574358610426000000000000000000,-0.338374568220000000000000000000
-0.066180401916013882973387292289,-0.338309787177745919477619641148
-0.178422923243018191741137273233,-0.338235536211030884605418035856
-0.122301619209071755383352189170,-0.338207100150442935817118165280
-0.235122562941352541062602813918,-0.337894188268916396492586279599
-0.291458134526078730432879398887,-0.337824599450162144067209040652
-0.347804150679750166705296199452,-0.337679114364390079370115913656
-0.911535085318000000000000000000,-0.337278445271000000000000000000
0.872783647290625512836354465573,-0.302458102346509861609779720843
0.805417477424000000000000000000,-0.292532692478000000000000000000
0.749139046450601969248952689223,-0.292197312895617727948107022568
0.693018869469382196460385533327,-0.291840506678232629949131792162
-0.827956458108000000000000000000,-0.291586897366000000000000000000
0.636271849516504530067394901735,-0.291448375338625957387178526151
-0.771823227051000000000000000000,-0.291435369369000000000000000000
0.580150629859024354429224118997,-0.291346988766265367279835161523
0.523974461644585360599973627333,-0.291274616666605029983906069702
0.467853244363418374565133887252,-0.291171923140819030693034754695
0.411732008512368662233816173652,-0.291079936016465768032757290847
-0.715695814660655743748671419571,-0.291037890125264334191296633720
0.355610819020335714388616479332,-0.290963038285414437703885323664
0.299487229232132693709989276104,-0.290847519786488125686494829610
0.243265656969277585876238624763,-0.290675031573617282266458906704
0.187107477425042845528683373146,-0.290540369316207233646409684911
0.130912528289503083496839385279,-0.290394830820917062473456757104
-0.659578777893354897750010477149,-0.290345243362766069477610904065
0.074781470482280505163048614906,-0.290286369717665852809058308577
0.018651165699300186922470470807,-0.290178412695397146722962887195
-0.377528616435681474447689105957,-0.290075987254874875363256539231
-0.602863553078708070862971049597,-0.290030013531694975734181001583
-0.433748568438817093035642387236,-0.290018747616011868479852545779
-0.489974008913975775328643874996,-0.289910548320016201578420743822
-0.546209276446000000000000000000,-0.289816076909000000000000000000
-0.038030842208892874857366112990,-0.289746226664159613556118827532
-0.094152080988259329077943792904,-0.289656043796999762843107295522
-0.206481161448681541402259597326,-0.289631659371066278299383565116
-0.150323757091532817110062138870,-0.289582401040047044388739931399
-0.263240049618988846703461574698,-0.289313350659222321264682749413
-0.319523428664140014268516541974,-0.289204354567605345342282976589
0.927941684048442308836375213546,-0.289119906199905328460859905451
-0.894679720875000000000000000000,-0.283734466870000000000000000000
-0.939312421824000000000000000000,-0.249690079118000000000000000000
0.888981807284156012538929197480,-0.248725233561154818800584670338
0.776994774581772304643489944755,-0.243441866082139417479389536049
0.833116046720390272163591791266,-0.243375619396358361458142213180
0.720874385392654960899963313230,-0.243120163825082552989730881619
0.664694845736893857677887885699,-0.243056900253277212575584748933
-0.856062111901000000000000000000,-0.242994728665000000000000000000
0.608299043035031342502961914579,-0.242795280137701217659105800961
0.552133919125431901440354534194,-0.242719162424237701582275792391
0.496012704235093369919299010981,-0.242615170536866622630108350781
0.439891486953926383884459270900,-0.242512477011080623339237035775
-0.743803858862000000000000000000,-0.242449853597000000000000000000
0.383770256380649748746063959686,-0.242417324389917595735877312537
0.327649060382884380692292246404,-0.242303592861312961964112960133
0.271525466045111243395806871506,-0.242188076976760779430527887118
-0.799935499459000000000000000000,-0.242021718274000000000000000000
0.215292335224347748015649145307,-0.242009808162299730937069776658
0.159135822062872333529492740048,-0.241886612304233821656763299372
-0.631490338483920405987182056054,-0.241758813707740771957768412388
-0.687677147361000000000000000000,-0.241741097202000000000000000000
0.102940907475594228771234517907,-0.241741053946730868918183727886
0.046809791410035059058492114283,-0.241632626336919696174545962955
-0.349247928207503742909789518032,-0.241601207746136480366875651630
-0.009320513372945259182086029809,-0.241524669314650990088450541569
-0.405589137490508969957616309857,-0.241473428338581413084137733361
-0.574716589046097464515468437014,-0.241468220925504395766631867205
-0.461765173515212850103099220550,-0.241390860400202565882859101292
-0.518009189088000000000000000000,-0.241285647183000000000000000000
-0.066002529473764396054310375290,-0.241092487993463209720812300549
-0.234589084418408969945576116409,-0.241056498626009926753057357640
-0.122158195306840574326037377735,-0.241022113914100592950978296959
-0.178443032258211409814757780827,-0.241013810992766415982802112066
-0.291329276347906563794187832982,-0.240679192535426387646107791714
0.943247697891379433084969007168,-0.234413885208010197875676375022
-0.899631411370000000000000000000,-0.207602452456000000000000000000
0.865045659685000000000000000000,-0.197026075966000000000000000000
0.805123986055063048580527408008,-0.194730849893169836876886286407
0.749002944244937997300094417690,-0.194556949846044428151757895479
0.692843266948940737585507076811,-0.194500641265984354757077419574
0.636722039255420670113454898543,-0.194403805052352472847512023743
0.580293376039172525231715174365,-0.194161092664306964593802897710
0.524172156357699820473950930687,-0.194059719373569044480342965737
0.468050941467361288952895407474,-0.193955727486197965528175524126
0.411929724186194302918055667393,-0.193853033960411966237304209120
0.355808495944600332011958327810,-0.193756515904538445400986992536
0.299687297195862930378109841806,-0.193644150051585615708146017641
0.243562875460773581356437693863,-0.193529109633701545124551587391
-0.828008548956000000000000000000,-0.193403243125000000000000000000
0.187312589612600522061655533405,-0.193351353517154311057997306734
-0.771873998423000000000000000000,-0.193290668031000000000000000000
0.131164201248963478803887872676,-0.193232835430047628101490270153
-0.603351256554433675572081918482,-0.193201696379321988890450439916
-0.659577548365000000000000000000,-0.193147217006000000000000000000
-0.715739706727000000000000000000,-0.193130923281000000000000000000
0.074969228403348782666678017284,-0.193087310565984712283671382264
-0.321058131880751972606173796554,-0.193073515052825306312812939948
-0.377311127729101668523610341935,-0.192997086283781654433068231771
0.018838112337789612953935613667,-0.192978882956173539540033617329
-0.546511116770883685606941349863,-0.192935269678089098172815138324
-0.037292134743763412274755201205,-0.192870892760638417756363774425
-0.433601098770364023785629056354,-0.192842865928342977445970993111
-0.489802783426000000000000000000,-0.192760139999000000000000000000
-0.093997026357375589032692366752,-0.192451869994575926707636941427
-0.150203557385433739142427158578,-0.192410806166203059253516399169
-0.262446079311224414839537608564,-0.192337001393158184899335191369
-0.206324775324292776720930856063,-0.192308472695232562090604707028
-0.953086819022000000000000000000,-0.190469096749000000000000000000
0.935013438850957726298907559602,-0.178899936031830813904266753321
-0.911522174117000000000000000000,-0.152740765634000000000000000000
0.889394884543861292297638720343,-0.146211267077425715612029538856
0.833273601499093230736343701614,-0.146155013284458438635100916990
0.777152488365193492896902071675,-0.146005896913054565257223580416
0.720971825801223773985638181271,-0.145937427286946229919104433434
0.664845561813083272197227099090,-0.145837674322914729381817503678
0.608716372259561852842208158329,-0.145769617578958219782209120492
0.552330785725855847612988888124,-0.145502125165501540179972489213
0.496209566044383142855224644445,-0.145400751874763620066512557239
0.440088351154044611334169121233,-0.145296759987392541114345115629
0.383967133872877625299329381151,-0.145194066461606541823473800622
0.327845907403360559259164525425,-0.145096523458929040090448368913
0.271724706611525268338740664163,-0.144985182708526381402169717914
0.215591202022324956037051333416,-0.144875363014011690349226966110
-0.292353468145308350082147029391,-0.144848585245563771110767711721
0.159322589989118043934682028496,-0.144686911619303940554668729110
-0.575158016655359243762775838766,-0.144676004224820659883466519403
-0.631437111864000000000000000000,-0.144579132669000000000000000000
0.103166881191377494929646638614,-0.144564182551336162609090504996
-0.687639845542000000000000000000,-0.144536559336000000000000000000
-0.799907707993000000000000000000,-0.144536059295000000000000000000
-0.743773991728000000000000000000,-0.144492885100000000000000000000
-0.349122518653997750591352685126,-0.144468703933952978609826616774
0.046997549331103336562121516668,-0.144433567185238555649159036637
-0.518295510207737860399567801244,-0.144408880200967452766934794482
-0.405346289710180052670065062036,-0.144352997501497972336158740488
-0.009153543394079157816312167866,-0.144313491142186172172871782118
-0.461616993874691812019087726263,-0.144214569674171203518283274179
-0.856041313851000000000000000000,-0.144203912124000000000000000000
-0.065335945804000000000000000000,-0.144179083470000000000000000000
-0.122054304217144163704620030207,-0.143847438774985109839546034164
-0.178175542969345369995571320937,-0.143757239004342931038254175613
-0.234410274478616965855262086335,-0.143720181027484957120634339028
0.963159289065571496224794422663,-0.130346741587214501788211253059
0.917544445947186932123864784500,-0.097652894117616209072177828301
0.861423215753654578160423276964,-0.097557517785401262536363763400
0.805301998472487592126255491645,-0.097454824259615262878274369902
0.749121369921479269582445835257,-0.097386374353956367024570118371
0.692996263562666421716797337005,-0.097285916595943034134945371469
0.636875046210154869488511204839,-0.097183262066814737680547477387
0.580753781946245175223481872088,-0.097110650080152795368378711995
0.524362125795084036295378627971,-0.096846646165115225513282134524
0.468240906113611331537614384293,-0.096745272874377305399822202550
0.412119691223272800016558861080,-0.096641280987006226447654760940
0.355998473942105813981719120999,-0.096538587461220227156783445934
0.299877256699730943837001598343,-0.096435872738030766494329775864
0.243753033173076643019354303716,-0.096331436088836526626845096632
-0.320414030965927359023586598144,-0.096246050442631028590857313781
0.187619528583876330717664972969,-0.096221616394321835573902344828
-0.264292727735740548633048334291,-0.096216070022057032256289924469
-0.546954066776827604690324130112,-0.096156536108100033023570291447
-0.603235745853000000000000000000,-0.096042353349000000000000000000
0.131350934927555368376338804696,-0.096033154434507312920948762256
-0.659502477948000000000000000000,-0.095962562222000000000000000000
0.075177555473778270412369897224,-0.095900188682614227142043686853
-0.715644879378000000000000000000,-0.095885466822000000000000000000
-0.490081766601240016251016784902,-0.095847656513352765539068923725
-0.377157642404985147773725429329,-0.095824637358345367163935839595
-0.771779006475000000000000000000,-0.095797707106000000000000000000
0.019008929917026206960061082408,-0.095769936759740377234168821140
-0.433380504546525309138232851813,-0.095714031063754375421230457717
-0.037190995124000000000000000000,-0.095624872867000000000000000000
-0.827913302741000000000000000000,-0.095624673833000000000000000000
-0.093467867846237573161369327475,-0.095552333115174165089113225324
-0.884047857635000000000000000000,-0.095533599831000000000000000000
-0.150036808300453110198887887906,-0.095199920438406085042212343892
-0.206165766942965742394344668767,-0.095114162035602953083453672181
-0.943876243053344769884977604181,-0.092452083371064250795572596994
0.969065462642000000000000000000,-0.074153098169000000000000000000
0.833451542315205953159393078602,-0.048903771165711407578012032767
0.777270880028773368811799255226,-0.048835301700517064645620907858
0.721148820913061596434026816935,-0.048733131121342718759126331786
0.890084385627692145148567889521,-0.048708572053357292935933286047
0.665027603631894610399187076853,-0.048630437595556719468255016780
0.608906386279383058170900944686,-0.048527783066428423013857122699
0.552785122015473363905871611936,-0.048455171079766480701688357306
0.496390470764080902553689672317,-0.048192888962749534124282774352
0.440269253404084994602933159937,-0.048090238525399059476388464156
0.384148036161710124458215637281,-0.047987523802209598813934794086
0.328026818880543138423375897199,-0.047884830276423599523063479080
0.271905583261282318517615237896,-0.047782126118340911719005154582
0.215781359734628017699967943269,-0.047677689469146671851520475351
-0.236139136759942305092997291579,-0.047667363651571257829931837917
-0.518780688820316573826119721367,-0.047619309677248294022125701082
-0.348426242016475178978807938224,-0.047615631905055589450515245575
0.159647873522313655159321749170,-0.047567859209525207940182377974
-0.292304969127955703027140854625,-0.047550023578425900732523482054
-0.575024691724000000000000000000,-0.047516249447000000000000000000
-0.631301542917000000000000000000,-0.047428248412000000000000000000
0.103379254152560079511525014058,-0.047379412032694548895407798832
-0.461842123496061859741297285453,-0.047345261988538328018108895833
-0.687507183845000000000000000000,-0.047317783261000000000000000000
0.047171479654424423452577499177,-0.047226426715978956221213926528
-0.743640136997000000000000000000,-0.047204147866000000000000000000
-0.405194399534222651503528967586,-0.047184194269101528455248190814
-0.009025894678000000000000000000,-0.047082347871000000000000000000
-0.799774004317000000000000000000,-0.047051994533000000000000000000
-0.065297931537785518576978228407,-0.047013109146738607258708113136
-0.855908616687000000000000000000,-0.046890025243000000000000000000
-0.121526969588244703498140760268,-0.046859557679278416183608173416
-0.178027032274073482597661235736,-0.046556843469666107087411840460
-0.912075454351927590675370977654,-0.046210203942909389211741773062
-0.970975020862025472469848116128,-0.043285078464643972264997268670
0.971771512340246482526969307758,-0.018061477227828436809467894000
0.861600956892209321714200079757,-0.000352643124725742163089364189
0.918525669411489752854810566274,-0.000327842916544094774930291453
0.805420423871491729844936842183,-0.000284248606613209345358570723
0.749298383234570102115483285555,-0.000182028448057654406594221958
0.693177165882058462692337861281,-0.000079373918977027370126971614
0.637055948600891476657498121199,0.000023319606808971920744343392
0.580934731248379924429211989032,0.000125974135937268375142237474
0.524813466984470230164182656282,0.000198586122599210687311002866
0.468418797325648569248748478242,0.000460857656949687142614976470
0.412297580004428485173669016916,0.000563529291694256670518512189
0.356176362723261499138829276834,0.000666222817480255961389827196
0.300055145442094513103989536753,0.000768916343266255252261142202
0.243933909822833693198228877449,0.000871620501348943056319466699
-0.490544181721267564486832259044,0.000881218587148468224777069351
-0.207999302318643759493245019998,0.000890649651209621256915202746
0.187809704673065342141624719470,0.000976067715649955782199491503
-0.264120541170798843315757383899,0.000980787210268214339875360733
-0.546811090179035466423191629092,0.001000626303266163783288964103
-0.376427357552628119309745920122,0.001021176211958100376836532920
0.131676192747318366294507958531,0.001085883192287556085358585449
-0.320306088262139116087924727917,0.001089793298826056665196494683
-0.603091656795000000000000000000,0.001095188917000000000000000000
-0.433632739613997689418986098669,0.001199427696471343810445899561
-0.659309315000000000000000000000,0.001213650188000000000000000000
0.075406416434642807606554495440,0.001275015737800348029907864866
-0.715477355529000000000000000000,0.001354844633000000000000000000
0.019145810453000000000000000000,0.001456344388000000000000000000
-0.771611860931000000000000000000,0.001505540785000000000000000000
-0.037129178013682039661696178689,0.001529850208380145334567274435
-0.827745573627000000000000000000,0.001669058857000000000000000000
-0.093357181425319205553610375076,0.001679752265714588541802698498
-0.149517193561865075896914108098,0.001783519289461561771192330016
-0.883921488289430870323618809592,0.002338284911348239762194071591
-0.940030063582144960558051700780,0.003533840724360854877611319176
0.890042240676006929420442756510,0.048028086012087455997913630405
0.833569838448495098399743843338,0.048266879434372456069564097855
0.777447927077304754845381831561,0.048369024645855567569432213858
0.721326709796137768810542091480,0.048471718171641566860303528865
0.665205492443626129387396667205,0.048574372700722193896770779209
0.609084275162459143352556927124,0.048677066226508193187642094215
0.947641857375000000000000000000,0.048735855995000000000000000000
0.552963057809947591124270794957,0.048779720755636489642039988296
0.496841793546037896859241462206,0.048852332742298431954208753689
0.440447123887199943929362117795,0.049114604276639541917939597752
0.384325906565979859854282656469,0.049217275911384111445843133471
-0.179474017327432534505865780303,0.049240766206649320414069183889
0.328204689284812873819442916388,0.049319969437170110736714448477
-0.462358918816028542366246399874,0.049411544467393198661643899613
0.272083472003645887784603176306,0.049422662962956110027585763483
-0.518603411751813924091621940462,0.049519496928343510845473367598
0.215962254761271017639885653650,0.049525377686145570690039433553
-0.235960417260698709349601981303,0.049550464964025860201034473168
-0.574868557890571804940698702249,0.049604947928984695469302621488
-0.404518682321595696380335233274,0.049605937689242137923811288981
-0.292119056842826691251012930856,0.049619092024924381573816382560
0.159838023898070053276810928831,0.049629810117462719807740454927
-0.348397435892691832649008294064,0.049691227468463532086643779196
-0.631102554293000000000000000000,0.049734773079000000000000000000
0.103704520479084347208394663053,0.049739630484749030347868753207
-0.687277316180235756463828712454,0.049887876628169488256137203234
0.047395909724809956080592287819,0.049949062313423668962767311263
-0.743415963262000000000000000000,0.050038404815000000000000000000
-0.008953984890553697644727478090,0.050066022982452636024660767275
-0.799546796420000000000000000000,0.050212161574000000000000000000
-0.065185612147022818093462137534,0.050218028496729853869366387336
-0.121351525332111922399528822176,0.050325220003916017031289332831
-0.855720217999715452488809271375,0.050859310551029526128041015048
-0.911828793292429542723242162563,0.052054866364042141243458262633
-0.961900960420605839712383540968,0.077469462307792306637202655270
0.917839989025610760762739979528,0.096781411660419301694778267656
0.861718689933153564960606427244,0.096818333945796057235887886614
0.805597471193246902101046714087,0.096920227163153800440037542879
0.749476253638856129525995471114,0.097022771265545422344756835140
0.693355036357689143491155731033,0.097125464791331421635628150146
0.637233819005177504068010306759,0.097228119320412048672095400490
0.581112601724010518033170566677,0.097330812846198047962966715496
0.524991384371498965804884434510,0.097433467375326344417364609577
0.468870120107589271539855101759,0.097506079361988286729533374970
-0.433600443594057783201729035705,0.097604403668601505951186312457
0.412475431470526776117506615781,0.097768339985495682214896642222
-0.151308349097679381008480494381,0.097782466921103775674166186704
0.356354214189359790082666875699,0.097871033511281681505767957228
-0.207492038686568004683182684188,0.097915255839622232807588916316
0.300232996908192804047827135618,0.097973727037067680796639272234
-0.490398369173346591303264073740,0.098038329851519220135275525232
0.244111832196080381109572491221,0.098101970696332598593052818452
-0.546659125714397137989926556583,0.098124830885944374239288805140
-0.263980357011482065229879186463,0.098176430779037340342044423274
0.187990573986275728775071863011,0.098179120087958334715580396977
-0.320196007886246143475557047007,0.098212161440074744606091233923
-0.602872399300332838285481555937,0.098240186608127080164182593532
-0.376563765277797623949177901388,0.098269313940326097734194752024
0.131866351629836034190697633353,0.098283557409924194070250622684
0.075730787326634077293789305165,0.098392192889988273777150358488
-0.659058585938113630289686605819,0.098398750034062073175301145675
0.019306504011652056591797840769,0.098552581347513975110031779442
-0.715217694563000000000000000000,0.098569493748000000000000000000
-0.036987373237186210888345065673,0.098740815900834856519793806219
-0.771346184006000000000000000000,0.098749057424000000000000000000
-0.093175836699905651430769366200,0.098861105132150328723589896673
-0.827528517885611585357574980028,0.099385897281981769321416058393
-0.889695923567209804994304657496,0.103627510787288908501805639635
0.963236034681936883646127516468,0.129778390519838363104066775187
-0.962715520721608790846343315666,0.133584861857258443298579675255
0.889868186046094791655986195279,0.145435083805030707839026817438
0.833746886953637595853852642995,0.145472006090407463380136436396
0.777625668213730932994292929838,0.145573899307765206584286092661
0.721504450932563946959453189757,0.145676592833551205875157407668
0.665383233580052307536307765482,0.145779247362631832911624658012
0.609262016298885321501468025401,0.145881940888417832202495973018
0.553140798946373769273181893234,0.145984595417546128656893867099
0.497019738432610758648612327433,0.146152350866770759550622722198
0.440898427690916103727999599745,0.146159815070844427026490419440
-0.461623906810767760765346318399,0.146228338972337434527947123664
-0.123132660465473110039721038406,0.146318352049338087366466750546
-0.405502736268087917544168520514,0.146354005195478512779345976586
0.384503758032078150798120255334,0.146422086605185536990221263503
-0.179332482404497303378559140334,0.146460502415132453543529084573
0.328382540750911164763280515252,0.146524780130971536281092578510
-0.235581724629545646654124118316,0.146582207850744665313519773364
-0.518454083135929805201568689860,0.146643663809120083529090962774
0.272261381461168898190999315180,0.146655375136885258545565243511
0.216140159927846362023459195743,0.146755717988794072855562986210
-0.574664550432610021555886712665,0.146759157872474219123177953370
-0.348330679843486036792385384477,0.146771834101025554009192775925
-0.292024317718249135259489304827,0.146788546994621896292036450122
0.160018901718041709688958567533,0.146832867380419808978090564734
-0.630827001250294584543784397352,0.146903743865066170944962898449
0.103892618477385764276092275465,0.146936119815163437499532227965
0.047656550064903277947864559966,0.146986830220173589825002926943
-0.686972692761810517456291033784,0.147085547169583662061407505291
-0.008705266290042401705691412207,0.147214767686412584446713125667
-0.743093672300648124948320575842,0.147278499706661857702671999425
-0.064977597790069044225652294339,0.147383892536255331374017315556
-0.799212175946285747381621566001,0.147839858464276978579027635886
-0.855434767261989026445459581364,0.148077198566950812466520728749
-0.911059904222073344235619789034,0.155523386400470451319528285617
0.935264231702420914539373732219,0.178432062664449769248315324969
-0.952512230073382936213656010768,0.193355994777332927736899763595
0.805774519698389399555155513744,0.194125353819188807750609881421
0.693532743686305478676505898135,0.194330320016674656781748245615
0.749653982959771302552400611111,0.194420194877406214107613081679
0.637411526464498439302782047797,0.194433045977090147235335902696
0.581290309052668179742861934735,0.194535668071565042305088906460
0.525169248538905169118292368933,0.194703423520789673198817761559
0.412926754252467478408613239298,0.194813561690534281801815040721
0.469048064696416805398686326828,0.194823002774079408232107799056
-0.489683012252114618371814531976,0.194831715160742016171281442022
-0.094934421555636502834603966545,0.194841139453443090016894169429
-0.377269650833776330387376003603,0.194856525356177969054344000487
-0.433517154655737113112795451975,0.194983152190690519658771791085
-0.151143279260948846017227644192,0.194988539684446695626135999205
0.356532084593629525478733894887,0.195075833224875391765545884785
0.862871853488000000000000000000,0.195095968492000000000000000000
-0.207399084139604446157038703355,0.195114056672883319978409735641
0.300410948702645757459248575425,0.195216123587794097760515894697
-0.263653137276498332124141283388,0.195220624879378888976830981151
-0.546452733691728713276165143481,0.195281890978029681931825591311
0.244287670153348843150260980485,0.195307950102111248088366773723
-0.320191909111391717199719653356,0.195329131768490806200120765151
0.188166477576439460212835481720,0.195423357318720462178580776959
-0.602573796903707207562253103109,0.195448741322076081387610364713
0.132045200686155217017348180172,0.195485448253985261455108008655
0.075819115079996225775253236787,0.195531181108230579296102169388
-0.658694855820697120226114899047,0.195617030109407034702738376704
0.019671915458597615183870007589,0.195633122998059078094926416647
-0.714815825015289129911719010276,0.195812968211492839998365532571
-0.036695490842925235042998640874,0.195857844321833059300936635004
-0.770934876283606744810200693070,0.196316614738467275099272454831
-0.827118425322663188469506167338,0.196531159749246021724132306241
-0.899022067201937278091017871128,0.210338457822086203394768606073
0.943358753820949477725469143366,0.233966559031598415363938124302
0.833492905582295274641410716045,0.242923844155172377311579415217
0.721514067354383501550799914481,0.242978517319991569831240648002
0.609439791099388135335905495102,0.243086756994282164114455650440
0.553318763460467888952637828818,0.243265171768737945347135793697
-0.066652314608492693651950313079,0.243315091239020817943813488877
0.497197586179692024635447028842,0.243387791913580771109405384604
-0.349130880101682010794710272482,0.243413823023643221245271989713
0.384955080814018853089226878852,0.243467308310224136577139662003
-0.517677114111673527690101493635,0.243472560508626696279875004313
-0.405277193823948996794078614591,0.243489632502789774326606489774
-0.122911463812211192867060571477,0.243491799075425899136780307088
0.441076383548964710845783073169,0.243498201881608778976364132118
-0.179175499965272231750193339742,0.243622106225865539291479724938
-0.461508778528768457516776239388,0.243625423601788665765954711915
-0.235458666824933425200436150386,0.243745602066761756052697599776
0.328595040037575129633451064155,0.243749472050765795460179824884
-0.291850654056743998215152999097,0.243768525210271220704637472793
0.272391914757974149780737427367,0.243885239140133775987130714257
-0.574368768661143604821718315004,0.243967582579018562482106277923
0.216270722181064766843311928601,0.244000646356742990077344717493
0.160149447132440847200966990879,0.244064380153872752669247248883
0.103986513160878031274811715958,0.244089065706177528806066808946
-0.630489827578133517485580110942,0.244135871366349515797234289915
0.047837666257537984074680370835,0.244179306425413610400342160235
-0.008283523244035815137295719140,0.244296199575927633793947837074
-0.686610796525259673789853572576,0.244331880335266743848533296245
-0.798841125659984185898085294407,0.245007916023436318244377125186
-0.855048606974000589562615784796,0.245208737010275456387380771223
-0.742721391040232524720911348182,0.245428583693742921454571770899
0.665479896213848308757171322583,0.246104735430329881297936086416
0.777505363883206599436835346997,0.246796407850323315913103812181
0.889285483258486389284725282618,0.248989307973082364119963720255
-0.939216650842951675598953926836,0.250076332216885707466277600621
-0.894993601842506994560731613405,0.284629530508570125851881402897
0.927696244304045096846517982988,0.289906480541347440351282324324
-0.038273510947594767680569441710,0.291732495938740120292784881506
0.581502952788625990749881265622,0.291867838499177684861364257604
-0.320756609596574202635810221556,0.291873070831340689726306784576
-0.094639063878979274262026055909,0.291971413111591472926690083518
0.525381741989426883806611984669,0.291974015295380282159397334564
-0.377109968003707273695664168792,0.292063306219777359462373590027
0.469260547948534600301681803732,0.292088708384582547140568806237
-0.150931014837196807832695264866,0.292117988885428717056870570974
-0.433267842829500285766139819961,0.292132464896969134546765036093
0.357018036257964457243944048120,0.292140947136114540271773602103
-0.545600021689233164413089301488,0.292154310759570395601110851078
0.413139326729245787889001838220,0.292189226720429571507593069295
-0.207235004948767640420745705385,0.292253606410169456844852954359
-0.489478851400570994609563025243,0.292280090373088724554471405034
-0.263648767350904560357016148782,0.292289192572862093172555062693
0.300610826425524279727491233491,0.292396007010568453905736927036
0.244400206860946333832905878650,0.292563324070441011904779532788
0.188265307321163958738709113599,0.292651522501433721348898129496
-0.602299440095367137826164192772,0.292663220651589513668842809466
0.132128913137257774822758155073,0.292690003540159370847012189276
0.075999514832026965092910437215,0.292733998634706497439222884076
0.019878303944624626740096278477,0.292840128799634070641322693117
-0.658420409042493294130437654406,0.292859229620506741720141815796
-0.826771307311321586991194911865,0.293685493284465752907625590168
-0.714530387985673212512529764110,0.293986987607000511242425306146
-0.770651572691569925814020965641,0.294106160954772356117820235881
0.703956171365361029435206100609,0.296643696509923760421657092784
0.816028398641434961728873207889,0.297441837041672737603470596057
0.647902705999912648963407846118,0.299402427305900992055967309585
0.759970455267997105208827699484,0.300108025298459760249544427303
0.871933722288859075089397854804,0.302360816911214443887672460920
-0.911134030223520450280351697448,0.338379769082529680589130296451
-0.010111683758934325803177444093,0.340276425162446557140159737550
-0.066250577837863459807558164588,0.340383141394865628971866686045
-0.292554722890734764777673371241,0.340393738193931562194224374475
0.609639961529934288106083871356,0.340458047636196023134894925786
-0.348770400242918616022238105692,0.340513908307612354045313956563
0.553518699496667138117307035821,0.340532363674582293544190981051
-0.122664070856921712842131289036,0.340600784319439985318217812680
0.497397505455774854612376854884,0.340647056763784558525362452724
-0.405124533696663648564976175683,0.340692368354628634215480569446
-0.178966070483193570696664440367,0.340735241275974805392815964974
0.441276308231725785127249279218,0.340760181560276437658886982834
-0.461245772374690144670003316138,0.340782614264104552280691694355
0.329033822645913607337984217455,0.340787482095917198717330704254
-0.235418641809841954251614303439,0.340793435552379246055651928247
-0.573515027390076706959367576914,0.340840592521500694315413699568
0.385155086497562308848875373355,0.340860412019974914851885041816
-0.517367713496603535006695554850,0.340992858701153318155681039110
0.272649893227755729752615551000,0.341056177103203454887512449054
0.216412125020837988329936937546,0.341207633603947515984354228788
0.160290895995683641212265374605,0.341303694971663998374414437732
0.104169604573956997742437404936,0.341350856797601642585551393345
0.048048314425104954463020497012,0.341399509737460541556526938461
-0.630366864893644174264886548499,0.341465815961956062044632866313
-0.855136869128869952622407978703,0.342110656968804875354361051323
-0.686497500564705392021487397809,0.342605490236385740485888465465
-0.742631847620363160495873883234,0.342732250474845645083090508485
-0.798778705887946042462098200730,0.343131686753587649757744736316
0.908757194560434281165427108705,0.344712126984749669113530398965
0.685545501012000000000000000000,0.349846207967000000000000000000
0.797668481835437044989451346032,0.350641294764027630441368395799
0.741602755781764254266350131781,0.353138480611078336476650333854
0.853587778110886633498349010322,0.355398802424419160495514841152
0.642621705127000000000000000000,0.386069231553000000000000000000
0.018041668132721543875570553549,0.388825270178005796251885136148
-0.264324597349672158672271525898,0.388897981173448715077321240029
-0.038088750649203017930166166971,0.388927070618572065819241542088
-0.094270144660520884779110349487,0.389009322101876020353224687972
-0.320561235192733956485285347392,0.389030344514856952387083080968
0.581679220823477254506895903416,0.389118077991986708126310851700
-0.376794972738524168059981796486,0.389138601964675696273863396137
0.525557961468528261379910271787,0.389194389817704847148033366267
-0.150703363201492242639911249357,0.389221734631476699409754559599
-0.207142353156521615954122664865,0.389270781551044455584724689473
0.469436763576585495878971184726,0.389307182785540636373080331376
0.413315566158199782265884550013,0.389420211130529959174047335381
-0.432942036379687089517528655165,0.389434425344051823471000257366
0.301073104896501195088470236792,0.389447525643142760152652502935
-0.489063489572585276375432214682,0.389524548827456915528152309613
0.357194358434896880248662898069,0.389528001473701381376600162320
-0.601374412544112101060903295535,0.389558722965097425095544008976
0.244661075427106310146419928073,0.389700915365696608062486292742
-0.545212039358281065279291688071,0.389719597688991506679845160984
0.188393679241296386416640787250,0.389886038250889850545617827415
0.132272385603144222563336293924,0.389930484403656677527332444524
0.076151094181417579093508324254,0.389977646229594321738469400136
-0.889833967667470128567618717244,0.390975189930088674809788471756
-0.833795078449658073446819157764,0.394015661984553590419817541345
-0.664063933191197927669930830333,0.394048046840606877496441044255
-0.721390687517004197773511896473,0.394678517833951109224251071383
-0.777510654512297861443895656501,0.395066949973898604746047839168
0.772961818517645047335485364895,0.401435776466428352467026477866
0.884929185929952893421620969603,0.401953262264472794356288637346
0.716871062527547538139072550028,0.403516500856613250605680000349
0.828912820672612180791708304821,0.405804635921143907842323003625
0.614265585735026763414472680356,0.434809766480502092364399198965
0.670386691130293694172451144704,0.434961767446075694304405526921
-0.236048308696351820374779887324,0.437375327172113924606394001255
0.046185893372370741433209139805,0.437429604203461881184531488740
-0.009935398757547148251418169329,0.437475915634131304930966940686
-0.292328600220036691335425794688,0.437533126884311033078376211675
-0.066108317471860442901718351869,0.437553251325582457200599544016
-0.122304157900407416609489846350,0.437627175579236175712375943692
-0.348584934632721553480078884461,0.437654530536118691432200333155
-0.178880718900093308451115897362,0.437756672325950017777535811195
0.553691129323111197887817906599,0.437762381967347807021317002088
0.497569916971922651541910401418,0.437867735244451395574905763922
-0.404705513253980444596112683214,0.437941288788473896802310379949
0.441448719553536937928823766705,0.437980763589440718375872767927
0.273085020000365932200935542666,0.438091833418327715317741358654
0.385327533139090519040001643579,0.438099129611376986039449530882
-0.460834933870360040021647805546,0.438133376509913752460861417717
0.329206271483268020313295949570,0.438173730140206480406389296006
-0.516956515270275416844043568255,0.438223426561016564410613195027
-0.629199914671486869104262349375,0.438296213733905543636119915348
0.216686480150525065715643397350,0.438353749067380277502611633626
-0.573078771415143169623075616784,0.438433526082739924053115972771
0.160373887286574741375241952876,0.438528134789382557299870512716
0.104252583231631760568160240046,0.438556529381030468897187801921
-0.692196713259838140911485859793,0.442608815581327140835532703703
-0.865026440879381513277900678743,0.443165144991402800222123519659
-0.808917045580762156921486377477,0.444321576702947576947002179505
-0.752188509566675801190793103368,0.445150785194787005266358656947
0.745329333055228646940522396796,0.451887240086580690673900984836
0.860254228491678440714980264101,0.452359095761197541703096799820
0.801379715969868248315212484913,0.454707904937723303190494741347
0.586273005947578252052186693940,0.483457271076614739042037176549
0.642394126685572239197932846482,0.483603497584798253243353655115
0.699073465696163621330104531979,0.483667679195264778282578740264
-0.207786674439923512871773119821,0.485861217947019486799205122977
0.074287382422584922907861055597,0.486008487354898028343249890525
-0.264052311566716353037934156114,0.486010472882976242607448972901
-0.037954965580204573222970354228,0.486102096341141696312324942614
-0.320351965704270114404837579813,0.486157118514135801687376514203
0.018166304286927347120673785911,0.486170240165110120980923485954
-0.094142330711746974732097848733,0.486171104802942612559750799736
-0.150408115968802561512323594694,0.486204630390805726979114082443
0.525728416032026806192668495305,0.486421278794966151820654686523
-0.376472516575991961574861047893,0.486449257068035370814868679845
0.469607203680838259846760990123,0.486526632072069740374243448357
-0.432593493197694902854643585686,0.486643056207523222648441160302
0.413474814925341942922060209117,0.486651494158590885498592110280
-0.657529419758465286318316414538,0.486742480015292577822525506658
0.245111084581098583426307373405,0.486744279525783134927386823803
0.357353606325492852246827202428,0.486758827156400408830714585442
0.301232335754005088744976681027,0.486826388403101685630837283881
-0.488714458926598049468501922132,0.486839984457078286328100294128
-0.544835697604120649561599883329,0.486930230679911556788184246309
0.188680520844267102867647689529,0.486987768214644030210166323777
-0.601042839675546828685469777443,0.487093038490832565357054449113
0.132390592544605039596165957566,0.487175707488375322546966976436
-0.720182846691262568911407131480,0.491254246102997953598146291942
-0.781260524106394890998941590101,0.493155155263381345175508465570
-0.837381231918355935004098427419,0.493415404691217335652261051104
0.832698578127898646830013042307,0.501277535043689206181007018645
0.771059079761573891496263611061,0.501933539872623474635548969151
0.613537390767846449376637569395,0.532510863151533405585505008172
0.669658511505840436522383721938,0.532657089659716919786821486738
0.557416549060116512729624192797,0.532740430344560457808253545006
-0.179386070685051951773330814223,0.534265838402498421340621065952
-0.235789194297467984491996952184,0.534497557602306965710045286277
0.102374657927046915851538994937,0.534595589859746407206044543892
-0.292075677050949776107345941239,0.534634464512801011216449275429
-0.065988978820091105053349851091,0.534719949818501851671476198334
-0.122246288780142119634931597076,0.534748559614512163826488938486
0.046253596726500053756775606350,0.534763115394122243697257390264
-0.009867708952959184709705710952,0.534788093642470276340074741674
-0.348196031495873772299432689361,0.534962171785063582472443971487
0.725729956284599367359826904891,0.535022392072260006291242392585
0.497770326582533620777908512602,0.535082832504381679937865916101
-0.404316935596076820693903047439,0.535175942821471658117686160559
0.441649114231345074432001007421,0.535188185781485268491454677935
0.385510098116223934958202530038,0.535336311165635108911494432993
-0.460437912217779761973685585232,0.535369741960959509951258641015
0.217105125274840620578311665584,0.535378298673046887634941513954
0.329370631769078730796584207112,0.535407794770360844220744906379
0.273247634545367223527991534048,0.535473451679761307696264562550
-0.516558877946682908587543921678,0.535566670210514573630917774841
-0.572680116624205508680641882875,0.535656916433347844091001727022
-0.684922153015625355546459851534,0.535724514883009854155210015497
0.160910954894254866877023561567,0.535757425309442710532753047738
-0.628801027507820947130063589913,0.535868899153135423270117540211
-0.749257280771742288770314794277,0.539257150785735994117421434337
-0.805138487431306033136055834935,0.544442931088768792156552362411
0.802377941919604290011064168454,0.548503169978589377626061246449
0.641478502627562102713597863700,0.581190466573963764665425545619
0.585357630088607574298013655071,0.581412368684394952804351377966
0.529236495194994817118166809036,0.581553057465450634737192995622
-0.151224243496391509895938816605,0.582809767626204858187995921995
-0.207387713261085198369106108041,0.582902343089043038178701349600
0.130692635469162011684129774424,0.583048595163901271234306626701
-0.263814335407767671239762116428,0.583120525846008262322279282524
-0.093974245507726992753427854953,0.583365878975031397623207658558
-0.714570206686712243275683582966,0.583375270266283114825396818469
0.074409145014000000000000000000,0.583382353143000000000000000000
0.018268570606376329621444132802,0.583409182944708356937281834627
-0.037852975640595072409783714814,0.583434022798999822291806201897
-0.319950421082000000000000000000,0.583500708377000000000000000000
-0.376071646715342987983385666502,0.583684257343520344822866120601
0.469972014590012907577927399617,0.583835836775366595393235767030
-0.432192746772116697498249303948,0.583889411018904613324466487514
0.413850802238824361232019894436,0.583941190052470183946824528865
-0.488314622783000000000000000000,0.584081876898000000000000000000
0.357729714380285028626688047487,0.584099533521875835562574251312
0.189365941389399430960314664972,0.584164969521239369507667638164
0.301608462838067832888765176069,0.584181389586882288828318471440
0.245487191163988328046909868017,0.584248028647167708641856691978
-0.544435750967991266041419131763,0.584274796079141920789348608518
-0.600556989645513866134517092960,0.584365042301975191249432560699
-0.657063086860000000000000000000,0.584830310444000000000000000000
0.707166047712620613733719597240,0.587984481094610777458443432584
-0.771178137750000000000000000000,0.591508630595000000000000000000
0.769372329644120334632345814072,0.593892939017444567078984543615
0.669653556062535311058727002274,0.629726720436582774223386355218
0.557416048188994439575577583060,0.630088216191439331927950765499
0.501295615730507894299466272493,0.630402279485448879269071852174
0.613536426510643117236207369239,0.630411808705597897195736268402
-0.123068118569909117229670099974,0.631357004460081523118769177208
0.159119206562654168984097066430,0.631437970350473275660270940654
-0.179224909013677392279512994314,0.631446834824682930488990283002
-0.235413438802874469213383319017,0.631524974475430332231704675603
0.102830550663912599196526936200,0.631780548521207596165461998787
-0.291533369274579436157185020530,0.631918648110812025233465936901
-0.065981062038163632984197679858,0.632007252869274547085294305352
0.046371275743000000000000000000,0.632011446866000000000000000000
-0.009770690695184544257139463168,0.632024009908742540576140521632
-0.347652579806996191319200940660,0.632404224364842890473690584117
-0.403773822478434400061393265581,0.632491951747896639359109895165
0.441931560026823843296140757811,0.632532059741454973168956684290
0.385806897511067306390757262681,0.632692468836803142418912009759
-0.459894758400934080750999899010,0.632697198581926364993190448985
0.329653813368516175344433415504,0.632792703997258760237712222767
0.217406834609460868071948344474,0.632845760177345391677020303313
0.273532541694436670502578107452,0.632859343057544180051250443305
-0.516015728378615780263748551151,0.632892912261426944217513966865
-0.572136717094061017971345055042,0.633083177027115706986760413347
-0.628257955771583618064443016239,0.633173423249948977446844365528
-0.735408432537240835268474511761,0.635484481721481285484595202183
0.733731267656169168746268233184,0.637420203648560410403246900599
-0.681473687353971380450393787332,0.650997213173291654987742443823
-0.151064964320865992848143182657,0.679996270522362132443611001581
-0.207251611034395531198797806380,0.680068903362766212043539886674
0.582955846610802860403603269677,0.680069710660847866927809005197
-0.094943712136744882344046567011,0.680077685302812586337084452174
0.694319817463491129421606150727,0.680136809938386988145353347238
0.131292843967354214611326101141,0.680174969845672873959557625605
0.187414056376569147562055363396,0.680280292207847926349430216990
0.526835368450378666873439844788,0.680375498374050079583499986664
0.074799757908446790780178085988,0.680400258851281754921365532609
-0.263371541506100498142599507893,0.680462576998147905045301147972
-0.037890357722308889860389682028,0.680592373082354333390334835081
0.018308451322487799786777378129,0.680624427203595077461555251790
0.470715053975406825448907305408,0.680709980526728398649550063022
-0.319490650470913293458813502395,0.680959753099406262617436174160
-0.375611862848550600225671081491,0.681065092286433051451175172520
0.413992173218519747363088104405,0.681222787281823525520107073695
-0.431732898061265732708631693008,0.681241108573697827863686220256
0.357852258644000000000000000000,0.681356061025000000000000000000
-0.487853795237364780970895489301,0.681456689718309739808654321266
0.301720729532000000000000000000,0.681478438285000000000000000000
0.245584018986353036184555845981,0.681526392007690394430597069979
-0.543974847807758759723920083439,0.681627081828660255247357851181
0.638633609351559341422948504972,0.687111607512138977874960500035
-0.612219834945000000000000000000,0.688502355499000000000000000000
-0.668443095074528573472490081742,0.705584805535724345663832324842
-0.179095483407178579135592974796,0.728616138630287519169401925540
-0.066853007820890139220238569181,0.728662805515892372642124981903
-0.122974282095664162665462726939,0.728727217128057575789641757106
0.103239691024436809452576627197,0.728781781971561965658076185142
0.555143519755695637944804877406,0.728834245208398523954028286366
0.159365856188992211652127934551,0.728889962452746764265963763620
0.215487167204684711867556793404,0.728894958461748116146301835176
-0.235215413878883546079394676309,0.729009812265669212171163186839
0.046772668548960324579720791360,0.729022104117741509240929406430
0.499016106061867096956754778663,0.729172873815095499859997653323
-0.009789889276373881668880861683,0.729205131507573171147548480294
0.442854475233419170685390821231,0.729427428399556259869621456973
-0.291334487009911029712549612992,0.729511016809327244616689634156
-0.347455436005644492764608064438,0.729712657327273208682422579256
-0.403576696265383913541750118260,0.729788300825256266811342642888
-0.459697527410400614675573354792,0.730020435856472448620783510960
0.386295720223000000000000000000,0.730143519648000000000000000000
-0.515818618788282111672106619175,0.730177527026400642353111847328
0.330160834411000000000000000000,0.730178080466000000000000000000
-0.571939827739741596463114632442,0.730284676019947513419471088159
0.274015943226000000000000000000,0.730300164226000000000000000000
0.627610366396440137446690452007,0.742139688432998003875515290365
-0.626604173551565441715488041778,0.742989433870671435835173926257
0.583711394794057496595303299454,0.777140332722010467735476481468
-0.038780723975790900091705407193,0.777258571327332926477632646283
0.075212601664950343252119332569,0.777403627238021719977640058963
-0.095155950283609058256543729392,0.777468800917206213618944161713
0.243592132591868345844322213108,0.777471975291322483110656684497
0.131349542940082718980743491968,0.777518017801682657520721214765
0.187470852625190718060309896556,0.777531220392239549962398227135
0.018695412248848899358735104136,0.777614997155078230388410021440
-0.151866030215081447713794943935,0.777689129714381686618947491202
0.527593195155583615257927139694,0.777731301770763653890988831471
0.471469404801000000000000000000,0.778073068347000000000000000000
-0.207985960686786414657596645448,0.778082803349763379620708752501
-0.319248428442123938906830762570,0.778230347909077373731074559639
0.415324226003165095041644913280,0.778332304970306228252158416808
-0.375496531498000000000000000000,0.778383076014000000000000000000
-0.487648647049000000000000000000,0.778729656705000000000000000000
0.303196972662000000000000000000,0.779412003291000000000000000000
-0.431567541116000000000000000000,0.780916176918000000000000000000
0.359292043885000000000000000000,0.781505598381000000000000000000
-0.263607381298215985066479535986,0.785556700876932993259520748668
-0.569631347269000000000000000000,0.787467396876000000000000000000
-0.010341581146971744600477632533,0.825640558990534800289702791273
-0.066792029457000000000000000000,0.825908217881000000000000000000
0.271844511260000000000000000000,0.825975263542000000000000000000
-0.123322827800065098034969026493,0.826009799939199544945396614495
0.047326820854621576396115551822,0.826106653875783096528890254133
0.103448033153223022949557233508,0.826212035162072700732997040990
-0.179564519847789864213250321669,0.826498916101405945774761892357
-0.347239143427648767131873688994,0.826873142336199980468724648076
0.162346877749000000000000000000,0.827730732701000000000000000000
0.390156423167236324277242008070,0.828493876671081414743865718814
-0.403460331799000000000000000000,0.829495528483000000000000000000
0.328891944749000000000000000000,0.832258326130000000000000000000
0.484986261506000000000000000000,0.832555890653000000000000000000
-0.499966417437000000000000000000,0.833484558025000000000000000000
-0.235186938017039258878576551863,0.833965385955717897020578904950
-0.291410142134000000000000000000,0.836317675695000000000000000000
0.217292627406000000000000000000,0.839210743650000000000000000000
-0.451021331155000000000000000000,0.860949841943000000000000000000
0.440271645544000000000000000000,0.866492754337000000000000000000
0.018103492552495018871651910036,0.874019059973017696216067360360
-0.038345702523000000000000000000,0.874294299497000000000000000000
-0.094972537922461584492504817983,0.874443906093190309688333507289
0.131663101552198445645689214757,0.874725038473775974306991565311
-0.151092295920318967084045784415,0.874861443327597796567008604648
0.075411803568853386343795638933,0.874891877089760353958439848614
0.292518887902000000000000000000,0.878161693510000000000000000000
-0.344515180491558738424331635513,0.882928308030389147693822621977
-0.261254186882975084839183859067,0.883665487682390063934820151099
0.387116153216000000000000000000,0.884536564642000000000000000000
-0.400576213617000000000000000000,0.885551593142000000000000000000
0.236357049274000000000000000000,0.892009119692000000000000000000
-0.203455559773000000000000000000,0.896118382880000000000000000000
0.180425953860000000000000000000,0.903003479677000000000000000000
0.337796221714000000000000000000,0.911343334865000000000000000000
-0.009845018474017070788554808990,0.922686115631657314107873044473
-0.066536453053943398988603799314,0.922827691108736844546571763376
-0.305048383055685448500147396441,0.922827850323953616845687764726
0.046276030841200345658284652748,0.922857576528450327107618634211
0.118441340910646023524627832729,0.929266642966288748153773696987
-0.144709437452198916337516323475,0.930618601548369257176051522460
0.276183891237000000000000000000,0.931866631889000000000000000000
-0.251275848873000000000000000000,0.938894349855000000000000000000
0.221931745590520817724236778516,0.946255555599731005991121783526
-0.196666227359000000000000000000,0.951834095472000000000000000000
0.166947207548988967200264288768,0.957493978595842652763946705805
-0.101648163300348929578353373074,0.966609270387658844838327770514
0.078566766134203008008608233310,0.968758665723777997212020259058
-0.038069775130036772116736533551,0.971193482977130371423841927592
0.018509480393000000000000000000,0.971740823715000000000000000000
