0.014602035294000000000000000000,-0.971888428038000000000000000000
-0.043423276100000000000000000000,-0.971034206373000000000000000000
0.070582133909020300547574039803,-0.969438705929774351964495192645
-0.102175841050482012747158906676,-0.966619542367923069190598677710
0.136354173080000000000000000000,-0.962392941577000000000000000000
-0.191177491047352426962706325432,-0.953018577520284160203796866507
0.232238390008000000000000000000,-0.943852840830000000000000000000
-0.245734371233771894195917538556,-0.940429615110184185233166143678
0.286199568367000000000000000000,-0.928913537329000000000000000000
-0.141647449304341363972826150523,-0.926908998527626679335279711657
0.179095074021000000000000000000,-0.926223805780000000000000000000
-0.299475875861171339030937579449,-0.924720196577932799890962383151
-0.013761238765092402573689690760,-0.923543424736330031144716299699
0.042179641612221440463481214387,-0.921186933096348628955027359830
-0.069694549066522210426196496592,-0.921013612695445303758207489324
0.098655210554017611298580776217,-0.920994536849044463289936465394
0.339211277847000000000000000000,-0.910893092068000000000000000000
-0.203293526950174629050151004649,-0.898354724525459850997973960108
-0.388163725725739102563542779639,-0.891135323176373462642887694434
0.240555013710000000000000000000,-0.888481292584000000000000000000
-0.257850407136594096283362217773,-0.885765762115359876027343237279
-0.333275075007852268833205339441,-0.880082216255328123169633458866
0.130723489429496902964604185889,-0.875097253267085848329645038451
0.296620259252000000000000000000,-0.873899594485000000000000000000
0.070251735136246768192854842822,-0.872742194316821553577457910109
0.014258779720000000000000000000,-0.872632403057000000000000000000
-0.041732912871377517782163793583,-0.872505035603052525059992888079
-0.097723404427863601023818119161,-0.872502690118063925012137199417
-0.153763485207163566060270829740,-0.872245145532802370129456805258
0.186543432291907187297255972459,-0.870730431874414702556469078941
0.432952080037000000000000000000,-0.870254460753000000000000000000
0.376963199619000000000000000000,-0.869540862039000000000000000000
-0.439092350700351567104214665647,-0.867174232630551503102096702042
-0.292177674411326649261335860840,-0.841532585972476865355302651606
-0.488295076159649282215335421767,-0.840452949771841001780727316625
-0.236706986544151915037657237302,-0.833920888541501764693266626805
0.334386836078000000000000000000,-0.832560042806000000000000000000
-0.345828798312408572752430755359,-0.825517216654568671090461606112
-0.401819152858454983135368595625,-0.825393329422541805414309211519
0.098827552095458749458413133974,-0.824592865813177267252902682020
0.154840898283094031202405557690,-0.824567205370545377458249495473
0.042351531403894014802485404896,-0.824198257703363341978308860464
0.270927990629000000000000000000,-0.824148703307000000000000000000
-0.013639671557171611778570322636,-0.824072557422599755341024841610
-0.069639144541526924989244878664,-0.823962044850775484395407453135
-0.125629495006337008837758585113,-0.823836326650102552015702482340
-0.181657708258667831823350637856,-0.823697772065320452604549094282
0.517549319723000000000000000000,-0.822758468880000000000000000000
0.214961909915000000000000000000,-0.822487436236000000000000000000
0.461559212354000000000000000000,-0.822120244826000000000000000000
0.405434152550000000000000000000,-0.821326321257000000000000000000
-0.535877581099158023950591827418,-0.810942945130705050136642006934
-0.266288758844000000000000000000,-0.786083000186000000000000000000
0.364687398833000000000000000000,-0.782920898204000000000000000000
0.308694015317000000000000000000,-0.782809124805000000000000000000
-0.581681981168512673896451662684,-0.778742136374949505427603543682
-0.433507292272288079561892242508,-0.778700520879349296038147551036
-0.489863823215006825370817437802,-0.778679317411785640330570355617
0.183268222232000000000000000000,-0.776329893944000000000000000000
-0.211191017400000000000000000000,-0.776123045943000000000000000000
0.126811026831414354029684843651,-0.776096883588457108285089695696
0.070818613850616951564228813382,-0.775984562893592559711404649005
0.014446144985079798840858529564,-0.775635773266410812192651341757
-0.041544246063329007993603701512,-0.775529657836325622387186094020
-0.097534598472566994636643965068,-0.775404808616956028997857724438
-0.153524968705451015144477212912,-0.775288226359239825535184589729
-0.321631671955038032666345066606,-0.775025294268075174558817753792
-0.377646642735427364665277498325,-0.774889617632314282360856114324
0.546151557538000000000000000000,-0.774587982894000000000000000000
0.242833008038000000000000000000,-0.773926196732000000000000000000
0.490162053125000000000000000000,-0.773919841311000000000000000000
0.434172434750000000000000000000,-0.773270281494000000000000000000
0.601105219300000000000000000000,-0.763847391717000000000000000000
-0.632250382589885111809088422315,-0.738276842313837098263451211789
0.393764656792000000000000000000,-0.734508547049000000000000000000
0.337778032896000000000000000000,-0.733818781845000000000000000000
0.281787274964000000000000000000,-0.733707300761000000000000000000
-0.520320128243000000000000000000,-0.730738843490000000000000000000
-0.461667354200398812391412026155,-0.730306863625084996652266293994
0.644085892855000000000000000000,-0.727959604400000000000000000000
0.155099870798911090721583746025,-0.727778393781542998756334857815
0.211139464631000000000000000000,-0.727769045600000000000000000000
0.098913287244368098490637787413,-0.727551530812196521802535817952
0.042922932330578509526095747113,-0.727427809891907179186828804233
-0.013459349253577970107613036838,-0.727091287890215390431782037449
-0.069449703996830994709075985799,-0.726967489817036759251501891377
-0.125440512679069862622555193450,-0.726850653340554190969518097578
-0.181571680660286181042789817979,-0.726828788694727607226721969923
-0.237562066316847629637213753069,-0.726719865475177250714243609042
-0.293552394817680323949663679119,-0.726584718861896318031735900300
-0.405806704663538097494797281972,-0.726495960378049982974974857282
-0.349546613753359443733577527965,-0.726461077271849337871494736656
-0.578428150875494066740889349186,-0.722846271244669308133185418545
0.559516785352000000000000000000,-0.720181904314000000000000000000
0.503526950372000000000000000000,-0.719543143883000000000000000000
0.447537152766000000000000000000,-0.718895303524000000000000000000
-0.673710837863729972465104182934,-0.700647521316458616563751950231
-0.618702533273490101885461180142,-0.683950136826218078881699594806
-0.489374654697860520311403807252,-0.681652566287834329036518172741
0.407589385287000000000000000000,-0.679646972788000000000000000000
0.351529994433000000000000000000,-0.679540933619000000000000000000
0.295302055386000000000000000000,-0.679371671027000000000000000000
0.239273345997000000000000000000,-0.679359216792000000000000000000
0.183110247320348854900541905226,-0.679297944553369305298022959851
0.127118748495644520595574614272,-0.679184319750972581295916118585
0.071013620041804482703461237575,-0.678993850584943461699905275907
0.015003308891000000000000000000,-0.678874607652000000000000000000
-0.041358621657141299160331458861,-0.678533759388511919963810648219
-0.097348991890192014733362507434,-0.678417177210853538367832274716
-0.153487224633905028520867798517,-0.678391215676041972661055477771
-0.209477608069627918120908234086,-0.678281156787409199529985795950
-0.265467939299458178104067310748,-0.678147145548576410617842671112
-0.321462934013062822526873875250,-0.678023054165175255578402810929
-0.377496082222647291696750535053,-0.677941599723795867031133601663
-0.433514005160999805414789063069,-0.677841663040799315359226736029
-0.545229655161503816736646152493,-0.677759742962194395306057399530
0.699358593155000000000000000000,-0.675040076314000000000000000000
0.643440044901000000000000000000,-0.671960568581000000000000000000
0.587444804433000000000000000000,-0.671611839070000000000000000000
0.531454679861000000000000000000,-0.670997127816000000000000000000
0.475464811484000000000000000000,-0.670363678613000000000000000000
-0.683121029166420377883914840391,-0.645453468648757098499854079247
-0.737693255732022614898676341742,-0.632931198969868343498143527250
0.435530168037000000000000000000,-0.631115515293000000000000000000
0.379525714286000000000000000000,-0.631044444951000000000000000000
0.323475030270000000000000000000,-0.630985177466000000000000000000
0.211243956201779862334008775139,-0.630888962175993004322847980448
0.267298452189000000000000000000,-0.630886978510000000000000000000
0.155213518736521220486356383419,-0.630752010794108958375076857013
0.099222555131901636968007339291,-0.630628665468778293988046309873
0.043109270043000000000000000000,-0.630448989069000000000000000000
-0.012885431218188171611295949827,-0.630323671476692598994021119171
-0.069258388250257097269252902672,-0.629983169144389388079249911586
-0.125395703845027180631675112501,-0.629957739546341320059369654909
-0.181386082876125825692466439950,-0.629845462246104965464221622926
-0.237376419370537603929928981982,-0.629713668920098691648487535041
-0.293372561764047327957666671051,-0.629588911898072192966285729041
-0.349417600996577052195644103298,-0.629498484208916580303469104220
-0.405418552682325626836101403322,-0.629410467512949704291287505264
-0.573392171900033931456294651023,-0.629307767250817391617900425563
-0.461409527543854382803912608619,-0.629295036162859603111403792338
-0.517401839433491768212518560465,-0.629174273714218159731749424820
-0.629382661538545823099924922571,-0.628987695009280968909520878210
0.727540214214000000000000000000,-0.626644517205000000000000000000
0.671621722694000000000000000000,-0.623558743474000000000000000000
0.615614156821000000000000000000,-0.623198137233000000000000000000
0.559623115504000000000000000000,-0.622592655059000000000000000000
0.503633053252000000000000000000,-0.621971442672000000000000000000
0.771225778137000000000000000000,-0.591602801859000000000000000000
-0.772955751456000000000000000000,-0.589338393694000000000000000000
0.463749632964000000000000000000,-0.582672177397000000000000000000
0.407590317434000000000000000000,-0.582593616679000000000000000000
0.351539127898000000000000000000,-0.582534953185000000000000000000
0.295471278347000000000000000000,-0.582500062634000000000000000000
0.239268666594483408731701593587,-0.582416797404411644193439690782
0.183277396981000000000000000000,-0.582302320529000000000000000000
0.127285910953995161212197993922,-0.582178864537909561385712511323
0.071295421270000000000000000000,-0.582070147373000000000000000000
0.015204558525146701307476313323,-0.581889307369608661224795971631
-0.714849240847695733592490222558,-0.581812844788587319827148842899
-0.040785811694333207297062356455,-0.581772718674545274744313259477
-0.097305100205092263167565507739,-0.581523731479877169770787291779
-0.153295478628631553344302925688,-0.581411151609984177448311281884
-0.658860382528034638940879153832,-0.581385183358065654910568243557
-0.209285815834290700744779519249,-0.581279660793497893157232375204
-0.265284243737315235697836065945,-0.581153578300920245663114014553
-0.321328907327726678990148692769,-0.581062576255556091923575523937
-0.377341871254292578988963431514,-0.580968387559390904348485835341
-0.433332244589441099368087056036,-0.580853304854657451962855501534
-0.489329255407854990193988248239,-0.580729819167161878496727027570
-0.545372375724980339498791734283,-0.580670827962346468881955608896
-0.601362644368794818245991221330,-0.580512817102832374123544898794
0.700114703610000000000000000000,-0.575320613837000000000000000000
0.643997864272000000000000000000,-0.574829039132000000000000000000
0.587996461853000000000000000000,-0.574299282922000000000000000000
0.532003961697000000000000000000,-0.573697593916000000000000000000
0.804038540028000000000000000000,-0.546152525513000000000000000000
-0.805737638503031945979405821536,-0.543672787696334676850527726915
0.745211176151000000000000000000,-0.542008719531000000000000000000
-0.750011311119471317190740023302,-0.538240330924444078857680423116
0.492150178413000000000000000000,-0.534357411700000000000000000000
0.435749034690000000000000000000,-0.534185805115000000000000000000
0.379617373219000000000000000000,-0.534091284851000000000000000000
0.323535494391000000000000000000,-0.534050319099000000000000000000
0.267441498872000000000000000000,-0.534030533733000000000000000000
0.211371392517000000000000000000,-0.533869275064000000000000000000
0.155375233118574880218114309721,-0.533744113268054879273300266457
0.099373476515000000000000000000,-0.533627862360000000000000000000
0.043366072647662493804854533003,-0.533496495170217078585209165726
-0.012722455722149964177060546247,-0.533322917830612321446877589171
-0.068832778106980304353728714723,-0.533313130730875870526081553217
-0.125201930740021626479019325898,-0.532976815089598186454798024042
-0.181192453299472410441999611843,-0.532847252927219891443454540889
-0.237195041837129758050337275132,-0.532718757284952242356907417009
-0.293237494496302127308569035720,-0.532628397488232479316974634345
-0.349253863278275741620725507645,-0.532532874160878715776183172722
-0.405245228023000000000000000000,-0.532416580641000000000000000000
-0.461245116954001284914815109184,-0.532292062019013340131452464976
-0.517320307909145568779565094816,-0.532214490487315958191186771114
-0.685427517134577529152820742619,-0.532099054386152367082058726226
-0.629433358078880649569291387035,-0.532067278793875185335620286774
-0.573310576552960047526764581864,-0.532056479627801863432776061011
0.672115463605000000000000000000,-0.526377518848000000000000000000
0.616106661012000000000000000000,-0.525845763898000000000000000000
0.560109664404000000000000000000,-0.525268907393000000000000000000
0.834166002285000000000000000000,-0.498922576219000000000000000000
0.777880907361000000000000000000,-0.496496011229000000000000000000
0.717404517034000000000000000000,-0.493409297147000000000000000000
-0.782577484951059793343607618325,-0.492694974715396803889430705067
-0.838556172086917542840208526871,-0.491545306596332296424589785321
-0.722039555432389821283376538126,-0.489737588383217987866330796436
0.520288562934000000000000000000,-0.485892741765000000000000000000
0.464105067086000000000000000000,-0.485887207828000000000000000000
0.407764731450000000000000000000,-0.485689319993000000000000000000
0.351611640540000000000000000000,-0.485607232401000000000000000000
0.295505542446000000000000000000,-0.485580353573000000000000000000
0.239514519733000000000000000000,-0.485465492244000000000000000000
0.183477426556685758747757253359,-0.485316828869637109924495810701
0.127453108367000000000000000000,-0.485187217484000000000000000000
0.071425390094179022136370177781,-0.485044355334355831203219176995
0.015428115079736775841498537063,-0.484923738976356943127683517410
-0.040769165181445198616746209448,-0.484863478721764616683664139278
-0.096759538834169283927781222752,-0.484748550628681242098997422173
-0.153100366064635154934033641927,-0.484414105341826136323817997381
-0.209092210947612855863307862313,-0.484291842803091498348404266630
-0.265144192778117691387754770196,-0.484195633206020869774152321851
-0.321163004377686491518130681751,-0.484099014140584804463216081767
-0.377154829614646365322241465815,-0.483981891003843457732222407978
-0.433152925188169749121517232610,-0.483858975063606646056642644802
-0.489220586719401594737350095423,-0.483784376100704270251471090339
-0.545210859277548848954176156491,-0.483627758404955222390923117999
-0.657686965095426625677329618479,-0.483463707951677369469827070246
-0.601654642922538353615020264066,-0.483453719630807953438377529812
0.643891188396000000000000000000,-0.477202311063000000000000000000
0.587890321546000000000000000000,-0.476652067792000000000000000000
0.861523207694000000000000000000,-0.450037955473000000000000000000
0.805515964295000000000000000000,-0.447766018405000000000000000000
0.749478250550000000000000000000,-0.447457558242000000000000000000
0.689576856515366550459906360506,-0.444823562089704948227238515094
-0.754478700263346178197327133823,-0.444101670151254289573141868396
-0.810460484326220219972429250991,-0.443114247558854684567785292414
-0.693763128597812485530490413372,-0.440644955317027190745898465254
-0.866395683779555659372932396196,-0.440626555384605231049411389675
0.492006796060000000000000000000,-0.437343420623000000000000000000
0.435948586874000000000000000000,-0.437309139332000000000000000000
0.548084075672000000000000000000,-0.437261229208000000000000000000
0.379759150835000000000000000000,-0.437205825326000000000000000000
0.323581746525854760516937503761,-0.437137824250235265388440488449
0.267581428742748363378486644063,-0.437016904130342823671663389284
0.211570877473798729198973713787,-0.436884472269880335218870519331
0.155520248024000000000000000000,-0.436738672601000000000000000000
0.099506608843831227429232107404,-0.436604905463693379096173447024
0.043491782274031190004759400715,-0.436474118401515258446873148835
-0.012618594379558458598187126138,-0.436464299867509238364470067516
-0.068665255055243870089399007373,-0.436316335698517885280107746669
-0.124655597839995894374476219364,-0.436187242382633032063493208224
-0.181033041538427059778238221156,-0.435839617237026411401464173683
-0.237047874138139488481691907391,-0.435764784794434263304837315595
-0.293069980584992587910617029285,-0.435666409787511105110574087442
-0.349063897512839403979827372045,-0.435548073439151013334084822022
-0.405060399889742735708009197026,-0.435426081565535756454433572909
-0.461125049033765307842051720465,-0.435334121566223486949424564738
-0.517115371710500529336863421923,-0.435196583232262246467539557597
-0.573280057022291638973391109269,-0.435181341734526794483221283855
-0.629783637059314994136460162285,-0.434921567138283222134697411669
0.615832747279000000000000000000,-0.428130759900000000000000000000
0.886013574150287586544549144164,-0.399665817756109235405798544867
0.830025423814000000000000000000,-0.397378115317000000000000000000
0.773989337661000000000000000000,-0.397083023344000000000000000000
0.717980589604475537581017389430,-0.396572519646656171666625176541
0.661822778378000000000000000000,-0.396195102659000000000000000000
-0.779608117059059874828344348592,-0.394067206411292595246790590465
-0.835589901121933916603446465759,-0.393079783818892990241434014483
-0.722748685040624755416512093382,-0.392741169788754132109016209973
-0.665814501198407160004781820349,-0.392064689281531671676933151497
0.519974398990453463068804897181,-0.388837996318920047564867674846
0.463923295267000000000000000000,-0.388807497163000000000000000000
0.407864888048000000000000000000,-0.388779980321000000000000000000
0.576044000304000000000000000000,-0.388737158897000000000000000000
0.351728770791113484246302514654,-0.388736582786310232964882557490
0.295685751185931097785848293906,-0.388590855249106864731534424157
0.239629829672040792893149073148,-0.388432120915431023274510240377
0.183610734282000000000000000000,-0.388304321335000000000000000000
0.127572380526848766567438923995,-0.388156503941300815635933827507
0.071563370772604316839543923208,-0.388029086980274378475256967864
0.015445072814735955565073737513,-0.388014679292667553683659698942
-0.040552258177917103287089311453,-0.387895322111298806178870345962
-0.096555555688117042756960571627,-0.387758709663781524716372592572
-0.891324207034100986793273586791,-0.387729803003299538201873691469
-0.152546033326849255072103814649,-0.387637692862664157763262088884
-0.208975688670448420836084816617,-0.387320099293279509231422383915
-0.264973796391662875268516719145,-0.387235638742516076901761978402
-0.320973065924956655160251412399,-0.387114197577937428471714822877
-0.376969669465664961648718213552,-0.386992147031161713592661782989
-0.433017841513000000000000000000,-0.386890756476000000000000000000
-0.489023035111475869536462253082,-0.386763580283391330700482219641
-0.545169885969711908099106469256,-0.386741662120800877831156412113
-0.601309606809579110745472884302,-0.386711975234022457294350260668
0.907557478103115082475770722889,-0.347986079437213085947437646492
0.829978147813797853202615133194,-0.341340885920565963251613840191
-0.856408462098348016438476461305,-0.341103609766645096701581876849
0.773789923044943757473271251151,-0.341077263296508275495026684760
-0.796826410876811368301360038461,-0.340789955091016884988643609479
0.716169546399291635314573687533,-0.340611325299616039626222490122
0.547921771819191011940391329084,-0.340321200235400874318009695505
0.491899984203000000000000000000,-0.340306996996000000000000000000
0.604178558561318132260141346905,-0.340298468355453173312034273959
0.435841005076192939462501077231,-0.340279668766966722170037619427
0.379735238563070306537778975041,-0.340253875424029162859494123148
0.660169007020128026830097162285,-0.340228958502972290838103426654
0.323737415167955870066473531047,-0.340134283991146264899706491652
0.267746201894866403815729261474,-0.340013067194134903474452179837
0.211684866248000000000000000000,-0.339860384806000000000000000000
-0.740845469236968726757014076639,-0.339755874168278499100691483084
0.155664329675144245913746611534,-0.339723276263519314051022385766
0.099635973994300403853451222805,-0.339584643556952259682203648141
0.043516661313309082399858260007,-0.339569647871426673712043517971
-0.012498270553297955185034370270,-0.339440096091849109462777191434
-0.684856036502048107660528890636,-0.339411530938290431163813346967
-0.068513917340837963177539738248,-0.339296335918383470571773839747
-0.124575484931635504316022923079,-0.339134254090663211269389239801
-0.180577936170372570762287988220,-0.339065536781713050942843399314
-0.236901610923971807622909628371,-0.338790953241361322828347046722
-0.292891981777991429238140469632,-0.338674669675930605938657399183
-0.348882348124121384557284873239,-0.338556235456224776880106126337
-0.404898756508000000000000000000,-0.338450765828000000000000000000
-0.460906027662000000000000000000,-0.338339227144000000000000000000
-0.516902875228543089049253090106,-0.338207945540500691603432085127
-0.572893419577137750743449703943,-0.338096612685568837397200584962
-0.628883794110283607525936887163,-0.337982114317497094510767849277
-0.912170622704550885823749564296,-0.335764794546328609899131719689
0.870490131519000000000000000000,-0.302616031378000000000000000000
0.926091756003815410948628149335,-0.295152229559148638417909622034
-0.826865804075348000599613750709,-0.293539875657200582379517067930
0.745367938305597422259346276146,-0.292836969622914172408013110832
0.802134414389923887596391885669,-0.292764537156393876863509084708
0.688462165387462682554430091576,-0.291912994890112822477105086808
0.576030603154564332001485926819,-0.291897768395043109887085225795
0.519922843211662336862455792609,-0.291833486731917823715882273942
0.463891701622209947518410483491,-0.291822537470102803232238442114
0.407810398292351190134595867504,-0.291810913536737381007642039593
0.632144548677573709322100165360,-0.291756409294500803519363375615
0.351819567944557537844868154417,-0.291695375604707141378373028675
0.295809441101276948106051193918,-0.291563198716686780514464758638
0.239754565382733216026068120792,-0.291414191271553417921386873583
0.183724939727073935019174344824,-0.291271885016705960005848690089
-0.769796803492000000000000000000,-0.291197050949000000000000000000
0.127703266439810892887547171655,-0.291137123031992171234633019790
0.071589264535005169413765559603,-0.291125204448104554918990198248
0.015584299002144850558994338882,-0.291001429332720033822617189057
-0.713349975921215218315264425602,-0.290981567432440691292309465564
-0.040434969600357957383744750801,-0.290855569574057001097690370254
-0.096430277747558297395569274825,-0.290731955975763666834982449888
-0.152517216621288226693611750385,-0.290614208950312238669762484826
-0.208513811273941909179074554770,-0.290530534871148227590190265006
-0.264796091829275987644845333030,-0.290243727931753156659738263513
-0.320787723031825059477299030240,-0.290124559962168689871464582536
-0.376794602950000000000000000000,-0.290017383352000000000000000000
-0.432800722592000000000000000000,-0.289907322917000000000000000000
-0.488791184713390356089118786793,-0.289786173509538100203824218491
-0.657372354978589511553483400137,-0.289781107586402060589504571335
-0.544806511556764022554391968771,-0.289660461433706296856116389534
-0.600804320973335581579599910193,-0.289541652525833161205657067509
-0.892500165977526034077339979664,-0.283343345859855989970922340667
-0.938801521387000000000000000000,-0.251825404270000000000000000000
0.886044171439000000000000000000,-0.248774727326000000000000000000
0.773688091749723972165525852969,-0.244536824083388452201454263795
0.830207700279047762209431211918,-0.244320489331859668592996903047
0.717671772824490478255192413411,-0.244145495650431353674148631008
-0.852561544277111785670668824216,-0.243793879981953517864188008251
0.660411642561000000000000000000,-0.243420832527000000000000000000
0.547975023601643772731484054120,-0.243377214427847835662507369731
0.603965515102935988285617153173,-0.243373796539114398346795464464
0.491873895051182411177964195426,-0.243325815919653545172779892894
0.435776048695361477507053121821,-0.243304650561995142433328888781
0.379766133556566688571560321677,-0.243178114545039863259693393008
0.323767338995273997937512259503,-0.243052466959815966043628856612
0.267776767513266783973931879208,-0.242940576407446582078613126417
0.211784732006081317276778948148,-0.242820020166143222258222708455
0.155774305937291444796899866905,-0.242691773494919719476183759450
0.099656556980515658447861508454,-0.242677683923144466471419569896
0.043640585846149813915509654563,-0.242547534558768649996642623141
-0.012373888301958084392751303013,-0.242404451252568980873037019868
-0.068383945084740099793615659989,-0.242272298791619490084514618678
-0.124415026784434118976654645922,-0.242186922462097220048815545686
-0.740614405579334467178358491959,-0.242077722740476985618149284367
-0.180457683311498803165096943780,-0.242076548100261590251510399281
-0.236458716672738640679525964980,-0.241953684242852861953551822051
-0.796604472485336494666324542252,-0.241859644544281765429003237342
-0.292703283369649119549578197068,-0.241686977455401920087889222896
-0.348693673169127557909862026733,-0.241580205077419357651559059678
-0.404684048340682542503269360205,-0.241466019321922703342251904774
-0.460674414364805178479418359283,-0.241347432969365686063354365784
0.941566241973062375473601437069,-0.241342607424944629077031282031
-0.516664990091000000000000000000,-0.241226386669000000000000000000
-0.572655574371374773061033118820,-0.241087167839529424782914245329
-0.628646360731946594745095481107,-0.240964332999966330932808463129
-0.684636784636708760416577466494,-0.240877262894438354915344390138
-0.897346096998546780385906552173,-0.210189133475258237916796271038
-0.951799202904081508359493465134,-0.197158615163277776056038348799
0.859893103300411033089848693865,-0.196847212662795886760354121860
0.801760597317051754675329894818,-0.196092324071409900788352150915
0.745771172814274260417464483403,-0.195716590330856160997942637335
0.689577963186896328683442579901,-0.195626791817533909170671377136
0.632224197208123944917302801607,-0.195037660616637422097436134355
0.519968854632966081298366281215,-0.194894334460418982998374603675
0.575960474415135091887492312835,-0.194881064726113147975104830018
0.463843254823702039001387854213,-0.194857080030672508933343646838
0.407848694480426829366295274260,-0.194739442781706770316134231032
0.351831110965417462940472100578,-0.194602907074859021339004952079
0.295840731545752980907057890006,-0.194490823711904333627065122779
0.239850367004107796294428864783,-0.194371539463485574819764209663
0.183859996856002155776637940467,-0.194254916496793902687398315734
0.127727596477996210357214203703,-0.194232334386072014712970309556
-0.826319144728000000000000000000,-0.194210242213000000000000000000
0.071725380653578443102481373163,-0.194110157969373667370057845236
0.015733751824221761041075279123,-0.193980327958745644428860912384
-0.040321301023665357873023355860,-0.193822085597664752558472765830
-0.096341653977050722842634458387,-0.193742925006727109895210596352
-0.152364842651509296365627280476,-0.193643837522691398426679413136
-0.208368426847084016343932787062,-0.193519494172728188639209175447
-0.264358793298245895283585484826,-0.193401109617799961391224576163
-0.768664643453476653388916873985,-0.193338503750719613479488448307
-0.320610099638071049943001777975,-0.193142019524513761179218221162
-0.376604495496695440796908996744,-0.193025089041277708958076858822
-0.432597175209000000000000000000,-0.192905032975000000000000000000
-0.488589505908000000000000000000,-0.192782844893000000000000000000
-0.544580470712000000000000000000,-0.192643874204000000000000000000
-0.600588734320000000000000000000,-0.192510577501000000000000000000
-0.656582238379000000000000000000,-0.192414616906000000000000000000
-0.712670946178000000000000000000,-0.192410388702000000000000000000
0.919077440447572410923519018418,-0.190066989864691301051666793054
-0.907119243031595581772752595167,-0.155058191465757423575374935608
0.960048563793506632652752208788,-0.151905462091153682950420238033
0.828099654741459968746715723661,-0.146683932028843227632544920036
0.604139208591710820043609393784,-0.146498277596348473453500729136
0.660129700177029370754651702387,-0.146496770077931298392791170498
0.491938214405485709121789940003,-0.146425598571437946758938357619
0.547951964768000000000000000000,-0.146398082407000000000000000000
0.884089178883125349562681415267,-0.146354786729455990809832888530
0.716119934725276735101063956326,-0.146327107263836776471852207762
0.435947841327981708506326691494,-0.146310390584933541396084847293
0.772110423172582968375966475828,-0.146308301139663011453468183824
0.379957479887004218366889815479,-0.146189659698494792276987088383
0.323931759537002224229919639531,-0.146057061761864868271639639957
0.267941394995357039617290614309,-0.145937777513446109464338726841
0.211937819115525893186934850955,-0.145813497778915371325095391055
0.155813287396706921336952277266,-0.145795477387946197924184865841
0.099822914523949497503525936844,-0.145680169938799154248949295434
0.043832571717438827356191936088,-0.145551086060417439583260388205
-0.012157789896862893525146655216,-0.145430435581895368823318899973
-0.068262971237076191887967313657,-0.145302005054417207680595763373
-0.124275964975086578196692659840,-0.145208828478434983698367308516
-0.180284623622803201612686124618,-0.145081542660529474202196173063
-0.236274990073965080552338822383,-0.144963158105601246954211573780
-0.292323764045568802729593715935,-0.144822061236177255670462243840
-0.796425507540000000000000000000,-0.144714210764000000000000000000
-0.348506343720690476271553276276,-0.144595459505106071317313438553
-0.404496707472881020980780854903,-0.144475805271472825001897086785
-0.460487828116000000000000000000,-0.144354946398000000000000000000
-0.516478400147000000000000000000,-0.144215546932000000000000000000
-0.572469469402000000000000000000,-0.144092852605000000000000000000
-0.628460061394000000000000000000,-0.143949685785000000000000000000
-0.684451165976000000000000000000,-0.143852069049000000000000000000
-0.740441863410000000000000000000,-0.143792054404000000000000000000
-0.852395980692185633931688557224,-0.143213373646543989394686652533
-0.961572348937130309746339508128,-0.142027673153776961714617013368
0.855320008412815083464677955080,-0.097755540513848752602032798614
0.519379110333400731325293148930,-0.097620553945789094016603503883
0.575369586936171494845314234004,-0.097579565742377477062730284468
0.687350563654686255414107120409,-0.097568662187179946067619711942
0.631360073516443452832386848202,-0.097555843545493636223522760441
0.463388737255896730709829900421,-0.097505345959284688653749993557
0.911309532554480464280643646686,-0.097426395214461515779320767108
0.407398375814919240570393024406,-0.097384615072845939534652234647
0.799330776843938083093928707247,-0.097379909624668536422956062402
0.743340358498445097103678696722,-0.097289335152979823442449543976
0.351407997652690229848658089246,-0.097271905318042195555934345551
0.295417633111045045236029064023,-0.097152621069623436748633432435
0.183436801622163162435768299831,-0.097093561490578711539931183943
0.239427263414458607998472309190,-0.097035781530877324462507335026
0.127446428749405738602341959409,-0.096978254041431667864695613536
0.071456085942895068455007958654,-0.096849170163049953199006706307
0.015465724328593347573669367349,-0.096728519684527882439065218075
-0.040524731630719182468768332536,-0.096665339731036261981244479964
-0.096515165649295805894980807264,-0.096585036246324849627589773332
-0.152505535345882243132537562097,-0.096468196707578737341463675924
-0.883357793674000000000000000000,-0.096436554470000000000000000000
-0.208495901797044122072190259861,-0.096349812152650510093479076640
-0.264486289845077316884020716561,-0.096242125250472106502882744386
-0.320476661379291147260983259222,-0.096126169660107456552986516943
-0.376467024901112728998954537342,-0.096006407677365125608420025535
-0.432466516996000000000000000000,-0.095879886716000000000000000000
0.967275449001999132174685650416,-0.095767676905766920008940506551
-0.488468475236000000000000000000,-0.095734431355000000000000000000
-0.544471116234000000000000000000,-0.095604648994000000000000000000
-0.600469958139000000000000000000,-0.095457032685000000000000000000
-0.656466977736000000000000000000,-0.095355767471000000000000000000
-0.712508106311000000000000000000,-0.095266949162000000000000000000
-0.768499698033000000000000000000,-0.095182754736000000000000000000
-0.824488449057000000000000000000,-0.094673266412000000000000000000
-0.944421957564607878553873668143,-0.088728524698970037182783493435
0.491699776758608282890945884657,-0.048948707467223140509289355222
0.547690253884357870553005474229,-0.048908439997084021487389697838
0.435584744146181940802141971152,-0.048906239821484461629478880541
0.827912012331828544548220987425,-0.048896929557821894759867519974
0.603680737683528813668909624584,-0.048878873580064635541356275891
0.659671219449555732323902372449,-0.048845679507606492053595335531
0.379518466256536773191828262176,-0.048829020202072776027451275055
0.323528089785564646492358999858,-0.048715473396525145148572202224
0.771651670509667349563270601171,-0.048709567292049044478551886119
0.715661252164174363573020590646,-0.048618992820360331498045367693
0.267536216823946723862437688614,-0.048597891371438856416258570544
0.155555385335064841062176924422,-0.048538831792394131207556322052
0.211545847127360286624880933781,-0.048481051832692744130132473136
0.099565012462307417228750584000,-0.048423524343247087532320751645
0.043565391515123070086714755439,-0.048299769398726535932646840810
0.884358814060312564793830086397,-0.048285325882938665252548770196
-0.012428274510979281588170907328,-0.048181017390628559426422035706
-0.068418730470291811630608607213,-0.048117837437136938968601297595
-0.124409164488868435056821081941,-0.048037533952425526614946590963
-0.180399530940030313996473779705,-0.047919149397497299366961991680
-0.236389900636616751234030534538,-0.047802309858751187080835894272
-0.292380288315054872097374849846,-0.047694430961631006537187939788
-0.348370654127851209391413489681,-0.047575744873624197548064285731
-0.404384502711000000000000000000,-0.047440622947000000000000000000
-0.460377392515000000000000000000,-0.047300110025000000000000000000
-0.516368464931000000000000000000,-0.047177355135000000000000000000
-0.572359036249000000000000000000,-0.047034303469000000000000000000
-0.628382792830000000000000000000,-0.046917031193000000000000000000
-0.684410671800000000000000000000,-0.046836492463000000000000000000
-0.740401036230000000000000000000,-0.046614422872000000000000000000
-0.796391057064000000000000000000,-0.046242743302000000000000000000
-0.852381681062000000000000000000,-0.046125030342000000000000000000
-0.908371865796859724208238298529,-0.045887819361929005170812223023
0.943974423754190180877126398358,-0.044856014463461924973621132915
-0.971199532748847401645071214801,-0.039556412506278549312510985244
0.463678929625018427825769277952,-0.000474309315681037889666451887
0.519669406623721674290141461807,-0.000433865577946869699701561046
0.575659890515705669298075079889,-0.000404475448311242093464198985
0.407618358714309152204089051021,-0.000400400625422997428319485706
0.631650372281732587953067827754,-0.000371281375853098605703258624
0.351624300424448168207544069954,-0.000281613857653305736288728139
0.855611506883293056667999221792,-0.000238187775572458766626501506
0.799621024854477369788117036836,-0.000205439964854546684816173686
0.295633924081511222390841105266,-0.000168003934996816722546540284
0.743630606508984383797867026312,-0.000114865493165833704309655261
0.687640123749820749722499643927,-0.000083391153791379364371144119
0.239643557630349343451188407502,-0.000049619380068589474561941001
0.127662726141467460650927643309,0.000009440198976135734140307491
0.183653187933762906213631652669,0.000067220158677522811564156407
0.071672353268710036817501302888,0.000124747648123179409375877898
0.015671392675550440924874480762,0.000247732895172787079996341559
-0.040320933704576661999420188441,0.000367254600741707515274593837
-0.096311389663889192041857888326,0.000430434554233327973095331949
-0.152301823682465815468070363053,0.000510738038944740326750038580
-0.208292218819321416477401347703,0.000629106112939802560690938069
-0.264282588515907853714958102536,0.000745945651685914846817035478
0.911591994892656183415489111134,0.000820165885445635416438885601
-0.320272973889259267720044078612,0.000855014354049387978642582015
-0.376263334847674848933581377196,0.000975968827184737910253086579
-0.432297120253286896306084961447,0.001140375418053562717583861002
-0.488287694706000000000000000000,0.001263353298000000000000000000
-0.544278505687000000000000000000,0.001450515606000000000000000000
-0.600269630956000000000000000000,0.001504569588000000000000000000
-0.656328280307000000000000000000,0.001602983046000000000000000000
-0.712318881997000000000000000000,0.001851075739000000000000000000
-0.768308643752000000000000000000,0.002196756611000000000000000000
-0.824299691070000000000000000000,0.002317258061000000000000000000
-0.880290169153622767062526587213,0.002551353462092808686075973087
0.971998025204598060495359882459,0.003616791438269579782678223860
-0.936257242202060006990524233954,0.004192628810137423141767020286
0.435712544193145639227716357821,0.048031529880380426311492942947
0.491703021191848885692088541676,0.048071973618114594501457833789
0.547693505083832880700022159758,0.048101363747750222107695195850
0.603683986849859799355014907623,0.048134557820208365595456136210
0.379722174095415826633980301902,0.048148177029863250366154788114
-0.970806309633112827867626334067,0.048252993259310349355176339379
0.323731641230850787796294788841,0.048266658133716961205407901404
0.827644626304885249406350520937,0.048267365936876958071483183089
0.771654208792642950929713616604,0.048358454042742412734694813022
0.267741264887913841979591824153,0.048380268056373450219150089259
0.715663726465945658406261983039,0.048390688527961700197276903948
0.659673328951101157038816061067,0.048493335339572667605744080217
0.211749558790776714289348132825,0.048497882913830733538081241368
0.099768727301894831489087368632,0.048556942492875458746783489860
0.155759189094190277051791377991,0.048614722452576845824207338776
0.043778354429137407655661028211,0.048672249942022502422019060267
-0.012221266518046939486374800351,0.048796004886543054021692971102
-0.068211628132348660367713391656,0.048916655365065124781634459335
-0.124202084091661190410151091541,0.048979835318556745239455197446
-0.180192518110237813836363566269,0.049060138803268157593109904077
-0.236182882422556430526916015450,0.049179530645858217552322445032
0.939615596343064063033722595234,0.049292971787177140172738242377
-0.292173254212017635164303774735,0.049295362921783856696289366919
0.883625114314248376153840410279,0.049325719597895052254548570197
-0.348163638322857340883409978703,0.049405077819896321596744991081
-0.404153957924045475047996010293,0.049543862527436558003040120474
-0.460211051676000000000000000000,0.049705749338000000000000000000
-0.516201622443000000000000000000,0.049892918143000000000000000000
-0.572204835580000000000000000000,0.049983887341000000000000000000
-0.628213858326000000000000000000,0.050023461365000000000000000000
-0.684203805586000000000000000000,0.050321357595000000000000000000
-0.740194235547000000000000000000,0.050617283411000000000000000000
-0.796184809627000000000000000000,0.050754959123000000000000000000
-0.852175604468227093808791377264,0.050971456753896531358991673668
-0.908142045923392182432286473146,0.052612365369212402497722172940
0.407818378539011899406454100583,0.096578936327048458826691813482
0.463808855537715145870826284439,0.096619380064782627016656704323
0.519799339429699140878759902521,0.096648770194418254622894066384
-0.942690958485043049355159413298,0.096672639892252339460580758178
0.575789821195726059533752650386,0.096681964266876398110655006745
0.351828012087864595872011268997,0.096697320888870171931924986364
0.799728302162426190237019517869,0.096802033923908626720003975451
0.295837642391278158634454514164,0.096814160427616284218051083773
0.239847266048341212817751549476,0.096927770350272773231793271628
0.687769414409772669833399170514,0.096938010855264999887304373014
0.183856899597179333878098851712,0.097046154905201000479777870911
0.631779051053348477716791460250,0.097057850138600173165156111975
0.071876068108297451077838087519,0.097105214484245725688480119403
0.127866529900592896640542096879,0.097162994443947112765903968320
0.015885695235540027244411747098,0.097220521933392769363715689810
-0.040109155484393545781606428799,0.097347017226544394381492453993
-0.096100308915244817199547799201,0.097467212873995522408142564316
-0.152090764874557347241985499086,0.097530392827487142865963302427
-0.208081343228632224361345394642,0.097610613401914999306180428662
-0.264071695213385151199403420771,0.097735652842545540118021730846
-0.320062078400654939938549628003,0.097845838054510601116319202242
0.743750206567730487226015325968,0.097980152690989747456271384550
-0.376052359733090705183140475738,0.097999286915484805340724867119
-0.432042769829464776771947613337,0.098094824751401470408517665319
0.967041009457147365182095710161,0.098106718475585589399233679119
0.911050527428331678302213525206,0.098139466286303501481044006939
-0.488106939394000000000000000000,0.098360842728000000000000000000
-0.544124465974000000000000000000,0.098424434791000000000000000000
-0.600233263246000000000000000000,0.098522035321000000000000000000
-0.656223471441000000000000000000,0.098832649402000000000000000000
-0.712221015986000000000000000000,0.099120040009000000000000000000
-0.768216529337304206017007715707,0.099259753916570137124101522543
-0.825541643665787718042252130860,0.100221505304251911643871543233
-0.882101575240000000000000000000,0.102208948376000000000000000000
0.855317007488001185108637269094,0.103497628779082393546974763860
0.380568264581417921886617177726,0.145490759432882298764553697170
0.268222532201281253536331378678,0.145520842098949307889729792131
0.436558741580121168350989361581,0.145531203170616466954518588012
0.324447398269232283379882258761,0.145536210486742485420309784605
0.212232155858344307719628413991,0.145634452021605796903471979986
0.492714218434127478283060798432,0.145652151413406422735542513752
0.156241789407182428779975716226,0.145752836576534024151456579270
0.548918412286733375854920551276,0.145803695400633694622022522911
0.044260729119202983790004563070,0.145811766433194423340883119747
0.100251190911498429352708572429,0.145869546392895810418306968664
-0.011729643753554440043421777352,0.145927073882341467016118690154
-0.067741964397746113619900389085,0.146043660045083559989407874823
-0.123737046720117955700044466896,0.146161626041657118842443359733
0.604907647716933540360496009245,0.146178750303091737428892098607
-0.179727502679430485742482166781,0.146224805995148739300264097844
-0.235717936699431439802629835360,0.146305108486760240842911828195
-0.291777138690219162883837826923,0.146391007655661382017581358376
0.660897710570638712633656620397,0.146397866428430409746137509878
-0.347769736178945825218615559475,0.146499931928298404043654256624
-0.403818031405264597915823926630,0.146620297053400280775220596631
-0.459819940766000000000000000000,0.146709429153000000000000000000
-0.516054433537000000000000000000,0.146906906185000000000000000000
-0.572094694858000000000000000000,0.146928468467000000000000000000
0.716883752265602792491552735914,0.147103759882134856761076329212
-0.628086000323000000000000000000,0.147270195082000000000000000000
0.773367586787000000000000000000,0.147277452468000000000000000000
-0.684076514616000000000000000000,0.147523023837000000000000000000
-0.740074569788000000000000000000,0.147723227227000000000000000000
-0.796072297853999366329637340957,0.147829202241443397109059162771
-0.852123446153120048775796472274,0.149500575794060602184709834918
-0.960393630578514939299401151970,0.149790909357562020100804646685
0.885325028746042019224006875851,0.150767638409028616010765195040
0.829195525774635089921712855727,0.153021394218884322044367127378
0.959762310483977872577855741071,0.153784100466865053726068785825
-0.906210950010140652145959454413,0.164112540186416608872457485334
0.296321729847428955015633798219,0.193949864821702723830604558757
0.352547352328515924573224741792,0.193965119941850397223879048883
0.408538639790646104123847325611,0.194006032164081678720335524383
0.464532146600615846928832988527,0.194032994496273732036551830731
0.920851081251882610320284132143,0.194043899148497508695530579896
0.240331367065996822917433604726,0.194069972447849827007994247872
0.520684979337873866072719992530,0.194155467637183243663234833972
0.184340990723059877100730640039,0.194183582370506316021736435727
0.128347563275132855312783550928,0.194300208274004134502669560188
0.016366672595199839202350108421,0.194359235583233097823171395503
0.072357134387495284765054117780,0.194417015542934484900595244419
-0.039634890256663264862335914922,0.194468111858871922708108672937
0.576674220658312929243131498377,0.194529642195214975897071255650
-0.095637355479054356007689318502,0.194590362370361100715885254682
-0.151645676956191588035523242198,0.194700718622631022347723801322
-0.207637905174633208398737266726,0.194762879533290123236911739424
0.632664034861837003127559938679,0.194805061317813767345370195198
-0.263648482812984034037524568212,0.194831593461843190754181383565
-0.319676052445175724378635520456,0.194935685649564429292068563322
-0.375679627858340342446724584813,0.195038299192584333121849962395
-0.431736742972000000000000000000,0.195156184827000000000000000000
-0.487749919072810774299851414111,0.195236405425625293366777886472
0.688650755217644481372797955347,0.195454902866848429113892341664
0.744640571868399336441000492623,0.195729824042994603649687933800
-0.547971044355271458543968049937,0.197456475263161211648793938036
-0.603960435729973059213543202082,0.197807479150218342867143296457
-0.659950400833802262361589643507,0.198050291650364651036156761695
-0.715940367183097158108088500509,0.198292816789400620897337648442
-0.771930831830066079382343616352,0.198347760895204629941258172454
0.859203547032675924037082462484,0.200291403848830544508157558558
0.800379867094321012836102408510,0.201027570540873133336959036064
-0.838859954185665609389886899513,0.203897404112148328509497687693
-0.950175439116531205117097660077,0.204841102031924949429268925631
-0.895844798575512025903980769335,0.219135063344416061761953529573
0.324421403483528367233695184643,0.242378611365289197806318754677
0.380521117136365607213646815614,0.242482361574274961850448317900
0.268431041885294947531383283201,0.242499269300409899594275484261
0.436511602836020959108698735720,0.242508078396177205958389387145
0.492502087083224637487556488286,0.242536783829041962140318125395
0.212435646984138420651991215962,0.242616485724838536683674617836
0.156445270641201474835288251274,0.242730095647495025697416805691
0.100453506751129710725129096279,0.242847677424042808984957835943
-0.011539844302696315124180418787,0.242899543213754719928698205243
0.044450617489599130438523590573,0.242957323173456107006122054159
0.548490984565904328692818220564,0.242959286979589918898424677142
-0.067530281337971507250124844339,0.243014814184149463434586052797
-0.123525009466592042752188563517,0.243141509682341407534281721746
0.604481019782129880734118340780,0.243185354942958707692851135747
-0.179517798156547283956905710718,0.243260784623728279634148782526
-0.235509781986849327932965819128,0.243323085805534155115904308799
-0.291513558771750565387778818629,0.243395702555395094249873335260
-0.347588348428000000000000000000,0.243473769440000000000000000000
-0.516121926364340039416236361240,0.243506109718148667245619430538
-0.403599093852709855083811920021,0.243571159903936220349291863669
-0.459668983785000000000000000000,0.243683785564000000000000000000
0.660467740137937358979356357448,0.243835196491993369461373282212
0.716457556788692214047558894724,0.244110117668139543997168874349
-0.801693067921258022275286820144,0.245772906684019986544352249983
0.940207711523283919911555700332,0.246582037817225673640733841147
-0.577615477462343599398434751696,0.247212725067176406155141005734
-0.633614106577334016710146926197,0.247460156607425168265440105025
-0.689604385789637981813742544743,0.247702848506468069821182499204
-0.745656970824849022044435925032,0.247797966437121665308695347579
0.772196852014613890442660810612,0.249407864166018073684439976612
0.828372999120020434240217561975,0.249517978970066639358949556372
0.884354796182794871996929757565,0.250504664259598486817361498241
-0.936804453741563673143401042083,0.259211607826341131046919587016
-0.882682753464379008023584264387,0.273556527113141895576950381773
-0.039319416206576643475287768693,0.291512612804919006756777924220
-0.095322280980693087891389216032,0.291620779930107055159125270534
-0.151365733792742612250582637189,0.291719583123283125577112627705
-0.207406386135229537042627382620,0.291811395441652485573742830551
-0.263409148562996919846404088013,0.291867503557609190242733691169
-0.319426976031255269967094809155,0.291932042416730168761259600147
-0.488047445704000000000000000000,0.291949971449000000000000000000
-0.375509927962782896016134278265,0.292006001803610085577584643670
-0.544055456761042890187189062532,0.292030876897546005273133345470
-0.431522121063084687690566186316,0.292101971783060042667500160889
0.243045421495969808012850938832,0.292404233258791023387131410602
0.187055058003016320604508215787,0.292524008737001569212965989932
0.131029751593894651044562181992,0.292619839501259430970478905652
0.074997437580062879868893450695,0.292716742911538161519321729007
0.300001184005479152376789316421,0.292763014020100388337894232586
0.355991652696978481502281350729,0.292813669172578839561489267975
0.019007066207517103025975427596,0.292832776538756970517426870011
0.411994458927280384746667532420,0.292845388661986444598903091015
0.468201222194188585574095164330,0.292978860668552189075711036340
-0.830478766701062748835103616431,0.293797053693587870056424163698
0.529203130726895122323499237470,0.295522713851543929960438593932
-0.774478791700949461805237202317,0.295838075534391202198187756812
0.586140706277283832541441589530,0.296086848785592309412982656127
-0.606398615771046470002621364379,0.296391545304747775851730518630
-0.662388626776142574870534931997,0.296634149248869943003828219904
-0.718379086063800796143720508998,0.296694307334996755527452222745
0.644716663857520965950368810680,0.297564506428440006250453884446
0.700746938973000000000000000000,0.297988001708000000000000000000
0.924449853171625237589019332419,0.300309359083107708376755392687
0.756624677170717486144622862050,0.303189297029687290066282282745
0.812615140768361751917681194061,0.303245300235948674094971107912
0.868596937831136189674393389652,0.304231985525480521553383049781
-0.913986010749000000000000000000,0.320663108442000000000000000000
-0.011236798554197135480857006312,0.339952239550482591831114638492
-0.067227200944635746559241822601,0.340052191513972452879338423571
-0.123217573735431787547422675673,0.340167538754622434141716665925
-0.179292870408475881074926151259,0.340248030354617545810589777363
-0.235324358241723647918018395140,0.340345115510273394757514173057
-0.459914202615527593339517730133,0.340359871191940973120580632334
-0.291324047602430996231241397168,0.340402991212071277574848178612
-0.347339699924030382917085644947,0.340468781029083806762242770504
-0.515981181870000000000000000000,0.340475519941000000000000000000
-0.403433884817240639602312465835,0.340537352805984719025448565589
-0.571985268578294107253594343200,0.340557784506533140070585943487
0.271219639094991777124058339076,0.340789650616929001551668903473
0.215155026758477795170588877939,0.340953806188170299732464757501
0.159125327742954168539187457944,0.341050963286389971603650559439
0.103097431706571438842755930632,0.341145303496470104135217860050
0.496629262702000000000000000000,0.341215737665000000000000000000
0.047102767567002871842778054342,0.341263859562279943588847863958
0.327936250229882597344583890822,0.341286897060067759339503962223
0.383964923051366158888218704499,0.341315538166655497907933305879
0.439983572270779398397162546538,0.341338961816483679989293890172
-0.861535518436000000000000000000,0.342315607608000000000000000000
-0.804462063402332069671798409382,0.343375943351425664451217274090
0.557194260982020158429739080220,0.344014277832084535362264399741
0.614250998424705871138358759982,0.344540866227534855377711337315
-0.747168416987894457621506425967,0.344716277048673261654172460907
-0.635105583081949152380536425684,0.345548275183976945377175544503
-0.691186837043165539766062093993,0.345715205039153167381926020614
0.681884760683000000000000000000,0.350769913750000000000000000000
0.905624561428246551068114498845,0.353040218558512786071674420287
0.737799395842416128006956514780,0.355920160223347864402288418218
0.793789859440060393780014846791,0.355976163429609248430977243385
0.849771654465757713733535733814,0.356962964290497612332053013486
0.016858876720466039395751731309,0.388383305831320550944450847559
-0.039131494648439152856041862528,0.388499341215238216591927077509
-0.095121897038877763934426678817,0.388599293178728077640150862587
-0.151113639135153234045554374197,0.388713853603977407046211627939
-0.207220201672252567519637149328,0.388776365569433234743518211192
-0.431825966369683545251264009652,0.388795252214865649478529037033
-0.263256433327900547989122106535,0.388870720417563473098942230113
-0.487845149755693318224289473592,0.388886125344631425007223646926
-0.319247659413448092669315275867,0.388933466726595815600721303100
-0.543911205613000000000000000000,0.389002587051000000000000000000
-0.375239560435708956738044670222,0.389012914904013718844851851584
-0.599905585815490646380637552639,0.389090155514063207253789528347
0.243389961090866665667954867115,0.389374053180148343510957986868
0.299380471722634359995583132584,0.389448112411045135205275632773
0.187223405787582332642341381216,0.389480635600336345633095621366
0.131194411177978213308289321763,0.389577235037664981313331312038
0.468406462717000000000000000000,0.389578854175000000000000000000
0.524662463977000000000000000000,0.389683267282000000000000000000
0.075204039568704020170957766652,0.389693154378681103270857017616
0.355924943458298555806008113647,0.389779867701222152167487139895
0.411953904845298046016099686453,0.389808342255274549156703471376
-0.889988519751000000000000000000,0.390722572303000000000000000000
-0.833951048147689102890967139190,0.391094438781903929121382682412
0.643957619804762073948950230124,0.392020018644851008259567147871
-0.776940246216349242369616219279,0.392135401193157041738204644662
0.585278015596869056195176966162,0.392452257527476378264284788575
-0.720351703970000000000000000000,0.393964027057000000000000000000
-0.663042072904266608504010002856,0.394117760775436224860070632891
0.883774447322923925886163554925,0.404591238566099643392818683104
0.715050880731226744686060611013,0.407081084867789421750420185570
0.771836726356836725855393941333,0.407483396883450561338107514931
0.827896812339000000000000000000,0.408503768597000000000000000000
0.044958941219705944968927495414,0.436811825583392225915416232898
-0.011035799338286181386122827225,0.436930419008269753376061595351
-0.067026170707191373637916421063,0.437046454392187419023537825301
-0.123016573097629984716301237351,0.437146406355677280071761610379
-0.403718611438648639469551705668,0.437219541048250358041271198419
-0.179024173442763691336563160457,0.437251851347002807450514321114
-0.235152112638960453404580781972,0.437302064946012475839726107992
-0.459757713859979362099043778932,0.437321970490993828160428647005
-0.291188925587172469899705730606,0.437396085191297563760155467093
-0.515776630824017856107543220656,0.437412072172777572412830883266
-0.347179375330849708956799439013,0.437464552256318691467755233855
-0.571818121314772009212643328322,0.437543166967483778882983990905
-0.627808541638342340462414729978,0.437632510283750945917841614102
0.215400908930724491195596256955,0.437866816654867743019656454148
0.271431440583006844556354420443,0.437963953211698798387125384589
0.327422166185996781811976406364,0.437972469187381795428359250958
0.159292489222606377411443245035,0.438006907351611355342776373965
0.496441674436000000000000000000,0.438045847540000000000000000000
0.440298875232000000000000000000,0.438094560645000000000000000000
0.103301798099434923590562625033,0.438125533523697579223102809795
0.552736865682000000000000000000,0.438127439127000000000000000000
0.383913683052012118068218356720,0.438272811581683049484210444491
0.614696622555421874811852766598,0.440091324634803604883454111168
0.670675645724008008853788763495,0.441224512760904489205900279089
-0.865987565552373565607025957631,0.441322619594639892880666236995
-0.809922349615928760035971647852,0.441666731562714426557871601070
-0.691798878781909520894317524847,0.442159214395760841963336590427
-0.753882306101977167400264573716,0.443157617412371493991567673522
0.858802314036000000000000000000,0.455217129913000000000000000000
0.743101924726262572725986918231,0.455538015032904128738902529332
0.800336594008000000000000000000,0.457256464865000000000000000000
0.073054636481966109689165839915,0.485242880269083832750429515410
0.017064265160953724187052936880,0.485358938760341428347026980690
-0.038926095461636763500235599379,0.485480048588628599848992865034
-0.094916765728745695482713806690,0.485595912263330413791312700122
-0.375655681507941749386101330534,0.485672799857188284930621856590
-0.656555791243336789965860997090,0.485679682837257002140930993232
-0.150924249148991545599638596124,0.485686047553882480747461962367
0.582248897715582082855268846147,0.485721142768961042697261716124
-0.431647483201907832184948798308,0.485746989696099778683180132361
-0.206966349547500090936411855611,0.485771640554810969348689238616
-0.263089161396280917807870001893,0.485824806593299248951025664478
-0.487689266908448124438973353768,0.485847959059595187115597668259
-0.319116722016304376204182528908,0.485924152707439254391245311538
-0.543683125607776849357182666988,0.485952392517026139318031337297
0.187467680564539982624927325649,0.486391757698426202371784153843
0.243499117941020053108774304384,0.486489415621264678206534048782
0.524516045780000000000000000000,0.486489541396000000000000000000
0.299490101184961683020879556707,0.486498079899831250583535531192
0.355480745853922543696278741734,0.486506650663055510728170498540
0.468343802922000000000000000000,0.486555344306000000000000000000
0.412258367740975456126879014895,0.486558565175486331118551779471
-0.600572610548795944899666244462,0.486584464336088867284607470265
0.131458994029939863120804240389,0.486589123188253154720566964449
-0.722091364856666329143854559125,0.489247434129032815302094472154
0.642687112303743988437863694822,0.489717575638196569232196582989
0.698820301559285618719476245410,0.489802763681275812515515862847
-0.839180506282080629227371828353,0.490478664223121146971077730014
-0.783191341864348264674865919982,0.490864174329825632194375119331
0.831027008221000000000000000000,0.504122513854000000000000000000
0.770151350736985529166778526055,0.504561108598372470962809763593
-0.686857537630582883264137874283,0.532761943999198423335010703317
0.101156053029852387880648625383,0.533670615486007021669164901241
0.045165578912663296120865785536,0.533793221340330208210943740960
-0.010824863544097346156299940892,0.533909238968592825114996708799
-0.066815969674926426534127609777,0.534029920541138624070847993594
0.554021512652189455770475371530,0.534075562243515775752481717870
-0.347600149404508488327014423134,0.534128193144514060703343930008
-0.122831588252117548178394687277,0.534131443925473466106814309855
-0.178871264780070433565118444749,0.534203049394005201974431483453
-0.403590586799464349212176200924,0.534206106941543616554406576462
-0.459581039934929971539631083474,0.534271741714850711368816783667
-0.234937505096950941970761605856,0.534274729193233410249279496081
-0.291016785266095091465152425258,0.534352973416541447450145522116
-0.515596480513717336038292431498,0.534388696232303401217742025694
-0.571587478534663079898441115028,0.534493944181244858142051596010
0.384117876245480752923090476611,0.534963605084882434151699671100
0.496418267724000000000000000000,0.534999643570000000000000000000
0.440302663763709204694247258388,0.535019401020811154236462772107
-0.629767558397000000000000000000,0.535038836046000000000000000000
0.610001168464572159700538389053,0.535177054579125317907829198917
0.160157375514067610876160214506,0.535269998136154548205647348683
0.216147817249755066009471117724,0.535344727520118078639048558687
0.272138308226957903897014781627,0.535353116203376600530962841709
0.328128799189691418994022527671,0.535361600912905270064537404963
-0.751400400619037426418455905391,0.536953991046486953504901917963
0.670658868784448990762298198111,0.538220317721736309192732269855
0.726627536741951294569246731721,0.539783441933401558890904932767
-0.807243351329000000000000000000,0.541431889355000000000000000000
0.800182320378002238296002840581,0.551816542282326446083301791578
-0.716243826061550028412792495504,0.580530939260216525979544668083
0.129367366791744438033109466530,0.582034413166362101840713982919
-0.660273648388613454948163072358,0.582039037896961319982962695782
0.073360356871000000000000000000,0.582355243784000000000000000000
0.017366365580673715025952158270,0.582395061720718808724525104401
-0.038700923931572284514471489913,0.582467043773918300224371406289
0.525990672359235634677377429218,0.582544182429251987335777606086
-0.319500406341529481747812696513,0.582556899404673462257125868050
-0.094736075546825686945106497560,0.582562604515170496545642934303
-0.150784991551347979973119443165,0.582644765747719491552978217280
-0.375506080092815830227179887435,0.582668837790600351996270127725
-0.206840077375171942939882935690,0.582707489110987093783470150192
-0.600002967021532218913800084864,0.582738064696503985628500368567
-0.431496511805689725038360227185,0.582750733115524707212058305702
-0.262849991159747637224737160745,0.582811604577135281832373092072
-0.487486969466201378952944948640,0.582812387026114895054596000357
-0.544014669270230831097385501987,0.583233710890738514731017317162
0.468376805949759291233978202899,0.583462952611871053323291613144
0.412303596751780137497649302136,0.583506382744772326252172970842
0.581970328171618338607440446741,0.583645674764861529491125087133
0.638018259211740689582510374781,0.583712358310835655775111271450
0.356313504197912059513147848638,0.583740910062972941904228718280
0.188053791685885795462925755474,0.583816111420401723614384785714
0.244134149087393792162707858924,0.583839061008803209895742498161
0.300124857251388546204168713291,0.583847324351787266949881022984
-0.773767915000314653612739941764,0.588282632667336376023551251755
0.704196079847000000000000000000,0.591084332199000000000000000000
0.767081611370721096363546239742,0.596974910426597738955356135639
-0.630685559076695216337566114281,0.629573027011154007370917938038
0.101765666583455205679141224432,0.630748695423724422127096357090
0.045415838422000000000000000000,0.630881933421000000000000000000
0.157755951349557431887364027624,0.630900886254657788100441133630
-0.010588926238911605691811882822,0.630907295327511902460844357379
-0.291392344112546981649622793969,0.630980777687705342317095826730
-0.066635582615898661366347404808,0.630991161431310362775655621325
0.497949304996164623363281624589,0.631006712972420439691310528032
-0.122689910431652454110726488586,0.631076176702965955536302742154
-0.347406337029836823647978160814,0.631097544050759753550052065767
-0.178751791505340510428118675959,0.631150365945754384115557291969
-0.403409707183082284666221433884,0.631210806698397934794680967940
-0.234754909527553440041754598087,0.631243015235081055292460714333
-0.459400113779611423949080581733,0.631308374078118094116191711705
-0.515390586499311535696401076665,0.631354361715117442326155202012
-0.738611340442827255607076531877,0.631859580881065948498194001875
0.440388088269000000000000000000,0.631956051661000000000000000000
0.553928960808547327293344642112,0.632108205308029981846658009079
0.384397525298435114772167577431,0.632178735252215439647310427128
0.666107497121000000000000000000,0.632183921979000000000000000000
0.328310595749335185052066391273,0.632226031399036968775115842475
0.610067871009000000000000000000,0.632233578370000000000000000000
-0.573727396030000000000000000000,0.632308760484000000000000000000
0.216235942988000000000000000000,0.632384265622000000000000000000
0.272226988840016216267653944485,0.632392603095862814013807959068
0.731427911989323146244345048306,0.640146068282962243013013603322
-0.684333110917912925988800504407,0.645600357783372366478614436948
0.073737390777802733087674688264,0.679218798637979242306980378823
0.185784752711219846852114446631,0.679370685557591881897049734621
0.017470124753000000000000000000,0.679406086369000000000000000000
-0.263297262480352784466640231311,0.679412188345651115777183448991
-0.038537730348471037768420083655,0.679423266915059368717089715255
0.129775238474000000000000000000,0.679434558973000000000000000000
0.469960984644574807326542451656,0.679499898825022684745521338011
-0.094588891365651903787618786012,0.679504537732895557962593738413
-0.319298274800854323549788258270,0.679521422333791633610022024446
-0.150657019377272696876152142323,0.679581956145851914582311694920
-0.375309801366174320603845651863,0.679639606514863816613208639990
-0.206673138145646557371444573126,0.679682144730691882396031609785
-0.431300162791501600808672360182,0.679760344659052418514313747330
-0.543171723738177284799165093567,0.679966536773980483845840239023
0.412551366622000000000000000000,0.680592726788000000000000000000
0.525940640456957511256605469179,0.680601391160632226900868819058
0.356524040094000000000000000000,0.680738687117000000000000000000
0.582023400834000000000000000000,0.680749516937000000000000000000
0.300533402499000000000000000000,0.680840914133000000000000000000
0.244542596387000000000000000000,0.681060710050000000000000000000
0.693362195464747164269814083908,0.681206223856326334158134102951
-0.487231386272933355211881238105,0.682335881517335823234335103090
-0.617965602073561178095106650744,0.684099514556902454826803479930
0.637668374287062584966414160174,0.686962388626929402311725946955
-0.673774524275223210464853744943,0.700586277784287632911893721469
-0.578272378472326389019729535099,0.723588540252412045791488529825
0.045791971959246198179322171829,0.727736720247356797061359812540
-0.235212790712525110832619768586,0.727852917836384317470161162978
0.213852120088000000000000000000,0.727890790824000000000000000000
0.157861111424088496518204464540,0.727901402128508060670187967816
-0.010468452447245082211301083504,0.727928292767738061333468082573
-0.066483056981003544229678188426,0.727941241621752439983139748821
-0.291203193168660126366805695612,0.727952832991737407070109646707
0.101864124272000000000000000000,0.727972992535000000000000000000
-0.122555761409229175767891801283,0.728010097519417962443993229082
-0.347201739137191820505655749318,0.728063484797895696673178598669
0.442215292585751450384019773959,0.728132898275931258874451157867
-0.178810545663348596896329700051,0.728247678706996851972664302381
-0.404520372969104582080345616513,0.728931250765270150733776838532
0.498194959780816071195529994125,0.729233811972841757435849316748
0.554301335262000000000000000000,0.729461269959000000000000000000
0.330073366625000000000000000000,0.730087771296000000000000000000
0.386111953979000000000000000000,0.730128523812000000000000000000
0.274046332222000000000000000000,0.730170625354000000000000000000
-0.460451596450536336483554494436,0.731506787623553555453798194292
-0.518556337958000000000000000000,0.732047106304000000000000000000
-0.632317489695951550241578057755,0.738219367401422618423211965287
0.627724472282000000000000000000,0.742096115407000000000000000000
0.242179960150000000000000000000,0.776238493806000000000000000000
0.017947230950414668454929435502,0.776312491454712166196579950033
-0.038430289306761646952934383052,0.776436754191287871013248383279
-0.094451256141650454808465902383,0.776446035054449673342318465276
0.185983249749000000000000000000,0.776453593855000000000000000000
0.129991637219302110464732126347,0.776462987335201894944305021719
-0.319106657504997623322673186660,0.776494895455841470133266220930
0.073938323266000000000000000000,0.776502482940000000000000000000
-0.150478694510680916452412363236,0.776540963545588254618949458860
-0.375132972052130401751323572405,0.776589574462010307032063126504
0.583913140476000000000000000000,0.777040105312000000000000000000
-0.209008076535637690980659074990,0.777332692544297799299032900117
0.415932030348336193607163706933,0.777571280643631423699024981762
0.471911703127964101647645680484,0.778671910337954385364756508734
-0.431190456094301933794691217396,0.779242736501636932518346549205
-0.580626350749279400223674533331,0.779529526700253451979025883942
0.304108543222000000000000000000,0.779694602134000000000000000000
-0.488358030458154045353103573391,0.780047142908787274399037122489
0.527982523724000000000000000000,0.780587705052000000000000000000
0.360093962757000000000000000000,0.781815661227000000000000000000
-0.264135091919677541545775056905,0.787127963091152176984435676391
-0.534778364721588881536129392219,0.811668246765665736302654428735
0.270543922052000000000000000000,0.824527675581000000000000000000
-0.179094431993165521545221793798,0.824666577500859150961151396962
0.214264194515000000000000000000,0.824796006354000000000000000000
-0.010055464417044225854388712360,0.824797377784325597521611069236
-0.066392352117385214308059922619,0.824945085368653493276149961170
0.101999164467131364873061952342,0.824953776351851413430518801373
-0.122382837290415080227402672357,0.824971924276268327413522708698
0.158063150508000000000000000000,0.824986364836000000000000000000
0.045951890686349506109000930686,0.824997359736907772581206551466
-0.343590570396773794485992878640,0.826848377557342214507534793342
-0.399580949710380687312340823539,0.826960513888031875878466236796
0.391762015693000000000000000000,0.828076871431000000000000000000
0.447863990623448765585253504146,0.829235164520595913161229298745
0.328287452396000000000000000000,0.830673142444000000000000000000
0.503882374337000000000000000000,0.831178162664000000000000000000
-0.234205948813731999349740910979,0.834548675657356960088495255941
-0.487155921153028507656394591739,0.841113756080288261517249483679
-0.289695411960717255479871789407,0.842022271170736335331549808137
-0.437917036915034120507678076475,0.867768350979397629009146989790
-0.150998574772899685320212102919,0.873097538231539223755724646800
-0.038097040116743900589120038976,0.873259787779251065626216156415
0.130003711731811002025880082044,0.873439110335461504364552851809
0.074013220885917927430075516908,0.873448333903265135057731538024
0.018015714625000000000000000000,0.873576649597000000000000000000
-0.094837265543000000000000000000,0.873767985186000000000000000000
0.362877129160000000000000000000,0.876060159273000000000000000000
0.418857884174512630331278466835,0.877126509656342776601522988201
0.282069391273000000000000000000,0.879332694625000000000000000000
0.226072798803000000000000000000,0.879538606504000000000000000000
-0.332113093865670880108642366846,0.881649861868592589831493442520
-0.255478356815028684927077058613,0.886340758141696281765843948511
-0.387222307133329081595871509312,0.891544798111843703705997013613
-0.200891056302073199291021935156,0.898797153003233426651734528094
0.176263900203000000000000000000,0.905112722738000000000000000000
0.324046912036000000000000000000,0.916398649919000000000000000000
-0.065717498070984382360007130347,0.921963437053574164471509257712
0.046221976191602497275964449780,0.922054731307093817342615608105
-0.009749003601601814710501768634,0.923532760815241000843272056763
-0.297228647858664142781613063509,0.925444959505456820394472940660
0.113932905710248010602522656087,0.927073654652119345321801310775
-0.139102781013928232385360251698,0.927809741998909580358069021110
0.269275461284000000000000000000,0.933940415721000000000000000000
-0.243449140239388948693421422311,0.941023782004816666360765462563
0.215054968265000000000000000000,0.947908793037000000000000000000
-0.188861839726433463057366298854,0.953480176866353811246656042146
0.160118771915000000000000000000,0.958725608705000000000000000000
-0.099059608730270040552071985768,0.966943863985987655112773642839
0.076786177807645090117846645627,0.968967040244217542848605120900
-0.039092474440029522544036249192,0.971218317693865381250011649544
0.018719019770756635907830056855,0.971745900056625109253512150701
