0.005757239505000000000000000000,-0.972115628039000000000000000000
-0.054969052842000000000000000000,-0.970564496348000000000000000000
0.062171516850000000000000000000,-0.970139318935000000000000000000
-0.110885417429407050051427786360,-0.965792431780322379333898676428
0.122161773023000000000000000000,-0.964425461431000000000000000000
-0.199220140551890877174033179999,-0.951505088100493212425422584445
0.215441444293000000000000000000,-0.947953559590000000000000000000
-0.253413030019314628223576532177,-0.938524752600834418090659584138
0.269423119412000000000000000000,-0.934046117588000000000000000000
0.163689288592000000000000000000,-0.927238744755000000000000000000
-0.149748669126681230231619684033,-0.925854904991268127644301541528
-0.023304726031415545001293733110,-0.924566425319323566424821590076
0.032399683025883305165032087495,-0.923024611423539681430918650411
-0.306774219938677945608090704257,-0.922464186331186603111204563363
0.088064784854000000000000000000,-0.920336503479000000000000000000
-0.078858315584469513943637405321,-0.920189546718891133035274556312
0.322518443908000000000000000000,-0.917067511368000000000000000000
-0.213391308833000000000000000000,-0.897610840614000000000000000000
0.226531840241000000000000000000,-0.893078615795000000000000000000
0.398295049679000000000000000000,-0.886787471996000000000000000000
-0.402374249506000000000000000000,-0.884904734267000000000000000000
-0.267189048478000000000000000000,-0.882884062469000000000000000000
0.281305378568000000000000000000,-0.879533436042000000000000000000
0.004446328864000000000000000000,-0.874748905599000000000000000000
0.060128728276000000000000000000,-0.872085930299000000000000000000
0.171667281407000000000000000000,-0.872069893157000000000000000000
0.115924780654000000000000000000,-0.872063708794000000000000000000
-0.107194253105231142461671813599,-0.872028695180267783541823763892
-0.330215123610950521432656513106,-0.871908450617626380778333651047
-0.051235005364379313716020755998,-0.871792117954577932720826205495
-0.162919072214395750496574480974,-0.871707893429971134083390095256
0.346318734957000000000000000000,-0.866663419781000000000000000000
-0.458312909970000000000000000000,-0.857309887738000000000000000000
0.444992003311000000000000000000,-0.856357313180000000000000000000
0.496734510874476941574884122910,-0.835645090327545049484393852114
0.390008811692000000000000000000,-0.831619181187000000000000000000
-0.246950749033000000000000000000,-0.830945358128000000000000000000
0.254879644774000000000000000000,-0.830448402074000000000000000000
-0.506699377379294941206812134442,-0.829630507647507417154990713058
0.310267860247000000000000000000,-0.824153360678000000000000000000
-0.191660152804272984368760735308,-0.823965787642330256628176641715
0.088048302269000000000000000000,-0.823792136130000000000000000000
0.199537200802000000000000000000,-0.823789596581000000000000000000
0.143789733435000000000000000000,-0.823789152632000000000000000000
0.032310097114000000000000000000,-0.823780386101000000000000000000
-0.413823818744000000000000000000,-0.823733259335000000000000000000
-0.302215861111000000000000000000,-0.823720408817000000000000000000
-0.358086172534358124402784964590,-0.823653264259876912968878619149
-0.079251820667000000000000000000,-0.823597122184000000000000000000
-0.023438378175492279188749238080,-0.823494023836547389773741149266
-0.134977984013479592000335771202,-0.823493227936360849335995539564
0.546533523998152508863500960819,-0.803951680395062219603820335429
0.444483470728000000000000000000,-0.800612805397000000000000000000
-0.553410163153010664040049761685,-0.799242008656702568679863330133
0.496255254120227951798345376231,-0.779921408723799437160608150794
0.338837444405000000000000000000,-0.776265022019000000000000000000
-0.442521755272000000000000000000,-0.775948033664000000000000000000
0.394581155564000000000000000000,-0.775767060621000000000000000000
0.283097610288000000000000000000,-0.775487512254000000000000000000
0.115885212932000000000000000000,-0.775487288617000000000000000000
0.227356387784000000000000000000,-0.775483605648000000000000000000
0.171620731065000000000000000000,-0.775481668567000000000000000000
0.060149557163000000000000000000,-0.775476813042000000000000000000
-0.385986504184988653393901595121,-0.775415002762421028854890176822
-0.330194002696000000000000000000,-0.775396504411000000000000000000
-0.274453142662000000000000000000,-0.775391639200000000000000000000
-0.162962986932000000000000000000,-0.775303384675000000000000000000
-0.051395167870000000000000000000,-0.775262608390000000000000000000
-0.218692334837571251491240593140,-0.775235719788583768968116847042
-0.107124306808700007504739669459,-0.775228012255872560376943722214
0.004402142089786204707770602825,-0.775221217725127592695018647182
-0.499309463685000000000000000000,-0.774377670961000000000000000000
0.579792157228000000000000000000,-0.759218186513000000000000000000
-0.577859587551535901892527045984,-0.749166225836132411716765703742
0.631703976305000000000000000000,-0.738905307452000000000000000000
-0.632502678005176327981338587271,-0.738235029918604403791567989659
0.422487897828000000000000000000,-0.727497927062000000000000000000
0.366729873236000000000000000000,-0.727476972201000000000000000000
0.534057988322000000000000000000,-0.727347330989000000000000000000
0.310982019337000000000000000000,-0.727228232787000000000000000000
-0.469582130976405516499735728497,-0.727224926472493737534762987031
0.255231885500000000000000000000,-0.727204834361000000000000000000
0.143745492476000000000000000000,-0.727204030710000000000000000000
0.199485445153000000000000000000,-0.727202227019000000000000000000
0.088009837070000000000000000000,-0.727191774232000000000000000000
0.478280053173448252670075675719,-0.727174365873654741473494093186
-0.413837086631018694749766902845,-0.727148001240377070709582261701
-0.358091549938000000000000000000,-0.727137657444000000000000000000
-0.302329716088000000000000000000,-0.727119384758000000000000000000
-0.190769071421000000000000000000,-0.726997708586000000000000000000
-0.135031407183000000000000000000,-0.726989763546000000000000000000
-0.246576920688375066699884101349,-0.726988354570975645960676471464
-0.023530123562000000000000000000,-0.726976343657000000000000000000
-0.079263112433000000000000000000,-0.726966513049000000000000000000
0.032262091173583636576532325369,-0.726959622066049710417665594658
-0.527136989737048822881330480856,-0.726088607903124225061879362859
0.673018221716000000000000000000,-0.701482316450000000000000000000
-0.673763907335050713326068637145,-0.700780132605974854480446508306
-0.563699955863912587969926870342,-0.683889716240644532548755001541
-0.619463323269000000000000000000,-0.683884587267000000000000000000
0.620951135257000000000000000000,-0.681469544287000000000000000000
0.565220492139042448604254494055,-0.681141967158144911410677393222
0.394532098802436444464201782330,-0.679153352709283302928214614318
0.506297785106069992216187136804,-0.679004197970025232356264186628
0.450257603607333769763623223366,-0.678990586768510779312785761855
-0.497417659917961149121738793498,-0.678949242043829971397808774972
0.338793411036478395048159872619,-0.678920139060952723635415187913
0.283063077514000000000000000000,-0.678900319854000000000000000000
0.171593802052000000000000000000,-0.678899061842000000000000000000
0.227327578268000000000000000000,-0.678893489356000000000000000000
0.115859089281000000000000000000,-0.678889917601000000000000000000
-0.441690387136580441192469909238,-0.678882568170124979438211264455
-0.385945348537747872810616126589,-0.678867147202203015156525672769
-0.330205825265000000000000000000,-0.678843629089000000000000000000
-0.274448700775413824469666234119,-0.678733590523351703299383011767
-0.218653690877000000000000000000,-0.678731231706000000000000000000
-0.162900226476000000000000000000,-0.678721841021000000000000000000
-0.107156571252000000000000000000,-0.678715985824000000000000000000
0.004340246138000000000000000000,-0.678708351901000000000000000000
-0.051394313001000000000000000000,-0.678704050998000000000000000000
0.060113616170857211871945184338,-0.678693164418545106899524556880
0.712120530224000000000000000000,-0.661751703806000000000000000000
-0.690054839852066068792470393600,-0.647488820966663872058675818594
0.661070981898000000000000000000,-0.638776573691000000000000000000
0.593344518914000000000000000000,-0.632994242324000000000000000000
0.537473696391096373321128399405,-0.632815228138903482250879336644
-0.581147710514470593240596765437,-0.630965863053579232162899207117
-0.636873317536404467040728707212,-0.630842978762050207099293731918
0.478256067800095840805401851439,-0.630809217118419566871142230700
-0.525396521225488219232909575311,-0.630756486380283660110691147797
0.422403334385177344062020316705,-0.630704495713581638338129220816
0.366661792520876401406597982662,-0.630663412152135411833278926903
-0.469605393769998247861485877231,-0.630652797455675690185444231655
0.310932584623382877409792218945,-0.630629487505175617958641804485
0.255199768734000000000000000000,-0.630614950771000000000000000000
-0.413818953147414160734942335834,-0.630613437038360683741935942679
0.199464112189000000000000000000,-0.630610134001000000000000000000
0.143729026881000000000000000000,-0.630601709549000000000000000000
-0.358079427392090412721056120735,-0.630585961056465822997813498747
-0.302330572898978397351530236937,-0.630484657007704922438589814773
-0.246536810712960328775950331305,-0.630472626197612836263431206245
-0.190773468154037717501810034148,-0.630464911856512013304632899296
-0.135020540380473564963297879109,-0.630456083204770760871377884966
-0.079276059546201433180917697705,-0.630450260180965597012654130946
0.032212559595326772992137765358,-0.630446250004057546490186847086
0.087990776060726625167857815484,-0.630441508125866754795426127006
-0.023526479351451808886887693630,-0.630441352425653131743915204709
0.723401009441000000000000000000,-0.607160806463000000000000000000
-0.717565029438168386491011089016,-0.599027002516993434174150218343
-0.772567288415225141686674367947,-0.590076589904555388635022375396
0.775208844197000000000000000000,-0.586585215425000000000000000000
0.617553439121000000000000000000,-0.582779459091000000000000000000
0.673281052272966205721718896414,-0.582752520218467095536887750899
0.561751433579679138076579567504,-0.582655983173351858756865181227
-0.608671575113385780086289348074,-0.582511810013067814131902314529
0.506025921508857982488152809245,-0.582495724142791526711413988997
0.450294942235607248911776454744,-0.582461189545472187796698623904
0.394547585676355434235492431272,-0.582416744716944106395839212554
0.338806876285681288914610372760,-0.582376174221658684806482247396
0.283071925262000000000000000000,-0.582340358282000000000000000000
-0.664397046457439798044874979823,-0.582337965268755727126705564191
0.227331269119000000000000000000,-0.582330035220000000000000000000
0.171602598771000000000000000000,-0.582321046580000000000000000000
-0.552946172801602729904601632834,-0.582317090465937229115521935396
-0.497220469873575517893521529257,-0.582250669916633090004464065136
-0.441494727558064624808153439377,-0.582245990452016109461073415627
-0.385768988487564940202359514834,-0.582226405797426333571646290217
0.060097566392967728927289016345,-0.582199128075307971249750480889
0.115875948091798249408134213227,-0.582194481696151407205815950196
-0.162865619377719291507557411875,-0.582185906551383056726152542773
0.004355176600643467495933468169,-0.582183173110850252305554644815
-0.107124889937314684249735185064,-0.582182247746651322452045542209
-0.051389493952089960350799970984,-0.582181526525876663046199249415
-0.218591838766548176415763262073,-0.582179338079480794012415726161
-0.274317579537619092668952077782,-0.582165408703505621065243892020
-0.330043315495851652647565442327,-0.582138382319042952731283191549
-0.805152075981593609824989738179,-0.544775854480696139756408963109
-0.747580573670646292861916530026,-0.540266726777006479386704511217
0.701021774548765091911652558551,-0.534422294622789333191032771552
0.645287820931000000000000000000,-0.534421506298000000000000000000
0.589560187979646596056901799459,-0.534364870562081438787411298210
0.533834675908825440468475051548,-0.534204611531521106741960096030
0.478108579891982076782405806783,-0.534172889318274309899356290454
0.422382846558431150094192964777,-0.534140905727456871443222369439
-0.636477501049863119270540902246,-0.534110821845716721264511745604
0.366656157984154683005951814642,-0.534108422177553861800717810626
0.310928624739729679348362219565,-0.534075633787979726934947635690
-0.692203205109958848318282414766,-0.534045357972161661288886666359
0.255201768435680731685539950905,-0.534041934234773072399376678443
0.199475702634291202493666211686,-0.534029486289240423585014364344
-0.580751825874109228228136570512,-0.534024192067481992236102908636
0.756745792746286979089925548672,-0.533983917576903007611633017713
-0.525026122946082016217056447503,-0.533957771518177853125045044457
-0.469300380630571123131688376618,-0.533953092053560872581654389917
0.087982738424039353167565409404,-0.533952101645592623660140290869
0.143750030300273315414413344725,-0.533941047418917996587822339638
0.032241909753642585551484305358,-0.533935054773273760195555921030
-0.413574641560071438525894434283,-0.533933507398971096692227269575
-0.023494524059935195898019903187,-0.533915662799790341439197608566
-0.079220265155644954233423018015,-0.533903099120590515191270851242
-0.134946007457227308304555910371,-0.533898256626867932116933866907
-0.190671749747257386104261769102,-0.533893282969883969563984027076
-0.246397491839054674739298198858,-0.533886439681025557132996699547
-0.302123232610125590992487000740,-0.533872510305050384185824873392
-0.357848968568358150971100378502,-0.533845483920587715851864161965
0.812471227603785500406297330748,-0.533798746156864144919580377436
-0.836350060109233581411447984217,-0.495549365893978196565513545158
-0.780087912453751132892394627093,-0.495004918331557037846964882457
-0.724710543893063688348760514017,-0.488783549526712219749147041442
0.841690426076000000000000000000,-0.486345281116000000000000000000
0.673187159596490158984878805457,-0.486146083203802619305316802271
0.617450549180927845621297673013,-0.486120843671966057506152983733
0.561725037110106690032870911868,-0.485960584641405725460701796428
0.505999099904640230981135815704,-0.485928954238975218298355066945
0.450273366571089304292922954695,-0.485896970648157779842221152882
0.394547633207559987284104673430,-0.485865039332087080775264362817
0.338820785717095818829434583684,-0.485832647411462735691254641272
0.283094380472023148465881144753,-0.485799208645289671077773736838
0.227368648545557706506750638395,-0.485764860838655236759892286427
-0.608815011869786967783725128216,-0.485735775893549602915916866738
0.171642945549797865133612105439,-0.485698497140196710065449748712
0.060130708810480379039190724355,-0.485685935183799281894871325674
0.115879698135062359954735298774,-0.485685447085765803288312288087
-0.553029170976985768629839037733,-0.485683600594403106072275265833
-0.664540715929882696831466628875,-0.485670312019994542940291778748
0.004390482491833440589091355927,-0.485668540728935890617542552612
0.728910781367358830282875126431,-0.485659919394699659601225982722
-0.051346514142438027386320829740,-0.485649473526591298346759977302
-0.107080566787581956623324570282,-0.485639831509603845541695097606
-0.497267051488812288410142914224,-0.485638082670438947555050807329
-0.441540336790882858016938547479,-0.485633961840665938309377006189
-0.162814645208860903124187179137,-0.485630045353153774444639294197
-0.385809935577093078088589411261,-0.485617055954448848028389968280
-0.218553182734429775620871896988,-0.485615818916442330132585895892
-0.274280141723204618775300932538,-0.485601094960748712983518156940
-0.330005877725912955106950244729,-0.485574160437059165234870388459
0.784636354893177162023450167072,-0.485522683354515177196373732018
-0.808684459009615748120038548959,-0.447176099575598010227561476532
-0.864363271611155823565202406133,-0.444889572559642906878600136329
-0.753328815059007791815163678039,-0.440764308770711186282391099987
-0.697048054712987536861944730341,-0.440408503574545101400552151836
0.645340706778571474091188097208,-0.437876699077096185978826274320
0.589615194707750318502761349354,-0.437716440046535853933375078242
0.533889461105921480545531669741,-0.437684927348859837017096760280
0.478163727772370553857318827762,-0.437652943758042398560962841409
0.422437994408841236848500531203,-0.437621012441971699494006058460
0.366712260940501123107587442435,-0.437589264565995954665801201484
0.310986528229180621717173002895,-0.437556214625380357532489039752
0.255260796302715179758042497111,-0.437521866818745923214607582425
0.199535093306955338384903970613,-0.437455503120287396520165047903
-0.580925728545314735076516999879,-0.437443156417871954275384079279
0.143778785121267031508244574369,-0.437439332807137576126232577248
-0.636651468304742483047016866327,-0.437425641377365823683397790114
0.088030249704248649955109671937,-0.437417791242421201938032040251
0.032282144755946150417942324731,-0.437417769084261021741493885297
-0.525187496602383150292543786304,-0.437411460114301062489395873764
-0.023461505574787980254955998300,-0.437402350292473138627705178171
-0.079205191893626183052244013350,-0.437387143988248824139723827289
-0.134939132628451544444516147323,-0.437377437372946631746695704194
-0.469412162943860422575064207170,-0.437373566070141169578106484721
-0.190671597287676447985316140525,-0.437366719738452452379910436203
0.701064108902038186890286653899,-0.437365979683949717964128558230
-0.413686421088712205824608580891,-0.437365010049299921257426760453
-0.357938200564553323598888576615,-0.437354416354888010264109033360
-0.246400900837242344420708782964,-0.437347164750634106331691281240
-0.302126638411360651948959344626,-0.437323705581648406327869084014
0.868241219538293730623072277622,-0.437273120346196142456434217117
0.812515477034569524813101569263,-0.437272160796335182191024478004
0.756789737682615347676049077291,-0.437253394065770174882114668660
-0.831654019367931811549425201900,-0.396404476837519353367939308206
-0.888435052432510733409618327677,-0.394631162849418684587579786500
-0.776301760564326950537935624638,-0.389963527850696168292962604009
-0.720576062372265959882234083663,-0.389893246135855883972511835891
0.617770484815800471947518994514,-0.389449008243899834578206367552
-0.664852844938992795400900208681,-0.389362758250723587493370802956
0.561921437489740536112288285059,-0.389359287631799504697735494654
0.506195703887911698155058622435,-0.389327774934123487781457182885
0.450469970554360771466845765435,-0.389295791343306049325323258041
0.394729936661096990132897047186,-0.389272052635583098392692224802
0.338973920759170312001722280733,-0.389257671766907706130907298895
0.283218807546329772318052662221,-0.389241495681860799771836526884
0.227462937542207516657614116859,-0.389224481518473426768277977706
0.171695342107229188678721014245,-0.389182253471548636043535741295
-0.553078696710429850485294927457,-0.389167918214425943627700398472
0.115942523729802451344047643291,-0.389164070712994898659974398798
-0.608804438071060737517059280220,-0.389156590364563373491986853972
-0.497332608057431284457465084403,-0.389146943514003284512451572112
0.004438277041160525930453834215,-0.389146893712111106489777351465
0.060188040183589725348481089359,-0.389145959419712836965416475833
-0.051313280289026243199117510632,-0.389136036741721942065004200151
-0.107063757734495770873435592656,-0.389124749851591610344724413929
-0.162793391012186658050840130197,-0.389112557093345475459552372486
-0.441559838859649303055253902732,-0.389107569534068450922853176267
-0.385817521851707244679572672943,-0.389104008863554253790829484993
-0.330057010381328457084308136283,-0.389102831469586240166362625024
-0.218519131612233512739032047210,-0.389097959545603842639540950859
-0.274244869275268616716708065145,-0.389074712552220568775989229164
0.673493886939267184746617534199,-0.388938288850753366563508647138
0.784973131445354183550962500792,-0.388828610369510140388492198496
0.729219515719844345532379971548,-0.388825703232573823481494765539
0.840816301064751286808362667263,-0.388762995369737250147076829213
0.895535273927005828532890679010,-0.378218215267148033081969957380
-0.858547963578570084157014851496,-0.347597979900050192347834633561
0.589923432532751176320961512601,-0.341179969951665034079600208250
-0.747565580372358180750635189491,-0.341139535542355326703831105485
0.534123246693223971381179708634,-0.341062093438424542037049935420
0.478397513091395133423950031612,-0.341030580740748525120771612634
0.422671779757844206735737190175,-0.340998597149931086664637698771
0.366946046414653378208369935240,-0.340966630359344937107400851779
0.311220312967954256686781989527,-0.340934844520527947923450417404
0.255494580249866704333814420657,-0.340901805991853866733575007231
0.199768848285789296098726391061,-0.340867519261010941026789199543
0.144043145090208977994849289718,-0.340801323564776391204043756694
0.088317412740277238557835438947,-0.340767669800029027861756629960
0.032591680915085063340401445424,-0.340733158079202419341467723471
-0.023134060138092981974189213368,-0.340720407147570156253853465070
-0.078859796793146385623125082451,-0.340694857905938568232020344875
-0.134585533540304755589214570589,-0.340669510351544789673563975391
0.645646834656217889120060064539,-0.340669250558518566064902496814
-0.190311274190845378777368024295,-0.340655106852151378207308094069
-0.246037014790892233465559925192,-0.340640509304409745387296652459
-0.301762752453927337443235958715,-0.340617262311026471523744954432
-0.357488491067108606775128444075,-0.340596416987604776542113204240
-0.580391455451151102053801114913,-0.340594555262255694229913383814
-0.524665713753717959475829686611,-0.340585027247161719809008120259
-0.636117196811781989085565486587,-0.340583227412393124094199835105
-0.413214230518026430612030301451,-0.340577946456174220561146109790
-0.468939972728868340803323451431,-0.340572153106311750580738691076
0.757128136180721794326539394374,-0.340558385414319489505601268410
0.701372463436795049905822489673,-0.340556664940339022982888606157
-0.691842930808262143024002747992,-0.340552420503322846816645410689
0.812926237260019596722245021972,-0.340518796552883573051957705574
-0.803286656680728145436388245524,-0.340418402025645777408153553614
-0.912737770407743633060589186398,-0.334604781128040035214512685089
0.887746698267000000000000000000,-0.323019277262000000000000000000
-0.832528307381506625936851586739,-0.292981241035491952079004694805
0.562125241736234611589852931578,-0.292882775758290071418914652981
0.506188675417463249111946077384,-0.292729341884190790913230696161
0.450452451701826427246212437821,-0.292691323941303904135415507340
0.394715801932400932047443207683,-0.292653080945162586623074997994
0.338973757331504667210360435251,-0.292611923411892323533187383139
0.283241612815516941378802753885,-0.292575202942261650671541150884
0.227511002082718227404784779622,-0.292538115362145685793274255524
0.171779111759554562112163838269,-0.292468368643428355761311112657
0.116046790408389041856562948045,-0.292430934363600008885139675697
0.841140571976000000000000000000,-0.292421814397000000000000000000
0.060312099932457760322677720500,-0.292391284428986992732426120286
-0.719875463313842571357852509153,-0.292390864259408893259379608824
0.617848643859701324388951470844,-0.292372056365143603404216931598
0.004574573641942814729034382412,-0.292371777461135716317851887333
-0.051158860143464563440244428645,-0.292341817802523923903909580844
-0.106891979272496807254938324047,-0.292312241709404892399633258765
-0.162618302881781235599682411151,-0.292297504362083069923090275814
-0.218344181047065186181541305404,-0.292282294600687334793975196398
0.729300011926303934481729776637,-0.292278432235046512027450182572
-0.274069918930027541742404373505,-0.292259580915722973401499871567
0.673574272640278485174713910968,-0.292259470746964060322203046918
0.785091611010160906520556277501,-0.292242591647746425330906205304
-0.329795657543208811074296870352,-0.292238735592301278419868125189
-0.385521396031048088868138421541,-0.292217557843160853586397903197
-0.496972879770421341412132257655,-0.292214025855729972541398392366
-0.441247137638510894333143828300,-0.292207517404965451655300084134
-0.552698621799966843444104278185,-0.292206693144334738963501573981
-0.608424363303686230414215528880,-0.292196092542606064973314881355
-0.664150104517879934849101907323,-0.292184065871262196271917146603
-0.775600206087282515591467084260,-0.292057065898024111121424441119
0.929183915087000000000000000000,-0.285729188633000000000000000000
-0.901528052324191614507312627651,-0.280018147242084058326135367642
0.883218224262000000000000000000,-0.253475790409000000000000000000
0.534289167372325381510519019339,-0.244607405821654414336825976264
0.478343656259107039458952322821,-0.244447784613679529866258459601
0.422606748785424363562313579120,-0.244409392631001398354555025297
0.366864201833309984616406082655,-0.244367944678750630114858597098
0.311129040566705506836387833100,-0.244329480313884030686491981210
0.255394656229123698488848529409,-0.244290211677573488274701615345
0.199664299247117051752899966773,-0.244221351147052490970453286399
0.143931726105301967668115595781,-0.244183771341395877487413614467
0.088196957815328571982760463485,-0.244144076433454152687691380825
0.813260111545000000000000000000,-0.244129690755000000000000000000
0.032449089041417123455481067412,-0.244118593423638459440006335748
0.590012526888995113412954470776,-0.244092058668675690454500203662
-0.023283799017161062741502379382,-0.244088949020274781191798169187
-0.079016588858127658304914364359,-0.244059563154130812982543832268
-0.134742329494824191051189328023,-0.244045106192514939946218820259
-0.190468069968076057164068599082,-0.244030032377823938864749727619
-0.246193807851038412724931662578,-0.244007318692859577472274398815
0.757189646619318544559443496438,-0.244005274541129941423883591872
0.701463904150483173264367647370,-0.244003081564077777907274803748
-0.301919546464219682056824165182,-0.243986473369437882490642652422
0.645738164864457723957351765527,-0.243984120075995326202027660087
-0.357645284952058959850665708294,-0.243965295620297457657172424452
-0.413371023933579921278512175887,-0.243945459403278726650024143696
-0.524822508278622742726975871627,-0.243938783396261231528394131027
-0.469096765796632074573904841486,-0.243936955016929275686733593932
-0.580548250126588531201603032699,-0.243930180723134591884734615586
-0.636273991594182932638166142089,-0.243919391889081739037758340068
-0.691999733208260562043964513584,-0.243909388231389862768114510499
-0.747725376185454894824465589186,-0.243804063541110741459415064246
-0.859176858598507358372232286612,-0.243800268114204787242889333254
-0.803451116986326075876739848368,-0.243790253898414616732187484569
-0.941691226133969836602247358650,-0.241388134971342347537316774353
0.944033001185000000000000000000,-0.231997747765000000000000000000
-0.899716738593000000000000000000,-0.204415473199000000000000000000
0.844310438723000000000000000000,-0.197831780650000000000000000000
0.900067283352000000000000000000,-0.197655536444000000000000000000
0.506453922575701062131804080531,-0.196331557557495355579552925016
0.450491122112700252596032614470,-0.196161904585951680770657693324
0.394753334471728953799453033699,-0.196123207564856183686442839138
0.339016279605425156822787218760,-0.196083648604715401350455573230
0.283280715681673361328082739528,-0.196043698158760794153659094355
0.227551424529118211223412402276,-0.195975453683971941436022193264
0.171817173523994229031417713302,-0.195936904077588380084121353639
0.116083240261664751262271627900,-0.195897691803771555816271644786
0.785274010158214720405567007141,-0.195873924018552356891095214998
0.060334050166797403757730858315,-0.195871445098083082786981454164
0.004599420856114856811815359499,-0.195840794361151689851014065058
-0.051138993449113266025879896531,-0.195808158483143149267304784629
0.562177146822297508390578345004,-0.195801785837188988266839630520
-0.106876581995434048040047677161,-0.195786858246569550026006644479
-0.162618733926139457956846481629,-0.195762311688574466414139243994
-0.218350856387832985670403819012,-0.195735914815100881999890714954
0.729354292731114056055528323697,-0.195729489177963349876272616166
0.673628550262278684760452463119,-0.195727296200911186359663816000
-0.274076595001014255002296304943,-0.195715069491679187018258957593
0.617902810976253235453436597451,-0.195708334712828734654416680333
-0.329802333488853532796137863604,-0.195693891742538762184788740590
-0.385528072470374494223984317401,-0.195674055525520031177640453828
-0.441253814333426647519376997958,-0.195665551139170580214349910061
-0.496979556746923845765535945741,-0.195662238033390757745007238908
-0.552705299071649602154590862092,-0.195657669622408192786394755647
-0.608431040742547861039045930265,-0.195647987658569195403541454463
-0.664156781533534231840887225264,-0.195634138185361080368471188491
-0.719882431640211406766146600734,-0.195532655673071442396493356615
-0.775608172441082587818420877708,-0.195518846030375317669265781982
-0.831374616442773863432983331058,-0.195505405968982074103202846968
-0.953975455306326640963942788489,-0.187033226341549504190684915126
0.955783980876000000000000000000,-0.177504785728000000000000000000
0.816334177839824607199363964132,-0.149607042103921594043959779624
0.872071881934000000000000000000,-0.149440504332000000000000000000
0.478618614816696924694717847063,-0.148055745596704530182747766592
0.422642130847810112269735900283,-0.147878276067282338585596404667
0.366905466233858101639889746032,-0.147838942701201516569519762650
0.311168654077693351030765966406,-0.147798270701519787160703137734
0.255440478867826502471207320039,-0.147730671306965755077073906784
0.199705045655904965051306923383,-0.147691438316894277389736297483
0.143966956907813257572175274868,-0.147649824239397157357536442435
0.088221210661223471803334971876,-0.147625567988528607679471424991
0.032480088253725521363995185548,-0.147591164684065874651750076455
0.757391645750379769476079515802,-0.147570739046910506725589497956
-0.023254828638376569294539180173,-0.147560549927694685761272791545
-0.079001209413731373614354766981,-0.147534169389435699839556841567
-0.134737954400854505363948843949,-0.147512746803753361665080614189
0.534341643798767032036481734425,-0.147505818714759929795244824728
-0.190480802217850788856148293801,-0.147480153925085186214311390067
0.701518816246439462864055038909,-0.147453774502950632820281130804
-0.246217826583156686294762906230,-0.147452792289372496113660869094
0.645793073777604091568979189841,-0.147451581525898469303672342222
0.590067335287698165304962135309,-0.147430409215499498436598505933
-0.301948185782087482459240192344,-0.147428947590061282779702585194
-0.357673924763608443887086658816,-0.147409111373042551772554308408
-0.413399666626660597182479324992,-0.147400606986693100809263755644
-0.469125409040157795428638287172,-0.147397293880913278339921093477
-0.524851151364883551817693189161,-0.147392725469930713381308603214
-0.580576893035781810702148272872,-0.147383043506091715998455309020
-0.636302633826768181503989552932,-0.147369194032883600963385037035
-0.914931220484356015045803223040,-0.147272616365356648264952185341
-0.692028283933445356429248943376,-0.147267711520593962991407211158
-0.803479766335982252677282082688,-0.147263974439313113463140204183
-0.747754024734316537481523203696,-0.147253901877897838264179629504
-0.859205496608998969417112421830,-0.147227041376906997571997706377
0.947708698628000000000000000000,-0.122347851571000000000000000000
-0.951115946752000000000000000000,-0.103810119627000000000000000000
0.450783146298140845904872093171,-0.099780026328478355880885482643
0.841098108948000000000000000000,-0.099680855790000000000000000000
0.394789663787295123993029649818,-0.099591353069044686608979254785
0.339054739855541561996583638842,-0.099551772398507140516343098449
0.896856847062000000000000000000,-0.099507452602000000000000000000
0.283327492776238345799446645934,-0.099484709467821591736877949310
0.227589106659321369704116517470,-0.099443769767317055542210425784
0.171852249955145420693669892768,-0.099402867753246458636425219433
0.785372315394198507086386702394,-0.099379033279262158698482638395
0.116104651375500292826575665062,-0.099377540956892172290384785290
0.060365343460103878672410582220,-0.099344186326999209838998332567
0.004624537233057239794648744412,-0.099310168197403243222699382251
-0.051117564042588216503174924029,-0.099286260633423929648258297014
0.729517979350833798971633813615,-0.099272811001110682827974860370
-0.106862056844563174936260907874,-0.099260361226009524211126542856
-0.162598138147901232429229626869,-0.099231678064448360382414283211
0.506505985280372886533632073087,-0.099211172856702247144974653480
-0.218343609644934913595118519499,-0.099199435840384816629419537274
0.673683167991449383234547885786,-0.099178158870039454081955025974
0.617957425522614011939472024062,-0.099175965892987290565346227346
-0.274079422828160172248803371945,-0.099172440982869758927135738484
0.562231690633230828388082679448,-0.099146818846957867080141380673
-0.329821355035616787475867862570,-0.099143256588739049908584008310
-0.385559879672162227920504363706,-0.099127377958169922190280476059
-0.441297367065023986430970263124,-0.099117293276705522507795033513
-0.497034032481165336110300620654,-0.099106430566291669494815615615
-0.552769735131709145008805824698,-0.099091011577314070831825997795
-0.608497897939356994527650532915,-0.099075767557395046266142167675
-0.664223548046034169452909908951,-0.098974285045105408294164332805
-0.719957204052250116580381595893,-0.098955919120010786643931086839
-0.775743541136887107557662244368,-0.098931167876718489693446833744
-0.831469271409903824297492599056,-0.098894234814312373802304346503
-0.887401943268096245029015516463,-0.098821638310600816727493608468
0.969527101623000000000000000000,-0.071050448941000000000000000000
0.422948757079247490305809037949,-0.051503684759100257579850393057
0.868829338954000000000000000000,-0.051320022027000000000000000000
0.366943620707861165791712550960,-0.051306889733946421083138216987
0.311217917482289159420781506533,-0.051240719290513280289010550999
0.255478308655062603989232875054,-0.051199072747304031024540951441
0.199737230817743722960674893331,-0.051155730835035064151135727589
0.143990307428978846014738361071,-0.051130794279222750642879455328
0.088248273980901087811739898742,-0.051095864448570050018830523668
0.032508421493416732895336927491,-0.051062397502095604190128128864
0.813097055854715301361098597152,-0.051039637907483940026578639850
-0.023238094163814818260244639010,-0.051035938999359382692268044521
-0.078978688087000000000000000000,-0.051010639687000000000000000000
0.757366552318044582334877234685,-0.051004650043787611859969614412
-0.134722773497319242385059472574,-0.050978984625540782010554575838
0.701630138088352221337586303009,-0.050966902498576481954514949523
-0.190462916631930394412757678742,-0.050949820964961080874334164329
-0.246206176660938130681572498632,-0.050918523767647198063171744164
0.478671357674913493929033509241,-0.050911940415660295459720910554
0.645848550098783148488823266278,-0.050901949146394256225019469257
0.590122807999828660522795142739,-0.050895164389809707032002319483
-0.301942096325792972711349191584,-0.050892812939972218936970981728
-0.357686507052557048608157108367,-0.050873533786738826170750073805
0.534397076339943630912331563494,-0.050860386773477988696554263161
-0.413430071842376182743566230602,-0.050859939065291265248024710610
-0.469168788819569057968160022664,-0.050847891692927725724671639076
-0.524904844922148985209223349483,-0.050832268616879753201825583090
-0.580632889217762530363487790304,-0.050817093026720512834542369193
-0.636358539324439705288747177865,-0.050715610514430874862564546304
-0.692091588640511707129945061511,-0.050697594902968217572353376645
-0.747863703230288888859494961328,-0.050681058894313905821634678519
-0.859373047313607693755960722929,-0.050657965588469609035744279934
-0.803599234997611379791184228714,-0.050638463668369594020300537566
-0.970823809894917793794949466327,-0.050512543047723587949210999153
-0.915098184595158673497023491544,-0.050398247540564698760236871549
0.923362252419000000000000000000,-0.039803738653000000000000000000
0.972044661930000000000000000000,-0.012654735130000000000000000000
0.395115482404561905016156340769,-0.003226700601060554281091455970
0.339102862675969920373584901529,-0.002993561757063388121121440506
0.283366104230462232335325586009,-0.002953562733865149711023730268
0.227625055141848478627536720095,-0.002910237439485863058448740031
0.171872458487892472992071202464,-0.002882021954530051126360183567
0.116131132063127998642110769166,-0.002847500707625384798110490683
0.060388416161735256743495544237,-0.002812379099957754466071438629
0.841290875464000000000000000000,-0.002802640049000000000000000000
0.004614738999000000000000000000,-0.002759213221000000000000000000
-0.051132663308000000000000000000,-0.002727472660000000000000000000
0.729513423587352438209749715817,-0.002718785765450465770194473859
-0.106883702662000000000000000000,-0.002693624521000000000000000000
0.673777066874005855201809527893,-0.002680000520812830881798739057
-0.162630644317000000000000000000,-0.002661964412000000000000000000
-0.218378989271000000000000000000,-0.002628641744000000000000000000
0.618015074165027015642753086645,-0.002625081021409919971138509996
0.785500757364000000000000000000,-0.002624867958000000000000000000
0.562289332384882052307096063861,-0.002616049702762766123945512929
0.450837873433896827767555209544,-0.002615540649815888894375937348
-0.274124973974000000000000000000,-0.002602031315000000000000000000
-0.329874519592755790021189824538,-0.002584283098330251637936977562
0.506563603083486247123174642730,-0.002577678624234270496506977291
-0.385624468784761841274112375934,-0.002567011869743277443526651493
-0.441373728975000000000000000000,-0.002548083247000000000000000000
-0.497159733398000000000000000000,-0.002499392977000000000000000000
-0.552925606757058030751474741576,-0.002467688923310435102566137990
-0.608661391354328831898412477756,-0.002360400114372707197622360757
-0.664413938651448325464475671588,-0.002331221567819237824599787750
-0.720229507348854532619568347594,-0.002289844851900928593402547676
-0.775974013264526741713748315222,-0.002242125969014504915616783080
-0.831944546280724684415575552948,-0.002149866165783028751977299805
-0.944021635521000000000000000000,-0.001639337496000000000000000000
-0.888163625634000000000000000000,-0.001593335053000000000000000000
0.916422155551000000000000000000,0.015584283108000000000000000000
0.965151408483000000000000000000,0.042658781303000000000000000000
0.367309694415326750032976446735,0.045066120115996514825081985602
0.311254181946478135925497019756,0.045291784190139528191914573170
0.255518028767539067750270787068,0.045332279087211203977213897137
0.199764988666338695467839163446,0.045360750962836309503388054254
0.144016158869744352289966011441,0.045399609656689676594197939647
0.869317276959000000000000000000,0.045402698018000000000000000000
0.088272721179339001702221672606,0.045435148424230975366892006240
0.032533359317716195292315336541,0.045475938909106794320166669251
0.757397053632655431571578130031,0.045529131847735563235086447023
-0.023239858129000000000000000000,0.045532550698000000000000000000
0.813533945940000000000000000000,0.045561364248000000000000000000
-0.078994802781000000000000000000,0.045566101318000000000000000000
0.701660924320972525851127284094,0.045567785670776849117822817681
-0.134740731590000000000000000000,0.045598265829000000000000000000
0.645934882387130685515066213242,0.045602059006680290647482117675
-0.190491939800000000000000000000,0.045628750493000000000000000000
-0.246239314672000000000000000000,0.045655401858000000000000000000
0.590209178509129227043894422325,0.045667677703738873731871733030
-0.301989627211000000000000000000,0.045672343825000000000000000000
0.534483437031414347559728455745,0.045678414136942385799500045506
0.423031970824068870762343401590,0.045687642714018307082797957185
-0.357736823356000000000000000000,0.045693827673000000000000000000
0.478757706581693795421195892193,0.045715079613867192811315898543
-0.413481853752000000000000000000,0.045718239295000000000000000000
-0.469230386958000000000000000000,0.045739014027000000000000000000
-0.525026552127158443103238685629,0.045794340438913327590736944422
-0.580752239463181079809265374966,0.045872758803833700349537734155
-0.636518323441414774506893314587,0.045909767544820806180888246365
-0.692304857366511164897382397419,0.045934343081912130135864711451
-0.748067557475581273825156873444,0.045992592894183427452621917750
-0.803879846851281985835621379819,0.045992952867247734583144939852
-0.859604949456526007621624110955,0.046260007444322139916811117441
-0.916135376690000000000000000000,0.046629427784000000000000000000
-0.970250217183000000000000000000,0.060116598717000000000000000000
0.914393818636000000000000000000,0.078412237991000000000000000000
0.339475832445833775612257506446,0.093342765674437328399338592641
0.283399991864813922249288793217,0.093581160031273664753394231471
0.227653957842119993822505637892,0.093605582570216089656978462991
0.171906661834185482911514698073,0.093643554591806777344644276898
0.116155487318035806181947949350,0.093683565299470035856022497581
0.785395027397593905946695183124,0.093710786484847470582390330849
0.060416474474082418161875923754,0.093724154085307153746701510142
0.004677637157508476391420499861,0.093765544103415221173798462686
0.841579420475000000000000000000,0.093774231875000000000000000000
0.729553431719866095480087775652,0.093811058329383719253125662362
-0.051097423231000000000000000000,0.093827333045000000000000000000
0.673827699471711026006705697597,0.093844880201605703631585529147
-0.106846497250000000000000000000,0.093858669792000000000000000000
-0.162601316204000000000000000000,0.093890290251000000000000000000
0.618101995342112838848436715189,0.093910284884878415971134572333
-0.218352741257000000000000000000,0.093913069196000000000000000000
-0.274099772323000000000000000000,0.093937024406000000000000000000
0.562375075565957524059409205198,0.093944184328193700737839949276
0.506649334860551583704510020229,0.093958373971385222743796028520
-0.329845383491000000000000000000,0.093960971469000000000000000000
-0.385593461041000000000000000000,0.093980813696000000000000000000
0.395197860494820056560640430219,0.093986169606735394173774885285
0.450923602670537233368231800281,0.093992291502381619828900491867
-0.441338104191000000000000000000,0.094004559339000000000000000000
-0.497086265267000000000000000000,0.094024288017000000000000000000
-0.552866740981704073227584856278,0.094119596554629907466448518600
-0.608611334839000000000000000000,0.094145062332000000000000000000
-0.664390338296164344498728925049,0.094164395990688356560118760771
-0.720142133594841616480888735816,0.094216332686873974334122161458
-0.776017431989870398478216355520,0.094253125024034547779119477695
-0.887536877075393057173021301758,0.094479980463875796331351312866
-0.831742418166337372537842743168,0.094543459563273517138981260775
0.967137394169000000000000000000,0.098367819243000000000000000000
-0.965183414531000000000000000000,0.115682332036000000000000000000
0.923907738844000000000000000000,0.133555008679000000000000000000
0.311642644826287683829240623336,0.141619800022533490367465683309
0.255543601676379107526506446748,0.141850024170366080990480887989
0.199801498737182717595192708005,0.141884993756360047317150632176
0.144051699814765253397432601163,0.141924209022884696303736106226
0.088302724661225386216738624929,0.141970557360703540881967417429
0.032564173622280990909066500807,0.142011781910222741425419519794
0.813196619705000000000000000000,0.142025947183000000000000000000
-0.023172492659599594004764253748,0.142057086219734312470237837515
0.757449147994000000000000000000,0.142061972825000000000000000000
0.701719341488490484247694758672,0.142099709747639770321198448872
-0.078950868500000000000000000000,0.142117017375000000000000000000
-0.134706657073000000000000000000,0.142146504230000000000000000000
0.645993625013272606096300280805,0.142153578437443735696077584292
-0.190462343287000000000000000000,0.142174481935000000000000000000
0.590267892398941135863951488855,0.142186791509333242977102804489
-0.246211008865000000000000000000,0.142197829401000000000000000000
0.534541548104670146624875166995,0.142221022745532836717758650223
-0.301956661188000000000000000000,0.142223297488000000000000000000
0.478815807409512150625938638442,0.142235252577664049278329053310
-0.357701431864000000000000000000,0.142248009130000000000000000000
-0.413449696759000000000000000000,0.142268038940000000000000000000
0.423090075721430862297375867773,0.142269984984482770204439892829
0.367364337412638584012226328768,0.142291628739036128414737001824
-0.469194107018000000000000000000,0.142292124792000000000000000000
-0.524928561511144979485946044317,0.142335947581879375695782520389
-0.580730154431000000000000000000,0.142396385349000000000000000000
-0.636492320087030050620862208597,0.142403995476120673112168464899
-0.748048033466884917520700795467,0.142451373174507071461406193682
-0.692240744059119352190361625447,0.142457601615490013049100083688
-0.915418629336000000000000000000,0.142751923455000000000000000000
-0.803772888724847244644070137004,0.142765833014961839676293881844
-0.859672337531000000000000000000,0.142772477021000000000000000000
0.868930888441000000000000000000,0.142775771029000000000000000000
0.955402215456000000000000000000,0.179548249112000000000000000000
-0.954923055640000000000000000000,0.182079446568000000000000000000
0.283790730021318114895319254998,0.189886032734532335497969508367
0.227688245116943290984873203663,0.190131110230777146327723452272
0.171955188249630616276003790580,0.190160644542908824586857639166
0.116196329758316830531212982375,0.190212708776240811166378438671
0.060448021072775221284510125352,0.190259573879075335357501839378
0.004712518134793287644827754385,0.190304205838512622759061201805
0.785355112423000000000000000000,0.190320884375000000000000000000
-0.051026118998780683565963875280,0.190346644213060388549622444183
0.729611559182328035417341526520,0.190358403115070411179193983039
0.673885830092796190384029220136,0.190397080656548370205888605467
-0.106810797081000000000000000000,0.190409536352000000000000000000
0.618160097551985228661766241847,0.190430416854782871675996268472
-0.162566565419000000000000000000,0.190436569085000000000000000000
0.562434364937653758429417459098,0.190463629926672378957021488674
-0.218318539913000000000000000000,0.190464081500000000000000000000
0.506691001153208366762314231304,0.190488044748309571252511122986
-0.274064385353000000000000000000,0.190489926966000000000000000000
-0.329812654716000000000000000000,0.190510840481000000000000000000
0.450963518966411340176070806104,0.190523788359770843149321540155
-0.385557341521000000000000000000,0.190535016448000000000000000000
-0.441304510126000000000000000000,0.190555333298000000000000000000
0.395237788505301321074533428296,0.190560436522417714450811079337
-0.497045157703176356677812217948,0.190583995942345432567888010141
0.339512052744903959578085278307,0.190587867790728759510948359939
-0.552784487357681788867456064903,0.190609592816476001682038083732
-0.608673961520531055634163256784,0.190689576193119432579082527841
-0.720222913642593258755854979932,0.190733057955342151414406408837
-0.664407219844728786873543018963,0.190734441904794827052569783076
-0.831702924266000000000000000000,0.190994131067000000000000000000
-0.775947617123386000121179843657,0.191073352665609278856355035824
0.846567934738000000000000000000,0.193838388694000000000000000000
0.902271116947000000000000000000,0.196419796211000000000000000000
-0.901025902210000000000000000000,0.197278712380000000000000000000
0.943539688498000000000000000000,0.234016715820000000000000000000
-0.942916294702000000000000000000,0.236516021116000000000000000000
0.255949825715589082809615986774,0.238158617355115363645313916230
0.199847289667306320419368720639,0.238403665354402412366489351462
0.144120812217642488140191443062,0.238436993715376239746448409500
0.088351447394778884320981788774,0.238496045329676109825310002704
0.032602886223393141130482310707,0.238548228746998616977483612449
0.813289024703000000000000000000,0.238561259422000000000000000000
-0.023137163241218510554122707754,0.238591483577129683521710502693
0.757528905428000000000000000000,0.238623329057000000000000000000
-0.078881031703198807469137996380,0.238632053783924659594384782572
0.701782374672000000000000000000,0.238661822878000000000000000000
-0.134671764134000000000000000000,0.238694427267000000000000000000
0.646036833230000000000000000000,0.238699273374000000000000000000
-0.190427148871000000000000000000,0.238723038951000000000000000000
0.590309687818492573385880671941,0.238727190829754601070799764441
0.534583945418606085427617538002,0.238730725458982574471530252463
-0.246174991819000000000000000000,0.238751312012000000000000000000
0.478858213638415337152948506186,0.238765309766830366743829618754
-0.301920681300000000000000000000,0.238777624555000000000000000000
-0.357668822972000000000000000000,0.238798417232000000000000000000
0.423122187195065197271955603320,0.238807909909346537939019315669
-0.413414051473000000000000000000,0.238823852758000000000000000000
-0.469159217561000000000000000000,0.238844002400000000000000000000
0.367396461315277833691868798010,0.238850964327323290869784103734
-0.524897017519000000000000000000,0.238858676108000000000000000000
-0.580660227595132880494074793416,0.238862069278583732671049093001
0.311670734351687656472855613707,0.238892592340837523652909886517
-0.692316262702974870903043189310,0.238967663912542699524924298771
-0.636518683368587707397897935911,0.238982989854929716015287217894
-0.859524035749000000000000000000,0.239298286957000000000000000000
-0.748040775272926235439000060087,0.239337903501785697422394634221
-0.803779220771000000000000000000,0.239363674868000000000000000000
0.886310646815000000000000000000,0.251194574472000000000000000000
-0.902453608628000000000000000000,0.274859943362000000000000000000
0.228108870265952112244111507200,0.286431172478740629684079797325
0.172012948910834234364972595645,0.286680034865424131219886785949
0.116287216623941131301146937193,0.286713792851590716685951199146
0.060511773822784606728540210466,0.286781540591372767625472422139
0.841208948551000000000000000000,0.286809160585000000000000000000
0.004770308437358188913297660515,0.286825614677643455188445241496
0.785463387191000000000000000000,0.286865444820000000000000000000
-0.050994135974562967372884830523,0.286878083932863365727870459235
-0.106741002379778081493234463068,0.286917780302055025735345161600
0.729696974221000000000000000000,0.286924471352000000000000000000
0.673950467275000000000000000000,0.286961912775000000000000000000
-0.162536323452951850376586416955,0.286989342958828950055743027145
0.618204380643000000000000000000,0.287000234175000000000000000000
0.506752815911719156827119232251,0.287008946313556308443396423783
-0.218287033507000000000000000000,0.287020114807000000000000000000
0.562478555127555526480242339981,0.287028112969681023295227152627
-0.274035526058000000000000000000,0.287042557253000000000000000000
0.451027084131528408552450202688,0.287043530621404100715695786058
-0.329781020555000000000000000000,0.287066978101000000000000000000
-0.385527945037000000000000000000,0.287090623461000000000000000000
0.395280820504759958289912475092,0.287098460543231264605671958774
-0.441273812642000000000000000000,0.287109663276000000000000000000
-0.552780422040159183644188005035,0.287112196954362666811146908808
-0.497014791782392572389609819843,0.287119406847013069341949388493
0.339555098458663810274395089320,0.287146219870531723493055879162
-0.608507328597901746750960976437,0.287156866410827512340078983119
0.283829377319553766037629875232,0.287195025999802619650885778438
-0.664509803305252595899420887210,0.287260098043314499221491990168
-0.720234248883211087473591870059,0.287640286866470529937901859933
-0.831822788037000000000000000000,0.287674667241000000000000000000
-0.775982200818000000000000000000,0.287684810470000000000000000000
0.928574763466000000000000000000,0.287714920906000000000000000000
0.884533050439000000000000000000,0.321888407243000000000000000000
-0.914674026052000000000000000000,0.329245186934000000000000000000
0.200274529509480026189715379411,0.334707541989762348537477249529
0.144183828998327549436875488619,0.334959414142786784307575278567
0.088458096711434446373049820933,0.334993172128953369773639691763
0.032673339532329064667276219597,0.335062314753676837015230996770
-0.023066516140709812028955082672,0.335100552025318798546078144448
-0.078849348107445578446636578726,0.335161059631561498285135807547
0.757631321248000000000000000000,0.335166401293000000000000000000
-0.134595083274864654596833984465,0.335203920379175135907643521920
0.701862663127000000000000000000,0.335222511770000000000000000000
0.646116649507000000000000000000,0.335262298274000000000000000000
-0.190395400710000000000000000000,0.335280299606000000000000000000
0.478927231425103137423828524566,0.335290363302811132607268813744
0.590378671702905193097407923716,0.335300868389660646776932647106
-0.246149436771000000000000000000,0.335312439849000000000000000000
0.423201499644912389149159492751,0.335324947610658924879568179829
0.813754442458000000000000000000,0.335325705642000000000000000000
-0.301903731095000000000000000000,0.335338043802000000000000000000
0.534652946883379850782027097292,0.335345273914628923899474928397
-0.357651868211000000000000000000,0.335366152454000000000000000000
-0.524909032672716122130392532061,0.335367186678125869712282956407
-0.413401684540357754366771809665,0.335378667460027715103011911988
-0.469152976359084656904352344416,0.335379925077028291753996925037
-0.636419754451773084733340595262,0.335388130767717902305983052103
0.367446026414350860695870168255,0.335389919109735852168925891976
-0.580643191165797677258054071637,0.335416191672381122159836606538
0.311720312976355357106847513053,0.335446843081117030633264302437
0.255994598469509323472453639176,0.335502710903698298891140874035
-0.692156862126000000000000000000,0.335822887473000000000000000000
-0.747892147449000000000000000000,0.336026366302000000000000000000
-0.803628759705000000000000000000,0.336092120851000000000000000000
-0.859374759564000000000000000000,0.336215883816000000000000000000
0.896311658352000000000000000000,0.376372658619000000000000000000
-0.894149894260000000000000000000,0.381388767898000000000000000000
0.172445409596973341261618272529,0.382986921267125001625165726324
0.116351248590675536608956420667,0.383243076127542878340957005881
0.060625512853514460227019379278,0.383270554559072365135526339457
0.004835105121692185965277809272,0.383338067606467743010827216712
-0.050905602557951517336064570095,0.383374185055840324085339282446
0.785509684558000000000000000000,0.383440521226000000000000000000
-0.106705806400474986712038462819,0.383448574113405047268224210362
0.729769126326000000000000000000,0.383481718979000000000000000000
-0.162447332156194018214553612091,0.383492726560601268486540358826
0.674022825352000000000000000000,0.383520978998000000000000000000
0.618285214190000000000000000000,0.383561606256000000000000000000
0.451105721719447763994722894024,0.383574128444007757293135372831
-0.218263545822000000000000000000,0.383577136386000000000000000000
-0.274018805989000000000000000000,0.383606127292000000000000000000
0.395379989939257015720053869065,0.383608712751855549565434734899
0.562557119626364691606151493897,0.383612093186653511378568345940
-0.497061621710615239814165867951,0.383636018041853478251945853373
-0.329771829369000000000000000000,0.383636549760000000000000000000
-0.385543149196063274021574456407,0.383641079200250619892973341509
-0.441302172003101787750932562286,0.383646798553946973301642293891
-0.608555744733485084693571392920,0.383647382118430568974932328316
0.506831397836518722938753602671,0.383660150577309516877405364336
0.339616523787736966284071765401,0.383687487779121080792796572130
-0.552805645534248039554499603733,0.383690797022479652141614552197
0.283890813014685743886170492220,0.383746963407351365670579120186
0.228165103849899099106308443454,0.383807927279638141524940056234
0.841235216228000000000000000000,0.384951852766000000000000000000
-0.671309785144000000000000000000,0.387528347247000000000000000000
-0.727153287859000000000000000000,0.387772861547000000000000000000
-0.782934329105000000000000000000,0.387871241458000000000000000000
-0.838742224778000000000000000000,0.388004737363000000000000000000
0.144618217839208689452407281868,0.431267411916958972441030713036
0.088514427903106677646481087252,0.431534033994315128557658664731
0.032788686568864179222584102505,0.431545490922679450539746910537
-0.637125615883000000000000000000,0.431562935234000000000000000000
-0.023004889622782943424967283440,0.431612226021673788110687116145
-0.078741396390837190058657468652,0.431649716748460700680310187725
-0.134553643578292159658095676387,0.431734829707449435778570729095
-0.190298506026244470970472432471,0.431780416144343482693272389394
0.423292469208558289178659764351,0.431862650509583659304877506913
-0.246125786514313814903550594585,0.431865654925483556472469697997
-0.357657788606488527098003043825,0.431887996648948852517617010871
0.367566416405690835672971075507,0.431897049913172435926547473238
-0.413426736613721031536055041203,0.431899451127298517306549054486
-0.301875865293644239971032650124,0.431900166817624315766340877284
-0.469219487446975600040677821251,0.431907893271199748465954107990
0.590527776791000000000000000000,0.431919829037000000000000000000
0.702212043093000000000000000000,0.431941342338000000000000000000
0.646428040807000000000000000000,0.431957641116000000000000000000
0.534756061655000000000000000000,0.431960396656000000000000000000
-0.524962541479371141383488007117,0.431962112885022782991806857648
0.311788887349796978299020926151,0.431986530433856882489225313029
0.479018015090415734105243786614,0.432010686590020876684903544459
-0.580932269306445322050607008549,0.432044716588872645755681979473
0.256063178185010333519158894074,0.432047494306143658343586256116
0.200337479367708709123176173498,0.432117278512800993552713359102
0.870742049363000000000000000000,0.432247922913000000000000000000
0.759272564021000000000000000000,0.432628721289000000000000000000
0.815005493746000000000000000000,0.434142727061000000000000000000
-0.869676744186000000000000000000,0.434379911700000000000000000000
-0.699375699319000000000000000000,0.436118029582000000000000000000
-0.757890027087000000000000000000,0.437699351377000000000000000000
-0.814022718129000000000000000000,0.437969213213000000000000000000
0.116795144022275323527877514073,0.479550275770396533770047113228
0.004949599001809015491227288200,0.479819123290111104773460299124
0.060675340837815946573058978466,0.479827803083733271144046946830
-0.050840738292626640599967366303,0.479887789431755879561360706413
-0.664863046745000000000000000000,0.479918330263000000000000000000
-0.106573962479863715490777934700,0.479927109422590080966564167514
-0.162402311466351145719083726480,0.480021070240123408168159104550
-0.218153281364212257526986871345,0.480062100169294352509687633728
-0.609113355081575476757923504041,0.480119499823400779206428109361
-0.329777352469206653334430646991,0.480137759957249727994488639608
-0.385542496256299294102706665729,0.480147016021307865747743347090
0.395481027465978927686952671843,0.480152215497386404082016729222
-0.273987893164531415644005228270,0.480161872442084526536923148309
-0.441361379259194006301403997009,0.480170551576663679684556180767
0.618459971097000000000000000000,0.480180004973000000000000000000
0.339755048203825328287500791427,0.480186657255253553619971238310
0.730163131345000000000000000000,0.480186700361000000000000000000
-0.552876284689479020332933625764,0.480192614836715829195543705939
0.562691504123000000000000000000,0.480219459178000000000000000000
-0.497116937742748430958921866599,0.480231986834051216315515336629
0.674385401670000000000000000000,0.480245251604000000000000000000
0.506932213719308756477339006724,0.480279727358939079418545101894
0.283965393136545236208685894226,0.480284666479794681577820766816
0.451206492246912611403490550620,0.480328151454569940402882032482
0.228239694319243611812703177107,0.480354450686452016786947871794
0.172513998301502318264155144664,0.480426435757144428199957803670
0.844516758872000000000000000000,0.481451510218000000000000000000
0.786693730507000000000000000000,0.482163885346000000000000000000
-0.727339405522000000000000000000,0.484365349374000000000000000000
-0.785820860741000000000000000000,0.486055225100000000000000000000
-0.841710095157000000000000000000,0.486354967125000000000000000000
0.088973331370291898176765532897,0.527833866350116735996335140651
-0.022886194901761047147918575611,0.528094654941974683063712774645
0.032839545914601999626442794244,0.528108401928553817022170176137
-0.692787530716000000000000000000,0.528161488659000000000000000000
-0.078673304381653166032087829444,0.528165182105885259847614705174
-0.134406964137911435368533696776,0.528204250982703427530367983600
-0.190251263839083040646381804831,0.528299386541347792314183307466
-0.581097220127000000000000000000,0.528308883509000000000000000000
-0.245985275530751728050460774273,0.528344681036221683304446878258
-0.301903473033650944248594791071,0.528391311367733651030621194020
-0.357656466305822319193929960600,0.528393546592046437539577528935
-0.637009798771000000000000000000,0.528396013059000000000000000000
-0.413483319206531496197499861443,0.528421687793464349113554046736
0.367670984372302995146806398387,0.528442585983022544217397997606
0.646383303447000000000000000000,0.528453021833000000000000000000
0.311944969300251933206833470828,0.528477007118234795489146232565
0.590625931630000000000000000000,0.528479763067000000000000000000
-0.469245382527557198738460081893,0.528486880766155728595987760519
-0.525077390483577163717160228221,0.528489404165212466212280126313
0.534859581888000000000000000000,0.528539222112000000000000000000
0.256143112926271752147283032458,0.528590926599945803134920586442
0.479122048476251015238347188141,0.528597494889412994466634294275
0.423396332781176218446855908763,0.528652164659898255784501970374
0.200417416908530458598735004609,0.528662911670638214547930518396
0.144691726045834023882746081767,0.528738782530008194189578535411
0.702921057653000000000000000000,0.528826515754000000000000000000
0.758659675705000000000000000000,0.530364311698000000000000000000
0.814677662583000000000000000000,0.530393575023000000000000000000
-0.755313061872000000000000000000,0.532711415686000000000000000000
-0.811194048587000000000000000000,0.535702392577000000000000000000
0.061148497123893609670706243997,0.576115715710643217820050315146
-0.050718760990787572580039035312,0.576372047616104063349966757426
0.005006979825575474194322327094,0.576385794602683197308424161941
-0.720704040198000000000000000000,0.576413856850000000000000000000
-0.106506273215539619308722888801,0.576442342589948692582694980425
-0.162246957637425506317735977016,0.576477360893492526460622486375
-0.273904176672408276895137890214,0.576572197430439197552777246766
-0.218079986535931035357545963739,0.576580074935594471447786025593
-0.608978052853000000000000000000,0.576581737845000000000000000000
-0.553220668277000000000000000000,0.576601564801000000000000000000
-0.329782268439763212339618470562,0.576646914058326927043775945137
-0.385606941598778675264108738646,0.576673796037375179978064754067
0.674332503387000000000000000000,0.576700588534000000000000000000
-0.664867638013000000000000000000,0.576716840571000000000000000000
0.339868659169431369334329442814,0.576737400319821476198225533451
-0.441371061752621030745476099418,0.576740177232284054663366971752
-0.497207756436710046187014059529,0.576745407694367422819935636726
0.618574985184000000000000000000,0.576767866559000000000000000000
0.284142518538874783589336477706,0.576771749173383093042398934098
0.562809364380000000000000000000,0.576796458891000000000000000000
0.507051545838000000000000000000,0.576855784697000000000000000000
0.228317743326492031236274007824,0.576901176194595811159472378129
0.451319590978215065031573556457,0.576926043623255702260670883508
0.172591981349037380457506717241,0.576977088185660978851614768254
0.395593874409235738268696812993,0.576979815231873854959429155105
0.116866295599126373837601403080,0.577056625687984256614719093080
0.730283206266000000000000000000,0.583787399530000000000000000000
-0.777131885340000000000000000000,0.584023176872000000000000000000
0.033325071398781382533069400762,0.624398376774748555625047810657
-0.078551729824674025856674101473,0.624649208100167496085047048603
-0.022825989008310979082312729318,0.624662955086746630043504446204
-0.134346299533705157162280299456,0.624715433573600864968538197634
-0.190074747294862825575196433731,0.624757506929865852859203170702
-0.245998887677587584202223076812,0.624807591329811985696116411090
-0.301778751468557922623949186409,0.624825347156088914873244348821
-0.525298351075000000000000000000,0.624889706776000000000000000000
-0.636789342651000000000000000000,0.624894039669000000000000000000
-0.581044390768000000000000000000,0.624907201476000000000000000000
-0.357756044598503304718954432869,0.624940616056847799262808257594
-0.413503281238678786267134684998,0.624997251198064982291560480881
-0.469341656588256967955844082525,0.625003452181770285092247869154
0.312068223525452126209139244884,0.625033302387358001912944107373
0.256341952419111669862222046568,0.625067576135272768756842099264
0.590752385666000000000000000000,0.625091564895000000000000000000
0.534996547827000000000000000000,0.625108533310000000000000000000
0.479249445370000000000000000000,0.625181385818000000000000000000
0.200495178503590327472873107330,0.625213692202385236372756015446
0.423518985115339771151711611099,0.625251882392839366506270883806
0.144767997813641674241119917109,0.625297135552078530873106202684
0.367793273987262730887851865718,0.625311024444048081675815324331
0.089042305750350129806516290921,0.625372119412450126237549486709
-0.742180973272000000000000000000,0.627852187992000000000000000000
0.667337483352000000000000000000,0.632007743929000000000000000000
0.732053939959000000000000000000,0.639576777552000000000000000000
-0.688977645758000000000000000000,0.644489578240000000000000000000
0.625410518725000000000000000000,0.668769521147000000000000000000
0.005508102599850155506714936956,0.672684758140009268880379875409
-0.106391756142839563710231505233,0.672922299083819668470890249834
-0.050666015326476516935870142821,0.672936046070398802429347654450
-0.217993648436519374419873546226,0.672985023324083367107533541194
-0.162161676201639561338410874315,0.673002732103680602869161839453
-0.273873462473737229931034375884,0.673060741055461703016583496162
-0.329728903494210622857670827179,0.673105309972953796283631800240
-0.497407284711000000000000000000,0.673156456052000000000000000000
-0.553190619738000000000000000000,0.673195302226000000000000000000
-0.385634549563362512675821276449,0.673253775869049463168176457665
-0.441472846459733057270365916746,0.673259931544985268208866855745
0.284271137178330537757012862541,0.673331132246708587850792826423
0.228544799806486414188794431975,0.673365367856453265979296077130
0.562940664485000000000000000000,0.673404865684000000000000000000
0.507195270113000000000000000000,0.673426620503000000000000000000
0.451449249420000000000000000000,0.673503214576000000000000000000
0.172682151104497490466817628260,0.673527400164318777827656938882
0.395721637357375198845545868462,0.673586101033374084297596009305
0.116952047949609038092206194168,0.673619405394961720994092363472
0.339995937634089668053152940824,0.673655157983244249598713256200
0.061225224949859732536092514745,0.673664888512038277128701206163
-0.623596264051000000000000000000,0.679455762819000000000000000000
0.693469573856000000000000000000,0.681261321765000000000000000000
-0.675922017545000000000000000000,0.698684759569000000000000000000
0.597583594768000000000000000000,0.717080889366000000000000000000
0.653269808070000000000000000000,0.719899712609000000000000000000
-0.022337777053883324224042403430,0.720954472918759539393344901826
-0.134187798762460428413676626735,0.721220729629752844900538109599
-0.190092959652281426409180309616,0.721223078258721944719495500981
-0.245868223232669020148684845253,0.721238173049733084428000644257
-0.078449617315286029240905678184,0.721241634142996889433893268660
-0.301841979588293204103999875453,0.721351323835009613077635503312
-0.357596158182707935750385392264,0.721411921465587392788849063997
-0.469519432707000000000000000000,0.721425474303000000000000000000
-0.525265073118000000000000000000,0.721442548011000000000000000000
-0.581010965278000000000000000000,0.721503293031000000000000000000
-0.413658850859046122757845042220,0.721548025597630153134953971493
0.256479964014429687730012276561,0.721632364867483263800363381469
0.200753594702577493480831759912,0.721666582099829976450515702641
0.479404146667000000000000000000,0.721751376415000000000000000000
0.423659148541000000000000000000,0.721841863053000000000000000000
0.144870157247856969239164534261,0.721847380178516471284547934074
0.089119375587040760395472568594,0.721906724492257393485831564308
0.367930000091096062758867828854,0.721941862569080739863112920212
0.033386352376169004231160196065,0.721942464530375888150411243454
0.312204320241493223718019840058,0.722025431772011963675815302346
0.538372980685000000000000000000,0.723611843005000000000000000000
-0.634761854174000000000000000000,0.736280079549000000000000000000
-0.050053709634840790931419583703,0.769298918925306463436980622126
-0.162138353943295124101950393356,0.769429907631407521583253534729
-0.217967534448431072137991608118,0.769476227984371662039962587038
-0.273757689572017484184619107653,0.769482717257534026598229915946
-0.106277513089016677113539666730,0.769521719015731883419828020414
-0.385531904884038533673344356750,0.769654504253120151881255443752
-0.329738680177762761398269958481,0.769674943518874796542235615198
-0.497393538972000000000000000000,0.769719481162000000000000000000
-0.441661420052130963972230649568,0.769727009575072083395866296960
0.228694576075453630754876454607,0.769936925683132072661412807811
0.172968271965626972999490847074,0.769971180420441347530330641111
0.116999226818573493064284178666,0.770156825775256926928205668591
0.395873212579000000000000000000,0.770187776840000000000000000000
0.061219156065417290578021512379,0.770219720224003269755971590875
0.284418376714020699036378308886,0.770402136286346194246197904901
0.340143949772390439886846331724,0.770539562005943876305761246403
0.590320015778000000000000000000,0.772359577766000000000000000000
-0.557764053246000000000000000000,0.772485340853000000000000000000
0.005560522211820133242212848857,0.772953738523744313008564339901
0.498659220890000000000000000000,0.774065944331000000000000000000
0.446455402348000000000000000000,0.793619543425000000000000000000
0.545076951296000000000000000000,0.804936074618000000000000000000
-0.077757626342691032695995317203,0.817650251663470017347565819733
-0.190012928739444769830761694651,0.817683057357057238903720637703
-0.134287187866343175614186458964,0.817696572387387413766293932945
-0.245857000787779536173925867357,0.817720772192172604210191876523
-0.301582726182444817550460641180,0.817764449995086942931747964659
-0.413559565702000000000000000000,0.817858409652000000000000000000
-0.525335472812000000000000000000,0.817956972011000000000000000000
-0.357828634201387836912970320039,0.818006207139325688825909806090
-0.469585114063000000000000000000,0.818034262630000000000000000000
0.200914596150649605823191963437,0.818244596853346807149220284558
0.145143589266926409608723131094,0.818253117117603196014353434544
0.089163588840725975790803737735,0.818432447333951781635224634922
0.368130056685000000000000000000,0.818814016332000000000000000000
0.256636513443013927689335186421,0.818897522404248603762059174608
0.312364456885000000000000000000,0.819108660633000000000000000000
-0.022154366267464221489825667194,0.821342926509540080291227419762
0.033564889550188896695095861182,0.822193167439535571458311473592
0.489490751315000000000000000000,0.829060297137000000000000000000
0.418830089124000000000000000000,0.842047477390000000000000000000
-0.105983054585264382976596563166,0.865699014176519748633670130497
-0.217902395078793233866695953118,0.865927601564858181073949911855
-0.329498900616745447765376450690,0.865993544776824349518119803088
-0.441410475572000000000000000000,0.866136668248000000000000000000
0.173036463487967266122477345959,0.866495691118181822743617021173
0.117307951289078892335242694174,0.866528738676298050721372414656
-0.162186453583130100201662880701,0.866972705274522148181745623684
0.228799379857227306428916149625,0.867246034146362157370116031453
0.339606869747000000000000000000,0.867759473343000000000000000000
-0.385652964811000000000000000000,0.867797387728000000000000000000
-0.049904368017290885032885728992,0.869667824661494084850392694766
0.061421241065000000000000000000,0.870483871943000000000000000000
0.005700611028000000000000000000,0.873773674636000000000000000000
0.284179038641000000000000000000,0.873826958852000000000000000000
-0.272618434430000000000000000000,0.881232508732000000000000000000
0.390663514897000000000000000000,0.890167993415000000000000000000
-0.129082436677143021523495440463,0.916411704161231730053948841611
0.093233504283277356625821193446,0.916785871303189568652726065862
0.316940454092000000000000000000,0.918982476123000000000000000000
0.154420952786724904953426796532,0.919020172456354421479203742722
-0.314817038426324106449194434703,0.919750416906195741240225483397
-0.073482867018784339336298277187,0.920159534509237235249399797654
0.245999224672960945320788791521,0.920250974640874469568759369480
-0.208071621738904948184684620016,0.920779349705203281421807536988
0.037765726527038945651110007042,0.922141616750524963082898097295
-0.017915779737867279262715355553,0.924361580395119009024153379944
-0.261598683770277980931350702436,0.936278124134223593953923022492
0.199783353057390281398638848150,0.951386992198121579463662473631
-0.166409897750659192141024576048,0.957788255833854781847619018141
0.122128073076864805496638922756,0.964435239323602523686706143464
-0.104636886974501647954250613037,0.966489378610509031791905416784
0.066552170566048561867808428633,0.969856384046416475025197834022
-0.049082822496664135027788519477,0.970860225039335223791577920719
0.010870664301142336953983077535,0.972076347691010520966453124608
