-0.004326733543452246835794307303,-0.972441644560866884410309461195
0.053091339246000000000000000000,-0.970969825209000000000000000000
-0.059723573621595132814147585948,-0.970615561101956219540689661684
0.109059570823493335392613709082,-0.966316450605698238023469263607
-0.123540499366602035398788358559,-0.964572038634569794112426847370
0.189753976761991207102715185555,-0.953758303241659386814364967627
-0.219771523125264136316358531743,-0.947291903439800805091754525721
0.243466065178540334282605417903,-0.941480614673439864734287979182
-0.273063461556970904693977374125,-0.933302644101417146156459149837
-0.167163914726038230252648349421,-0.930916018206963003973269532866
0.296396587169334406283368522115,-0.926180617273850399074469087378
0.022750750961408937368962813935,-0.924456856226079142715965307383
0.143718333488985692755096805889,-0.923485384203582444261128435178
-0.087419490287288101952356154671,-0.922966717079058416855530338694
-0.032322239448188954172183156584,-0.922814965246227579940945859811
0.077738853560385486672108390262,-0.920987180274378793182241158748
-0.325483394679000000000000000000,-0.916334664905000000000000000000
0.367936605828330698817649130860,-0.900157834377353517163165451899
0.212187824691568930582581363769,-0.896122023969091893897425413542
-0.226483193180000000000000000000,-0.891990662251000000000000000000
-0.374893455858000000000000000000,-0.891946488950000000000000000000
-0.283552579563000000000000000000,-0.879207198735000000000000000000
0.418327002457130974083032165437,-0.877874701603042515540694271179
0.263451865844802582977643560099,-0.875929744174949139373322304994
-0.169780734357653447741940667966,-0.875880735581532865642269070564
0.318548972983284940323794517155,-0.875732605604456902571894033689
-0.114688938083232789542577350068,-0.875090759693856952014129872651
-0.004251005113000000000000000000,-0.874999747049000000000000000000
-0.059591687244133641762404367738,-0.874939007861026115099545384756
-0.426917642341000000000000000000,-0.873704740138000000000000000000
0.106995354546000000000000000000,-0.872899248367000000000000000000
0.051637927112393042064210894322,-0.872464281379095673760423559074
0.162758046457448843591681328345,-0.871782198530706199570820341390
-0.475769884288000000000000000000,-0.848093197483000000000000000000
-0.322070663813000000000000000000,-0.839740028478000000000000000000
-0.377144139724000000000000000000,-0.836843465649000000000000000000
-0.252183615416184019579496307059,-0.833900136655695810425499949725
0.355729388823574517068281095736,-0.828315362505547450683979831493
-0.197382275961641111296091362744,-0.828195465531666131355495360371
0.467050528744000000000000000000,-0.827437524551000000000000000000
-0.142290479687220453096728061263,-0.827405489643990217727356152575
-0.087193228848121305316555065743,-0.827253737811159380812771677193
-0.032095802796621636174002440463,-0.827192736623426349275222071476
0.022972830011473917664706485890,-0.825410670605423295875551757946
0.079435374813272827936846315212,-0.824892945682457594510039340724
0.134531168056230282569647566671,-0.824464406798967488232888014301
0.190433655046000000000000000000,-0.824116361658000000000000000000
0.245561083228717722811399012038,-0.823817845571757036625967875822
0.300837572132744921379027416376,-0.823559467318966834153711986980
0.411185000966717009331429832776,-0.823242093269225028215704073503
-0.523048753137000000000000000000,-0.819781472164000000000000000000
-0.429190637981000000000000000000,-0.818615590442000000000000000000
0.534682580398492724412245561690,-0.812265973014879385002757615369
-0.476717180197000000000000000000,-0.789879926008000000000000000000
-0.568655541134000000000000000000,-0.788849590718000000000000000000
-0.334519027295000000000000000000,-0.786029642842000000000000000000
-0.279409209493000000000000000000,-0.785981118217000000000000000000
0.579827528949629049746093705462,-0.780680158177192619027113872601
-0.389348776237000000000000000000,-0.780546037176000000000000000000
-0.224604392435336437144321813900,-0.780292579884369842194146279652
-0.169482260796438801050294797307,-0.779485377804035842960781262732
-0.114354686844086772436031397667,-0.779316432106950442103518784638
-0.059241325877740570318398874557,-0.779246405634519403813489349452
0.051500934060849460564944611775,-0.777401924441651160622286625889
-0.003595914248844863813712412697,-0.777142338263450292222487918715
0.106612145875139703456213519863,-0.776964319650656365317358327632
0.162202239790260750246279844155,-0.776800816632829592478360481341
0.217763575806236016772458396895,-0.776246544772404768735575170515
0.272976535618317887848379340008,-0.776025345648453737392567161940
0.328344145182742988248844663092,-0.775819352973790624600162711472
0.383441311085282416303243324645,-0.775639385883949523910593869468
0.438652723872417719179598904288,-0.775479615558986588204884000974
0.493750101143687571420722690771,-0.775384240128525942273448978702
-0.526595262081000000000000000000,-0.751851551367000000000000000000
-0.306935126982466139304110816100,-0.738151926361765477325205693818
0.633335335802092790230837898974,-0.737934837993064102894070112220
-0.634002838166000000000000000000,-0.737359048750000000000000000000
-0.472434336810000000000000000000,-0.734887856022000000000000000000
-0.578966063972000000000000000000,-0.734721673473000000000000000000
-0.417253287072000000000000000000,-0.733033106647000000000000000000
-0.361815602461000000000000000000,-0.732692962723000000000000000000
-0.252122531689203491795006853070,-0.732556439263899847957029579714
-0.197030693295372996565621372214,-0.731769406206497922783301790731
-0.141933441561343285278381519244,-0.731617979648922195264173821477
-0.086836015298102926246862900649,-0.731557170010123817078441016703
-0.031766863092879126301733834843,-0.729791227190190523226524231446
0.024171094235105613334537047751,-0.729553229020918745474743921471
0.524045041463000000000000000000,-0.729351472295000000000000000000
0.134455761632076173262299248640,-0.729199734413380364215112877011
0.079358433211894319099876662845,-0.729079403187174491123839885007
0.189558768621303744290059104346,-0.728915593690621380159052891210
0.245179028195836181809438729495,-0.728454044849101469502174443418
0.300483108668315954718196588915,-0.728285231303277527839017866001
0.355736872062365152704979606804,-0.728013824080745161090073802208
0.410909033990983126151412402786,-0.727876908173711083899773787906
0.466118814962376849758144420176,-0.727716199444941239063391568493
0.579640246750541815817664754507,-0.725583016654031144655882137377
0.674112151202651571986109184102,-0.700881074291732338970546623011
-0.674747886206000000000000000000,-0.700266721057000000000000000000
-0.499849414149000000000000000000,-0.687081332907000000000000000000
-0.444740017519000000000000000000,-0.685278368765000000000000000000
0.617184782338926566329018529590,-0.685257616146436800390308918731
-0.554916520642000000000000000000,-0.685146018889000000000000000000
-0.389633266127000000000000000000,-0.685112217155000000000000000000
-0.334531839514000000000000000000,-0.684809592921000000000000000000
-0.279414635256778754934428581912,-0.684693393377724521342651885608
-0.618091176578000000000000000000,-0.684130587539000000000000000000
-0.224315159585813087519457590487,-0.683902006257354898489664342821
-0.169184857944341874520702753101,-0.683731756329831605803775777414
-0.114064606923052646336979368438,-0.683657964622486150923016695899
-0.003627445284373615047898135231,-0.681982531325495664652613947524
-0.058724366595466183999995387044,-0.681738931890658932812527730573
0.051468411813365416498177236602,-0.681562282219727618898559123813
0.106956208211342642474888589984,-0.681391953121929816131747687398
0.162053240406884269642567770353,-0.681174877354446097659007772978
0.217150478325251615487707785203,-0.681018504683551197222013264377
0.272685601245834248679255973724,-0.680713930503925259948625167082
0.327875835547938119174331531886,-0.680479702410232064328928975912
0.383204594968065862553148678906,-0.680251346370506721079253734128
0.438375125080942256729957910333,-0.680113492059665734758281368218
0.493685812187757771243190163277,-0.680010950859264423215612839048
0.548783222155380133029611527026,-0.679936832675751358459622909137
-0.713326845612000000000000000000,-0.660927441823000000000000000000
0.684739822215727600505813009416,-0.646818308107571887670774128593
-0.658141706429000000000000000000,-0.646077300269000000000000000000
-0.585777795289000000000000000000,-0.639499716307000000000000000000
-0.527197823971000000000000000000,-0.637525120848000000000000000000
-0.472089607639000000000000000000,-0.637445293048000000000000000000
-0.416985706484000000000000000000,-0.637280812849000000000000000000
-0.361886214042000000000000000000,-0.636977860875000000000000000000
-0.306785851898954141673355073305,-0.636871002977153765526815045347
-0.251693949062285136923955328756,-0.636088493884298653571503004563
-0.196596711294473014043698748994,-0.635932068174913459241767672949
-0.141499280841853920539781699492,-0.635875180881240657693983459154
-0.030955689797000000000000000000,-0.634137418668000000000000000000
-0.086429974536487521741586184479,-0.634114050082261815775852267386
0.079299550596477664762354318129,-0.633738628282843191235650291214
0.024202117335927016249823825470,-0.633684528887778223234964353615
0.134396582792019291930033516711,-0.633521552515359472762910380782
0.189493820710386637775173516542,-0.633365179844464572325915865622
0.244688395679003606660518757720,-0.633259883689201369939439094625
0.738110122114965251226268492531,-0.633131045148498847644357316891
0.300078328125456413135390920294,-0.632908401610879796438536262574
0.355357166622187229771285235153,-0.632709251200367926526972184783
0.410670686058024993131694195662,-0.632487930256461371937761300739
0.465946639254081549070334434126,-0.632405611204967409132380304660
0.576458740129459184531584056811,-0.632294297902059693614923007629
0.521170328941764281107753998265,-0.632258135052820980304532749652
0.631646820623145967654872905283,-0.632092030216145844769519049665
-0.717172459259000000000000000000,-0.605963570859000000000000000000
-0.770723328292000000000000000000,-0.592997691776000000000000000000
0.772957477528000000000000000000,-0.590082177521000000000000000000
-0.664437491709000000000000000000,-0.589999875548000000000000000000
-0.609340133886000000000000000000,-0.589693066775000000000000000000
-0.554242164973000000000000000000,-0.589519318004000000000000000000
-0.499142818537000000000000000000,-0.589445188930000000000000000000
-0.444043835671000000000000000000,-0.589282214983000000000000000000
-0.388944724570000000000000000000,-0.588979541566000000000000000000
-0.333844973722000000000000000000,-0.588873086315000000000000000000
-0.278751139756653432891026245134,-0.588092259548947208707103438503
-0.223650259899437143632419147323,-0.587933780845840740959776499793
-0.168549539133866026047193222718,-0.587875039162899767039724815244
-0.058365541003391460314405844916,-0.586339293958271345227226680157
-0.113462498060569186534333010733,-0.586103918333167951484558627032
0.051828960712845548138810632944,-0.585977454972543844725329312403
-0.003268472885062363628469914117,-0.585923700256400166755647923483
0.106925994261478415910321777103,-0.585760722911686387734024786051
0.162027307081215505959667262649,-0.585602006711768125353194726080
0.217138688969772412386687692389,-0.585544647769416576499112398277
0.272235850696717273952785998056,-0.585363406824093555428711829421
0.660734653310518393529102302310,-0.585298568405794524071655793756
0.327546365606043015660246582654,-0.585145720785923171916559132593
0.382823257712146360349830746281,-0.584945835086322577385479767132
0.438237679478815225438973013235,-0.584782679472260611084180261686
0.493431156008088058934898265629,-0.584652795398523966221300234174
0.548812175617455954737882907543,-0.584596217435052678493543659933
0.603909524390164950963815469921,-0.584485597075978366313262649561
0.718509688932470892409462990627,-0.581637811634725862566670287693
-0.803318313696000000000000000000,-0.548033423896000000000000000000
0.806000534485999844456119236381,-0.544081437937081232388518883605
-0.746985134357000000000000000000,-0.543275931056000000000000000000
-0.691897345796000000000000000000,-0.542231971852000000000000000000
-0.636799986643000000000000000000,-0.541924946322000000000000000000
-0.581702118446000000000000000000,-0.541751345052000000000000000000
-0.526603924379000000000000000000,-0.541678013720000000000000000000
-0.471505995968000000000000000000,-0.541515387812000000000000000000
-0.416408822237411886076221360489,-0.541210020281889136403328486902
-0.361311461961773745123351194677,-0.541105285846714152890845433852
-0.306219455276016605073147951159,-0.540330122649787309761210773966
-0.251116979796660762984052061813,-0.540169503948666682144060173524
-0.196015090913000000000000000000,-0.540108073911000000000000000000
-0.085811237411168344890221671787,-0.538447461654725356557063425185
-0.140929116341932742926551219108,-0.538340805381526655241733562675
0.024388987168386341860132193395,-0.538198585243953998066154650587
-0.030708446861502533434691594169,-0.538145275137758326806816031219
0.079486022459260237324859486029,-0.537982296544351407173789313053
0.134595251104412875225757389899,-0.537819035021730404056500368644
0.189749119801897721764693717814,-0.537737309635573698947168760966
0.245005156524064421090667401415,-0.537465396703412871523279021770
0.751313375961092294488177640373,-0.537369897792150953725950427376
0.300102532911416980595592798732,-0.537369512002944646825362374611
0.355199908543893571540620556605,-0.537273194511521529103733206726
0.410454316963569249843464519414,-0.537203116149424155285984325215
0.465722196232821735303536851839,-0.537029863665817168173100176920
0.521074502796486282636374151681,-0.536990003711188651637916926885
0.576265049962676342053196747441,-0.536825203537178168833581693489
0.631512676935313055838519722156,-0.536801259519348065962630183778
0.686657587627057123075905411049,-0.536680345946866657862981001797
-0.834380742892000000000000000000,-0.499469751266000000000000000000
-0.779131623066667543391658823336,-0.498528350480585226340107602353
-0.720335051885000000000000000000,-0.494469502222000000000000000000
-0.664665101866000000000000000000,-0.494334048661000000000000000000
-0.609567829720000000000000000000,-0.494026447740000000000000000000
-0.554469868536000000000000000000,-0.493852553077000000000000000000
-0.499371696273000000000000000000,-0.493779993574000000000000000000
-0.444273687251000000000000000000,-0.493617377915000000000000000000
-0.389174420642000000000000000000,-0.493311074565000000000000000000
0.784050689563706515900632558894,-0.493052876494127446672097278065
-0.334078734689000000000000000000,-0.492791823179000000000000000000
-0.278954568428701286170964448137,-0.492451567702415815468351063893
-0.223857351534610061054673399523,-0.492287954833582843930725053042
0.719706552335240594459350605369,-0.492239655393846886378326164684
0.839125051368686860442706806970,-0.491457649106103586294520504769
-0.168779967812687849505860809130,-0.490800715446827148205791484338
-0.113341938047054930676103452477,-0.490647224342019863077175518605
-0.003105187304763029572053083063,-0.490445717960102519712735508918
-0.058242442420038002238360146491,-0.490420971400271193722366028780
0.051991869680508504376808940330,-0.490235028123801550297879236127
0.107129629025088943365436250397,-0.490055349208749712353865419565
0.162248380699185972160963088062,-0.489993834401255447491904350216
0.217373231466241441769064853489,-0.489797726357105471944406721884
0.272630036375802511918222267332,-0.489609779876957693390362367262
0.382878976732366039433326630256,-0.489502689633733911023505734721
0.327781520655811937906896439110,-0.489482378612814823338869756806
0.437976386458099978997580941704,-0.489428391854639586633655312361
0.493364041865926160567990426258,-0.489367945443393460547859769410
0.548529098250053984272708431685,-0.489217987054375268453052679325
0.603868156314235414653152677949,-0.489140839240378547491649258481
0.659750239171915320886619964367,-0.488599947885297353364204449364
-0.807568285470579750434864979840,-0.451336335160498447060836083331
-0.752319502892000000000000000000,-0.449587842897000000000000000000
0.752576332296540490692021403389,-0.447830150865698409227452893523
-0.863189453443000000000000000000,-0.447825418787000000000000000000
-0.692615528332000000000000000000,-0.446852180109000000000000000000
-0.637520683566000000000000000000,-0.446274848190000000000000000000
-0.582327620755000000000000000000,-0.446132947385000000000000000000
-0.527201306666000000000000000000,-0.445975197387000000000000000000
-0.472103423704378443476348325178,-0.445903195091143672378555199629
-0.417001603706167417608529978981,-0.445742409470325588257903249932
-0.361908277773372221012040181193,-0.445067489987590393202389162126
-0.306811029624265609945727523356,-0.444914764609386954239755078332
-0.251540372090939969962457841349,-0.444649940060471286788220031860
0.810192760103783378072357897508,-0.444552131896513023055741017661
0.692527392308958575956197151819,-0.444312384045363746494871018052
-0.196462084699020272043471271330,-0.443162175551729517219009145383
0.865596242640980488184319999644,-0.443135748157661740747531795581
-0.141192789517810037255413037976,-0.443107134407320356041233455573
-0.085936359557484297277822347011,-0.442789290428153091600456197653
-0.030685827102105319913888370382,-0.442709725023081914557411772617
0.024411363820481677594877745029,-0.442537588201407338738863392976
0.079509873136477750357806579858,-0.442380626731330857529640104214
0.134641847407918389320605864195,-0.442311454025654295017091185257
0.189740467699456444800349331548,-0.442130542202233962604844927586
0.244839494879703088441219404098,-0.442034409337160998288474832572
0.300207423366413502835029625713,-0.441781233581273189096797980350
0.355357070215704329771030598756,-0.441771413301191608250703331614
0.465639855886229936563518706977,-0.441753876194813219226513669133
0.410455551296453534391000974271,-0.441696497793636057506333785916
0.520821956942988494854357716603,-0.441593997309335169124627684466
0.576132349848915317065233410603,-0.441533538136832600558232934213
0.631349591344722268163239298853,-0.441386249855582144498415960229
-0.832216546522356762811709119981,-0.402059633710737915935514375582
-0.777144101515000000000000000000,-0.400399201795000000000000000000
-0.722046210004993519919228102097,-0.400273457616823931876918443579
0.778839453672734882857663332151,-0.399245396696477340789149569171
0.723743010597698803804392149922,-0.398910674237284427073496762293
-0.665456214762000000000000000000,-0.398742667745000000000000000000
-0.610046757534000000000000000000,-0.398515032384000000000000000000
-0.554900708078000000000000000000,-0.398345809698000000000000000000
-0.887179982780000000000000000000,-0.398212172959000000000000000000
-0.499802499022000000000000000000,-0.398127405029000000000000000000
-0.444692653911855191358502770676,-0.398108009370961832578112261465
-0.389599831359865170493259998799,-0.397393179390953280391402105316
-0.334502887403873024678435484816,-0.397154756750166345714491363125
-0.279405440790486332683681825213,-0.397116607957490723858997887352
0.664126586246512805783763447789,-0.397098568906435841659479286562
-0.224328015125480672785813986158,-0.395630922674143303408778252005
-0.168936149927617605080174957877,-0.395433222141814222169292337503
-0.113838773046079303641945133572,-0.395279445131027036771247974883
-0.058379321561889316546332483317,-0.395077798301068114132423387417
0.834283898586195689523506016381,-0.395000672530853449239192413018
-0.003273453322335050596577614650,-0.394900617491525079549684262484
0.051824690045659624519581873002,-0.394743868698554766994644612553
0.107005005547661595661614024014,-0.394633922422689335464590029561
0.162102211127079981103878675602,-0.394466542660809950137575842233
0.217206731112918091472503877923,-0.394367225182289488948913053076
0.272305634775627113695693889846,-0.394271021288751892183596020570
0.327773752911240151379977358716,-0.394075599175352155563323284921
0.438095259371927616970939960518,-0.394033339944538899216913470436
0.382871162639494830200324398477,-0.394001303265599721609898422468
0.493192612343754280972435118489,-0.393924831219900098753190930671
0.548424140728492016677641934663,-0.393909098977508291543011848039
0.603616267349280087745598734489,-0.393777502562577151624190105946
0.889355981794342269675607474088,-0.393328628942797580854816370463
-0.856365876250260156238005587813,-0.352536508280910885717900511524
-0.746330619991413459382379512247,-0.350816430712077152728954162603
-0.636176195994972419328726327238,-0.350007253471217830448107408753
-0.581078922561141826445758329977,-0.349863939818396996369586562205
-0.470900691874451443292794305337,-0.349642879382520731087344717796
-0.691263969145053266041924117193,-0.348974137790080907074879117738
-0.801392597568758795284723948290,-0.348839386474509688466185506697
-0.525991718274752988206318915317,-0.348800924035333325406887429869
-0.305619211446448875026110056307,-0.348654578422586014041205801302
-0.415813502057083484577996779594,-0.348579114055650586386617475649
-0.360716231905686039540052110552,-0.348434543971236741039636977448
0.797452576849000000000000000000,-0.347386944203000000000000000000
-0.250541774711822514729746652697,-0.347168887151531890445682758462
-0.195444327900586285992524060020,-0.347131025186791637829656614578
0.687252949134545705472895622243,-0.347089555536680246554459326902
0.742353607483325060760137668680,-0.347051482552433635063682217990
-0.140347080873618414313217047930,-0.346977895520628324665219728661
-0.085249621118876625223475943723,-0.346975208517068060998454536956
-0.030152426215719816529566182888,-0.346804350538235801978254802711
0.024944812070602194403282957488,-0.346648107568374056101914632425
0.632154411191018646729230574413,-0.346646786201443632098375506230
0.080042235269610768548782923093,-0.346584582181865651647000262933
0.135139440849029153991047560344,-0.346417202419986266319986072530
0.190236818235722336750642626542,-0.346321893691687305054968757742
0.410633781260694374418152583704,-0.346267271458723188704920973672
0.300434926204725521886270129888,-0.346239225640597854344341214163
0.245334195556095130571179094692,-0.346226546631696152539929519451
0.520833092282265371883507427852,-0.346211176703099260383590756854
0.355533049125480116863430603007,-0.346164522143327025736746463263
0.465731134232521038419647737063,-0.346158762734084388241198426649
0.575930507512553831894056319703,-0.346141079723446014516391296287
0.855378975915168303789339748179,-0.344101480090009705568391154839
-0.910405818695002897294291001121,-0.341793384935520533111580204468
0.910425811358858601737661134871,-0.341740127452079313555326600702
-0.830342960610000000000000000000,-0.301604581970000000000000000000
-0.719031895179000000000000000000,-0.301385056921000000000000000000
-0.608836372353000000000000000000,-0.301335548725000000000000000000
-0.553738826221000000000000000000,-0.301199868967000000000000000000
-0.663934135764515263154191237429,-0.301132625627133862749537978239
-0.498634628539000000000000000000,-0.300973778541000000000000000000
-0.443536785575000000000000000000,-0.300964302327000000000000000000
-0.774127921862604463333879259134,-0.300960711291463770745002070339
-0.388433868509000000000000000000,-0.300760361389000000000000000000
-0.333333666760851725411588050540,-0.300622202017767514229474112011
-0.278246764551109044809832389417,-0.299543645769987067974234413171
-0.223063111931173878247827657228,-0.299411128106533042906801539567
-0.167964997085373804084699800357,-0.299302107296773670884156738096
-0.112867611217366688638764039338,-0.299211834613701414427517245094
-0.057770214436611994571596707064,-0.299128488171296611755136504526
-0.002672859438737500090977843730,-0.298972177592676824995583374917
0.713967160150804871271730359508,-0.298901579770684880451808887441
0.052435070856716716301998151730,-0.298897129357249939643931606311
0.769066229105178013124803004793,-0.298862625700116693976928423958
0.107532292659827704691261449153,-0.298735178055401551245438077001
0.824163448059520207925182010123,-0.298699708105442439645842318653
0.162629670046520887450856497047,-0.298639869327102589980420752060
0.603769516200794275617129058342,-0.298594053802769836525841644505
0.217727942834188348644799482399,-0.298544003816745588532761876964
0.272894945173437315541205575106,-0.298517688343370368426232760309
0.658868323953566968716196874497,-0.298458645092241908271737549722
0.383090885277349265338841962502,-0.298453980904811264532340642887
0.493286927795340851877785189872,-0.298447041744702362033831875885
0.327992355828845173638370723073,-0.298444083216321478279041622639
0.438188343203713289636704348099,-0.298439534523762224086126822547
0.548384382703391259773076394652,-0.298423775874177481979943412477
0.890094313134000000000000000000,-0.290530710601000000000000000000
-0.899356881932185576817974506068,-0.287815138622245004715180817258
0.936719789365000000000000000000,-0.261167909701000000000000000000
-0.581263596103000000000000000000,-0.253469993121000000000000000000
-0.636361262142000000000000000000,-0.253427917501000000000000000000
-0.691458920196000000000000000000,-0.253402768239000000000000000000
-0.746556210364350721062398152554,-0.253258187210421249447366943980
-0.526166369024000000000000000000,-0.253247366977000000000000000000
-0.471068538410000000000000000000,-0.253238449556000000000000000000
-0.801653663792299349802406161716,-0.253231646667639263092616994544
-0.415971324553591686814644418153,-0.253001334538696708100891987744
-0.360873956343381482744920548918,-0.252900860890921402040651674142
-0.856750008698238777189168763523,-0.252881137536314881234262228980
-0.305787006747771488759151949013,-0.251822946504421473934324079277
-0.250686828620000000000000000000,-0.251738403311000000000000000000
-0.195588540896556971927518098522,-0.251629579506053118734693756180
-0.140491156616075011988768338356,-0.251538343031555908376129276724
-0.085393765028167820202774532589,-0.251451631704769370866349256463
-0.030296514645208383387852225440,-0.251299714349422933696289860986
0.024803102905894576688067471514,-0.251214439247129729223126781844
0.741512561503000000000000000000,-0.251148335604000000000000000000
0.079900366811674319768300185731,-0.251067508167231727870631209401
0.851721364660000000000000000000,-0.250989028004000000000000000000
0.796610423219272456875355727880,-0.250986388153901971985933953250
0.135000483996674879814004627632,-0.250970611341810076857926076695
0.190116015565899649548293534798,-0.250864746784194061559215484254
0.245288692451530533614825954603,-0.250835145528419804419065103911
0.631194494715601093836135513099,-0.250807019660570096222198005232
0.576095632757951583401394714084,-0.250802176792888645830752683950
0.300386103106938391711991108904,-0.250761540401370914271873975899
0.686413217642000000000000000000,-0.250738790629000000000000000000
0.355539668260607468843890897332,-0.250727464974536428615439330146
0.410637128033055943039755694055,-0.250725169587555436734094587763
0.465735085226500471696998269518,-0.250722586983340173199227391689
0.520832543556282750942215632499,-0.250709771239717817511559887833
-0.939691924426571453165606286398,-0.250280961854644721503722451853
0.895893689796000000000000000000,-0.218052443778000000000000000000
-0.897515802231000000000000000000,-0.209846608430000000000000000000
0.950010357456000000000000000000,-0.207682941677000000000000000000
-0.609037406559000000000000000000,-0.205582585720000000000000000000
-0.553939022771000000000000000000,-0.205577766659000000000000000000
-0.664135564619000000000000000000,-0.205557303166000000000000000000
-0.719233865433280294444918440869,-0.205412397990125285904362341585
-0.498840770727735723520609737227,-0.205402773320845327883859764845
-0.443743315326291920169461094007,-0.205380706801175907256031564408
-0.774526747677000000000000000000,-0.205274758549000000000000000000
-0.388646442497041028959266906904,-0.205126378110827851995423282352
-0.830660509739417287378428304418,-0.204352093421238478242558832339
-0.333556191861826021346860739835,-0.204235107335714187289953730655
-0.278314879488318211769827078236,-0.204063001964192122417239700173
-0.223217515574987315895601167162,-0.203960199010141131966508099714
-0.168120138233669782405643890567,-0.203864864054073029056596870029
-0.113022750351836990522974069251,-0.203775828980959803091233205054
-0.057925482645652451455889282635,-0.203630329982978500060886171439
-0.002825424631516918619025234755,-0.203539173187235079562296723121
0.052271853969402744735499500751,-0.203397859995991635143574983092
0.107369231356006597245473026246,-0.203302551216051431466919893969
0.769063715115000000000000000000,-0.203269296446000000000000000000
0.824200707620000000000000000000,-0.203253530250000000000000000000
0.162466608694371768664120958652,-0.203207214553726168131860135771
0.217676765183241834518320006279,-0.203155888495868277445518723531
0.658738463763305716275448045295,-0.203088471403687123683854484002
0.548536310790410339085297527777,-0.203083818654151007588872338962
0.603638739131720441959297401593,-0.203083130596127414450673114530
0.272776716250439490727228753216,-0.203080812260395917232927545627
0.327933345655982211697993748517,-0.203044881815615676946304264744
0.713964848506000000000000000000,-0.203021730279000000000000000000
0.383086410283394650904184823076,-0.203010517434114377728539885724
0.438183870055843125100049612862,-0.203008222047133385847195153049
0.493281328385625404345266975329,-0.202995406303511030159527649722
-0.952358449649584845370063891607,-0.196659238482301075826184200489
0.906127967277000000000000000000,-0.163908497148000000000000000000
-0.865172073271219522050835240735,-0.161402331358617487178487436298
-0.636539978985561548426979660329,-0.157833057909914773080305866788
-0.581442533686711744087493712206,-0.157793055589571355503459839203
-0.691637331327492834065983241056,-0.157724229814009643068465167264
-0.746734759811834232827301928726,-0.157665467085479251515322326404
-0.526345265324260613644387178149,-0.157647805317898669129497553159
-0.471247823057012036495053659749,-0.157603825179321888082186794785
-0.801831573750186553581930805967,-0.157398685362033486870086253910
-0.416150875085092914761168780299,-0.157366332389922628891711486611
-0.361060327824900573104515866553,-0.156493588889291807482063004818
-0.305946499341085893460727724368,-0.156395154698372427303290137908
-0.250848514066064845446246681816,-0.156291991565016341040228549164
-0.195751139013973376764946261385,-0.156195342640822166794604023114
-0.140653758951875777350498900188,-0.156101593304028808545124629023
-0.085556475664349457023629413672,-0.155962119365774747064857180750
-0.030457717338890811983259890298,-0.155867876657190879667059114314
0.024639570961258957471857683151,-0.155730397147595483132605095333
0.079758157156385872209732019322,-0.155622800166067770706146316573
0.134855534494751043628379939128,-0.155527463503742507371086554021
0.796568265044000000000000000000,-0.155525939070000000000000000000
0.190027358311713953634147426281,-0.155498356265400384018163360181
0.851669568011000000000000000000,-0.155485193141000000000000000000
0.245175180098852559488839393346,-0.155395539054530576820059279001
0.686289103588000000000000000000,-0.155373088531000000000000000000
0.631188540981955392946774753098,-0.155367949608750135786847109877
0.300323958799483310713231386974,-0.155364153674640679907357848094
0.576073178735239902764984501841,-0.155361172222562604904541821133
0.520969161340200475294468619184,-0.155360188397796292476793865268
0.355480157562333132921792843594,-0.155327974618674440280351706417
0.410624726633527680706225495295,-0.155288706789029093974194486761
0.465722186367286577916640613838,-0.155285619363529725954964589995
0.741467643718000000000000000000,-0.155274947372000000000000000000
0.960249193185000000000000000000,-0.153535202778000000000000000000
-0.919536015195651254639585766004,-0.152405223125922255903378581592
-0.964880631630013389209013148849,-0.121106727330342004411706464214
0.883948058522000000000000000000,-0.110341500931000000000000000000
-0.609077100907532674876427919018,-0.110067309239449046133993766404
-0.553979745443336476395907695529,-0.109960073529964880922787778825
-0.664174454204368052940175198023,-0.109958965669806181877004141413
-0.719271882273495234839344109587,-0.109899814907043537988899832939
-0.498882361208432546999154966931,-0.109868809535206788732959797482
-0.884563442374722649298619050196,-0.109830004642275867524446315674
-0.829466069831080825391097148606,-0.109731936132940027748888697127
-0.443785190404477413384570806787,-0.109690349329073102427244265237
-0.774368698085309827091834193622,-0.109633420379403054901940383842
-0.388694491731860967865822986954,-0.108827216426006679987408858049
-0.333588626152690436525685673850,-0.108733399548393398015777802504
-0.278481621918943608547308317100,-0.108625006879213639246718816160
-0.223381599843171101120819953745,-0.108526584766139697056402240512
-0.168284221902708434340856676938,-0.108431596707957807949782502048
-0.113186934897153913915733011011,-0.108293599342286392430358199633
-0.058088963886318801392374189172,-0.108199520238747264146926013625
-0.002991674857498056043961223002,-0.108062333067450563529954125781
0.052105730199921207380246285084,-0.107967020222153668231824119658
0.107233539281295213104219277532,-0.107854038421489371130353817898
0.162416284112093228598406412454,-0.107818605215416723257389791198
0.824083227684000000000000000000,-0.107786905164000000000000000000
0.217513694789291429105625167594,-0.107745016401423055661236204602
0.272722422647896379474842032946,-0.107678880468775339494489577264
0.327870882134987319562107133031,-0.107647181955146520303310560318
0.493395308719216371889367904330,-0.107641854000782598824082373778
0.548495266304228762068418882274,-0.107631333140680848312042194214
0.713789569196000000000000000000,-0.107628590315000000000000000000
0.603592726053471579428663237751,-0.107628535651292136318531438702
0.658690185691438253076485338855,-0.107624053686035012373500588805
0.383018672200495051485163426300,-0.107606049173436621811060603407
0.438170699848642154165808148359,-0.107571315428251886662777194788
0.768982569490000000000000000000,-0.107536002579000000000000000000
0.943469352538000000000000000000,-0.101045287043000000000000000000
-0.970190187488110583058438745574,-0.066265696201860065246436867595
-0.915139290088228269989393022896,-0.063983262271880084159907756016
-0.581613699428155231871035194643,-0.062277191416035786530108219758
-0.636711096409818584563124246908,-0.062193977893256524073417238348
-0.691808522969006136146408284702,-0.062133436995398441649392258820
-0.526516470074888336505169175413,-0.062117829441637646494111136694
-0.857100073647073135298555505101,-0.062065023151914731020650250714
-0.471419129826063739625701824348,-0.062003042026681253097153367084
-0.802002701103431311391033590579,-0.061966954642578891245092639547
-0.746905333760978706740986239297,-0.061866006258656868356736046720
-0.416328111955095701571552693607,-0.061160528770963859626759411994
-0.361226344335014509566534943995,-0.061064982838887909239838133536
-0.306128972920570082708699742422,-0.060966281956716574413911021579
-0.251016820782315872260240405630,-0.060860825123708384432846370585
-0.195914852972323193341720621631,-0.060761910775090800386263818499
-0.140817562816214788937726399516,-0.060625177096067743729621275016
-0.085720184233135728319373065014,-0.060530562518754790033475223450
-0.030622893026131018552526403991,-0.060394252959659491136791535699
0.024474484381164193864427381287,-0.060298956142008748629173139885
0.079571861733172700600500563321,-0.060203627364825083762923567113
0.134795187604786022328152400769,-0.060144659433895755121424692309
0.189913901260672071284204517447,-0.060058734560384533782065099494
0.851597367653000000000000000000,-0.060048343584000000000000000000
0.245060937338335249091627810231,-0.060028357815667818335666494242
0.906701120229000000000000000000,-0.060001510040000000000000000000
0.300269969978691722636064652172,-0.059961547569245422127832846227
0.355409338863196309494059279833,-0.059925290042364646265905735043
0.465807031707118126753652114818,-0.059906199881831931954840607818
0.520909030976683312458855663493,-0.059905859550217859991101538652
0.576007538020973285317282949730,-0.059894502667456103372122246886
0.631104997761305474249555566807,-0.059891534864756768716910335225
0.741302916167000000000000000000,-0.059891475767000000000000000000
0.410564548051329305217173557722,-0.059888601606998142614864741970
0.686202457106854481698424096018,-0.059884302233589468082836148491
0.796497318980000000000000000000,-0.059796298380000000000000000000
0.970984471858000000000000000000,-0.053298470093000000000000000000
-0.945173699183000000000000000000,-0.017174069523000000000000000000
-0.887666470661178721180886050713,-0.016223715881926712208972532232
-0.609247356802219979061466101160,-0.014428568902679580790962420461
-0.554149926264604378131516219523,-0.014371763990892877874949123853
-0.664344783289423342671782503568,-0.014367962528423417652736701985
-0.499052479200795522497836612797,-0.014334271376151097915861720818
-0.829636317195648331977518801851,-0.014300264592677757137333632521
-0.774538949853195727327471443913,-0.014199316208755734248977059106
-0.719441582789978188211391866952,-0.014098215533929344516002055552
-0.443961432167247910294642901442,-0.013493667192944697230021051590
-0.388860508634389852026562457275,-0.013397982288790945133046075973
-0.333763136099128606681733673402,-0.013299909071146819563628791586
-0.278665764684684179823898468592,-0.013201208188975484737701677626
-0.223568422737111380538503495866,-0.013087239080818601172623398544
-0.168471087577820406706138400254,-0.012970034174189477439571880206
-0.113349973031075057793320373569,-0.012861653892411711092432056493
-0.058252346084779385675683119809,-0.012725149734139025582709411196
-0.003154257492046172097612407802,-0.012629440713918949128338491098
0.051957612831345919442557910495,-0.012525714908076962487841262922
0.107132612233384923983040006042,-0.012494769586521158610491300768
0.162293558064457759398047615712,-0.012384352337132631088587334625
0.217461065622626358791905219415,-0.012342030836627012535986093854
0.272607750302184198440800655724,-0.012311451229216693641475171460
0.879107918070000000000000000000,-0.012307660430000000000000000000
0.934210031842000000000000000000,-0.012258708809000000000000000000
0.327808299116255164347698497168,-0.012239729507406536698333053789
0.438185813046962831448615531740,-0.012214753443813651046996743805
0.382955179137513935238887622528,-0.012207821938669534860105401977
0.548419638007881312142069966468,-0.012168069703803955818767261534
0.493315787901251883079721101891,-0.012167343472224810361042679284
0.603518496542617652726563951753,-0.012156915381694138244069571123
0.768815628898000000000000000000,-0.012154068098000000000000000000
0.658615956232348054745991294635,-0.012153122768782957319448209501
0.713713414507419701650234983382,-0.012140073932889968132951876612
0.824008255372000000000000000000,-0.012054831707000000000000000000
0.972052860778000000000000000000,0.027790254625000000000000000000
-0.916862350058288326676202417529,0.030502408554782246685770883580
-0.971957765935391946431350789864,0.030976990449061449342279658210
-0.860202714209753917859849348964,0.031541042677310261674344066333
-0.581785377595763288688468430779,0.033338087131006568431879961465
-0.636882802644932989604605000985,0.033399987022011666380388452956
-0.526687986976862767376214222725,0.033425412005309893341308943656
-0.802174344304449483811203900522,0.033466342835979945876360876291
-0.747076981628196544713309126735,0.033569806679079006442549221166
-0.691979609655821060803895945177,0.033668195616829855166133592404
-0.471595595209287563346150905419,0.034172705771770679893723273148
-0.416494129416039801687993815150,0.034269052141478198777789447241
-0.361396756264669922333117794564,0.034366778617342377713496846140
-0.306299384850225495475282601717,0.034465479499513712539423968112
-0.251202042902652696189887611114,0.034579448607670596104502243633
-0.196104707743361722357522533946,0.034696653514299719837553766652
-0.141007335208100477012693738620,0.034794726731943845406971046320
-0.085910035549628876949531351064,0.034927576233126821100908598756
-0.030785750902938076980597489486,0.035038479846235722952538488892
0.024311880017947256047166422959,0.035133948706509656686465544692
0.079518363331558142825097346842,0.035183142870226962664591019217
0.134617608030757750406793850733,0.035257770499465653027585603245
0.189840565091735249487401545124,0.035332442216614415854408516491
0.245009456631136955108505353643,0.035375698665613600519562670939
0.300146066658114900995715743287,0.035410359412522988924914319572
0.906611821467000000000000000000,0.035436692549000000000000000000
0.410574981387000000000000000000,0.035466941831000000000000000000
0.355353410947998172182507321413,0.035478159096576672462795370597
0.465694168198000000000000000000,0.035525222752000000000000000000
0.575927833086872563221799187685,0.035571110035080758078821586128
0.520825105191894388958046479309,0.035571189610057227038559368321
0.631027797652499435848581812954,0.035581627024743410608134588419
0.796324658828000000000000000000,0.035585534323000000000000000000
0.686125257277534803501090439718,0.035586265233102915908863011075
0.741222712752611364850972371999,0.035608147128247433548397637910
0.851512503897000000000000000000,0.035690226408000000000000000000
0.944457814127000000000000000000,0.075481391607000000000000000000
-0.889398593606863523355165717430,0.078267167114019220569087501740
-0.944493373457075828855380022731,0.078816103487786113325010112601
-0.832741404434524792675043637795,0.079307207941797262949088143843
-0.554322247440637361834125957856,0.081140932114988539135386385718
-0.609419701820135454620357504618,0.081165417712912577034078634240
-0.774711250049168818554633958674,0.081236679690392853417637732875
-0.719613877873734639290305895174,0.081334954850381320300903454076
-0.664516507059182775781864181823,0.081433990041842654383307350240
-0.499229214940665630263682299671,0.081839393711955616086681060260
-0.444128292458079454739501819022,0.081935425106193575901533787574
-0.389030076451075567771095794525,0.082033640210287276851107514934
-0.333930715400950303322675523118,0.082133494463868596503208796808
-0.278833373453377504037280549740,0.082247463572025480068287079882
-0.223736038294086530204915455743,0.082364668478654603801338595596
-0.168638665758825284860086673033,0.082462741696298729370755878422
-0.113541366100353684796924276395,0.082595591197481705064693425819
-0.058443875991105298591622503505,0.082690952974633520541362356769
-0.003300532975808608158808356015,0.082812924443281116562609545989
0.051872630518159479429705859057,0.082842806484813581838897814285
0.107005700114478025543128575470,0.082937038739113252772409411858
0.162164615058035240496147778273,0.082974565053212699970581443408
0.217390164735820403297395147402,0.083050689948745270303114123616
0.272547816764316025632476155400,0.083097534642817450424477175316
0.327687796327104238627893455101,0.083130200207371537255978250839
0.382962478782000000000000000000,0.083160631477000000000000000000
0.438076077956697942590299412542,0.083210810689106229449942306900
0.493202701832000000000000000000,0.083268503637000000000000000000
0.603434049585538710990787740334,0.083311429813794908088114743896
0.548331226757889798467230785743,0.083311564085359172487824325892
0.658533699181051798850949613475,0.083322128276269457430210979449
0.823827457389000000000000000000,0.083328605591000000000000000000
0.713631158400311276688047963094,0.083330266299250093790937579222
0.768728857985000000000000000000,0.083357667030000000000000000000
0.881130224446000000000000000000,0.084442833380000000000000000000
0.964128789526000000000000000000,0.126948556413000000000000000000
-0.912536858395230607776405821970,0.128270674803268293732468607367
-0.857440151017796461018453638501,0.128558624123067678793954970928
-0.802343779089029412583360932770,0.128904859494382704180403717072
-0.581954860981272880892387926657,0.128929552755236182581280779724
-0.747246405388665288044269825411,0.129002275960151899557666208646
-0.692149036507324743519580892038,0.129102380899419928018957119246
-0.637051661546965152101134230762,0.129199082103751489437563037343
-0.526860432177046488913592483264,0.129507474360134734968813860685
-0.471762088979088095828504153583,0.129602214713820787186411392872
-0.416664239493115220822603800822,0.129700013175002653974851839010
-0.361566868078388109938385887250,0.129798713899372367350037755025
-0.306469530753408921540030564042,0.129914896268234576685207111230
-0.251372190930498446866435088832,0.130029887937945063785547137085
-0.196269884497749574686734764589,0.130130821473515457959258090639
-0.141172584839277974623572380594,0.130263670974698433653195642985
-0.086075206541830106439015431504,0.130358967938988404505147202764
-0.030977717323874491916482214989,0.130454330228674940555219399931
0.024260217524403615223731079888,0.130521782221585041715041832244
0.079357628235747503990887805915,0.130595345465579414442265311845
0.134551936720645871583820908099,0.130654278050313956493339461231
0.189711667844166005580653525737,0.130691333190247132986631088491
0.244928481114058979162490016399,0.130772500577611986305277781949
0.355296621293890243916224272208,0.130811253704528591959075923552
0.300085711809000000000000000000,0.130819686486000000000000000000
0.410466906704000000000000000000,0.130906147338000000000000000000
0.851563614218386959651758566775,0.130935862872589464552416972631
0.465580473400058515220520674595,0.130952179646653157251234040649
0.520707534002000000000000000000,0.131013855626000000000000000000
0.630937868141620667073048769191,0.131053131118623804255150213523
0.575834041872933657649760935956,0.131053843454835178866867738489
0.686044840072035815625697146822,0.131059610462930773031464149885
0.796302333420000000000000000000,0.131064545419000000000000000000
0.741149260592000000000000000000,0.131065970539000000000000000000
0.909055802118000000000000000000,0.131996431074000000000000000000
-0.959746580346194968727245337762,0.156677931481061259301207965588
-0.885075507012762257562155895801,0.176224305463806817249524690782
-0.829979165493984960617862685777,0.176575346617571275883472396970
-0.774881788068809551377315186020,0.176670633096939828148802795604
-0.719784414368445426838224062993,0.176768049562709023526065290728
-0.664687048061991468607280231182,0.176869561817197685682003621917
-0.609589670649753426646227699835,0.176964855777029718803587052755
-0.554492612537274967302860166624,0.177175250633313928818431850483
-0.499395236620634849601451418532,0.177271405434675130307261637518
-0.444297859211385988929905397435,0.177366701122786232460036376321
-0.389200487796658878045687467061,0.177465401847155945835222288783
-0.334103155664485673185702028069,0.177584021248492091530195606189
-0.279005810809039767743598347169,0.177696575792815630792134098049
-0.223908438273188026883715275952,0.177794648678719785136344318362
-0.168811138614716426820552874954,0.177927498179902760830281863311
-0.113706425280754396265663537338,0.178027047716205133093649407045
-0.058609047874599299763875143222,0.178122345193029824519004225007
-0.003416966823662268533942782154,0.178163188006978865707651670191
0.051751018737090927088732957916,0.178277681719522170745609583568
0.106903081428643264725681530301,0.178313037017490933989260918726
0.162102033026738852314291596340,0.178371917749307370535255594422
0.217249984222404581445748398275,0.178413143819113848988794730707
0.272463126329000000000000000000,0.178497229304000000000000000000
0.327676092056000000000000000000,0.178515356297000000000000000000
0.382796353364770008801794023031,0.178555308985528824357483182054
0.437949622618000000000000000000,0.178664273949000000000000000000
0.493051929092345378996462035598,0.178712510474570366440223030737
0.548168592819000000000000000000,0.178784458941000000000000000000
0.603278170523637224655740418211,0.178829882232124060260628485395
0.658375994111096031911876882477,0.178832617532027002668593549883
0.713474786789948391768095931273,0.178843793010065095170262068860
0.878767175695150141584590762653,0.178849288148031267708035558002
0.768572244919720572792738865107,0.178857441577046959382238601137
0.823669728463673318118518844655,0.178886533550515111805663896342
0.955391950568425006082117874116,0.181349215218517466757711823410
-0.932368884569190078573567211748,0.204492070107487939564724524020
0.915789031786513442578710025538,0.219655075117476732722144877402
-0.802512997293167604055629003180,0.224338718389356700337007375783
-0.747415623592803479516537896664,0.224436134855125895714269878375
-0.692318257286349521285594048539,0.224537647109614557870208203374
-0.858673089442000000000000000000,0.224601272898000000000000000000
-0.637220879874111479324541533023,0.224632941069446590991791640493
-0.582123836110818741464269512066,0.224847060641611493413706660202
-0.527026453812034613108479638906,0.224939486108927931896382066419
-0.471929076402785752436933607040,0.225034781797039034049156806223
-0.416831704988058641552715693497,0.225133482521408747424342729276
-0.361734380973218462267417761641,0.225255814238861457134831268102
-0.306637028658449583390736189625,0.225364656085647181580655808588
-0.251539656122597842530853100812,0.225462728971551335924866021431
-0.196442356464126242467690715824,0.225595578472734311618803573060
-0.141344979056192848462644036473,0.225690874921409460270735626544
-0.086236850623544746625900204140,0.225792404915152490138429820228
-0.031048297374387076381335711055,0.225831202971333749671436517272
0.024068040823283652703098957001,0.225915721272688481840877520529
0.079295628149647374615739550877,0.225995860341040050481231313130
0.134451690104559668004293984565,0.226028906900231233206528321677
0.189634213153771871682228843506,0.226097268833379945809279777973
0.244777855252953857731519160148,0.226140980509779236698747230591
0.300042719314000000000000000000,0.226205257405000000000000000000
0.355170871459000000000000000000,0.226266309500000000000000000000
0.410274365815940672976119933012,0.226311867806058274335205236962
0.465444880630000000000000000000,0.226415071002000000000000000000
0.520547113931696209276845257447,0.226459184592201968443027223993
0.575667438291000000000000000000,0.226533312956000000000000000000
0.685896232929000000000000000000,0.226564903036000000000000000000
0.630791070204505782451227843596,0.226566350783912032598300489672
0.741002029720782052962060618717,0.226571991962804213682492751369
0.796134954958000000000000000000,0.226612322694000000000000000000
0.851384732214000000000000000000,0.226668630971000000000000000000
-0.937222442610762606141124859042,0.259375337621207145176836939014
0.933707297522949243472032930324,0.271757530257746754822074176022
-0.829701259617245943409351943280,0.272260826757441691758512827228
-0.664852095570272254866391824746,0.272301022610427634029737478299
-0.774603885916881818870260822430,0.272358243223210887135775318749
-0.609755051806979517006119820036,0.272515142182592536451652505896
-0.554657683803352632971419308775,0.272615729051972857174080347684
-0.499560292881997065072615747103,0.272702862884118052890252416438
-0.444462921467269954188397816750,0.272801563608487766265438332832
-0.389365607071620766024511139131,0.272928153625345327597895872735
-0.334268246507859399037874016288,0.273032736378478732369177510174
-0.279170873972007658177990943993,0.273130809264382886713387730718
-0.224073574313536058114828546979,0.273263658765565862407325272517
-0.168976196905602664109781876547,0.273358955214241011059257338961
-0.113878819497669270104735192001,0.273454251662916159711189406198
-0.058676100123332523243360775687,0.273501262693456415290862103546
-0.003563289727441155144293970923,0.273583736237043365804662345842
0.051603805870415776505316133075,0.273639004080082569263217183356
0.106849616708836158106622933793,0.273713869130503280364459523880
0.161982662593326785477854828210,0.273754954635908313595539107655
0.217156524576000000000000000000,0.273830485386000000000000000000
0.272351476374358902974251714078,0.273842400791554755732180149414
0.327550832627000000000000000000,0.273955041388000000000000000000
0.382661846666000000000000000000,0.274019702776000000000000000000
0.437767091527945975821443222610,0.274059957941369673784115107962
0.492926778750310432402644874449,0.274172255531096471292177289053
0.548025758176042897791995363475,0.274215379888079673760628309709
0.603148526437411220206471894708,0.274290439912893957293187042506
0.713384334598881346015607684185,0.274315835712145501035828742496
0.768486311931969785536955298498,0.274324942761484380937854508760
0.658264502172610682126639909438,0.274325544815420677825997405413
0.823583700766012315816662777239,0.274413386617714014828576187358
0.878680974876713630068588934853,0.274556439809296597740075010803
-0.884675431815693400156018515863,0.275944638606712224567152646919
-0.719725417223819272661138669716,0.277265763223163332955124665430
-0.918484263793240613605719553703,0.319449729791070868992832655038
-0.637440943493956941974865012142,0.320151488391578103192208548704
-0.582328272767932114986457781127,0.320311968881855918007863211316
-0.527172743983609649052518564814,0.320381816551395958663270133647
-0.472075324116277325238843580677,0.320480545336230966678899680008
-0.802390120909826246073547093153,0.320572504122590815578280095009
-0.416978011866125538568337288576,0.320608065745001973845621249771
-0.361880649543779795961923938533,0.320711717882148389821326642629
-0.306783277007928055102040850407,0.320809790768052544165536855624
-0.251685977349456455038878465258,0.320942640269235519859474404334
-0.196588599941523061033831781123,0.321037936717910668511406464921
-0.141491222533589667028785105576,0.321133233166585817163338533566
-0.086318068997457046722195768568,0.321163109441220084863621681796
-0.031190966029873497145837369032,0.321253869242662278777335889153
0.023972475319690968657923210042,0.321307019044437453227002025647
0.079162108572091305849008989092,0.321349275834162973817087798763
0.134375245221554509225343358675,0.321442999162646185495710263355
0.189501051291495843150761266905,0.321488259173745003555644689706
0.244723626550000000000000000000,0.321539477478000000000000000000
0.299849881345631987880648830451,0.321587220433912218017907647875
0.355033055271000000000000000000,0.321713319170000000000000000000
0.410140870240000000000000000000,0.321779345115000000000000000000
0.465243931717215577444260930754,0.321817191234963201481732752641
0.520424736051639159989341104727,0.321917333004064104791201150336
0.575522178295332973261213746762,0.321961342641687221205174460932
0.630674838614000000000000000000,0.322025424985000000000000000000
0.685832822164868772989173922436,0.322030029001394663885683297017
0.740930281601954606698636010981,0.322036527005739599511223323059
0.796027612889057668159372429735,0.322155538285009100529649153166
0.851124965295385153675467908813,0.322268036037038889338562891909
-0.857392219628271791221363423609,0.323812753374075982188327470657
0.916816909824330326861064267483,0.324203130950012077710521761885
-0.747460359107040521964304481772,0.324873568017962672700948155022
-0.692319014525063599911432158569,0.325063453227587365160710748600
-0.610023536380465962467286493479,0.367942866963643520204322964807
-0.554788694782806648993520588331,0.368058743257106655538287231167
-0.499691323368070920855697309854,0.368157443976665988472286896389
-0.444594013439616505967486229126,0.368285963598583504921893218275
-0.389496649246071397809641778497,0.368388616261640416300529047608
-0.334399276710219656949758707090,0.368486689147544570644739268656
-0.279301977051748056886596306162,0.368619538648727546338676809245
-0.224204599643814662881549635023,0.368714835097402694990608878365
-0.169107222235881268876502950944,0.368810131546077843642540944102
-0.113930472033377443646245680916,0.368842090944889742315770824452
-0.058833061306670948380540107116,0.368915642681696534883158457422
-0.003659735224043772900435900826,0.368979767966117572710197564992
0.051530778021366498001616061786,0.369017290798517857780872623479
0.106679906918976288734142299030,0.369082920706365571683096419523
0.161892012737000000000000000000,0.369180307329000000000000000000
0.217065088516886341665237249921,0.369195218105148985162530299540
0.272226584917019699632872508675,0.369282090822162422395511157496
0.327330030521829159070553645125,0.369342549768964753031981960652
0.382527021401542518145425656468,0.369461884551859722903102408165
0.437634762015610701568761672008,0.369527918498374164202504201166
0.492740842122779260952251111233,0.369562871634280822773441874852
0.547896854879417040372825270072,0.369677282394299343626489893815
0.602994297123110853644697927316,0.369721292031922460040463213710
-0.898917798161042698185553719406,0.370955879921995982550371363122
-0.789185215600000824624280925729,0.374064190901041947655133154997
0.896984169547106145294782035337,0.375607337895957163034113928503
0.676603284937333089060185256663,0.376348954996032225233408121392
0.731700744374418922769647357854,0.376355453000377160858948144719
0.786798061685537522853590472589,0.376480767657500335340546398069
0.841895419169552945579810397179,0.376586960519731980864039836433
-0.844187314318446369772097244267,0.377304440152527114265180548382
-0.678216055448326698066023983788,0.378325415488897861263208299314
-0.734141427764136679654412958391,0.378336977435323935054495290521
0.636133929120440134574158815691,0.413738275910045783322984612368
-0.637652341321454073312853043896,0.415612345838267377531140399596
-0.582490996958003167871858253530,0.415685548029624006107437382810
-0.527320352570286921630774052828,0.415826792870776916135270747238
-0.472223042893302043841847060263,0.415955420254361456119046721043
-0.417125678499035319713089070199,0.416057965126337982357875993121
-0.362028305963183578853205980547,0.416156038012242136702086205902
-0.306931006304711978790043596430,0.416288887513425112396023753413
-0.251833628896778584784996908594,0.416384183962100261047955815665
-0.196736251488845190779950238575,0.416479480410775409699887880716
-0.141546471735669045493963531502,0.416518989324381768794973222705
-0.086445464342591345304590015899,0.416594624185366192335307580457
-0.031313533239503829567623436876,0.416648290351879051631740437260
0.023903248302545276538623985420,0.416687508757753469630685742549
0.079048576368251480886749359095,0.416750935670720455646881267865
0.134185407550414252510311160017,0.416823652934300084568898379364
0.189450456356000000000000000000,0.416899329906000000000000000000
0.244568091447482934607974259356,0.416937389279541279264581623906
0.299713613809777180546091735201,0.417033460658996367564422320327
0.354821952976757639152736383322,0.417091102400197236029706100556
0.410020559604940716987257723768,0.417209506856050567324006510534
0.465122461075204451428317589113,0.417278902562104077474738114813
0.520219906431830367244747013261,0.417318825224848071635329811032
0.575436315799453360855735417626,0.417442321086531008213722441553
-0.875962597656926583237454763849,0.422316232467482547534000785879
-0.766091501654620359881336622642,0.424088289642091936825976854681
-0.706168926805133043058229465841,0.425805590947242733180109241631
0.707646128896060071348189687338,0.425924652639202055123700491983
0.874156509322500622601075510399,0.426042098751403067869585517340
0.763931600915929179116951225486,0.426627665909420905219312545133
0.819063356735242823789145237918,0.426731023016114778606840436931
-0.821093600373065905029152958825,0.427328538893577103436024235892
0.664922867908300476035091317555,0.460716218416228507754825491963
0.608583893300711172166874323331,0.461453321807299517189666785522
-0.665605166934063455114166109154,0.463092548227436152023495518025
-0.610125451163788001349373247872,0.463351752193515220981085396217
-0.555000444224510035681546531473,0.463466509543519494191090020246
-0.499872804142327348357200232744,0.463612746884348559234329363730
-0.444744252242363702570425710705,0.463733372445308119291457600884
-0.389640708999103975777255892553,0.463835019515911794154235335748
-0.334543409340632375714093496558,0.463967869017094769848172881316
-0.279446031932698981709046826543,0.464063165465769918500104952101
-0.224348654524765587704000143576,0.464158461914445067152037011557
-0.169175500988632967397410809567,0.464188338189079334852320169861
-0.114061464044882947152307864596,0.464271522564858218814509996456
-0.058925936275424226491673342764,0.464327271855548709083889577190
-0.003739008696941813263757982418,0.464349188403142450124804129955
0.051419064496412709828802745279,0.464422577127374767835810814282
0.106554076999689444662918238114,0.464491667898654968532683207544
0.161730498656932026003995635076,0.464541553501896462457579224449
0.216957492814589199859238501379,0.464646010316146490983530211829
0.272054935968517989875771766326,0.464688865245440222623181021117
0.327208171520569502718993076672,0.464780495906572627133335618378
0.382313511194698861605453984042,0.464839864744313839316801952145
0.437494054089283791983709778094,0.464968664925096863045482052564
0.492591466894968981709850931126,0.465040642458375880149813383964
0.547688912251594897526280374087,0.465080565121119874310405093360
-0.737481421793673200621576662866,0.471175372892125645392937883434
0.735197295958717262576093844535,0.473639045353884412065223138726
-0.793117747010663610050185576728,0.474795176727857545219527537608
0.848624008613565921236044870785,0.474867102149687554614816047704
-0.848469013379102544952101353517,0.475143984529838815896409119403
0.793530848363963221876728286556,0.475555413385231691037237059471
0.637383671964757592104733494329,0.508437521472919346918354815665
-0.696898123928123784445222941401,0.508440987243716193986975079600
0.692493696805090765276321816683,0.508454741497603405148655390859
0.580864705154060904952287782805,0.509070300786818814142058739740
-0.637628387295962340791379678304,0.511093961848650774289038726193
-0.582531016106727312409292272057,0.511192788368538386872171336605
-0.527433706887743596743375525786,0.511321611786717374973128290622
-0.472336342410368992800838888286,0.511424111995099597201857536987
-0.417238969880758267406359224300,0.511522188387145172754832677378
-0.362141670222286667343196841266,0.511655037888328148448770227755
-0.307044292814353273338150153386,0.511750334337003297100702289479
-0.251946915406419879333103481822,0.511845630785678445752634354983
-0.196787904024553364321460719959,0.511867319692748992304469297494
-0.141690493297846869055755148049,0.511940871429555784871856928116
-0.086541935977715828339391192841,0.512004170235040735563091977031
-0.031351411732862210187807886695,0.512028169906812107576953255690
0.023771747012051006378048891708,0.512086892568356535584441221524
0.078924284798826695463473777367,0.512163470863888046049931610174
0.134099168106207218156602711444,0.512209568466251346421364069515
0.189229279811303242458572288614,0.512286156481389104696065128153
0.244450763582714761798610405312,0.512398443011128395789309096674
0.299550586379322775824017804858,0.512435271258167399072689814381
0.354695040067891947420175764583,0.512531958042381572234731274970
0.409792462804548508508112442288,0.512595883182505697872539391500
0.465039067685266801349779388323,0.512754323687501158464091813325
0.520136511281467589284069414931,0.512796606176217498677406446763
-0.762213122081732935579710919619,0.520410249549907223360544760066
0.762829583693194118614749176972,0.521306505462479029329678253461
-0.819855241294000000000000000000,0.522970452845000000000000000000
0.818472543976000000000000000000,0.525056999063000000000000000000
0.609653689698633177424315337145,0.556048215252424437573878917410
-0.669339431619941500230259239126,0.556151033952017726170379712497
0.553314077079479416348920462822,0.556785004719060304688382430477
0.666921746012400629332311463587,0.557258485322248800792976720966
-0.610164959697093272103740605928,0.558859288557768258159226506583
-0.555067650478109556437823846462,0.558988111975947246260183447464
-0.499966707603162103797740442437,0.559092686527576086734163467327
-0.444869335073551378403260797395,0.559190762919621662287138610368
-0.389772035415079778340098396079,0.559323612420804637981076158184
-0.334674658007146384335051726975,0.559418908869479786633008222912
-0.279577280599212990330005044299,0.559514205318154935284940285970
-0.224386164906207655950564052874,0.559554488563982370905066630358
-0.169288754179501160684858489380,0.559628040300789163472454279578
-0.114170965230679750242838475984,0.559673519099738301620438926051
-0.058967411435153812035525735631,0.559705068286304134056155671517
-0.003840656023869390546001009887,0.559765874072026193036590363835
0.051270916248270460590474563549,0.559831272027756160518550731471
0.106471879486724936427258257921,0.559879926155083554954085161401
0.161597949260578434611179371122,0.559954171445743988659849958929
0.216722411757780956023492308834,0.560034012709904179583838698761
0.271941728759577029334501851904,0.560147546796329698956209441650
0.327039175340087324540700177744,0.560185743042135279048055173405
0.382181623879787794594892672864,0.560283584077491669015186209511
0.437279046616444355682829339276,0.560347509217615794652994321961
0.493712347211000000000000000000,0.561149258642000000000000000000
-0.728739472494880593158379708035,0.564173760172136780367945547131
0.729244971906490870638213087352,0.564984920380855045554175273718
-0.788875857949349419406561749379,0.568626725931939711424383154853
0.787452877152861473102890555158,0.570595687823768835441747284188
0.637293218548066397943782909985,0.603711477033661440694564011364
0.582195858593570609645926916035,0.603816380275284984864017521363
0.527117214214471210108888728557,0.605256176096254535836956498355
-0.692849616072112969468466132365,0.605980757066542998186901473655
0.692513186502146227165187492569,0.606052012068172679114053248847
-0.637755108820257557672673473974,0.606551151071271924706318256631
-0.582657820836427910272308549303,0.606688757293225768958749447846
-0.527560440721353130963541374817,0.606782475489652936705098602140
-0.472463068191742405569061729847,0.606880551881698512258073748048
-0.417365768533270805505899327649,0.607013401382881487952011292752
-0.362268391125337411500852656123,0.607108697831556636603943361084
-0.307171013717404017495805980849,0.607203994280231785255875427510
-0.252016530099000766947465621197,0.607223063096458860437372573777
-0.196901157215421557608908393842,0.607307021804458820924603404495
-0.141769226112334041871941814779,0.607360687970971680221036257104
-0.086596440688117733938973018647,0.607374417151001700113502604074
-0.031456655726160992393718859967,0.607442772451518219515792763801
0.023658513212350063666424664015,0.607510253531425817970699860834
0.078829367552946949359807656807,0.607541457945787898957718764813
0.133973304053000000000000000000,0.607629683667000000000000000000
0.189091081207056148176099387050,0.607702027674259063547623536991
0.244219387276582005133182982319,0.607779655610213261489421414459
0.299428311686969960268729395653,0.607900470764431614038809077681
0.354525759151983171715417083501,0.607937369077245375828510119708
0.409637155931055737755866292529,0.608053070556071046263403804799
0.464734578667712298843802973626,0.608116995696195171901211925574
-0.755404373401683499575964660695,0.612391892455337526739748867168
0.753872622779087061001423729939,0.614277452838909692597469909233
0.498005530750858861614311023386,0.652034803315956255071870158158
0.555984582134525175891494332190,0.652279758872251064838638742335
0.662884659037811995776658940375,0.652505003779585319015640558057
-0.719497581243864254164558319582,0.654205398390771733049088715866
-0.555168443861503635818281198146,0.654464004840742537906369759145
-0.500071071331892910423801536005,0.654562081232788113459344896601
-0.444973771673421310360639152594,0.654694930733971089153282455378
-0.664403073992008842368765672555,0.654775792395500659568505505940
-0.389876394265487916355592464584,0.654790227182646237805214512661
-0.334779016857554522350545795686,0.654885523631321386457146571862
-0.279610263217191794113266551611,0.654912852058535710408307704298
-0.224512852503014731046577657992,0.654986413180508119249461908062
-0.169381629148254438795991722968,0.655039669474641337673185398966
-0.114194701569772025568076356396,0.655061586022235078714099954327
-0.059085684979124914297166143284,0.655112121316215785573139710659
-0.003957486489941538181293186261,0.655187151910917844449902279354
0.051216964517026552435757755659,0.655220439449457556409867910334
0.106314375243733047701463331829,0.655293991186264348977255530293
0.161467149316000000000000000000,0.655379774072000000000000000000
0.216575678127183996133382612854,0.655454797340357783741091630761
0.271703463287875408801555288440,0.655532725086958164582125417667
0.326883843738237903429703029012,0.655669957243010991287026673066
0.381981291203251114876390707730,0.655706855555824753076727707076
0.717872225201000000000000000000,0.655987969807000000000000000000
0.438431005872000000000000000000,0.656532443674000000000000000000
-0.609765047256867484066059152770,0.661876222884939833336953004871
0.609348955319810510019680093728,0.665990110916855129796622943907
0.526797103721779830549021255345,0.699011131445190795671191437081
0.471718623699888719709993703173,0.700457200988304487313871944315
-0.527704694243721263595929316195,0.702228767329183091923098482729
-0.472607394585249663532766916021,0.702361616830366067617036027995
-0.417507612114897732002730310754,0.702458307475477788593736219127
-0.362410234706964337997683628328,0.702553603924152937245668281820
-0.307218266357342298968006370564,0.702594381409625311609578863649
-0.252120855643165235901317465235,0.702667942531597720450733057645
-0.196993324435847612233660987352,0.702719060850690635998043887949
-0.141807104605692422492126266445,0.702740567525904736166249076179
-0.086683945860779205926269478375,0.702799290187449164173737044563
-0.031586515742905460084740472893,0.702856500775615410507249209970
0.023600964814734950588039910829,0.702897337828949582889070311435
0.078698366375165525023738831260,0.702977462319848206710351118619
0.133796899134382239935976636738,0.703047953945864474629038133430
0.188947177904000000000000000000,0.703136071401000000000000000000
0.244050387645381594630493955835,0.703213256439621461172833447280
0.299174210247789516588469266203,0.703293463566484934429978437545
0.354377358085118680646731837401,0.703419823481982152064528171860
0.409474806999066049458687251879,0.703454490762509638140221189289
0.667235888646631132184458703209,0.707430379331662474818282142173
-0.582301297639085111843707276795,0.709640985373380387353681719383
-0.664636850179073448349990795186,0.709872756262303164140550816374
0.580180533897000000000000000000,0.712954925911000000000000000000
0.626099186496307837717162635813,0.744084189704404980502810198915
-0.623365994255092134131245561451,0.746375448354083952754639572864
0.442782363459715902351750505068,0.747344543864163565245701831633
-0.445141235026726085174858075666,0.750124993571872767057489793825
-0.334849484206752114615144202909,0.750262461702456862398100560257
-0.224601327575998117088400803720,0.750400590201780237199315047586
-0.169418799893285595929795525681,0.750419958901954034491107578582
-0.114296348896699602850319391715,0.750478271691118821625886184153
-0.059184794127677531224587923647,0.750543679728056240858488284455
-0.004028064438228971315407377760,0.750566686693647148946417260992
0.051069217777933842662733720606,0.750706583219294415688608941105
0.106166667701229558239911119406,0.750739607381663930574632460258
0.161267517519544752271070135426,0.750808766378047311457007658330
0.216421803423917716886107982627,0.750894740461159057307792178301
0.271534932126753527157648816867,0.750966056287346274039306172026
0.326666633085538209884805708882,0.751041728091552370104713282034
0.533688508819162479970605767477,0.753675915487837005494738132658
0.387672383450000000000000000000,0.754375435923000000000000000000
-0.279788389114000000000000000000,0.755868552084000000000000000000
-0.530123331469306670814288678100,0.757273115564187126589742642670
-0.388963216302000000000000000000,0.762074210593000000000000000000
0.582952602176166659220043067155,0.778349366490032785872185158194
-0.580094030161436659785817621691,0.780482151538689330633220345145
0.488670550016777464526921177160,0.785442461789129262413023796243
-0.484935021227308716461526932602,0.788796863693467725232847025352
0.078499166082811462667141168355,0.798490764855450126284635908763
0.133596616006107178244318571167,0.798523789017819641170659425608
0.188750964162360993027682042712,0.798562198079620885044727678953
0.243890695491361389135909128462,0.798656545779137871744731482468
0.298988096712288223041992170539,0.798736903389788605043723865330
0.354085473974430014153998896518,0.798832284093287840133078345378
0.436132198629250621980162606121,0.802039199785679535151753534090
-0.241600731576516034607695235599,0.802810039180686270762829081756
-0.185867795564026059933949854242,0.803004753472907154599725298750
-0.130770358869950458723526643424,0.803055235031032344986277258537
-0.075672932793878836512349602322,0.803116214020873975477540612908
-0.020573508594589295464809830893,0.803121214151461297424132483570
-0.431862985152039203770091628330,0.803598521217902976205074321756
-0.345634436831708761473671546754,0.804294071668501923740877704562
0.537934643373781643776358470226,0.810115912791325042790470825317
-0.534829543050766866501336853959,0.812169214252490188790593093627
-0.293358700658775600036079945399,0.821700320150678278292081146233
0.030083822055021166733750061085,0.824790661077984727508425782069
0.393673674962547041618755158030,0.837153354291937424202947222156
-0.389025410858263178535976685356,0.838249239930082652079804095494
0.488287184150000000000000000000,0.840948436039000000000000000000
-0.483259925887000000000000000000,0.843871949125000000000000000000
0.161140572624906798303263618984,0.846242344448878782402582246720
0.216237986405571602531138379701,0.846313571744120050478167024744
0.271356747652332443910249033288,0.846448637616737359659445785996
0.326454183231097949709565266337,0.846500322132448115939063382069
0.105821550772513040577325652572,0.846637953053104845388376515368
-0.213900321159554311456011222219,0.850437944250899654202840017866
-0.158362795528747294942845890933,0.850745774112444118724175897489
-0.048127550728480323753623040745,0.850833946631682310340525355684
-0.103273712518153543408404689085,0.851706509090099323690254331082
-0.335551921148403321134483818683,0.858461155364610938946155492534
0.439831270314000000000000000000,0.867265909963000000000000000000
-0.434688403305000000000000000000,0.869885422873000000000000000000
0.057281688576217703470142433928,0.872707319301827465132466153170
0.002187280188664946491153276227,0.873287184002370344509431191141
-0.283276184975470159696892211946,0.875867403846787293497358947151
0.387513075354106361385179926999,0.891905313993028122238804811566
-0.384593437468314059476455488146,0.893168159170324098916682573229
0.243680457297290605283856449269,0.894090562754464501682822743511
0.135176948099365055140027594107,0.894838849262929623302161643547
-0.074388661839920715083143782022,0.899270339167026654219747548462
0.333202347922192642668490875715,0.901182973421017163609275868897
-0.234520719681365317896893841800,0.901531282793679120171012865941
-0.179423408436001771149050387911,0.901659236601418146682946507278
0.189494970444044423279011600506,0.904073703198336081076537265279
-0.333391032093969994832756654297,0.913516224496706391318872378045
-0.126528126560003850639493824669,0.917080625446269481067979011872
0.086016586108196448416890856384,0.919718336547490859678919417472
-0.024074231494309423600071968698,0.921724474145734003165773240099
0.031010789218768504988201683397,0.922895188323129510004145227578
0.285919528193716025444199845248,0.929468394350707456196817665118
-0.281118386244258687833779453679,0.930931751319517079233445581620
0.225233367104608158886364951399,0.946008141107739207990031067381
0.171294124572208359320825757893,0.957245943102628231658191862823
-0.163810710673000000000000000000,0.958523417984000000000000000000
0.116804999506501234784355066703,0.965410826948654873915463780792
-0.103137282548882355886346525649,0.966966480105609146075360170877
0.061940911030974877076226750695,0.970476582015275758721577260682
-0.048207026565529208226946007224,0.971255659077006234265607980416
0.006877981963816211847475042022,0.972426946389035858827033865236
