-0.007056814920000000000000000000,-0.972467234539000000000000000000
0.047974641260000000000000000000,-0.971343630293000000000000000000
-0.061993950734976889767745722154,-0.970554107977504251823404011388
0.109759037496903075107507406028,-0.966318518981962359442972897589
-0.125973003866000000000000000000,-0.964335128666000000000000000000
0.202253426366720891376758927396,-0.951268667602723649474343066840
-0.222110729756000000000000000000,-0.946822579362000000000000000000
0.255644158730677225963187235880,-0.938330746883327931750648907482
-0.275229604305000000000000000000,-0.932767301085000000000000000000
-0.169536364239000000000000000000,-0.930850131295000000000000000000
0.151400281878777000258901814463,-0.930486035657051195215508206978
0.020528606555000000000000000000,-0.923750364401000000000000000000
0.075463694268000092757380631039,-0.923402443582262519945617757335
-0.089671005601328414903503209063,-0.923099490406334734086262449523
-0.034403388017020340791825177398,-0.923049150932923214684383792847
0.308219170268728516003788180807,-0.922398758411239549546044742231
-0.327469810047000000000000000000,-0.915734512054000000000000000000
0.211214407981000000000000000000,-0.896568570572000000000000000000
-0.378662206001000000000000000000,-0.895779692554000000000000000000
-0.226717830435000000000000000000,-0.891961454190000000000000000000
0.402386280832320485116763060452,-0.885383423968210868492183689507
0.265058858245000000000000000000,-0.884161152809000000000000000000
0.347468725628353210951997887751,-0.883961374278435457788815242555
-0.279889119082000000000000000000,-0.877935966291000000000000000000
0.103203079662000000000000000000,-0.875983854123000000000000000000
-0.172280514815000000000000000000,-0.875971309235000000000000000000
0.158139515944263694787364993816,-0.875965004677147971665035706375
0.048113890666800860315016818951,-0.875758468749375068318799296377
-0.117305052505339133760930724868,-0.875619815316798590740083313847
-0.062017769484000000000000000000,-0.875556975001000000000000000000
-0.006821970634467914709505164732,-0.875538883515548912400557654772
-0.428639435909000000000000000000,-0.872969289445000000000000000000
0.451737504630195194284891564082,-0.861250110798381319689010663462
-0.327306122688000000000000000000,-0.850118659258000000000000000000
-0.477248907815436480294994806570,-0.847373910882176362335128428394
-0.381488780660000000000000000000,-0.840799242166000000000000000000
0.297238716426000000000000000000,-0.839597502927000000000000000000
0.499647304175707325175944870540,-0.834368682220089038125676716769
0.242584962064000000000000000000,-0.834026087754000000000000000000
0.406430774021000000000000000000,-0.829970577891000000000000000000
0.187816159208676930061139137472,-0.829734528371384692925320930643
0.351334003522030158814160656468,-0.829161559299681782483551814752
-0.254909570352682586464402692076,-0.828994136690839533489489044760
-0.199975882217355155702373335500,-0.828494133939277463832135253076
0.130655585769498541385216987231,-0.828398275999955792254559612058
0.075719793132321082150848355066,-0.828261227738302327492663068830
-0.145040709137022240051265608503,-0.828199424701469869003534705243
-0.089662278039000000000000000000,-0.828082561788000000000000000000
-0.034434509643833400606843752706,-0.828046696954418115288306088643
0.020784262869420495462279806938,-0.828043031416341634262235276413
-0.524335515267656524358271459706,-0.819075297956071323493000017705
-0.431220130520000000000000000000,-0.817370957151000000000000000000
0.545962806735725578702468322743,-0.804824912699022062715550614954
-0.335132708843000000000000000000,-0.795704845820000000000000000000
-0.478354093553000000000000000000,-0.788966926908000000000000000000
-0.569750106936080190346295684652,-0.788164539982651662948273779611
0.268733614304000000000000000000,-0.785704562545000000000000000000
0.436570545798000000000000000000,-0.783806741935000000000000000000
-0.388551441321000000000000000000,-0.782718049943000000000000000000
0.379509257393781839006159263034,-0.782001033813176383149015765878
0.323590743556120161002423188688,-0.781745616607746204297710488068
0.213862572415136012904615913651,-0.781365690738262091119160754052
0.158917735579626467873370329761,-0.781289773762983012581914669586
-0.282114547286000000000000000000,-0.781219881387000000000000000000
-0.227167186576350958568061283707,-0.780759523202858556401763893219
0.103307771154415577543064098017,-0.780753159453975573402314196238
-0.117227216205366787863145913387,-0.780562051576176614968756558140
-0.062054099240000000000000000000,-0.780558208196000000000000000000
-0.006826074224173884916672574244,-0.780549564702707540968866436802
0.048372234534336076024763258939,-0.780536569599902405490670100112
-0.172163010261558523882121971194,-0.780425573311708950846404800902
0.491430080996817013370459653132,-0.780050753889478976314083209699
0.569060887481814941190389137413,-0.754980768000290203973578839127
-0.527831519725000000000000000000,-0.751637206251000000000000000000
0.623338815200373715523385997139,-0.746503347550655040073460116851
-0.635493080424150796994305803264,-0.736184128579775571303880366876
-0.419359159309000000000000000000,-0.734521107991000000000000000000
-0.580589145841541293276789043873,-0.734308478759174839201938352679
0.351337912647224548676963632348,-0.734210353294876392778827696670
-0.474336477834000000000000000000,-0.734145111956000000000000000000
0.461295826319158872149489225306,-0.734117249887247426408334536187
0.406359879789617882966358185955,-0.734073962424897177754195666343
0.296402316724833332065931809069,-0.734009366845738864347428162207
0.241465850715534256955060869101,-0.733868121095471452804397012439
0.186455885785733364469995999761,-0.733754414522446310120617986499
0.131509351973892191865999234833,-0.733608372529189158452589976696
-0.309436879718000000000000000000,-0.733514308993000000000000000000
-0.364396656994000000000000000000,-0.733336492294000000000000000000
-0.254498269621501441232217734895,-0.733091214170292680861658665771
-0.034444183959243056396038990552,-0.733060617466927920703985071219
0.020762894167140641609285013978,-0.733042523453155379232956890761
0.075947520776769035644911798899,-0.733022743364280516519710088274
-0.089556632916000000000000000000,-0.733001401341000000000000000000
-0.144526543723000000000000000000,-0.732888300218000000000000000000
-0.199563023468409379859668107928,-0.732810456267167497265102725870
0.518936601115683482474756510602,-0.732497084779184473781345168984
0.664495658967614521878093975527,-0.710115515710602863527183089924
-0.676047858015869793486341756660,-0.699126469325753736515888610398
0.612017752905000000000000000000,-0.692555581470000000000000000000
0.557023443061000000000000000000,-0.692506249219000000000000000000
-0.446600816388000000000000000000,-0.686665060572000000000000000000
0.488802346438025341253786078597,-0.686563580776952923875596493601
0.433865341096449055334162390992,-0.686519680880546235964608019474
0.378928843237793725113293156089,-0.686476711153490018966132791158
0.323992412359607515773725887348,-0.686434239232917289730675421715
-0.501543245396000000000000000000,-0.686404729650000000000000000000
0.269056404097415754944476537618,-0.686363158628561421449363549225
0.214059164086131608520440955241,-0.686256844879655671805854228942
0.159111117257641209160679623180,-0.686107549682815527129916746800
0.104175569515609191161639820150,-0.685893799398829221004529216974
-0.336712645567000000000000000000,-0.685797001193000000000000000000
-0.391662691926000000000000000000,-0.685598368497000000000000000000
-0.006811419759981043363666427406,-0.685528132934602724045802612576
0.048339672310502436647654922416,-0.685527829973848437797065134343
-0.061908430667000000000000000000,-0.685481433828000000000000000000
-0.281765279779000000000000000000,-0.685391933943000000000000000000
-0.116894786224000000000000000000,-0.685349921977000000000000000000
-0.171868450288000000000000000000,-0.685239060726000000000000000000
-0.226811372365114599355688843040,-0.685108385271199126991135838100
-0.556460830676691699864538724064,-0.684954811193261639729526332943
-0.617357344206000000000000000000,-0.684019475649000000000000000000
-0.714445471838112582512601683978,-0.659838006036145514789163662160
0.678153397450030452970860854533,-0.656904367682704439343354583880
-0.657104268442000000000000000000,-0.646000312766000000000000000000
0.730902944727922029429629629089,-0.641560138901874014242827513376
0.571264242236571286765933930323,-0.639437885042958181405135995720
0.626198854739329343443308006755,-0.639052600637873342740621850746
0.516329853914513333900525621229,-0.639021862709031033208927206714
0.461393933117128849358611551587,-0.638953298545780557987623771581
-0.473907711634676893698173030822,-0.638910535190087415056205654810
0.406457987564490782979883736697,-0.638908788562976322650312529175
0.351522041034661838186215002344,-0.638865501466070938155673412119
0.296586094084626878573586239354,-0.638822750981535714920367305823
-0.586182905057000000000000000000,-0.638753529007000000000000000000
0.241650176553185474028593540410,-0.638751618150491854545368081151
0.186714395558039453211124586689,-0.638609980040024888815152993244
0.076564753013797833468619757333,-0.638397108419925192081725862847
0.131778847816007435212084768934,-0.638396229756038582689765471596
-0.364045115071049346830156587242,-0.638087073994702818990255620585
0.020765145655041181978025958527,-0.638013562909857646081540547575
-0.034244172102748208809247278494,-0.637931870541412794353427754198
-0.418980803253178063808387653853,-0.637913123263440771612633282586
-0.089259325290000000000000000000,-0.637826779131000000000000000000
-0.309110417096663995147955420486,-0.637714175397165477099813714542
-0.144240904981000000000000000000,-0.637702530913000000000000000000
-0.199210711356000000000000000000,-0.637589929188000000000000000000
-0.528824947467897784605211296272,-0.637476204914529258349305084695
-0.254174985808467576586390673548,-0.637472340575782447188056035518
-0.718811975019025121185822847393,-0.605075849898242543618201299018
0.765973292647000000000000000000,-0.599226451315000000000000000000
0.653814561915281909798502741883,-0.591562256229004024560373676949
0.543920489403517100011888878571,-0.591479976215444803003377289751
-0.772026931462442145840951166230,-0.591432957769877228871625334157
0.598856401011997225517409307107,-0.591404407397523868298097131483
0.488984625618748742414192724182,-0.591375261735262726918784103505
0.434048704821364257872278670551,-0.591306697572012251697480676469
0.379112759268726191493550837802,-0.591262187589208016360169423094
0.708865723658186493794679810115,-0.591237967024811836391558959462
0.324176812738897246699882118930,-0.591218900492302631865530317052
0.269240865788862287087253338081,-0.591176150007767408630224199741
0.214304948257420882542260654575,-0.591105017176723548255224988118
0.104171044584811202036670185148,-0.590901290071388658875614455064
0.159334364522939705360567446722,-0.590870935502189297175275345951
0.048906647264464874967416741283,-0.590832889090296875898544477241
-0.006667063711780993881740281005,-0.590416987569232381142973722036
-0.391422945566819593651207192723,-0.590389186403797117255230315189
-0.061638165003000000000000000000,-0.590312509268000000000000000000
-0.446358706839392275352491582268,-0.590240094808169096448261230356
-0.116642809761000000000000000000,-0.590193312526000000000000000000
-0.171629752208000000000000000000,-0.590078570323000000000000000000
-0.336488040488402055562970886644,-0.590048160120003094805485646314
-0.226594057243722719795085278953,-0.589961789385468683457007703112
-0.501293833026682966059653647658,-0.589936770415097986219789411811
-0.556229734845893838020844588029,-0.589854391953064598896059871566
-0.281552455310948886852429263755,-0.589844257908707876659907537434
-0.611165682234540095604717325324,-0.589812208865531679821435717437
-0.666101231487443794673750312304,-0.589598847241111521326003965017
0.798602095600000000000000000000,-0.555014293475000000000000000000
-0.804479973534000000000000000000,-0.546436776896000000000000000000
0.626509355477387312262552261388,-0.543892708336403419343687064853
0.516637745515789888947590746441,-0.543797568758840151375627860175
0.736490030132696403711398220434,-0.543752624163005170803087201392
0.571573657124270014453111174866,-0.543721999940919216670347702018
0.461701881731021531349894598938,-0.543692854278658075291034677890
0.681444714305054760390409023925,-0.543634938329607521973038590864
0.406765960933637046807980523648,-0.543624290115407600069731244841
0.351830015380998980429252710415,-0.543579780132603364732419997377
0.296894068851170035635583979189,-0.543536493035697980237780885211
0.241958121901135076022955213295,-0.543493742551162757002474773823
0.187022204369693671477962519126,-0.543422609720118896627475558981
0.076597612992802149257184306182,-0.543386387512909382427188970110
0.131726561291743472185152861003,-0.543375995817539373361124349054
0.021449817983885255943214222516,-0.543221637601116967562469036066
-0.034061281245661205863385909913,-0.542798535887059499571708278911
-0.089037237158000000000000000000,-0.542696017127000000000000000000
-0.418892442059221006260394644773,-0.542628271634633271271626088314
-0.144038909680000000000000000000,-0.542572942809000000000000000000
-0.363956702817200031672254184779,-0.542471272164378960741517642206
-0.199015591823988462894653478430,-0.542449808370218380856049190420
-0.473827749310057716792673798737,-0.542359734566147531542266955259
-0.253973058887817584158628660316,-0.542332817309240092423811717688
-0.309021112689960828730643138136,-0.542268707920342674647403963354
-0.528763638515000000000000000000,-0.542241967108000000000000000000
-0.583701281729000000000000000000,-0.542181826940000000000000000000
-0.693826874930333180321232661499,-0.542172601442200258654908211611
-0.638640306651063265780551075405,-0.542018833558561550876523555693
-0.749075370411807986454129896563,-0.541521176192377950234978424095
0.830492195439652752436626475686,-0.506064462053566195710200794953
0.775564064355383901802274746538,-0.505136825006892532033215206352
-0.835751274537140892506328980013,-0.497331211115172498473824741459
-0.780819113369964806913837960630,-0.496684864146141892181389150573
0.543975336571449727291023535687,-0.496146585451310278502699622266
0.709061710321847264179412391367,-0.496145343407041059240614654053
0.653868280448809026303820857726,-0.496121778145579692888019763753
0.598932330468110558718811778280,-0.496083117840622066329896374636
0.489039346110668715978484421101,-0.496041798296733553531422762471
0.434103117295075805419137185726,-0.495973057424413846619651224994
0.379166731272128257642110512527,-0.495928294749788030872375653995
0.159414401138497438302547932711,-0.495927670035468972813324548219
0.324230784742299312848441793653,-0.495885007652882646377736535735
0.104153129699734419405666983750,-0.495861093259060096912698845018
0.269294837792264353235813013908,-0.495842257168347423142430430233
0.049165661050522104919296918898,-0.495789663806992170622604903783
0.214358920260822948690820331000,-0.495771124337303562767431199573
-0.005964585805788880739954142425,-0.495591165697013527594900386502
-0.061459362433754140744721283138,-0.495182307118795507500676120515
-0.116432302282000000000000000000,-0.495076322915000000000000000000
-0.171435343140841760070011578908,-0.494938862500063701915437655851
-0.391362156685535453246791458474,-0.494844030786274391361093268561
-0.226395972683982472041107342000,-0.494820035750934852502284213821
-0.446298114767146458059658305447,-0.494819443056368896318039966517
-0.281441859510362246589874632970,-0.494757184171292225204063264472
-0.501233948270551206499823798258,-0.494699893120460336072964588534
-0.336426512530684399616108459074,-0.494656691007896591491687149249
-0.556169850422023060256148689423,-0.494617736532814990582860712640
-0.666226709056000000000000000000,-0.494508208686000000000000000000
-0.611105644962944071741307478927,-0.494481453523248241308054544756
-0.721179660188199116308943352446,-0.494194762362240482933306607904
0.803798924594089279193466908011,-0.458011961482403068563940712579
0.748141073874250264263845587566,-0.457534937565608890381259559904
0.858714952141275744165487410696,-0.456532092117343872056268051502
-0.752746953358000000000000000000,-0.449115320505000000000000000000
-0.862702664957066014990793349777,-0.448957278942792089811270278876
-0.807766892536315177758570660219,-0.448812353318918757175973997318
0.681485276465601530092824223836,-0.448632183223013230155595807810
0.626433786264671150586543064850,-0.448526519728784764735629458509
0.571464610294034297929649932651,-0.448507026751298351615483293551
0.516528654285086805335728830417,-0.448478177419083225204929313530
0.131840969546488385523062053215,-0.448412767476989696364899056290
0.461592733486067507937045022966,-0.448409614565712478023812167150
0.406656787931903969129506281551,-0.448365106465745250253154543630
0.351720841402075024335837547688,-0.448321819368839865758515435313
0.296784894452040064723208784697,-0.448279068884304642523209318832
0.076721177757454375067779591146,-0.448264369553142885108114795627
0.186805386771787823412041228488,-0.448244680254355349698735937490
0.241848976920598660178216088541,-0.448207936053260782148210103177
0.021771632330048021607165861526,-0.448171103503652208814028622070
-0.033392794146774540285854768080,-0.447957018983165309383361546391
-0.088861952224000000000000000000,-0.447558799468000000000000000000
-0.143819039072676294339846855328,-0.447448865189939426385631706759
-0.198835550106265177134154258601,-0.447297586295560246829930542954
-0.253866030684218593722431107163,-0.447243672835544704536287907129
-0.418762369305443687729097065098,-0.447214178360727220224859626070
-0.473698300276235279308126238905,-0.447154317911308625596764761018
-0.308848879289976799768248308580,-0.447144226961690751485103602578
-0.528634201080270879869940134969,-0.447071265216325058508520067985
-0.363826676604021090095203519079,-0.447041660779457035458027741209
-0.638647248749000000000000000000,-0.446947400247000000000000000000
-0.583570018713023693238913493199,-0.446944632195716473212617966493
-0.693595923653955633954411086590,-0.446685841371436821677416257588
0.829947512337759689062006753294,-0.409698283771918711346309671706
0.775011605927907691286003749591,-0.409619025782002474747011577389
0.720075709547777859893841047044,-0.409533096668068572827162004300
0.884598415296746975008109857071,-0.404109106670740212182307868809
0.654060522381385327051999849611,-0.401031311820052022724925988776
0.598966066090594889797381216964,-0.400950428639461050021216373457
0.544030116109896422212372142219,-0.400911768334503423463092984088
0.489094183945648560398077792360,-0.400853013367559213697560826140
0.104409017604208341185174663836,-0.400816043771072484560314994099
0.434158238391485021590539031484,-0.400808505267591985926903212612
0.379222291861656076796870312606,-0.400765218170686601432264094340
0.324286344911621117184241538219,-0.400722467686151378196957989882
0.214315550006192324153201049757,-0.400669840832164384417756238387
0.159344772132661126410986665668,-0.400664487542026368187551732769
0.269350427380179712639248850144,-0.400651334855107517821958764476
0.049327149036980291755648538961,-0.400645809249802923299538494958
-0.005626204632816214720332428126,-0.400554734210547830250842287721
-0.060814442553000000000000000000,-0.400321361428000000000000000000
-0.116278950957592186686847759182,-0.399914628670201503281024123056
-0.171226402913546664876894039823,-0.399803427852739230028078202150
-0.226315113235864948972161388774,-0.399715712194938778466777885376
-0.776755361187000000000000000000,-0.399670929358000000000000000000
-0.281274038199911528871147327807,-0.399630142378710187443150579378
-0.446152287754424969487559656965,-0.399584481459223946736286601398
-0.336251301878181427553176928514,-0.399527885896476978412325670811
-0.501088218348926909756860040021,-0.399524276666648327965661888683
-0.886698063617397641761781965194,-0.399481001321586216630107487498
-0.721796407052000000000000000000,-0.399471987924000000000000000000
-0.391216568251290221502951385767,-0.399420720737792170766450190229
-0.556024070830275166085270526459,-0.399413791153905680193903957451
-0.611083192459499956654120529429,-0.399394812371691980185683049728
-0.831762169135730924723930503464,-0.399393866941668042719310424140
-0.666130374829749590289826278561,-0.399108496734665242072243363529
0.851094467426440492536130754586,-0.358995558151117018108034805804
0.796142018747607786419388369302,-0.358909403924114032664053719683
0.741156353745248357828826737617,-0.358802765158008077227262479695
0.686247379029892256243399331826,-0.356512031120680332771079096518
0.906000574989063641345169079521,-0.353513576676425900663242215727
0.626583072219292902101593354120,-0.353460839597351622590846819393
0.571533569564976333168016604205,-0.353354018803498535516385694959
0.516597634983536791991666667735,-0.353297569137613593999654298315
0.461661651642465534348060229133,-0.353253039183799126941415325984
0.406723595486181752331025628529,-0.353208532059765938172782157394
0.077014988883734257873043612847,-0.353197483467732522751738709314
0.351785509804801425446677334799,-0.353164544843804036849370561224
0.241827571543201926751500825371,-0.353107118577226554115018879555
0.296849592273360020901684640364,-0.353093412012760176474371346725
0.186886701123504281162151291616,-0.353071328839963974105837437036
0.131950743412187043098855607881,-0.353045927238686406378975443981
0.021929312074116055428150250386,-0.353029439956698544736352170553
-0.033019323707164761516167756727,-0.352935650617102384857715318787
-0.088244109876081681767226837253,-0.352670499083178373529094133184
-0.143708324816542744603886324413,-0.352256446111011643481793090363
-0.198710069549659545679552434288,-0.352219168552441226965188042443
-0.253736134360734488169684212735,-0.352094640413913162906360221532
-0.308682293847654793456573229552,-0.352010416570830633154664357432
-0.473552477031761954336095831815,-0.351958338056206419957145330638
-0.749491324492000000000000000000,-0.351946295282000000000000000000
-0.694246863424000000000000000000,-0.351911573697000000000000000000
-0.363644664314682490123069965263,-0.351904931696553905087397648823
-0.528488373434759065720531869746,-0.351872423562944708448199805819
-0.418616725535721465656559859332,-0.351805686602664085091646366330
-0.583424287672984148976465805381,-0.351798791291745538055563427039
-0.804467620995883415360521276910,-0.351718215538225947283763666187
-0.638360176770320704326146092142,-0.351708325905425865649340663584
-0.859674963363000000000000000000,-0.351648937255000000000000000000
-0.912478611503000000000000000000,-0.336397937968000000000000000000
0.873827898444514178751918143913,-0.308984047385619555679955693410
0.818891991134826343795101144927,-0.308905415570365923350463756141
0.763920767968543692573076364922,-0.308805349825100992648497396960
0.709036340997343043670702515848,-0.306426322514638554344040864143
0.654102759025073449754825834539,-0.305914788941038101435768552689
0.599150575693674345472228736793,-0.305864429761389108086016140864
0.544109737523249516266948102495,-0.305747129510357611662122074667
0.489168207348849643991907955345,-0.305699390658448612542921584848
0.434231165889989533314128855145,-0.305655470482402261443052451042
0.379292926112408563633903580522,-0.305611069179821118601828335390
0.049617151920870021545545321137,-0.305581114174628144188552371241
0.324357008161487122712849534554,-0.305540261054505096146842459194
0.269360829352435128907754091171,-0.305529476011014398141275578690
0.214424877519292486652778047408,-0.305493544303360270094175657142
0.159488864160640044834652995770,-0.305454959546859595542651095582
0.104552906449322806771357327571,-0.305429557945582027815789113476
-0.005463807000232491367685086920,-0.305410356363253099343225202539
-0.060403668664409170225799113338,-0.305311520744068209903641890460
-0.115658525622626969266434944331,-0.305021195925562373461771616741
-0.171176965370933341346969955383,-0.304680886408632191309903394616
-0.226140504583896380761844892143,-0.304592626644803654089061436935
-0.666469022567798759039151727184,-0.304508189434917820304909046666
-0.281152411950240568788137742469,-0.304470268299970055760856002248
-0.721877456629000000000000000000,-0.304410012869000000000000000000
-0.336093844723523215243255534241,-0.304376914330411041085617147339
-0.500962085616731740674726706645,-0.304330194188838745489665426809
-0.391047792542785724731339870726,-0.304288173741277889135837922926
-0.555897999854956823930660660706,-0.304256561917639575097029050037
-0.776878929884916201128213256840,-0.304212171526072904230155373096
-0.446026285775752355435343130911,-0.304196064651328437360210943952
-0.831998689171000000000000000000,-0.304178410085000000000000000000
-0.610833888952293379280340927919,-0.304166096531319902690806272753
0.926843198975325443603442705707,-0.294584811137514373730451732993
-0.909886990816000000000000000000,-0.281469643282000000000000000000
0.846470450423387295689093240444,-0.261336593360545197219516579851
0.791534532407128061254708569032,-0.261265835945192188557575468922
0.736651376454148703229951780063,-0.258857664950032203454563290715
0.681717127212399302842006978074,-0.258423665933513955750308188330
0.626670262499454893125461217272,-0.258318379105075586930937889990
0.571722940914766487719539369850,-0.258255329235365940179114887436
0.516680309888562368267189392390,-0.258148951031192630205389377153
0.461737780293855269998432920788,-0.258101788129732777523877047523
0.406801834775071799808567632428,-0.258057236381868770492423801529
0.351865914855453358713810450267,-0.257987972493347043409458524387
0.022224032846521474749709991438,-0.257962030581182698795425418110
0.296904706983862363858258284244,-0.257955271247277379815058859609
0.241968723930314715488552703967,-0.257909809323348210472133181145
0.187032612886851500118119407258,-0.257873969198081285228291819951
0.132095745086291498038817668410,-0.257835875953414150149524140431
0.077159787374974259975521985168,-0.257810474352136582422662146346
-0.032845739226933567863393246844,-0.257784839227653066003269759837
-0.087781609727059556458230018281,-0.257683709141276451800060861540
-0.143148897779536292007937538070,-0.257432738064035005571962586138
-0.860550578898000000000000000000,-0.257179675462000000000000000000
-0.198601179528300392658204061756,-0.257057948036621118019615171559
-0.694059918265998065303746008203,-0.257003425784605124598131862094
-0.253572599348522614665037715109,-0.256959069285894406859967736090
-0.638900737781587423029775758483,-0.256940975126557596420506565746
-0.308565749589333531554742294092,-0.256835731413028919655411424702
-0.363501684260693336690478583567,-0.256757425657408805935238497851
-0.749265671828000000000000000000,-0.256719738038000000000000000000
-0.528372716234038712944910599257,-0.256713751141571648732627672155
-0.418458296966477499765435369953,-0.256678004001585168369442706622
-0.804427370276000000000000000000,-0.256642695818000000000000000000
-0.583329318201625125510415032832,-0.256611299899198051621943610519
-0.473436898761130087093620530388,-0.256587048796484041565296861303
0.922335959480454660582504294471,-0.239834058749653434432373116731
-0.943034647730000000000000000000,-0.237590563958000000000000000000
0.873979678013518181526002729209,-0.213764341881390384980922860640
0.819043737752685606852595326297,-0.213713720154652105208510273762
-0.893666833848000000000000000000,-0.213274792019000000000000000000
0.764160974865050578778759449093,-0.211296607678863150009049486142
0.709226654270579938996758877100,-0.210871736257251491669808082715
0.654284630686780746212642363238,-0.210827256097551441245477513727
0.599248693848209493511102725205,-0.210712790174562328748188372801
0.544288991222138247176042799111,-0.210654521779731546811517340158
0.489267854419465211075001806529,-0.210540996023066638096771973016
0.434331195698019155988765905088,-0.210490453180035536284154796714
0.379395250179235685798900632258,-0.210445901432171529252701561699
0.324457769669420678527012259939,-0.210377535902591682047994653590
-0.005157899380179601745998178593,-0.210336513445582665455469955761
0.269521659456035851815348365211,-0.210330395363031993942805447873
0.214585714701150965012501275685,-0.210284911418402353867460968408
0.159649762867981380514580301042,-0.210248979751940217677167976252
0.104713812859590421543109498323,-0.210210358817814116809568683668
0.049777855148273183479813828988,-0.210184957216536549082706699572
-0.060249157713663682962132057945,-0.210145049283945209510964651198
-0.115250169932331799107841274493,-0.210108103047918928411421287475
-0.170589645690110804924572554289,-0.209799995616600388972604108332
-0.832965073323000000000000000000,-0.209621836106000000000000000000
-0.666476655437958188285549815902,-0.209427515346090730706520056130
-0.226039387396864454273704247621,-0.209420849561907564946017599826
-0.721417439964224184707260507195,-0.209363882320880890021717616103
-0.611339527045000000000000000000,-0.209347937386000000000000000000
-0.281004231507614104907297478308,-0.209313917306957206328192856369
-0.335990130841535082834287859960,-0.209206668319951128285278898811
-0.776780199544000000000000000000,-0.209154118839000000000000000000
-0.390928365746186263262378881588,-0.209137884292995695282347430037
-0.555762336474114524119704135633,-0.209092654997053798695639509987
-0.445870022400776834415140685618,-0.209068342767868527693048544995
-0.500826519001205898268414075864,-0.208965952651966191528308683392
0.952942538292782747574607660641,-0.194213915958275273231942977351
0.846555514739681726057845605750,-0.166163092168065281218709392252
0.791672010406576424227977276615,-0.163711236676748776006841786977
0.736737436182409571535015410631,-0.163320532555339477020505934066
0.681801494840110309024769341325,-0.163271098392677595824543927085
0.626865552211314526684322692729,-0.163223115201436023244067069065
0.571814977210256074044040915040,-0.163112117651596372749717199896
0.516863925637960360094601670326,-0.163039203762606876530987709397
0.461884966953045438838015896309,-0.162916028108091888743957779696
0.906609513027000000000000000000,-0.162868987989000000000000000000
0.406949027001350616723416113285,-0.162865072001842653211429681925
0.352013081482567146533550820901,-0.162820520253978646179976440888
0.297077161561519082908096524864,-0.162751257499356176020872299719
-0.032538340550596125471030855156,-0.162710139069462628890795238928
-0.915324123588000000000000000000,-0.162707097718000000000000000000
0.242141218285619328090315679466,-0.162704020986911957378130719124
0.187205273530734441287468604927,-0.162658537042282317302786245664
0.132269321697564856789547612448,-0.162622605375820181112493244643
0.077333371689173897818076826451,-0.162583984441694080244893960907
-0.087717717918935925611743309520,-0.162569443190587686122325069176
0.022397413977856659754781139867,-0.162558582840416512518031972768
-0.142655681757833103460382988126,-0.162496150593904909660062975930
-0.805287795332699096395813293667,-0.162161403750166710007925934353
-0.198032419580324203536007715061,-0.162160190990276741788138895892
-0.860322613525000000000000000000,-0.161909764063000000000000000000
-0.638916203556122779622529055086,-0.161832128558462924659761401473
-0.583767838963827906445741786718,-0.161831128094089259355234420196
-0.693865415160502733923938132112,-0.161805924278994862399333276472
-0.748881557576279241973573251009,-0.161785711499671394970660795157
-0.253472187601599464758643096644,-0.161775021092822559105949813020
-0.308443157885678359207035282833,-0.161676421362142444283226256387
-0.363412940583321757016179400028,-0.161589367249792485224707741936
-0.418348864252173251792284781731,-0.161523143756185613062365468469
-0.528386384145032063075863791540,-0.161443179919779162857037215309
-0.473284753365504248015313205266,-0.161432688083150101734054144100
0.962388486651316751035778986692,-0.140096135566717341716697884155
-0.963023440007000000000000000000,-0.135319612704000000000000000000
0.874049168200134838620588469953,-0.118601982905375686474948701294
0.819179759272842531811076933858,-0.115898640738620119689917094354
0.764243953742607381887765149534,-0.115766861965031594077252762825
0.709308012400308119377519061253,-0.115717427802369712881290764797
0.654372069771512337037072420741,-0.115669444611128140300813894844
0.599436124217009862634180924501,-0.115624936929508020889878659050
0.544402896707000000000000000000,-0.115503798691000000000000000000
0.489458847197743174307964954809,-0.115401385910638151319130525770
0.434459555883467691394051621264,-0.115313721910313331465641526087
0.379514911144817620432506182875,-0.115264138346504404826862541537
0.324578991223769556807051873017,-0.115194875591881934667758408321
0.269642639999885896286035024827,-0.115147403165676491903844151692
-0.060006900755868368120642110906,-0.115134532976105105502155649234
0.214706695245001009483187948551,-0.115101919221046851828499683193
0.159770745236610050511717147588,-0.115063298286920750960900393360
0.104834793403440466013796170605,-0.115027366620458614770607397387
0.049877484695796613073443548156,-0.114989624388102228992025389820
-0.005066818744000000000000000000,-0.114972642901000000000000000000
-0.115120287026145988049266412061,-0.114955797024540287948199421663
-0.170056200131389208432656084502,-0.114881324249987643604297389328
-0.777398667471988403236911307075,-0.114831110680400979120869265194
-0.225463609714269195478258173371,-0.114515316696473048642217283294
-0.832577474835000000000000000000,-0.114441158299000000000000000000
-0.611339322221265125578825075224,-0.114315094948572550621665055811
-0.888855096665000000000000000000,-0.114310881379000000000000000000
-0.666355464228441992798442037423,-0.114239617922255681815465618973
-0.721335790967492537383448849318,-0.114231366499402915024013784974
-0.280889331358991397712061346230,-0.114150147169457980146802946007
-0.556292859548871813960097735002,-0.114123113083014547077182163174
-0.335891467518322288416465364664,-0.114044350526338783895239342781
-0.390852138025707108613409580570,-0.113963810899975862063382946212
-0.500844618509330412822762923858,-0.113909915350963073062782659069
-0.445788027139038104836437989730,-0.113873355226940350735071612899
0.925511416926625907259515417401,-0.099377075859729100000572281837
-0.969135898418000000000000000000,-0.080632252544000000000000000000
0.791791971020883360590948466541,-0.068237220277587836152800624073
0.736844026494055595800178468273,-0.068151695456081394598128201286
0.847344327242000000000000000000,-0.068145415316000000000000000000
0.681908096913169100954980722718,-0.068090572752741600045841813903
0.626966491073198608836938486362,-0.068057530649268591918715254826
0.572029161114301520058996227854,-0.068013819862296009531845893175
0.516996629777558436893229375010,-0.067865813699000618125643182218
0.462032336977703427077322460802,-0.067798441866622756957989764421
0.407030165070407220846734087967,-0.067715522211948927504909798253
0.352094144107043639813323101269,-0.067646200986683554917820353606
0.297152270643000000000000000000,-0.067594557998000000000000000000
0.242214690925000000000000000000,-0.067544319820000000000000000000
-0.087409469863078430558165212011,-0.067520886810057707328030000953
0.187277281939000000000000000000,-0.067492536750000000000000000000
0.132340586777000000000000000000,-0.067463874768000000000000000000
0.077403376870035488382044058530,-0.067430334340369770796414515871
0.970192607536163569076960086675,-0.067415359688422734328802284642
0.022464005748736801113080165501,-0.067382258708828482381009346191
-0.032472515478000000000000000000,-0.067359978896000000000000000000
-0.142510630336802272628180278988,-0.067335116766637945570418718441
-0.197446543442045493011569944586,-0.067260643992085301226516690128
-0.749617035948771120828890524368,-0.067134325433005884798648685418
-0.804552967973585992039480304272,-0.067075440240442539407807272126
-0.860362001217961535251031297600,-0.067040273519671630048251468261
-0.252900271077338759330825618750,-0.066878881061482851057788507270
-0.638781456272343069385240339227,-0.066724241062309364365275527687
-0.693837135874625945817003695729,-0.066671584344733136139113948675
-0.583845641825274618302371723487,-0.066596233491249563659445309632
-0.528713888860064596364118070269,-0.066567926957796992020417743341
-0.308298924087146998034401700920,-0.066540543922028759285857076505
-0.915976251077000000000000000000,-0.066430667457000000000000000000
-0.363352826403674921088965460847,-0.066405972900174516622738273851
-0.473347892282864269643887713435,-0.066350582494753322063800146841
-0.418288715517005917311993877473,-0.066315517227139005294426943545
0.920172354078495520419212002769,-0.044701171634881595248019358974
-0.959870299154000000000000000000,-0.026426028025000000000000000000
0.819329176884146316161919521688,-0.020701313973560564776847682080
0.764392040340000000000000000000,-0.020596846235000000000000000000
0.709454220268793778592342893968,-0.020530706282781010686797953638
0.654518299313740228923254016993,-0.020462268565901610705843777605
0.599580110040133615838151201376,-0.020434571597853471095169996440
0.544643387836853330944483633964,-0.020390511315984487560561020177
0.489570486369046464891944774688,-0.020263082154077649789058685112
0.434603215390000000000000000000,-0.020200044778000000000000000000
0.379642268520000000000000000000,-0.020092894371000000000000000000
0.324700625015000000000000000000,-0.020019261218000000000000000000
0.269763018270000000000000000000,-0.019955535216000000000000000000
0.214825393640000000000000000000,-0.019921134698000000000000000000
-0.114799813173734715137079075345,-0.019900206552155364950249298753
0.159888407113000000000000000000,-0.019865342887000000000000000000
0.104951357515000000000000000000,-0.019841822268000000000000000000
0.050014531874745541288339220122,-0.019808792316565415667528314429
-0.004925890164000000000000000000,-0.019760380252000000000000000000
-0.059862917785000000000000000000,-0.019737042476000000000000000000
-0.832427666273238783641848111606,-0.019736647589971222741552564732
-0.169911010520101023608182156424,-0.019720210899759740816262077355
-0.224846923625344243991571831173,-0.019645738125207096472360041195
-0.722040770690677674537490934595,-0.019528026162689026158804092539
-0.777008284267637249865827451995,-0.019514165726898253585726239762
-0.887544477678818800250096546973,-0.019300635184678725801937237828
-0.280345012724934292766606465670,-0.019248483970547064558368904481
-0.666260649551764047508596531500,-0.019154775734084281113847515533
-0.556293328263726722464896273884,-0.019056511307653370479496946871
-0.611324835104695596425727926034,-0.019026768163024480408017287650
-0.501190673397666207544379375578,-0.018993010400164140792999773107
-0.335709666785812646427359150032,-0.018931602749088027470963218277
-0.445848580660832082119443597168,-0.018792744494951976623155460473
-0.390791220948771652976980162293,-0.018756628600816895805154767873
0.873966976711229254068736006400,-0.014985465396437561750074659100
0.972451350710550541924350683342,-0.012525850907844786448696320993
0.922717694524799986539714464482,0.010809177210812771676169883406
-0.917216904057345722911199093098,0.026932547787207203296854496580
0.682031714103000000000000000000,0.027088800797000000000000000000
-0.972152343361236845321959547744,0.027172554848515510817645402766
0.627094506931000000000000000000,0.027173825227000000000000000000
0.572157826843000000000000000000,0.027174965279000000000000000000
0.517219062648488377741604619617,0.027210607188351048186559011310
0.462141728089000000000000000000,0.027335937238000000000000000000
0.407192805744000000000000000000,0.027455078707000000000000000000
0.352244200941000000000000000000,0.027537028307000000000000000000
0.737957619832000000000000000000,0.027601173771000000000000000000
0.297301623546000000000000000000,0.027614980549000000000000000000
0.242364883877000000000000000000,0.027678316117000000000000000000
0.792980858316000000000000000000,0.027694930428000000000000000000
0.187426999058000000000000000000,0.027695851187000000000000000000
-0.142200193357033466117080964166,0.027714699314722839803907338349
0.132490334132000000000000000000,0.027751722637000000000000000000
0.077553020909000000000000000000,0.027775088717000000000000000000
0.022615586485777992347056439659,0.027806939185464008326059107921
-0.032325140545000000000000000000,0.027857084410000000000000000000
-0.087262501720000000000000000000,0.027880137259000000000000000000
-0.197320624849859152471851283730,0.027896484904681938459618759036
-0.252256601756701942860574572462,0.027963815954161835407526964626
-0.694243060323355399303491852263,0.028120426881144261823876669888
-0.749178900573183248791976380555,0.028236835413382157554698481589
-0.804115179737180041539161680415,0.028268428519377909160861607680
-0.859051121861309865902363118666,0.028316986065050017921998016591
-0.307790899009234783894150829957,0.028381212647361389189405359295
-0.583786006396140906648959144760,0.028508198001493480832167876676
-0.528767323705582297691929331425,0.028520024155585871712045398908
-0.638831757708149623478857844684,0.028526668135402716514433396291
-0.473662188566230271603331285419,0.028581967221170948153101644678
-0.363099447099349540422045225481,0.028689401327654938476585081276
-0.418351086092597817784429882528,0.028766144131370132866116700181
0.853174391872825968830385388002,0.035863610412654437974324190521
0.971607152582101883879588335765,0.042403625918545132852946351876
0.922158807601997902291992845857,0.066337310833944364841736514002
-0.889242880310330321726411337607,0.074212713716509966177228772246
0.709544331541000000000000000000,0.074640858248000000000000000000
0.654606799446000000000000000000,0.074730454250000000000000000000
0.544731742940000000000000000000,0.074792352584000000000000000000
0.489791130602591652052095493376,0.074809647499965050654168872694
0.599669349052000000000000000000,0.074824688086000000000000000000
0.434776481075000000000000000000,0.075005809319000000000000000000
-0.944810666655000000000000000000,0.075044930256000000000000000000
0.379821296639000000000000000000,0.075105233967000000000000000000
0.324870031130000000000000000000,0.075183133670000000000000000000
0.269910278230000000000000000000,0.075264492295000000000000000000
0.214973613474000000000000000000,0.075299261176000000000000000000
0.160034153424000000000000000000,0.075315920194000000000000000000
-0.169603682182048321281300968483,0.075327816153659873736078423911
0.105097501349000000000000000000,0.075371739373000000000000000000
0.050157867593000000000000000000,0.075393712316000000000000000000
-0.004782707014589758537366021605,0.075423045789938608464384951126
-0.059725954965000000000000000000,0.075473562278000000000000000000
-0.114664729104000000000000000000,0.075496038358000000000000000000
-0.224730302981216851340854023248,0.075506038984050870339505783789
-0.279667490006713393869159811565,0.075572673325940540495508508785
-0.721609537659530487109345933842,0.075754826353685097539870813916
-0.776582464134632474765531676841,0.075849909238063919975811015810
-0.831541098731147484409622209494,0.075868628752542046808433176363
-0.666673727632878763407046529441,0.075884717140946234871801122423
-0.335181359140272703677394777198,0.076002617870289537946487459687
-0.611300216004734259081677868802,0.076065855195491196671287304578
-0.556295777901212686263864951876,0.076071286969700958774831090926
-0.501252096297480127145697858392,0.076099339417986346166549194704
-0.446164693997996007268317571376,0.076140855847493057642373820356
-0.390659312243175705229494947435,0.076212174059841967147856564371
0.817502358708000000000000000000,0.077642597282000000000000000000
0.763242842151000000000000000000,0.086241591815000000000000000000
0.871523394145472943867711504500,0.087644938552387226261563406074
0.967659461614661504506659074499,0.097197565646644380190755876429
0.682258477748000000000000000000,0.122342071103000000000000000000
0.627306675677000000000000000000,0.122437323102000000000000000000
0.462463342065788141548973841149,0.122466253218256969562776425220
0.517409676387000000000000000000,0.122471370900000000000000000000
0.572347421652000000000000000000,0.122523167944000000000000000000
0.407385014830000000000000000000,0.122651197185000000000000000000
0.352434292402000000000000000000,0.122744961036000000000000000000
0.297471615457000000000000000000,0.122827974492000000000000000000
0.242517622536000000000000000000,0.122902862579000000000000000000
0.187580925898000000000000000000,0.122919426308000000000000000000
0.132639671837000000000000000000,0.122935026335000000000000000000
-0.197013253129940925924926925104,0.122937431940320293710614534815
0.077696177834000000000000000000,0.122986933445000000000000000000
0.022755462515000000000000000000,0.123008280202000000000000000000
-0.032186619574961284703755089589,0.123035918747621965244438356195
-0.087131639658000000000000000000,0.123087303923000000000000000000
-0.142069572389000000000000000000,0.123109935822000000000000000000
-0.252121351444720595873778737202,0.123126313646960706747242600043
-0.307057273729593404345244720019,0.123193675441759571327593822251
-0.913681738500042198366280635849,0.123413346896217482147547508700
-0.748838593201939259587619180278,0.123467912914600452839782117227
-0.362740382083396357327533149200,0.123525879009665983824995541571
-0.638945347329000000000000000000,0.123540891786000000000000000000
-0.803810122265802442839408474119,0.123563793250928742499655428111
-0.418472920148573894713382636260,0.123586885775964891924113668518
-0.858746076729918901204467110837,0.123595447911033496979502776700
-0.693902783175287535885319763198,0.123597803701861590171712411807
-0.583814238766298352822713849014,0.123631401025946739232466442359
-0.528811889044932305019223248472,0.123638039520580553744612178759
-0.473757392926176700287061969571,0.123659841743182821651298271246
0.905517447242000000000000000000,0.130832613151000000000000000000
0.790988071909000000000000000000,0.133664753648000000000000000000
0.735968135030000000000000000000,0.133943579600000000000000000000
0.845876172241000000000000000000,0.136232686465000000000000000000
0.956642589393092946827723708687,0.151017530542160750736093337063
-0.960575496751166813405078943480,0.152030396569202037801654517853
0.654899894441000000000000000000,0.169995670561000000000000000000
0.599941302554000000000000000000,0.170091430161000000000000000000
0.435093223084567470852531649538,0.170098560341204597501508030913
0.490041899246000000000000000000,0.170106938458000000000000000000
0.544979475984000000000000000000,0.170184642175000000000000000000
0.379973651812000000000000000000,0.170285409666000000000000000000
0.325018027432000000000000000000,0.170376641615000000000000000000
0.270066219976000000000000000000,0.170461035446000000000000000000
0.160175608436718944090126282223,0.170531844321224446916564358865
0.215112123757000000000000000000,0.170541387583000000000000000000
0.105237241252000000000000000000,0.170549568618000000000000000000
-0.224404408824774805018389480941,0.170557644923909026625842169999
0.050297582392298243335274724164,0.170603400024053971845667117182
-0.004643272532000000000000000000,0.170624820859000000000000000000
-0.059584896285565174619647456776,0.170652035012917729783405930228
-0.114528596641000000000000000000,0.170705231955000000000000000000
-0.334615792782258047312729317660,0.170717228786652703879051181265
-0.169465677565000000000000000000,0.170728538104000000000000000000
-0.279586802575135652286258346621,0.170768178165940388103062463656
-0.390524532840048587546926818587,0.170917872654506508519412838689
-0.886371611719866145074708486222,0.171080076070261867525798580460
-0.776241394732094539502602329153,0.171081425316017582774358687545
-0.446052506509284652359545274187,0.171098216120137328329162948570
-0.611385352576000000000000000000,0.171160296724000000000000000000
-0.666322974011000000000000000000,0.171170795643000000000000000000
-0.501320905988636003325767212467,0.171200692363955606902123671618
-0.556335096977827253415674227252,0.171200896098630501385909700842
-0.721305584705442815800302921809,0.171211316103278720106288998957
-0.831372231446766050304704240348,0.171227780150409147753360531935
0.879836365590000000000000000000,0.179429669779000000000000000000
0.763578181758000000000000000000,0.181451401539000000000000000000
0.708611129788000000000000000000,0.181594733209000000000000000000
0.818475954829000000000000000000,0.183852738794000000000000000000
-0.933265369970990760113506789198,0.199697125743246423179905589366
0.950539062658186971948660089084,0.205613382548492434937342081715
0.627531623687000000000000000000,0.217640734502000000000000000000
0.407703679560094596944552225073,0.217719700609177911100853642689
0.462655907358000000000000000000,0.217731925300000000000000000000
0.572555200964000000000000000000,0.217732014220000000000000000000
0.517593442731000000000000000000,0.217821563642000000000000000000
0.352559432760000000000000000000,0.217918692745000000000000000000
0.297607620415000000000000000000,0.218012084256000000000000000000
0.242651302205000000000000000000,0.218098146472000000000000000000
-0.362400444714025632052003689722,0.218108928607734319091425770486
0.132771140776320310444108673372,0.218144397783007493954031977837
0.187707857305000000000000000000,0.218158197749000000000000000000
0.077830252098000000000000000000,0.218161454799000000000000000000
-0.251812756991897167938905633414,0.218167964662919219359784790200
0.022885863656527708152791489532,0.218211779232466328698374993046
-0.032055419158000000000000000000,0.218233779079000000000000000000
-0.086995400107599861544186413900,0.218261113717753062879736747627
-0.307144501104283321229061339337,0.218292207316230200009232749762
-0.141937755083000000000000000000,0.218315916369000000000000000000
-0.196874634226000000000000000000,0.218339329716000000000000000000
-0.418084027360000000000000000000,0.218441005831000000000000000000
-0.473598671884036306563731199756,0.218628931116314447017512363556
-0.803680664389356907261712366031,0.218673930771992729625371117893
-0.583910631671814092041163698018,0.218734094526597910790368774373
-0.638851333081000000000000000000,0.218755235975000000000000000000
-0.693788573641656994165059863218,0.218758915380387044605396071941
-0.528850911869702939642477496850,0.218767477475089973413305989240
-0.748744854362705183559412951794,0.218803821559253866957301417458
-0.859501503746521388219538857663,0.218996225669345660155234915373
0.736221970924000000000000000000,0.229106223623000000000000000000
0.681241376727000000000000000000,0.229241918232000000000000000000
0.901305333318000000000000000000,0.230010687071000000000000000000
0.846368731162000000000000000000,0.231197612984000000000000000000
0.791117924610000000000000000000,0.231506856340000000000000000000
-0.938678098781216351629134612094,0.254365786434065777019813543051
0.600122829113000000000000000000,0.265265648115000000000000000000
0.380312170743425800546906194571,0.265339710475276626253161190180
0.435266512228000000000000000000,0.265355066243000000000000000000
0.545151106951000000000000000000,0.265359572610000000000000000000
0.490204000930000000000000000000,0.265490793549000000000000000000
0.325147343941000000000000000000,0.265556883195000000000000000000
-0.389940515601121872915535594934,0.265643175108911735467767738861
-0.334928247708759078204963324214,0.265684437898038282092166734251
0.270196891065000000000000000000,0.265687589817000000000000000000
-0.279346994897846979160902157982,0.265705590159356669547209062622
0.215239358144000000000000000000,0.265728454070000000000000000000
0.105351245983519837630978359381,0.265748068486564975959232255422
0.050406249482000000000000000000,0.265763561678000000000000000000
0.160291344424000000000000000000,0.265764643873000000000000000000
-0.004543741797443264144618910605,0.265809855239175562790190570863
-0.059482339040000000000000000000,0.265834068035000000000000000000
-0.114418865407273236182595509346,0.265862727617479127590430625432
-0.169385878563245288066091480597,0.265903787307084686985326952024
-0.224373271227000000000000000000,0.265911807064000000000000000000
-0.445681891307220691070401043784,0.265942919081047601271670276021
-0.831317889972742423778737755760,0.266151755669033289753459700889
-0.501105724351392177390861379683,0.266182292295721257446831096701
-0.556455829569686743855727217495,0.266317641435524394481819097222
-0.666327751025190139143237872784,0.266338988059271487944268557845
-0.611391787550498194945933259687,0.266342453358102286770359568674
-0.776250518124137073764953858574,0.266357986003012479369424667403
-0.721262657912502202428000068673,0.266817075481941145387647341114
-0.886098359285461527327231460019,0.270282164459846127037361928118
0.932824685622000000000000000000,0.275020270230000000000000000000
0.708814244276000000000000000000,0.276771407115000000000000000000
0.653833496282000000000000000000,0.276865012580000000000000000000
0.819004051176000000000000000000,0.278853239200000000000000000000
0.763713618635000000000000000000,0.279126527419000000000000000000
0.877997856805000000000000000000,0.279775231688000000000000000000
-0.920843575416492047244667613910,0.312834838299558713614203619926
0.572720499007000000000000000000,0.312889943596000000000000000000
0.352924774048501480460289308404,0.312962085438898839603309307379
0.407884728762000000000000000000,0.312981945125000000000000000000
0.517770773212000000000000000000,0.313034535205000000000000000000
-0.307146523420153728166570908081,0.313088565043152610011676428027
-0.417547874526802024912884512031,0.313138373056174275763684582303
0.462821871850000000000000000000,0.313159976278000000000000000000
-0.362469173845262638546905874648,0.313218188880310220304397036725
0.297748515355000000000000000000,0.313249795403000000000000000000
0.242784398350000000000000000000,0.313322690442000000000000000000
0.077928556605568123785236562752,0.313350129389233440395804324136
0.187824595829000000000000000000,0.313357472999000000000000000000
0.022975200984000000000000000000,0.313361568502000000000000000000
0.132876700418000364327604146049,0.313371891674322238513528070780
-0.252055343308010230342661268184,0.313382899735295878979656136322
-0.031985595584353662163767262585,0.313400870732005875217598611582
-0.086924763936000000000000000000,0.313425577631000000000000000000
-0.141866510564192701099582595907,0.313450403230402467973722770964
-0.196872399648772177691598186327,0.313469018868760796152160298624
-0.473187967723000000000000000000,0.313497184759000000000000000000
-0.528664732484053475972312645573,0.313705562023770187038175735408
-0.803962234598535419768430543183,0.313792370840844440885549622550
-0.638863432707031888527821585073,0.313917043023927835674180083510
-0.583927482881283409847990087148,0.313955922887984602698387647246
-0.748986242788205277032742572483,0.314244524670577372475734483776
-0.693920657627000000000000000000,0.314512549729000000000000000000
-0.858726563487983891650054949170,0.318131538524779100738145698988
0.681377586078000000000000000000,0.324412044874000000000000000000
0.626428558356000000000000000000,0.324492653774000000000000000000
0.847764234868000000000000000000,0.325674257125000000000000000000
0.791585384937000000000000000000,0.326483244669000000000000000000
0.736275011463000000000000000000,0.326734307605000000000000000000
0.915798928977000000000000000000,0.327272790951000000000000000000
0.545451509971000000000000000000,0.360584270555000000000000000000
0.325599026621805341655295684657,0.360619861535496053000191729148
0.380558578581000000000000000000,0.360640320603000000000000000000
-0.445056657203988207727093994399,0.360690733360583191257764712976
-0.390076043667174262781403079203,0.360713671123751107621535674649
-0.334523778294183032891169771764,0.360716771081837523469358431437
0.490459712446000000000000000000,0.360722197416000000000000000000
0.435502238216000000000000000000,0.360852768271000000000000000000
0.270327073709000000000000000000,0.360883080304000000000000000000
-0.224538007313302411540870240450,0.360930310965091984821089597403
-0.279566113415851477933161963715,0.360934110266411612586080035773
0.050504222250830419331989143329,0.360951242612566113555735728667
-0.004467942795000000000000000000,0.360952628431000000000000000000
0.215367636153000000000000000000,0.360956035648000000000000000000
0.105461594556258223345956964375,0.360978320499539270111178585830
0.160412535033000000000000000000,0.360979707407000000000000000000
-0.059433728753781831321532603381,0.360988264865476984070632371883
-0.114373354342265953146898414558,0.361013062115139197554485038804
-0.169351835689409866187913826486,0.361016325881625048941221648276
-0.500739089699084571006843182638,0.361025719461488356273875426200
-0.556057452382804518540594606152,0.361324875242773588052535588261
-0.901710213042632631646913079231,0.364331192919779785787438705008
-0.792529758104699349441725109769,0.367525587533304507024590932501
-0.627063617391616228218759202118,0.367570788964198076965033250070
-0.736931795466914090179531682948,0.367841636483427877111873464556
-0.681996638634938221952947991939,0.368139359084515646397560545022
-0.847293783406300987706753087644,0.371868585077227249191019001904
0.895858451961000000000000000000,0.378475636082000000000000000000
0.619604149868000000000000000000,0.379015100897000000000000000000
0.676017661767000000000000000000,0.379098433250000000000000000000
0.840938163648000000000000000000,0.380204007593000000000000000000
0.785997590067000000000000000000,0.381146967763000000000000000000
0.731051114953000000000000000000,0.381429480453000000000000000000
-0.587897302866051435751389487457,0.406092989075114843283493523675
-0.362246154246975657092011605410,0.408144926922361289497753638226
0.573018953132000000000000000000,0.408155665756000000000000000000
0.518078226935000000000000000000,0.408216613235000000000000000000
-0.472599483226929368441238822948,0.408223383503100792962040801691
0.298199325869375055361178414655,0.408235158379874274106270434203
0.353169256567000000000000000000,0.408262380775000000000000000000
-0.417585772464168013996501404704,0.408265484090417647908299587865
0.463094202295000000000000000000,0.408385850395000000000000000000
-0.307145568967929622421948586129,0.408445516542714668232895690153
-0.197018961828914981321735201278,0.408476732812894571739678630885
-0.252048777421143659131370911575,0.408481521496207718427513528279
0.408107610357000000000000000000,0.408489748786000000000000000000
0.242906128392000000000000000000,0.408531316690000000000000000000
-0.031898757251000000000000000000,0.408550748861000000000000000000
0.023085242022309417288602012906,0.408555440096915723755850666357
-0.086882068411371185551227620705,0.408575539897176276674657579812
-0.141859446395985650569454212736,0.408578716374105539544777325610
0.187946406380000000000000000000,0.408584610250000000000000000000
0.078049792350914321114944846514,0.408586651648153233639227716582
0.132995983869000000000000000000,0.408596240948000000000000000000
-0.528141590229258749659792288062,0.408639405094873084155941125122
-0.765000123268783510138318127797,0.415065878873410032899813881255
-0.654202315194061854696043432608,0.415525387398407219833517093182
-0.710086241472955785999188552112,0.416623338668988674671255818533
-0.878069710724953410741612702124,0.418079916458814785389215103503
-0.820566359013131754139577119056,0.419864469069590652732667319172
0.647731155614000000000000000000,0.426219168397000000000000000000
0.872997028357000000000000000000,0.428532159102000000000000000000
0.818022663272000000000000000000,0.430166459886000000000000000000
0.706518031971000000000000000000,0.430597394025000000000000000000
0.762651251575000000000000000000,0.430903538445000000000000000000
-0.559981440712505666870587166290,0.453407518927214339386899079412
-0.614916196108420592122898311384,0.453925399665199488461979303285
0.601237240902000000000000000000,0.455634889141000000000000000000
-0.389646577122131276031544714442,0.455759808221841938970506911543
0.545704051770000000000000000000,0.455836848777000000000000000000
0.270821431280305366268766025661,0.455862996697089259981884237677
0.490733030049000000000000000000,0.455864231160000000000000000000
0.325800297084000000000000000000,0.455896184882000000000000000000
-0.444956398417786595998392061997,0.455897499897100491533264102111
-0.499892361945309106961051607431,0.455899990619849335133095090755
-0.279628232973221803620157536979,0.455992927772510774074329175600
0.435687958576000000000000000000,0.456009056596000000000000000000
-0.334595729672588361830043808611,0.456031741148049693664153541991
-0.224522998165299908662903367448,0.456031838533603478199212694870
-0.169527046679808103114168699838,0.456038846898953562987165890204
-0.114368009257326339245171969508,0.456141106757181608349005540863
-0.004351450261281836640696647078,0.456149431434441803544565661357
-0.059317648228050839869600075882,0.456155571707154207497724403862
0.050623449674197376311734963208,0.456186607764522481706253215917
0.215492212127000000000000000000,0.456189461890000000000000000000
0.105590167781000000000000000000,0.456209930458000000000000000000
0.160534763038078514433027178649,0.456214564081346979172015651034
0.380742430051000000000000000000,0.456228398311000000000000000000
-0.681247848667171009631138766326,0.463381302646050852045221179497
-0.743464436176104655439686382716,0.465604718159123834861829322991
-0.853071378992302470115682213745,0.466998660366291808817248313242
-0.798220234943568034722245044137,0.470050232329390222835584620932
0.673700337122000000000000000000,0.474664713296000000000000000000
0.847370440634000000000000000000,0.477188680049000000000000000000
0.734306892695000000000000000000,0.478000492463000000000000000000
0.790958080518000000000000000000,0.478013486640000000000000000000
-0.531842302477713585897354951394,0.500589602330814119244695101539
-0.587000333954874823242095991331,0.501239929517298984565384840712
-0.641937460938918305264013440506,0.501756470548685787128007066786
-0.417183319678346584193806460615,0.503295982913267249257749584417
0.573215697045000000000000000000,0.503408663624000000000000000000
0.518272520967000000000000000000,0.503460644370000000000000000000
-0.472422223152373569114211680794,0.503474685254684790369379755033
0.463335716097000000000000000000,0.503481713237000000000000000000
0.243457968062790018382725850849,0.503499127686545865753067344562
0.298445015239000000000000000000,0.503537768224000000000000000000
-0.252106955775411969894875731530,0.503540631166804801020909654536
-0.307078393677880543028252763264,0.503579152377845799505587025242
-0.142035609541148791789886458335,0.503601237282029631791394124382
-0.197009094424186420169078019915,0.503606663189768238490351096926
-0.362036690586025658557515370435,0.503623271476966307514804543732
-0.086848709859506150160323215040,0.503695036789819921545678595036
-0.031774436050972967522958332886,0.503751321578420137805391186856
0.408349393809000000000000000000,0.503771101644000000000000000000
0.023193957621163255895108343374,0.503784749121234315097653856214
0.078170596654000000000000000000,0.503815633891000000000000000000
0.133132786155705475915399182244,0.503828551079275192473181000240
0.188084383455000000000000000000,0.503831723792000000000000000000
0.353391864603000000000000000000,0.503903486622000000000000000000
0.628127739800000000000000000000,0.505364847927000000000000000000
-0.710850715852378725089624371542,0.509812244006503821148172732175
-0.767122744174000000000000000000,0.515753542337000000000000000000
-0.822156273717766217083909904675,0.519497437940031806928811792496
0.701475772181000000000000000000,0.522076646397000000000000000000
0.762606471614000000000000000000,0.525101338725000000000000000000
0.818121369364000000000000000000,0.525793309139000000000000000000
-0.671448328826737417120960755887,0.548092943994651332784292803371
-0.558861195720082742268863777585,0.548422012920898764423180877467
-0.503925263213240522952727516697,0.548480446683910662440124918759
-0.614029480185939974614077642460,0.549075649590511675786823136623
-0.444297789561967655451961967050,0.551074279427806037365869603784
-0.224554392783978257766759379511,0.551137880649149946179819073262
0.545978945698000000000000000000,0.551142080781000000000000000000
0.216120635331641375447603791645,0.551150259195120270817560985641
-0.114522214163183861348717342842,0.551151724985008116482778006688
-0.279490349521276770390758560401,0.551165307983135176069657964683
-0.169517495314849165934767217155,0.551169147150156782514377799473
0.491029557933000000000000000000,0.551179639649000000000000000000
0.436092868482000000000000000000,0.551187760455000000000000000000
0.271108451906000000000000000000,0.551190171542000000000000000000
-0.334426281509934797731955095261,0.551224226897950836427923043140
-0.059359394537919659300108333010,0.551259533081005783539113581216
-0.389362215576826839942505708146,0.551281175111915290378523191041
-0.004238827575753295418503481623,0.551380992578473873896557721198
0.050731799582505955982705692720,0.551409572642036130580368098505
0.105704478236742702854315073708,0.551427374800072615252810903064
0.160658628004000000000000000000,0.551446668660000000000000000000
0.381061354476000000000000000000,0.551478040252000000000000000000
0.326063166797000000000000000000,0.551586328676000000000000000000
0.655903131926000000000000000000,0.552794475949000000000000000000
0.600893451620000000000000000000,0.553087601656000000000000000000
-0.734028028003165455593833487895,0.559619595836991427973039703972
-0.791511149786606313788542603416,0.565091697163587945020288952576
0.729132843132000000000000000000,0.569556453905000000000000000000
0.783722430271000000000000000000,0.575830477897000000000000000000
-0.643818566667275491600781779748,0.595575112625754833088051662986
-0.476116051843677200865782655788,0.595857739323992297201725135598
-0.585882505427809060693325954672,0.596253058451810158056829419303
-0.530990640868010462476716626200,0.598453808335306695457598363011
-0.087033656363932007578144826135,0.598715779532724856097291187592
-0.197035376557225852828193158387,0.598716242822042322664820111724
-0.142001607919666312912495384169,0.598721074504180402902505243646
-0.251971333501313498231073208082,0.598743252789309804064183186667
0.188710590240761497936177186281,0.598759602007397309274551358884
-0.306907290238612010855072402735,0.598770680123295033954022081937
-0.417064111850869722354505165863,0.598784727898020934533264883219
0.243712543681000000000000000000,0.598808365999000000000000000000
-0.361848279454068538518025438067,0.598830553803268968937129243498
-0.031886185563389676277032652972,0.598852917873372775718551528363
0.408827971817000000000000000000,0.598881138266000000000000000000
0.463903597242000000000000000000,0.598955022874000000000000000000
0.023302983925937776137054055530,0.599008103780916704936693643367
0.078269481272950924567925945744,0.599022343404933773250847358450
0.518997310555000000000000000000,0.599031895723000000000000000000
0.133229499368000000000000000000,0.599045826862000000000000000000
0.353645032562000000000000000000,0.599097161593000000000000000000
0.298678022572000000000000000000,0.599237493195000000000000000000
0.628959923183000000000000000000,0.600697182518000000000000000000
0.683944392775000000000000000000,0.600843803106000000000000000000
0.573914621085000000000000000000,0.600957216951000000000000000000
-0.698437568248992591316555893412,0.601467884564101703909518235590
-0.758340436645730961381945189002,0.608882836502805217673212051469
0.748441351852000000000000000000,0.621000576409000000000000000000
-0.615396689709422468694352750681,0.642587419579292507505157002875
-0.499125425196880311119274601035,0.645742895761492721620424307057
-0.169515816250312271250832398030,0.646270295684330093386069601789
-0.114513050120414459141922866275,0.646285129051897142517018412605
-0.059577088404657152913683569695,0.646299456153172158436699423517
-0.224451755560791339687036344905,0.646321938460629906480376123378
-0.279387712504878985089916411868,0.646348948427897387879739206319
-0.334323669242177497713915592729,0.646376375761882617769578097546
0.161324639789136891510141671572,0.646382808669298452122078814079
0.216330768605660493621970604468,0.646434513940320314842305426660
-0.004415016010920490018036362425,0.646438817189016614425768029854
-0.389259596944670756368201105204,0.646439164036402096053006986091
0.436359185210000000000000000000,0.646487569543000000000000000000
0.381422478646000000000000000000,0.646493939102000000000000000000
-0.557627082021651760715098243625,0.646500245222651292831525755572
-0.444195441646249518092337525083,0.646553452377907561592410180895
0.050820062859807491097292167075,0.646608996194147321890324865860
0.491295685328000000000000000000,0.646626296942000000000000000000
0.105789424406000000000000000000,0.646638699468000000000000000000
0.326261388890000000000000000000,0.646747462038000000000000000000
0.271318320623000000000000000000,0.646901371237000000000000000000
0.546209662988000000000000000000,0.648409218900000000000000000000
0.601609699019000000000000000000,0.648416600915000000000000000000
0.656569345826000000000000000000,0.648500596945000000000000000000
-0.722749976891558097104667595681,0.650731125229915493609690596264
-0.668244037609250025430708290443,0.657591349559653496446670167065
0.710209677093000000000000000000,0.660467923015000000000000000000
-0.526533408649601350710113381022,0.693353425457730643848833914693
-0.141992740275528830965395404591,0.693854307349192689233822163366
-0.087049904302967876253160593419,0.693872604898220650771155137243
-0.196929403860625913489076590719,0.693877598792494514461952512336
-0.032110375134396074851748091101,0.693882754398345068968196830038
-0.251865343171104981925280553714,0.693929241568794327556259041908
-0.306801300105740127342746616363,0.693956270754798622111145420209
-0.361737256852630467680205401828,0.693983678869966810127806929933
0.133905139327960010454594091905,0.693986706507190930575654169737
0.023056210120062099875104385760,0.694012883966636148751700843399
0.188913459778364083434208583868,0.694039674076272359788523527618
-0.416673101554209229404341833125,0.694097967211472275667210112843
0.408997056819000000000000000000,0.694125299457000000000000000000
0.354060385603000000000000000000,0.694131567838000000000000000000
0.078332224236000000000000000000,0.694221622529000000000000000000
0.463933457329000000000000000000,0.694303363201000000000000000000
0.298911082991000000000000000000,0.694411601067000000000000000000
-0.471608045929681420326477772374,0.694432603379212215280385377623
0.243847980568000000000000000000,0.694476772870000000000000000000
0.573847164963000000000000000000,0.695903720054000000000000000000
0.518843691911000000000000000000,0.696058566275000000000000000000
-0.609177803456800173728072512326,0.697170251575057703482595806692
0.673607941021000000000000000000,0.701460943383000000000000000000
-0.662260520039501827453242142324,0.712200484440124712317195559661
0.622454755260000000000000000000,0.721549073186000000000000000000
-0.566187860164342149485231557073,0.731372954254995537716842565788
-0.169440901431595667283539698946,0.741441685340121828608019806041
-0.114504939717076934317891883297,0.741456017189806054054485445759
-0.004633013270067207390245417258,0.741460402373318910163027026495
-0.059568976729015161116006447809,0.741464108870122830148918164947
-0.279309585420544651669328007294,0.741518879750388585121345783681
-0.334245542355179797086794083734,0.741545908936392879676232166025
0.050516646407488533087243110735,0.741595523675324184529902324022
0.106496498320410391881146131810,0.741596857662383168710288249787
0.161451768228345089235905545285,0.741619245239877846298833856883
0.381663749225000000000000000000,0.741779531303000000000000000000
0.326727028087000000000000000000,0.741785813899000000000000000000
-0.224374948101815258684786018705,0.741900609446177721298143338258
0.271435796306000000000000000000,0.741984161203000000000000000000
0.436599970303000000000000000000,0.742003261638000000000000000000
0.216385991466000000000000000000,0.742057003851000000000000000000
0.546472637922000000000000000000,0.743559955570000000000000000000
0.491514878426000000000000000000,0.743729271836000000000000000000
-0.394201455159377683958506269188,0.744227651064521237260908986124
-0.449136399534849874880642220537,0.744562287232261176874084237285
-0.512485151364760987542933659566,0.746463073381707559262714439845
-0.617303241209483426320225186470,0.751501985913547700845994268425
0.595079879392000000000000000000,0.769204166960000000000000000000
-0.572867994629216091108804596420,0.785901257900278568979572985637
-0.362167318934688228688442140846,0.788856948742605105931898230213
0.078505445912711984338494177095,0.788866944186637221103625411630
-0.087046522928394420008377899664,0.789037478310288489445668942353
0.022825403518615306919268565850,0.789041863493801345554210534050
-0.032110559940332646806492482018,0.789045569990605265540101664551
-0.142061412534798934399257156722,0.789068607166449926930386587361
-0.306754155926138890488342524016,0.789108328629992666583389005192
0.299252050985782446989644032339,0.789357892409799056350398045009
0.134355365889240546027004393549,0.789407790678909083014041513998
0.354396757820000000000000000000,0.789471750219000000000000000000
-0.251819518607409497503800530039,0.789490058325781802760186544837
0.243973796470000000000000000000,0.789564370715000000000000000000
0.409332582956000000000000000000,0.789778259636000000000000000000
-0.479480877996978168130428373991,0.790379790407979514980124620932
0.464249792948000000000000000000,0.791449871972000000000000000000
-0.196930900541910078071534437356,0.791770343781753082804499557366
0.521212552098000000000000000000,0.792371184671000000000000000000
0.189158982975913024182179849790,0.793218781248087098663597052365
-0.423913498701157187591249656671,0.793365620811379397988468842550
-0.527578091629392645584385621989,0.816994420833109423842189747111
0.050814203023838758170519628654,0.836313284005114382127933607682
-0.334669810660241103534389733105,0.836422980860220250480067095560
0.105972296452128293459656870310,0.836443537342792794937872034845
-0.389605767635423916278037598827,0.836449927508365076330777033276
-0.114527060936547624582188005672,0.836606166811059986765999113279
-0.059585549035077164019034791058,0.836617463679470051283959883002
0.326726577682393573555037455468,0.836931159460709814559792671958
0.271790288479595278111080257658,0.836937422619278384532177540051
-0.279736292490586863117953274667,0.836941320908114303851265403553
0.382052769557000000000000000000,0.837569246922000000000000000000
0.491969691808000000000000000000,0.838904604610000000000000000000
0.436989437109000000000000000000,0.839171854884000000000000000000
-0.222817935892075107527294703874,0.840425184966007816997998935344
0.214895128157000000000000000000,0.841878605234000000000000000000
-0.004946029154000000000000000000,0.842714988747000000000000000000
-0.480604768837111830729633880813,0.845480681394179476106207016637
0.160988313282000000000000000000,0.853155324085000000000000000000
-0.169423021011000000000000000000,0.853490513382000000000000000000
-0.432097910833558194127768360097,0.871269144348067749391649225074
-0.254145920520713801367048652378,0.885552975450461640939333094162
0.249938212390395539065634176078,0.887340268426760410240490335857
-0.097753948931268793781884001757,0.888918907214898080260168666197
-0.042817986903476861125270545429,0.888931983222938161819912314436
0.038689972034772312707378531790,0.889894653134922405906243770354
0.093625878105452737855677019040,0.889974145866420252556165153505
-0.327381902984292419232501594147,0.890873384867976075623391262207
0.324135447806160813294100642816,0.891805981928445210215617877087
-0.382212295472719014610562740152,0.894277522712728512134371439128
0.378935352108000000000000000000,0.895670600635000000000000000000
-0.201232352836846494986608160146,0.900321673763643369667597300700
0.196962942559798555354895972714,0.901886088488772190897881119515
-0.147569289678590065952954294863,0.912079043681017106441312308979
0.143268931796803592686446539477,0.913501307086989121770251581294
-0.002499029876274589163030238986,0.926246079743416852218532169829
-0.287802924358158131316896337513,0.928971475972557530397782661688
0.284606316209423379886056045009,0.929955789924145498746765146400
-0.077648102114982482171106698672,0.940043412285372972487603259406
0.073318048268000000000000000000,0.941219900681000000000000000000
-0.234889356674290824936455839419,0.943740174285739259126046868374
0.231642229837977848499235458870,0.944542278526240284683108869440
-0.181226293516034395902801992681,0.955497544203112995899761883932
0.177939079348126837674583726857,0.956115165908626692137072866850
-0.126984965387607654773122540014,0.964206069782413167080091109757
0.123001578028000000000000000000,0.964710176739000000000000000000
-0.032944560048384631317054096965,0.971973858909260019641790546343
0.027876281481000000000000000000,0.972122979668000000000000000000
