-0.008778676503000000000000000000,-0.972622251497000000000000000000
0.046692798097425590744117597715,-0.971543311729306946236378282726
-0.064361174975973752540889602176,-0.970532978891407034806439220689
0.105670121900048977300759822169,-0.966907673616124029402525847504
-0.127734368716000000000000000000,-0.964240596086000000000000000000
0.194814825756873856890505055160,-0.952955302008145144584614427290
-0.223275459239000000000000000000,-0.946690983167000000000000000000
0.248048478334024113398039805083,-0.940503308672310012146959887840
-0.276113392567000000000000000000,-0.932648114993000000000000000000
-0.170970564027000000000000000000,-0.930780533070000000000000000000
0.145467616935001785395935352917,-0.929423899877567164566727794408
0.300498951991188416210750144355,-0.925081839290972440612050015407
0.017923074867000000000000000000,-0.924909528978000000000000000000
0.072578732866735093088692271353,-0.923389471946175714643107152403
-0.036775837703990133034676060223,-0.923332098896100485261448070674
-0.091655303144673364801689748394,-0.923163110069010903475647073994
-0.328083372081000000000000000000,-0.915659550960000000000000000000
0.206320689151000000000000000000,-0.899479342355000000000000000000
-0.379016593133000000000000000000,-0.895777614895000000000000000000
-0.227690270238000000000000000000,-0.892071557123000000000000000000
0.389845974560000000000000000000,-0.891118283468000000000000000000
0.259621066830000000000000000000,-0.887035886818000000000000000000
0.335738926666000000000000000000,-0.883284272246000000000000000000
-0.280580928325000000000000000000,-0.878047967685000000000000000000
-0.173607712322000000000000000000,-0.876172933483000000000000000000
-0.009146391399733610707149183452,-0.876157024951689711338398791993
0.100768260127000000000000000000,-0.876149912594000000000000000000
-0.064091071192142782123985499440,-0.875948797726249832017756989467
0.045523515087321110971441909920,-0.875882745099876355538173115115
-0.118932587500657225126434405961,-0.875783539968563423223231948704
0.155474330448775924223128074784,-0.875676903781099887453349400275
-0.428752197313000000000000000000,-0.873065098863000000000000000000
0.439303125284000000000000000000,-0.867805718913000000000000000000
-0.327434156763000000000000000000,-0.849794231659000000000000000000
-0.477132924469000000000000000000,-0.847593821866000000000000000000
0.292432332416000000000000000000,-0.843226513031000000000000000000
0.487369776443000000000000000000,-0.841749279394000000000000000000
-0.381447852540000000000000000000,-0.841027046490000000000000000000
0.238915651034000000000000000000,-0.832031171395000000000000000000
0.400227685484000000000000000000,-0.829561685324000000000000000000
0.345556547976071827169176336451,-0.829501877272321380722533900886
-0.255551524242000000000000000000,-0.829432485377000000000000000000
0.184316296564620912398445658330,-0.829233229342992944515488245097
-0.200884035219000000000000000000,-0.828792065131000000000000000000
0.073131147724013979141696720837,-0.828694902121649119267814753442
0.017903441092744402310177457462,-0.828647231573173535965305248692
-0.036767294650976838329279622698,-0.828596021657336644843283553491
-0.091437848637358908563373641249,-0.828529451675346075146852394101
0.127801485254642556114409610384,-0.828527274476067716840136074143
-0.146211267054693866911216559708,-0.828404773136483443708727306086
-0.524006015299000000000000000000,-0.819444208432000000000000000000
-0.431099350757000000000000000000,-0.818035415469000000000000000000
0.533897844578000000000000000000,-0.813033980631000000000000000000
-0.335677980649546782917908102742,-0.795748478517152478949834467103
-0.478148393748000000000000000000,-0.789602468136000000000000000000
-0.569223164221000000000000000000,-0.788705850089000000000000000000
0.486107738854000000000000000000,-0.786109550713000000000000000000
0.431267284092000000000000000000,-0.784508515821000000000000000000
0.265133113972123229423869813329,-0.784041017467718816259125101599
-0.388905557491782415013994979565,-0.783270539254424848902229844259
-0.282807517958824805823684039578,-0.781834885177925040772411933443
0.578738911272000000000000000000,-0.781750016301000000000000000000
0.155737507955644533259040734609,-0.781533098875366720042856988494
0.045558022076558788824918820921,-0.781486887476145677089445428220
-0.228138694158250300987460058929,-0.781394874948319809479504730891
0.319735610822743232798195542018,-0.781313153391476873334479372962
-0.009367011569728011328026557187,-0.781263728997653963660299415998
0.100313603925832811884591194946,-0.781260863925680398087635320277
0.210533356374268979835830922943,-0.781258864525126364097983629975
0.374644221573000000000000000000,-0.781242751407000000000000000000
-0.064037581235959445382393845266,-0.781211603090908076274892806280
-0.118713355908886255289468165987,-0.781148858519273434762581305312
-0.173469410226281125981482140580,-0.781014188253221351004150955928
-0.528101042928000000000000000000,-0.751853993268000000000000000000
0.627608344514000000000000000000,-0.743087394452000000000000000000
0.515652038583000000000000000000,-0.738064818708000000000000000000
0.460067722926000000000000000000,-0.738032428368000000000000000000
-0.635038567636095676727591365239,-0.736751410975786445089738700029
0.405427258749000000000000000000,-0.736054782341000000000000000000
-0.419434377002000000000000000000,-0.735501186942000000000000000000
-0.580390348838320869998503493670,-0.735187413862313740126106773810
-0.474173691781000000000000000000,-0.735030723701000000000000000000
-0.310009588354189950781657709110,-0.734412092441246005728826376037
0.128257032133649831643196079645,-0.734271091371059591592783939112
-0.364680365358000000000000000000,-0.734249847524000000000000000000
0.182927257274997224837169033899,-0.734070124371763444580317408927
0.072690535084518631656530239223,-0.734024263838031142098174468553
0.347121407157696661157395305987,-0.733996221286353341071728750452
-0.255339986506861056525910932516,-0.733971635605986209692841475174
0.018019994465264120480728286866,-0.733947497055753483889525332302
0.292445686748000000000000000000,-0.733929079835000000000000000000
-0.036650567425274461957489974321,-0.733887770066802804770407193818
0.237774284843000000000000000000,-0.733856926230000000000000000000
-0.091321137091505896011857262400,-0.733835644160056917385000584100
-0.145991665169436917691232118773,-0.733750412589764659869622010825
-0.200668963052471006510776926397,-0.733589951508749387088908083539
0.575297400912000000000000000000,-0.727184232576000000000000000000
0.668371412152000000000000000000,-0.706647568347000000000000000000
-0.675429426530624956000944972270,-0.699907789784287858850213649813
0.615225769563000000000000000000,-0.689833175027000000000000000000
0.483838012711000000000000000000,-0.688793366758000000000000000000
-0.446514930873000000000000000000,-0.687851569605000000000000000000
-0.501184707057000000000000000000,-0.687451564912000000000000000000
0.100682931854580315751102275134,-0.687063645999166853030207013435
-0.337183868927000000000000000000,-0.686956953696000000000000000000
0.429197676699000000000000000000,-0.686816040474000000000000000000
0.538475694698000000000000000000,-0.686766495509000000000000000000
0.155445119681000000000000000000,-0.686753318214000000000000000000
-0.391854728537000000000000000000,-0.686753058427000000000000000000
0.374522563992000000000000000000,-0.686687705094000000000000000000
0.210162912708593164246495256126,-0.686666612077389574235850209490
0.319846571908000000000000000000,-0.686614629884000000000000000000
0.265172391922000000000000000000,-0.686546375356000000000000000000
-0.282514336021000000000000000000,-0.686524922591000000000000000000
0.045628365920719028303074420222,-0.686521496498745396305983813345
-0.009065626563133236761676723340,-0.686458097836070175881322389847
-0.063738133431321306143251942633,-0.686399480219636544516068426124
-0.118426478936677288051492422728,-0.686357498153743450427210204709
-0.555844574700000000000000000000,-0.686336539146000000000000000000
-0.173117290561786986252065854000,-0.686283852236034457390084140628
-0.227840387086417783517877844072,-0.686149592944464924552466944319
-0.617144857774000000000000000000,-0.684767392987000000000000000000
-0.713687017345288932707397888128,-0.660853588348358366594478336983
0.678418310837000000000000000000,-0.652902321221000000000000000000
-0.657074651514000000000000000000,-0.647294536288000000000000000000
0.731739084153000000000000000000,-0.640803427127000000000000000000
-0.585292951858000000000000000000,-0.640274217094000000000000000000
-0.473798494525000000000000000000,-0.640133645715000000000000000000
0.570677669011000000000000000000,-0.639955349127000000000000000000
0.457449961773000000000000000000,-0.639951005757000000000000000000
0.127659665969668874482866773758,-0.639512308255374241494219833794
-0.364462478112000000000000000000,-0.639438988785000000000000000000
0.401970759300000000000000000000,-0.639401077419000000000000000000
0.182730528587477771093509595861,-0.639376674393226839293172058963
0.237559673502080820307921045061,-0.639356027608744121726927955155
-0.419133551207000000000000000000,-0.639303924955000000000000000000
0.347250174253000000000000000000,-0.639300865094000000000000000000
0.292568299691277503402854139176,-0.639235194639902174479771023106
0.072990018013844547548105818116,-0.639190598562247523571979869224
0.018319446226464278086724792286,-0.639140746969301815748642569046
-0.309792069413000000000000000000,-0.639137496042000000000000000000
-0.036351118058737506411401196860,-0.639083253682408564369999140916
-0.091021679937488239001031105233,-0.639023515904530040851219529876
-0.528458372290000000000000000000,-0.639019097266000000000000000000
-0.145692249519007560057938231017,-0.638971301225817784328122377032
-0.200362777361960177342501627063,-0.638885919065143910731570977661
-0.255121777497796387687224806823,-0.638772387012050988556648230232
0.513545322186000000000000000000,-0.638107329333000000000000000000
0.626326523474613766418235992578,-0.636297736469973821853380248073
-0.717691647082067236511050213341,-0.606329860986669954336249727010
0.766590254330000000000000000000,-0.598674030250000000000000000000
-0.770780444469089584242706057461,-0.593274076952759626225197696773
0.155067952927852433910875109044,-0.592208400269265063128042946374
0.429374131351000000000000000000,-0.592087925091000000000000000000
0.484050223715000000000000000000,-0.592069996578000000000000000000
0.210127289380965427154935384796,-0.592066089924581386784249804627
0.264955880733081085578583376968,-0.592045122585731642120184219400
0.374699042643585807545167694101,-0.592014525140271400286913497494
-0.391731977514618585912119943929,-0.591992818782221981502661605856
0.319966029736561629240619387226,-0.591925171461867752936965068920
0.100387163732000000000000000000,-0.591861165789000000000000000000
-0.446402341567513692605673079608,-0.591834076650658809590702192064
0.045714296480579741676853443275,-0.591810128750517994002678180263
-0.008956607424274541174613588545,-0.591760468350635628914316743421
-0.337061928768700458624850885349,-0.591748534400088179169074765298
0.542502683317000000000000000000,-0.591729178823000000000000000000
-0.063627536495210609799915078200,-0.591703185066809780313235494715
-0.501072764778895043088132035718,-0.591697216762912397084067156543
-0.610413912019955644721088637749,-0.591672237551660040294672078750
-0.118298098373961342389544986573,-0.591643447288931256794455883675
-0.555743327859011734569149145419,-0.591638588754243917296383759627
-0.172968648540087795451807111902,-0.591573810563925329320683343787
-0.227642184212206917481308272340,-0.591507570986732292013090934105
-0.665084067553890155041094214211,-0.591453151641961281905625492190
-0.282392516159685075858316216927,-0.591389049037870779298591456781
0.709309466812000000000000000000,-0.590939587146000000000000000000
0.597157584310702231937543753374,-0.590058717310908103545293751717
0.654649094502459494142904991205,-0.589533793713560077500407337230
0.798986855366000000000000000000,-0.554628667337000000000000000000
0.744160651884000000000000000000,-0.548810143898000000000000000000
-0.803120275499000000000000000000,-0.548690010287000000000000000000
0.513210176896468218490130800970,-0.545563080292629115853311281156
0.182463347634811293542771060253,-0.544897024749308457314640148862
0.237523496611965692425597716702,-0.544755184901568907177506068872
0.292351761680319609617769846131,-0.544734028623901168224761720403
0.402103287419490625868979429302,-0.544702526543903362410745626319
0.456800945307657338500795379818,-0.544671326550956435065349754348
0.347409800921325124843322942886,-0.544641841123377809208217201939
0.127780152049000000000000000000,-0.544517140267000000000000000000
-0.419018660340252244608990413237,-0.544490347131386319331825281866
0.073108924674000000000000000000,-0.544479819107000000000000000000
0.018436446569049213829815274437,-0.544430884255228364386748630350
-0.036234457018454249009519757026,-0.544381223672636290379210244494
-0.473689141521322293107364966871,-0.544379027004345560419752961717
-0.364348207896855115531852930291,-0.544365710159858707233328303512
-0.090905787877443236170879984448,-0.544324171714185577481378053266
-0.528359695308488021604999922016,-0.544312293616617101497904392632
-0.145576344396769335618123439466,-0.544259715468644731673846041142
-0.583030261824495709625684156778,-0.544256962258440200215174569507
-0.200246900369740087584089861832,-0.544194797468900966283437229374
-0.637700719859091953991212909897,-0.544134802412870367387323993827
-0.254917448911738289917940000283,-0.544123897134367702522211092709
-0.692371284928672065158778289240,-0.544078059895956590463993562063
-0.747041854849010063338032489000,-0.544026201185475292288768354302
-0.309678740683332767113543614362,-0.544014627078489512140481412601
0.568383827941192726751408611261,-0.543572753309625631750831918906
0.625477284592712156346288841150,-0.543290400173630201554357581017
0.681682169694559702067899782898,-0.542014463432098039600656814867
0.831056445111000000000000000000,-0.505387346190000000000000000000
0.776385282415000000000000000000,-0.504639292270000000000000000000
-0.833598069150414769733025494727,-0.501189468234136538846570341511
0.717762429140000000000000000000,-0.500928893208000000000000000000
-0.778949638899951746410532385487,-0.499632877118686936358431574793
0.209856988410904942077787815799,-0.497584633668633216674725847547
0.484414016933365594599189394668,-0.497484773107355804493653569920
0.319795330420315779288429604585,-0.497450580784794471542920050902
0.264919377559204216464784185865,-0.497444090939738433282083569876
0.539095800540582428094940829592,-0.497409073260029076128717132427
0.374809069911764977014139362959,-0.497332709198030248253943293134
0.429499728070203682549381363001,-0.497305543098196128567651776087
0.155172199251000000000000000000,-0.497173242244000000000000000000
0.100500971011000000000000000000,-0.497137210565000000000000000000
0.045829743711000000000000000000,-0.497099779036000000000000000000
-0.008841979956262622630901632244,-0.497051971740866214834513795465
-0.446330138041936298656143635143,-0.497046447161990554630712455793
-0.063512551743622689449326174747,-0.497002120125764950260651873536
-0.391659577357199066211494648954,-0.496985626467467015806738707254
-0.501000689602110936992604151351,-0.496977913617611807275831075246
-0.118183116028812587486800679790,-0.496944626827568823669820893858
-0.555671257590275395875337028889,-0.496924056474109700840348216895
-0.172853671298910309571533437223,-0.496879119579047140820432833023
-0.227524223706551018957004004909,-0.496811265442626949255456892949
-0.610341716687799148177012730764,-0.496802373252583137416965108402
0.596699320818126847279146045622,-0.496800858701220483558757163674
-0.282203673435385981173167397719,-0.496749475174986435364101048529
-0.665012352164258961179555015150,-0.496745590039284819188741529174
-0.719706189853845632630668392525,-0.496674837067056086983227029657
-0.336989977282943851707673710243,-0.496654620109101483375137461929
0.652515515208208319797167049766,-0.495774003109841109446012572322
0.804499990628000000000000000000,-0.457593512514000000000000000000
0.749832140429000000000000000000,-0.456645403128000000000000000000
0.859152789928000000000000000000,-0.455990884046000000000000000000
0.688376592738000000000000000000,-0.454494101160000000000000000000
-0.807558125887531760310493352957,-0.453045020578362142002688040759
-0.751530863646000000000000000000,-0.452195341837000000000000000000
0.567467331295000000000000000000,-0.450591338063000000000000000000
-0.862159103435475179870658785210,-0.450286913337989263021591214956
0.237226224007464658220212819329,-0.450258120511625471461347713855
0.292362946299200386135443944320,-0.450160643100631736600241900374
0.347199006316017293404477494299,-0.450144001409999610840265326145
0.457111170042895126951908342277,-0.450119929009481421103639793670
0.511781720734433234079978974951,-0.450050706004772782785298630070
0.402130883970805172299902338250,-0.449978803537951350977611501773
0.182557313926484506515010408373,-0.449828964015548063336871176026
0.127886422393000000000000000000,-0.449793880432000000000000000000
0.073215194437000000000000000000,-0.449757921637000000000000000000
0.018543967093000000000000000000,-0.449720555226000000000000000000
-0.036127253818000000000000000000,-0.449674970947000000000000000000
-0.090798178320384936478249479508,-0.449625398033230534265833183790
-0.473638034801588198195990422718,-0.449617756434676085041212712885
-0.418967444759151727210561335667,-0.449595639647728580541716694064
-0.528308607949048881069513401316,-0.449569419403637567474838128613
-0.145468735180040281493120519050,-0.449561231097737275653603355286
-0.200139312748550679000458736129,-0.449493820915657705937191404572
-0.582979115710097356699403492626,-0.449472023872132842025363956264
-0.254810448230198710212231402344,-0.449436843483245682097346848770
-0.637649680779685019206660538620,-0.449415281362494668245798166286
-0.309514928163481487940451866592,-0.449389457667578561162847222577
-0.692320245277660773072358859042,-0.449357990760370031929810728258
-0.364297690228977222871738569542,-0.449292581318552568530432850319
0.623742754600038417931419814159,-0.449287422769646531151884952024
0.720012733067000000000000000000,-0.409899862190000000000000000000
0.830404334522000000000000000000,-0.409443038206000000000000000000
0.775735728965000000000000000000,-0.408498159181000000000000000000
0.659562538035000000000000000000,-0.407971993991000000000000000000
0.884805481157000000000000000000,-0.403968287366000000000000000000
0.539888096252912178063034870793,-0.403158216627958224845159452753
0.594558598926635041392027447102,-0.403058006135094714591377963647
0.264695862786263122185239125279,-0.402989813475062903992257627595
0.319766622194901900251491834034,-0.402854063725836875897587175618
0.429742325943496616702429317525,-0.402793189449236643513599519355
0.374518040746769010704295858784,-0.402788492094695853997729048286
-0.828965011318367854699586548917,-0.402739760804741291956901144545
0.484412876635034723830499950199,-0.402723966444528005195258355756
0.209979840365000000000000000000,-0.402502399400000000000000000000
-0.774295242704340792135690633738,-0.402439253851144197168731635711
0.155294903347000000000000000000,-0.402438754854000000000000000000
0.100617855565000000000000000000,-0.402404666403000000000000000000
0.045940674291000000000000000000,-0.402369322811000000000000000000
-0.008736680650000000000000000000,-0.402332904243000000000000000000
-0.063414491224599018076220393442,-0.402291977359482444376207131801
-0.118085062753950970122823543659,-0.402241843594109606375949312360
-0.446273660486363943177414351929,-0.402232737631494747076940372621
-0.500944246336065621277512611560,-0.402201954668392744245750822231
-0.172755634328414883601099295999,-0.402175663080393156786133011425
-0.555614808698094574721709734937,-0.402142660824514357581638348871
-0.227426388578753895603432949643,-0.402118906273911093498263209096
-0.610285373767682237228966780930,-0.402085918314876183802072558893
-0.282121684793531837418427222426,-0.402076836492937135365524956126
-0.664955938265657991094665101352,-0.402028627712751547486085120865
-0.336822641109514859104516725891,-0.402027418877029646318142610966
-0.719626517092107144449313929627,-0.401987208859215873034176533264
-0.391603905956189438838591585804,-0.401929679302318735065656528876
-0.886096517386474879644349721003,-0.401135370960573438548291848898
0.732591198601000000000000000000,-0.356653195603000000000000000000
0.677499002647000000000000000000,-0.356321465396000000000000000000
0.622785689253000000000000000000,-0.356219715646000000000000000000
0.842442314511000000000000000000,-0.356054590936000000000000000000
0.512519252153513667813555846042,-0.355831477067713447255119178438
0.567189754827236531142548422350,-0.355731266574849937001337689332
0.292114820632851374619024071464,-0.355692089900376614460532816106
0.402134196898787093393813763674,-0.355605636902075595402445695236
0.347085656625653617551310198518,-0.355498554410533119055050897758
0.457000876245872523033652465797,-0.355402838742017129614163508293
-0.856222438961724200731833832294,-0.355348764370739062720127276230
0.237356984731000000000000000000,-0.355179714968000000000000000000
0.787616025534797094499023216007,-0.355133877952318932837643102249
0.182683552178000000000000000000,-0.355118106436000000000000000000
0.127986101251000000000000000000,-0.355071084076000000000000000000
0.073310091422000000000000000000,-0.355036649692000000000000000000
0.018634420182000000000000000000,-0.355001878129000000000000000000
-0.036037143974707106996567960519,-0.354964770819392040127603575245
-0.090707719263245214808081072272,-0.354918919312273020585354986482
-0.145378285504663449844456008131,-0.354853842784433971418564471448
-0.473531687395887300498246959294,-0.354842085876743375800257881623
-0.200049021133258167674366676804,-0.354797096751295314553688846379
-0.528202257292031712749266794875,-0.354790201667131541619675429638
-0.801554847646206420978182661764,-0.354775733394313073567480580391
-0.254737625142087022809628769724,-0.354758899283602546766441316451
-0.582872838468672068072741780949,-0.354752010715376481555791444712
-0.309429397739565208582492081725,-0.354714797702388220520820344515
-0.637543403251035806059985079916,-0.354694992141310956432565198617
-0.364128856836727075071369742153,-0.354664516860795812853366289524
-0.692213967595030382126898839534,-0.354637554787893478025846202480
-0.746884546740120129216609577780,-0.354596558679581664797187311273
-0.418861932865712796159424193170,-0.354539027547567363788974037877
0.906097187979000000000000000000,-0.353608022632000000000000000000
-0.909738042490911227350601414863,-0.344170478113566912582279253019
0.595198737640499685011093279494,-0.308780539354638023031784259777
0.704539709514180900802422869039,-0.308768458785797968998686740553
0.870124026484000000000000000000,-0.308719516626000000000000000000
0.649869211557432036336692587226,-0.308665707135996463299397268269
0.485123683630388332148840148722,-0.308520202195489141376118910484
0.759209211157757866823324509483,-0.308422778610847037535492917772
0.539794186304111195477832725031,-0.308419991702625631122337421378
0.374701812777671700240828103408,-0.308315699217912860459767544709
0.319365376863343143096339796106,-0.308297141964238685270023348639
0.429382734138374050949602137714,-0.308209528168939480666551149942
0.815451463147000000000000000000,-0.308069373242000000000000000000
0.264696733275688415245239571791,-0.307835283732314318631437297191
0.210026179159453360653850894207,-0.307768820477556334386924694851
0.155355594119872557912070164869,-0.307736630877024286825073188700
0.100685010342222834676793767171,-0.307702364984337639548349571390
0.046014427426150184698177334406,-0.307666750980855873092585046948
-0.008656154328245762416093529911,-0.307629396244507439167897636186
-0.063326736085758765104676127316,-0.307592046070409079410248984326
-0.117997299921184797595365656192,-0.307534126669290667389875950506
-0.172669524700196257511479024679,-0.307476518988419586600788442958
-0.227360257696591294880562496886,-0.307437089760986767821866953735
-0.282045338088120393973693629024,-0.307396860493053631921736704841
-0.500860432678997783055890618317,-0.307395965110022077192142206568
-0.555531019725006100066859476289,-0.307367385655053554287178360941
-0.336735613466777424549345097987,-0.307351895686154387056044023072
-0.610201594428924099761202054192,-0.307320842301714804132046847913
-0.774326134019434657543617891961,-0.307311960845485816808282867120
-0.664872170090984916213687374685,-0.307275438344814369665179740196
-0.391406135187574004597431977162,-0.307262679564696190685454387084
-0.719542744385957458570885007189,-0.307228417091043347508248071077
-0.829418318316000000000000000000,-0.307210206074000000000000000000
-0.446190194544546619969398713261,-0.307188842560034301253906342312
0.924543506098000000000000000000,-0.302137450977000000000000000000
-0.901180599486588171490353378809,-0.290173773825544101000175797893
0.567803169117374349346377582174,-0.261469264482413717152783991823
0.787026122017078970573253414645,-0.261358000113705437272537996201
0.622473643034306700671976889906,-0.261354432263772157420397000315
0.457515343806692610194627819193,-0.261332772969902422960059974899
0.677144124114735675573347689097,-0.261243062721812962714047983028
0.347049407511424714527489077625,-0.261154079358840434120385414766
0.512364021321086104661407374811,-0.261116215845714283657684553144
0.731814559059693952622518782846,-0.261110973095030363309815043922
0.401950350017258657796616477449,-0.260919590484776745723872999414
0.842982145948000000000000000000,-0.260830012220000000000000000000
0.292185222461898052166123388728,-0.260557120081560158834990509030
0.237470031701156219291952740356,-0.260426628129019842407103791875
0.182799498862232025765042710410,-0.260344507190581120697790559278
0.128128912742973431656586488143,-0.260314206742593828903970934438
0.073457218291717731405379994226,-0.260284908315065030694703767508
0.018785528828000000000000000000,-0.260251315391000000000000000000
-0.035889990524000000000000000000,-0.260215175815000000000000000000
-0.090565956575000000000000000000,-0.260176522445000000000000000000
-0.145283524616078081846112386838,-0.260159704808541647875735779913
-0.199980761263529384717674844761,-0.260116511998111039868966550313
-0.254667970642624666044627356185,-0.260075050970437852977162342124
-0.309351553815332609940546645286,-0.260033958476819798456960383398
-0.528155818514995140010121370443,-0.260025193121599465402432874618
-0.582826389638772400328719302350,-0.259974619013296070657973256930
-0.364022075536129189988633524461,-0.259944742355361602086370747409
-0.637496974121090048052785202904,-0.259941496480368863889035633877
-0.418734294673105111095243220015,-0.259912379043818021557941689784
-0.692167555987145071717709780291,-0.259904305521866800821424095935
-0.801508720540746627125703452153,-0.259877997330386137422373968168
-0.746838130050747306177405758224,-0.259857016024075425882065581673
-0.473485610140465213377354667702,-0.259819715565899157978386200998
-0.856174287793067720162490873760,-0.259136605583481440491336910876
-0.939636806615142211935108158039,-0.251315132083633356506159499419
0.910386900542000000000000000000,-0.249325670260000000000000000000
-0.895024432439000000000000000000,-0.215717543594000000000000000000
0.540383790855649056067942038360,-0.214171784629034159631256632893
0.814528751385966692370784131198,-0.214108880729974979760132170628
0.595054264772581407393541346092,-0.214056952410392599898869641385
0.759626635152552319933874025030,-0.214043337418851824787005451467
0.430082959685577217041642158928,-0.214042835285739688017381824371
0.484753437965408485145180933666,-0.213930099333549429518396600732
0.649724682294081911256615177592,-0.213917838193903414591235702152
0.704395161956246827494985673554,-0.213805774599319974009601702335
0.374166944990137967914160874046,-0.213682897934411983897332759086
0.319498498340505354062622553867,-0.213198289167785405728341411389
0.264828004053564330611146552597,-0.213093603151681957421969135218
0.210157473587369794182636161040,-0.213009917517827041502215686090
0.155486886622858859461741901872,-0.212981182586719481675399862066
0.100816299618101573781383576336,-0.212952524329925072102833902186
0.869375018820000000000000000000,-0.212946415769000000000000000000
0.046145715073288783309366160170,-0.212919505109832112332904497605
-0.008524869084899706478091954973,-0.212885851835869046741008835106
-0.063195553410000000000000000000,-0.212849938730000000000000000000
-0.117917226067197926495727081417,-0.212831493259044252999959252870
-0.172594761179411209052308206919,-0.212799697818233101143913887268
-0.227288474209562755881739704060,-0.212754473207562125024261938702
-0.281974186369836882011480372447,-0.212712148954204019512386020682
-0.555469650690099767563093047377,-0.212635619220824506909217154059
-0.336644708090633462059567251622,-0.212622932832745823141796384693
-0.610140236786292329621193505864,-0.212605277183727216945212516998
-0.391350358101587845457395037508,-0.212594370605301318503617441759
-0.664810820282904516454200872373,-0.212570565796922726775247193457
-0.446031150155051101227892415386,-0.212542590741628022479880348524
-0.719481394346506750913896850306,-0.212523276299131351835888679195
-0.774151977666631389914244502435,-0.212488288047841817773800439147
-0.500799334586080205749214386268,-0.212461143357169800284345086636
-0.828818270133782392034967556110,-0.211802450868674416984923413228
0.949464152830000000000000000000,-0.211043748322000000000000000000
-0.952272639979448384662205684531,-0.198124816988402856038137489635
0.908019071194000000000000000000,-0.174266549452000000000000000000
0.512773088536723435096701851115,-0.166985737727475495237512707158
0.402427366204030991561923770207,-0.166883084926732520996678008851
0.567635075152632363386924370359,-0.166759363197773133712427463354
0.622305908219381197670030657227,-0.166620008085314514092222289839
0.457237234419381368491633796561,-0.166592658590373166172820521157
0.676976382234465185006993439100,-0.166505222605199560450943353291
0.731646896422533914796869214193,-0.166411504129996373114080748418
0.786318595205000000000000000000,-0.166331482402000000000000000000
0.840993938550000000000000000000,-0.166213011036000000000000000000
0.347265963261139986821544293231,-0.166088664179086796527331871312
0.292303286466700791110317783738,-0.165771562990667740297648115838
0.237632792179759767658841782468,-0.165666876974564291991275839666
0.182962263273265549549665688301,-0.165582178541291839982921219768
0.128291676417134590717418615795,-0.165553238142892050684843905091
0.073621089409819064740542178454,-0.165524584766799574319444309586
-0.090541027109913227143837966424,-0.165509007743260291426447601927
0.018950504777757279984879559022,-0.165491710324013378870613182402
-0.035776763873000000000000000000,-0.165491252570000000000000000000
-0.145228462630531053701922901499,-0.165471486268735706268137360226
-0.199902474125444580216373066219,-0.165437659027684186299209275658
-0.254594689936774971848592720322,-0.165391571191328291559485617260
-0.309265211657571551896679599497,-0.165302355069870095188895981271
-0.363972946365486252162380659779,-0.165272586706420399001160603192
-0.582776933227764566082819606231,-0.165268094138880815588723049792
-0.637447520840521844540666222364,-0.165240620219445893466767679773
-0.418647195408448987334018758188,-0.165224592821423640147796280753
-0.692118094904124079000362200297,-0.165193330721654518527409165510
-0.473345297460684029217796963267,-0.165183772974947957216858885453
-0.746788678224248718000709852426,-0.165158342470364984465320925462
-0.528106600686954359900177906015,-0.165098846930196709881839210269
-0.801454970691399720121432906101,-0.164472505291197583676443899543
-0.856125555642420936827536616586,-0.164440165631472042020974825975
-0.910763327490063453279972107363,-0.162546018787802953727448855551
0.959904107246000000000000000000,-0.157021633756000000000000000000
-0.962746267602000000000000000000,-0.137579607859000000000000000000
0.879637985319000000000000000000,-0.127533281254000000000000000000
0.485338476315965070320591918022,-0.119697092610100494680787116287
0.540008950408537960651073979264,-0.119582344042636237053359108352
0.594860625015099841628012164561,-0.119337555372101651433455618148
0.649542412360128997696553066692,-0.119216204834955767675086625884
0.429027215809679674669749591348,-0.119119899253064455941805668850
0.704212881034521645646189870720,-0.119098903246429087646936507331
0.758907954079764503747525167881,-0.119022595721492509701501458314
0.813588537783853258561751898885,-0.118901503944245044318940536685
0.374359059932635427611289937347,-0.118603529478957521617378873080
0.319688668837063005258237534333,-0.118454391296139408811622850887
0.265018174550121981806761533063,-0.118349705280035960505250574716
0.210347700567119706384429658397,-0.118234904520935619339259048738
0.155677113102287822022136259018,-0.118207137803709220127277972166
-0.063174570200347341435234191253,-0.118180887762034623817685773555
0.101006526307735822615276332890,-0.118178081310885166385659552544
-0.008407623704881236818478716141,-0.118158775588589865075458478792
-0.117852263673246354350033786506,-0.118149000752951744694625709282
0.046335939786574813608456304737,-0.118148514899758711220732215066
-0.172536175576564424865987760798,-0.118109447478186791423432748615
-0.227208689852656796183226082481,-0.118074757011450352834432954215
-0.281879211573453376231312961656,-0.117985540889992156463843318226
-0.336593421272221366566384550861,-0.117952025526234706349205606818
-0.391269201936127055215823054737,-0.117903145483351695139951233714
-0.445960919129568870996242326546,-0.117866020194846816011375672233
-0.610233680469922578051796736113,-0.117824580770500347086333013944
-0.555563085979742866717276653418,-0.117822898287072613193572088353
-0.500652563561558183368760483014,-0.117821476547974866814353009086
-0.664904254533524812511492714046,-0.117777291272708972146974499682
-0.719574837853649451511840366175,-0.117742303021419438084886259634
-0.774241130320800453632563419850,-0.117056465842252037296009233715
-0.829734657573088180339082853370,-0.116561209880176595855266861348
-0.888669661149950354752736221668,-0.112538581217055818135517458423
0.940656789352822581835565188805,-0.105851034436840018656669307325
-0.969090692897000000000000000000,-0.083272683057000000000000000000
0.895397123832144129207763320988,-0.075177120658577112744055391506
0.457663159219581503077060680138,-0.072548914189772969451575471200
0.567223730957338754030133042870,-0.072166844209553883652341295671
0.512332327327326030986795524320,-0.072153992491727281761887737101
0.622099065907858994546108186839,-0.071932627979549638962830056834
0.676769456797832343636031963384,-0.071783414448200317524314483272
0.731443984340970296065041335716,-0.071692775821232879428400070015
0.786142078766593509284647630383,-0.071618203970488366933818133316
0.840849486830652932804415914843,-0.071512533056408593771974621993
0.402431097830083949877607231049,-0.071268739450107094399586854316
0.292444082442959066598522525959,-0.071056011398144738630287882695
0.347385847541362620651809566162,-0.071050193969913513036673242880
0.237773818401067541621948609025,-0.070865921076767677798747565250
-0.035810201720941740485675615256,-0.070851560252933758772788049079
0.183103231824660473509877301099,-0.070836456996975717792288960617
0.018960408721032973649423070629,-0.070825643012900741829093517990
-0.090485806763680468641430011335,-0.070820880771726077085863880910
0.128426962414405387683796715331,-0.070811956696046816910107152316
0.073710764285333083589582561782,-0.070809153939064986758730247345
-0.145159976619279725514098645805,-0.070786961962402829849921097671
-0.199842391303776640832840777060,-0.070746545461952957958656427172
-0.254512913024573220880927656236,-0.070657329340494761588066791184
-0.309207187642591758497474861551,-0.070635191063353931420549943872
-0.363889044930630838971897718946,-0.070582949931190299107589552213
-0.528109048854346690185859230418,-0.070545527904850770126085887170
-0.418582925657246938878046623094,-0.070544572856774871003530625193
-0.473268185230443025147205846293,-0.070503723767873725608869795866
-0.637488216248416218904331712983,-0.070431851807928465536284895079
-0.582817621756146002990360665970,-0.070430238682940031979024192398
-0.692158790371999642443819995141,-0.070384631704272534854972344868
-0.746825778093388558888683257672,-0.069756652238101752471476795376
-0.801496294382557440924169820990,-0.069664167557539899289358804785
-0.856156273523962056027095049859,-0.068586863050155338294263551089
-0.916281045922606590230852435377,-0.065352933656841641679593612259
0.970797519687028721164171504153,-0.060239519666323083277074912871
-0.957789872928040784724821611580,-0.029773569056369142272029179280
0.922689420111623844473672487429,-0.027802888323692068171331675718
0.539789099320086500791936824814,-0.024878210356706152578869511766
0.594459573365539558358407020901,-0.024763439341801300376351084430
0.484102611288227949624565133356,-0.024696753537926057952225392499
0.649324654182525930263510002730,-0.024464621593841573105557568588
0.704005032516175048013467447517,-0.024379856353571598207833540251
0.758697927440771298376125641439,-0.024299775386007974488329258028
0.813404351447494170498025754389,-0.024229994540160276406880040427
0.868129580244329746903308631071,-0.024107795940279311786475995844
0.319909960133357535439507567816,-0.023785518832100005625578635933
0.429440460601023437069525592892,-0.023735927336281904454342398725
0.374769866209773092039208697342,-0.023732233042707811126829577570
0.265239938759095949240465746088,-0.023535183700326613445070793378
-0.008447286819517017442342606207,-0.023521392359318511901199678759
-0.063121438284274867691871435338,-0.023491553262625212040966156435
0.046326982572283987003730110189,-0.023491055881001657823057441713
0.155786312063351908769147630012,-0.023479727807824063269631644147
0.210509477651453521159013502292,-0.023478901459267411458674233146
0.101071287910881527708791523562,-0.023477603661515191310784618840
-0.117793519709713839805494870635,-0.023458841981177162241159269300
-0.172466192346491941480951662067,-0.023424059946168996385144776229
-0.227136714067288521529038541243,-0.023334843824710800014555140240
-0.281832303795893683898061636457,-0.023302025597151408258631728586
-0.336502886591631809552598425524,-0.023266227346339891722317476136
-0.500724670523231531964304593696,-0.023227775124749628920602673950
-0.391202768651750722634121287304,-0.023224377304613474971168943693
-0.445890191758121093029010142841,-0.023182276429801780601024748826
-0.555395271654475070909622633894,-0.023134481794591084480441595470
-0.664771321713227576358684924216,-0.023055547773346677471709190434
-0.610100727218495072903524489425,-0.023054020375958658481690311492
-0.719438457606842058870105568165,-0.022440602304621368196385282150
-0.774183017057506782720410160545,-0.022305337477972981667061284690
-0.883767658296618291505211263569,-0.021401215489941161838339704925
-0.828938474995562984953866420049,-0.021173095555809394294625439312
0.972648580384110260664342480241,-0.005600271144439670566220183946
-0.917744314674040325964173405892,0.021429389527394342641182733947
0.512099166064499370649407763339,0.022261385537208218266524110899
0.566949989788803981168956294375,0.022603892989029933348754642142
0.621634558963784419271526262768,0.022674879162079115879282588156
-0.972394853706397856114067622745,0.022910094836760378459774700791
0.676591452129172321830269497623,0.022920984179190165359158501512
0.731261971844402033256269777399,0.023011420936640487382294098077
0.785990760302746422286581753063,0.023070839757862697676834967246
0.840661279997406467073947844400,0.023161288949162890953655692239
0.899751801742000000000000000000,0.023226740962000000000000000000
0.347293978801768006826906698996,0.023532442095105696284265029377
0.402108362757482466985338056734,0.023612043393322989020224063137
0.456956564950630185240651461698,0.023638612421286241881581266962
0.018913642044572145234872694545,0.023809923663317824867285639004
0.237923378920516493066819183379,0.023821753102276303757925845067
0.292624159482535336191408306476,0.023823578391147513647885439273
-0.035758523382850144648538426289,0.023838614630990034830622213885
0.073692796043922778047189591307,0.023843555325044851459172480470
0.183147180135367300532685428407,0.023851623356981991044354531537
0.128430637559828048794142438244,0.023854625226707562329690889329
-0.090429151230308238855936294637,0.023870485527923702803738455176
-0.145099735436926055772347886897,0.023904060035056671223617052143
-0.199770257157722635820434766072,0.023993276156514867594206688131
-0.254456104838608984546172521464,0.024020459918632553314879922357
-0.309138878117424610506743649270,0.024063308304920572488660351983
-0.363816610312751693214821993882,0.024092345280236932414103132384
-0.473346677050909599846108890245,0.024093672213322316087242373090
-0.418510034752624876785084807051,0.024137919122359615431336932674
-0.528017275618825009803737398787,0.024186964060458063982749813511
-0.582687917802221796808969799737,0.024247266970661178558805972284
-0.637365612452248441938471754153,0.024332685965911908275702695970
-0.692033612482484356959217395937,0.024865299742061840456907931251
-0.746704129094719428325365962377,0.024957593250759858264540948385
-0.856549859768219220431982633758,0.026012552004404782161298406852
-0.801364121941224169388674396589,0.026034202167901654073441923851
0.971426820247479459876141423007,0.049056669923543255683322310275
-0.943787255776789607725677018130,0.069498497314612015522076081019
-0.889080451828060735906604024829,0.069951537939182508241739682348
0.594230819563947576750533389000,0.069981421750248128949586477201
0.538729803465710330211718130881,0.070007412139907239986377323253
0.648901356910430810838285757661,0.070060484935110854343998658256
0.703841375719888624808364440927,0.070316295857040136058443296114
0.758574980873336208891870993652,0.070370405749722987575530693693
0.813245496324970825407607476372,0.070463384204212929649232480326
0.867916016019630870194973567709,0.070553833395513122926053205319
0.374632475349477381773036058388,0.070876718531136496431318670084
0.429399923984108027616047177305,0.070983391173956875267073111333
0.484070367399318334449056145917,0.071111927257243623335683547085
0.046274170164517452560136218880,0.071141471342831758148188247131
0.210561081404430272440491109495,0.071152277918525706260954609750
0.265272189618193384604286993993,0.071160072233431063347472991688
-0.008397594518760981971323125537,0.071169930653626371599107531649
0.101053381451402407135927223879,0.071176499161644771097216646811
0.155791505631843440557680236639,0.071185976391513616643677065013
-0.063068179759415678537195711475,0.071201776920716083489800329197
-0.117738763966033495453607303734,0.071235351427849051909678926165
0.319963087413921383562982368878,0.071239936774212154444637956877
-0.172409285686830075501694182909,0.071324567549307248280268562153
-0.227089647929043098837568746293,0.071348579899858220923641750729
-0.281760394721939209589384795880,0.071384472192800051480142141032
-0.445966520045413383602183554455,0.071413867765483712119604054590
-0.336452601838544494168967217628,0.071421880931497396625080960504
-0.391123876413625847365785513629,0.071454641707210022816609008752
-0.500637035045652112385534810702,0.071507111259041410967225361579
-0.555307596355565355331798842866,0.071567367374381625519731074416
-0.609978130458572149511273147652,0.071648642415998337341172392934
-0.664647222939405171882566341856,0.072181888508953539959909168379
-0.719623793050160251132448230609,0.072450006375954578287443276101
-0.828975506713880404866790610298,0.073219849728115830529365770015
0.922508890083915367069546093324,0.073467938085051886820334768236
-0.774301910322048003486926028485,0.073536945320474908563428619783
0.966946529245851006944859764642,0.105313975993307014962525783497
0.566502369672035624011288615911,0.117098371686891382684460053328
0.621460089466680988982001415525,0.117391448267254833319550840556
0.676145508415264296390705413986,0.117459114804782171883699037029
0.731161389728588460680426992325,0.117671240047745961659245701367
0.785831905180223077196163475045,0.117764218502235903732947488000
0.840502424874883121983529566383,0.117854667693536097009768212993
0.401924036576102942403745178960,0.118248066311770382678167718280
0.456623830178283904800640071469,0.118393652049332060256788848242
0.073633521059866685029006802567,0.118473699510598927477280148375
0.511352039306304180145158689681,0.118492988813951267598930544871
0.018962933601184325353940398798,0.118501478333140304880010139776
0.128412929412822419182498776960,0.118508613419167398254594463779
0.183152332571448504360025957613,0.118517351333737727929936351096
0.237849561314312912960657125174,0.118525400772611969371720949521
-0.035707651639470371211932187140,0.118533324600230016770702937324
0.292548508130630268011614677008,0.118540198374551790207589656955
-0.090378235846088188128343779399,0.118566899107362985190581534292
0.347254805219850408673047321148,0.118634133219123819351012528144
-0.145048757566884768176430658575,0.118656115228821181561171170280
-0.199723351336050460933775163745,0.118682942969611708510502978542
-0.254393937812373323880781020709,0.118712592174025719088903969404
-0.418580361706414354182884261032,0.118730590350334119504876130668
-0.309074118443059093251608364238,0.118743044819376875616562749553
-0.363759867939418648319930737375,0.118784177358470487027586836871
-0.473250876706653082966235517279,0.118823833843891818352497437657
-0.527921438016566325912499549444,0.118884089959232032905003150493
-0.582591972119573120091973854229,0.118965365000848744726444469012
-0.637259972149739993888038886937,0.119497978784085135833100479578
-0.691930493167730277473402326436,0.119587624541939828913078447197
-0.965261937796545900157577722712,0.119774852959097371361704831401
-0.910593088348623824370561486933,0.120211665024920701293162244191
-0.746590492297394449579476218843,0.120663914412527972824547507590
0.895095298939167618858102091998,0.120768772383074860904049775909
-0.855925514290335304912718143759,0.120786339995629179832426509427
-0.801258213339199677960566627705,0.121386432870428133321170543966
0.939532938101103258733415763315,0.152614810291329989046240791171
0.593676981674190711840487583814,0.164536904202903588524290640557
0.648730468668207037432523048516,0.164774993121406408455688746680
0.703471283939712372645888122400,0.164810734594688970369579364269
0.759067621448869823344744596225,0.165435457431888636670747575903
0.429147942770278819588338073123,0.165658327187145567667883455189
0.483902027544431589362459914133,0.165772696501430418510803182731
0.100992735050758382838041319967,0.165806006812705114504845774967
0.046322147592076023162974916198,0.165833785635246491907575766368
0.155770236638259578724456975117,0.165842022826408099145452217331
-0.008348437648578673402897669739,0.165865631902336203798268563917
0.210440809683086879177678211420,0.165890475799704792072071380642
0.538587564823879619422636295822,0.165896575751248700303943310609
-0.063019021855196490319309261999,0.165899206409469172218147160884
0.265111399197960452841253921366,0.165913860337638331594740339274
0.319799312047057344199991011173,0.165935003898457692417989939366
-0.117689543575993070367396141174,0.165988422530927368588736796873
-0.172362380859094653412696532870,0.166014745776923692396604821440
-0.227032967609987361535483963554,0.166043884300108292014763800213
0.374478711414026285857640215312,0.166044394094499004340728265054
-0.391216353232207155137029484778,0.166060126001594583715853958787
-0.281707661533493207543004589067,0.166071164800602543225324577925
-0.336381384543933247402571883985,0.166105341246349966019068625920
-0.445886873433192377166386557813,0.166153372502011553643470672504
-0.500557434743105620112650589978,0.166213628617351768195976385340
-0.555227968846112414292124894763,0.166294903658968480017417703858
-0.609897089263388722172567068115,0.166828165186509576243328708804
-0.664815671803265362656351543233,0.167060357422126700568538124174
-0.883518545036801283643349004303,0.167982722896917302256405685070
-0.719488471825118837050507567831,0.168143956441371758169850000574
0.819722540837927532574150278256,0.168422150566931100238792176530
-0.828847305579767642919250206825,0.168585892343459644512717616618
-0.774157907012106077263309480954,0.168867831159186686860159209957
0.874251472854341550342900889584,0.172355276281895850498042529281
-0.957007665722645612495088284616,0.173818732328277083678848584707
0.950565303081474145928238021381,0.206160686207970896765638069707
-0.917066803626199198338939347291,0.211149703916665576222676583772
0.676069976241733124783788364937,0.212118685735919784698979069194
0.730740517580021659784866231088,0.212194938728668502679850279341
0.620440081057689250427317007322,0.212208808047090458165900688216
0.787159155880656776370781335103,0.212336839053416021755399333978
0.456408405527301667756282392876,0.213047577814406903919463947624
0.128350376262227214054471727500,0.213139223184350100328673749750
0.073679113089069608436146928429,0.213167392549749861641168727658
0.511110436000414199141946723861,0.213191853115955235596938206566
0.019008527848414911870274342492,0.213199238816839573531861525207
0.183032549409275503822423446646,0.213230209193009223662521762086
-0.035662056358202905046137249768,0.213232813323972541951740122174
0.237703122454102804275644682948,0.213278662166305916589140925397
0.292373711968976377939220392895,0.213302046704239456111809884028
-0.090332578078999485094224128943,0.213322029445430738322329758163
0.565780869850089320762743096356,0.213324395293073906270366325087
0.347044297634904275475856276526,0.213333154337672424505648152541
-0.145003166868202955603662015470,0.213347053079029879424170448033
-0.199673753619095663726449446154,0.213376191602214479042329426806
-0.363837869836721754219670631388,0.213381289889474062707335747836
-0.254344341157897157088576468845,0.213403812294848231252504153903
-0.309014927634367361693968108814,0.213433461227575633627830454292
0.401739229119032679458450737605,0.213441348790970916078585756454
-0.418508384836964101273443635924,0.213474533380910297610719325488
-0.473178946146877344219707668089,0.213534789496250512163225038325
-0.527849480249884138399181972874,0.213616064537867223984666356843
-0.582517480284827574489434267493,0.214148677830832360280053537884
-0.637188004305781178978315971262,0.214236473131125833039189246602
-0.691848007128775822133033567784,0.215312575417451968820783759253
-0.857230647216844575156240717994,0.215918308143662063670505375364
-0.801746656204501676680020756001,0.216066716980141293973038133260
-0.747078389777000000000000000000,0.216580230132000000000000000000
0.842921973504663191178276021346,0.217956657312495622305392538873
0.897612104581405329757875242361,0.221783555536315782593800558363
0.758832052011808612810902969966,0.259096320350195887764502037416
0.648331276926971487731459808415,0.259229602358987744092049259774
0.937480672709205321509376023960,0.259242381289811669694001524734
0.703237617754392543685327218937,0.259561210535724056255136508732
0.483634571014025174653800808195,0.260456541287889051359208250376
0.155612689033243139152438199029,0.260527409550951224845743294505
0.100942101575474885306367365821,0.260555190172455983835842887445
0.046271516334820188740494779883,0.260587036439545695726535684994
0.538304924166064251012022548066,0.260618994271086418273782433334
-0.008399067871797628175916812376,0.260620610946678664146414281961
0.210283182494133172118498573824,0.260632526072958191893517898291
0.264953761609031469012956592588,0.260673562423488518288121350149
0.319624351123905042676532302535,0.260696946961422057810790308780
-0.336471412927155868511066856218,0.260709409870699730316097576208
-0.063069589592594208224003691552,0.260709827068136860517003917950
0.374294936789832940213168186166,0.260728054594855026204628577293
-0.117740178381797678733441578078,0.260734850701736001618844607819
0.592983310917824539015622964774,0.260746975407369787280478450903
-0.172410765132690386856229008762,0.260763989224920601237003586593
-0.227081352671491880218356031453,0.260791609917554353447178313689
-0.391141927927398215564839860753,0.260802653362135965219481153860
-0.281751939147962084823747671423,0.260821258850281755822504614079
0.428965394605756186355969152924,0.260850312264453063518330059207
-0.445812489237311458511103892918,0.260862909477476179771986866696
-0.500483023340318252690578197703,0.260944184519092891593428185215
-0.555151018219839129494321905099,0.261477326707535984294301060420
-0.609821543091559797026945810367,0.261564590623277741581293060112
-0.936661044583755878531577711052,0.262188313086955737727466910716
-0.718365341530900886025761703727,0.263121621433308562944239045395
-0.827427291246836486138546220717,0.264330356384591763935720918742
-0.882086779185040633064729100391,0.265432301516499006832018655848
-0.772853564685587910237179004725,0.267583397109588975283425595740
-0.663999574793768525274479149798,0.268886802421285547614498017508
0.827063007844882061450461919872,0.270276511220379401605164340755
0.881602695138991254696375862186,0.274057571204193850730187390607
0.731428477350637792489365498898,0.306402958367815098577872750860
0.786099014972116155904808077789,0.306481831170082964315684964097
0.674623396318774059414785919804,0.307162872251908859762914258973
0.510623753880780334492583926591,0.308000814475364201022569118990
0.182460409118225801337950420228,0.308151708296222396030410604313
0.565294107032819410850805666463,0.308163267458561567937143301948
0.237272365285038029364163322866,0.308176900436542341077249475151
0.127778881845252486955077263900,0.308185654473070294918260453061
0.291942944475786628851739710985,0.308217835610963667951482218763
0.346613533990660202515315420931,0.308241220148897207474151177394
0.073059039949069532689869803516,0.308245220242083245435076461751
0.401284119656588100051951304563,0.308272327782330175867989445907
0.619964540997407953084302740031,0.308295762228202575916178566156
0.018325692189231094875713987661,0.308314018294244666485475499601
0.455954577472511346194752271321,0.308394585451928213181690927821
-0.036366652034576863567244534009,0.308415455986672725321507540814
-0.091038649518869826253415682236,0.308441268101522474382713728531
-0.145710062688372757413803456558,0.308470869166082434295793874540
-0.200381054405537017010224793293,0.308498716067995572810930957671
-0.309939981229387094616643259283,0.308510634089406190676883005894
-0.255096969682617232092465561253,0.308553705964817505668943241979
-0.364610496229629441670416263818,0.308603877580842425580266583546
-0.419281057539542684616680295983,0.308664133696182640132772296382
-0.473951591642549478796154600769,0.308745408737799351954213614901
-0.528619517790125447828250779783,0.309285598260833899105298508161
-0.583290053503564472696673455869,0.309365782710740522669058440623
0.921434325021556383231174814222,0.311505069994350228549470155397
-0.802911670258557756336270068233,0.314107545195472790180523161231
-0.857581913908686286650483222889,0.314303412436224800571232996783
-0.920379940508000000000000000000,0.314537379876000000000000000000
-0.693413393610283247982380368878,0.314970434736562770484989897362
-0.748067512974279082044401567567,0.316312500788035015473891573606
-0.637468567636584698331741331761,0.316688262273113077811461271780
0.862005425591165054638573476800,0.326028652550078146458818730749
0.703650775969803863425199780018,0.353490888994862572665888546059
0.812981444549889208117562515223,0.354086546112370889472795118382
0.758312310483857716355915742901,0.354486152432007789927489054421
0.537818242046430386362659750797,0.355427955630495383699413345758
0.647643384140043195080979195548,0.355441870731723974573562865690
0.209796363321819947514581782024,0.355497452693363542100581367484
0.155125775786826182535851260422,0.355525080921737146080565035909
0.100454486925149995998411758633,0.355556565495850681449731746078
0.592514580178736001849383509479,0.355575499492635353180775082479
0.264466853153910920491214050529,0.355604439887252498160531754827
0.045742212206139791369125748060,0.355613155018955229264322233559
0.319137432641436680721815535190,0.355644976766094850628326445530
0.373808022156310254385391245137,0.355668361304028390150995404162
0.428478607822238151922027128768,0.355699468937461358544833672675
-0.008933378154196971542925322235,0.355704877519870666073337515069
-0.063680297597712385765261357625,0.355774073690231450475578564994
-0.118350884356668839583380145086,0.355803197080040369301845693498
0.483149065638161398064828095526,0.355821726607059395858535154589
-0.282555620338030535536992740787,0.355828396962479132445759519870
-0.173021471899216181771266092714,0.355830810357391236728954856869
-0.227692058850761361872048818626,0.355859569946341482174677029522
-0.337226135338272882590765745322,0.355921640453915367349143097522
-0.391896696648186125537029777487,0.355981896569255581901648810359
-0.446567230751192919716504082272,0.356063171610872293723090128877
-0.501235548050362055317287927389,0.356611839139640633102149944773
-0.555906095234888389502713127962,0.356683778592643905200086911438
0.902476954125807195078537666156,0.362783642453628190778680217558
-0.901269621120000000000000000000,0.365765198033000000000000000000
-0.791957213696000000000000000000,0.367673941544000000000000000000
-0.846633054584318159601777213120,0.367866425647167440893544719445
-0.682615250113133948153874857667,0.368564035117162234225803126065
-0.737329237742733009302157767317,0.369918128755553340531735786367
-0.627974027485578074138744613211,0.370528095222903531312998698188
0.854720488489967729719856879124,0.389395555100285193988194464194
0.729071417571120266366289100398,0.401891972508745198565793602188
0.785442864366257144149095596585,0.401949895971415214456509362359
0.565038715192346977361237593813,0.402840187664569168943045126288
0.237016836467736538513159625040,0.402909684727437327344213148014
0.182346248932742773534429103438,0.402937312955810931324196816439
0.127675663251584341524344293074,0.402968393810582323373145849253
0.619743930839018240167280658792,0.402982633632549420842589270054
0.073005078472571354509086529318,0.403001022956636141736569383855
0.291687326299827511489791893545,0.403016671921326283404163535358
0.346357905787353271720393378206,0.403057208800168635871958226061
0.401028495302226845383969088153,0.403080593338102175394627184692
0.018334556084802408159474109373,0.403089829425280721211611517621
0.674414378522111096392495640629,0.403109341448510569800071926552
0.455699080968154742920604971784,0.403111700971535143788465453206
-0.036343458024390702564907752355,0.403119306891504123785331268614
-0.255150709506174665316575998159,0.403134260944003108951493307412
-0.091049826666301702862454734175,0.403169072493967473431737132540
-0.145724764936207672850561930992,0.403199193206250046818018955044
0.510369538784077989063405938542,0.403233958641133181102166935119
-0.309833890643796458014039910377,0.403234839831450035025623381870
-0.200425287220835771864900423210,0.403245190862626874660562547634
-0.364549605393342138651582282185,0.403321209034052260974521065154
-0.584294327709291258275236690292,0.403406173241459552888314263291
-0.419301345148953112482433999867,0.403449302356756058906286217282
-0.473986651325000000000000000000,0.404012496326000000000000000000
-0.528674586550000000000000000000,0.404098263179000000000000000000
-0.878876922995000000000000000000,0.416604996279000000000000000000
-0.656994803195000000000000000000,0.416860284533000000000000000000
-0.769021009593000000000000000000,0.417586107606000000000000000000
-0.824014029874083209834470973679,0.417638442141360233869598178975
-0.712928860792875128861059785250,0.418841492391399792159626263620
0.865980035533677244333756938819,0.442894120549378415683101581882
0.757184171767789977407456847481,0.448780638049769590631547620307
-0.613455716058000000000000000000,0.450141073899000000000000000000
0.592268065852629215679134743126,0.450247321804483236604859313864
0.264246187128018776831056774353,0.450316818867351395006027335590
0.209575599593025011852326252751,0.450344447095724998986011004015
0.154905013911866579842241442387,0.450375527950496391034960036829
0.100234429132853592826983678631,0.450408157096550209398383571431
0.811830135142103363785386323144,0.450421549879703981333160755266
0.318916676960109749807689042858,0.450423806061240351065977722934
0.373587256447635510038290527519,0.450464342940082703533772413637
0.647129400274068184465202838681,0.450484481202861098197831145236
0.428257845962509083701866237466,0.450487727478016243056441372268
0.045563906745084646477371258686,0.450496963565194788873425705197
0.482928431628436981238502121098,0.450518835111449211450279640781
-0.009106681957693914754539360952,0.450522175309280613360625577238
-0.063777268682177927887361983075,0.450551363339208643884134091739
0.537598889444360227381303087855,0.450641092781047248763981122695
-0.118644405626408512380209199717,0.450691593065517978245323883917
-0.173346670921320491980211460077,0.450738584551055206489642704389
-0.557078907193000000000000000000,0.450821727933000000000000000000
-0.228511797098386619839628154579,0.450875671171085999482023064777
-0.283182934743444913718798277192,0.450969527997792296181705471255
0.702154928283000000000000000000,0.451030686262000000000000000000
-0.337887342916404464420597925998,0.451049582821049236471891763418
-0.392603434682855530024839986600,0.451157744811783406645404785347
-0.447280636959000000000000000000,0.451722808498000000000000000000
-0.501983961462000000000000000000,0.451848454810000000000000000000
-0.683299512455000000000000000000,0.464787386434000000000000000000
-0.741884987778000000000000000000,0.465214720066000000000000000000
-0.854050358965000000000000000000,0.465409361579000000000000000000
-0.799156900324000000000000000000,0.466331987015000000000000000000
0.619494302211809289211443068457,0.497656244577042408830446617949
-0.585275353317000000000000000000,0.497662592397000000000000000000
0.291475537788301015148953923667,0.497723953007265462667841523166
0.236804950253307250170223402065,0.497751581235639066647825191591
0.182134364572148818160138591700,0.497782662090410458696774224405
0.127463779793135831144880827945,0.497815291236464277060197759007
0.346146027620391988125586192171,0.497830940201154418727791910510
0.400816607107917748356187676833,0.497871477079996771195586601213
0.455487196622791322019763386779,0.497894861617930310718255559844
0.072793257405366884795268407999,0.497904097705108856535239892773
0.510157782288719219556399270411,0.497925969251363279112093828357
0.018122668702588323563357788361,0.497929309449194681022439764814
-0.036547918021895689569464833762,0.497958497479122711545948279315
-0.091218505971988296764204484650,0.497985291724917538822397963703
0.674163796666288100400703300635,0.498003059847942071293752130076
-0.200811935183746734008528885952,0.498009433535767873602056187731
-0.145964450099303820124135021658,0.498057585888728588489955024296
-0.639946408012000000000000000000,0.498095824791000000000000000000
-0.255766084761039544852639836191,0.498268473459427034625410240051
0.564827243386045174117647453954,0.498278003437746834578042085659
-0.310465866562338852966669643590,0.498345846302468561342689348666
-0.365168100575089050605568903130,0.498445971117446891218725356614
-0.530455288351000000000000000000,0.498572398644000000000000000000
0.779181331481504564166382746821,0.498830601778724986301006698808
-0.419845598208000000000000000000,0.499049787625000000000000000000
-0.474521762650000000000000000000,0.499142494238000000000000000000
0.834102390588786210594714312381,0.500349703681523300753232878315
-0.711781348687000000000000000000,0.511453525168000000000000000000
-0.769614208128000000000000000000,0.512334574690000000000000000000
0.726552663777101545532192983852,0.513632535449700052405904690995
-0.825663540908000000000000000000,0.514150631033000000000000000000
-0.668426621250000000000000000000,0.544814455444000000000000000000
0.646516608172029158814291476362,0.545181699707242734001217839929
0.318505398475554543280674526715,0.545245111831183939619905930861
0.263834810940560778301944005113,0.545272740059557543599889599287
0.209164225259402346291859194749,0.545303820914328935648838632100
-0.612414320158000000000000000000,0.545329496537000000000000000000
0.154493640480389359276601430993,0.545336450060382754012262166702
0.373175887208388315909252097044,0.545352659278918479897718913983
0.427846467108171980681059791746,0.545392636294677919032313756389
-0.173562841559511538864573674859,0.545405222392986861062432314522
0.482517056623045554344635501693,0.545416020832611458554982715020
0.099823118092620412926989011048,0.545425256529027333487304300468
0.537187642288973451881271385324,0.545447128466044426948820983533
0.045152529389841851695078391410,0.545450468273113157974504172510
-0.009518057334642161437744230713,0.545479656303041188498012687010
-0.228235793211416534967728123433,0.545501480477117265404444069266
-0.064188645284734768632483881601,0.545506450548836015774462371398
-0.118859231921459056435981695679,0.545535802496683151426771767757
-0.283049016579933484100511202589,0.545644791764103299786394117461
-0.337732219936300501309558934387,0.545733880336554541674479581628
-0.502970737613000000000000000000,0.545834583340000000000000000000
-0.557741627772000000000000000000,0.545951523140000000000000000000
0.591854083476616984148627446245,0.546121007252125046219639992644
-0.392404843727000000000000000000,0.546397482339000000000000000000
-0.447084863474000000000000000000,0.546474244139000000000000000000
0.803864211570239662142351621318,0.547612046358252796114347450000
-0.739986738673000000000000000000,0.558287758484000000000000000000
0.698909019337370767140984497557,0.560799290975495552207468784965
-0.794597257322000000000000000000,0.560969203658000000000000000000
0.753111790398402114587969206953,0.567936062938073689184726493983
-0.696696178517000000000000000000,0.591685747649000000000000000000
-0.640019985716000000000000000000,0.592525031581000000000000000000
0.291266012534314813979591098885,0.592646480569698337947999546554
0.236558245129314333643683852648,0.592652723832087059738448691350
0.181857190539282252255278493039,0.592666250745731952394503120511
0.345936501153836439252062122259,0.592754085602922399932571348887
0.127186668151513305905666073094,0.592755057214376531869545254277
0.072511816222968587024281230051,0.592785225858886188185148060014
0.400607081095728151760072156716,0.592794004992274596941476256808
-0.146324030988554575454340111279,0.592806921765688066791093841969
0.017841228224998097868246964327,0.592811922236614225910018674428
-0.036829359271977051376607903113,0.592839625593868924245337683292
-0.091499946389224802722706622448,0.592868068446097575634235514287
-0.200994543214425159828001144954,0.592901777979789504430185015408
-0.255665103659312654261871800463,0.592962813889888251796726588037
-0.310377214848681507127687854852,0.593068620236513405187022421083
0.455764564801486070641980101159,0.593093878230756057155228659233
-0.475566291836000000000000000000,0.593146518221000000000000000000
-0.530355748653000000000000000000,0.593274937401000000000000000000
-0.585289451126000000000000000000,0.593339928944000000000000000000
0.511058081829856973858418517994,0.593469206461002072949706590128
-0.365066131691968007987951949059,0.593744820095172774620102331558
-0.419741029528000000000000000000,0.593866443500000000000000000000
0.566910075412584238390793285279,0.594769443675528091154401472573
0.627581712548966889906003586869,0.599643873356795276559379285744
-0.757557756398000000000000000000,0.610063778135000000000000000000
0.687344924041517948041297965220,0.614232853506257558250397881774
0.747525156789265291243908094667,0.622320467225127175002308058346
-0.668904452408000000000000000000,0.638948822122000000000000000000
0.263917530756598065517034460534,0.639984989726560403764434136816
0.209219423786186062308055039615,0.639996812716645106514431650513
0.154548901398417115958442619669,0.640085619185289685989473784279
0.318588019376119690789505483909,0.640092594759784465749005939149
0.099875366281861480002958292097,0.640115026544235386567389013823
0.373258598669051724791055298697,0.640133393235856457149095606918
-0.118964745456320321741065038048,0.640139187715102490998557588499
0.045203463804216031492927634949,0.640146895940436629068938165015
0.427929191302724719144686317588,0.640147739782438220163596592722
-0.009468586009063472392760227073,0.640172749417328318080477947853
-0.064140020598014828109928165124,0.640199964303330063426167598133
-0.173635257682190906114726071723,0.640234043929203928637648761938
-0.228305818127078400548596727232,0.640295079839302676004190334567
-0.283032741129688635298792684046,0.640409444709390161760696380748
0.483091181229823945966171051265,0.640445012740067586825639265442
-0.448260343893000000000000000000,0.640515741693000000000000000000
-0.502936692295000000000000000000,0.640592252164000000000000000000
-0.557752519779000000000000000000,0.640623342967000000000000000000
-0.337721322337553572178935228168,0.641085450700511646278162675588
0.537890314167055492950945812934,0.641102232950434977692596288008
-0.613268597342000000000000000000,0.641190630857000000000000000000
-0.392391712247808368614345855929,0.641235022760500290700157159807
0.593608787080784903970976466210,0.642477437764555815948330644976
-0.722080860823000000000000000000,0.651667441324000000000000000000
0.647501394623364779245538250240,0.651667691134397228146193311144
0.711379385302491560705818042401,0.663337013988187980887661641831
0.236578709413469794181405647501,0.687329078611118450540417095979
0.181908187025700847831793227556,0.687417885079763030015459229745
0.291249198032991419453876670876,0.687436683644342512524988898312
0.127237599528765290055734838672,0.687445588515148540687317543825
-0.091604819665110347128286580723,0.687471083572334978790489672344
0.072567013863108924471604696995,0.687476696625785827451179118825
0.345919777325923453455426485664,0.687477482120414503925078566081
0.455255807731062594468877267694,0.687498874291749749834007198931
0.017889827867351566955931135804,0.687505519195857016767565906873
-0.036780760116372394424806388166,0.687532244732631769777112779130
-0.146275331890980931501947614399,0.687565939786436416429580845784
-0.200945892335868425935818269908,0.687626975696535163796122418412
-0.255656377115258160402352393246,0.687731834738739005169742428237
-0.420931175252896662834098244310,0.687867844999842248362611571262
-0.530324758627000000000000000000,0.687944332031000000000000000000
-0.475605978922000000000000000000,0.687992126893000000000000000000
0.400587688646017767242319857469,0.688019124658185198050738123802
-0.585029542117000000000000000000,0.688059207766000000000000000000
0.509923333930355888245366830765,0.688078084089664130480622891466
-0.310342945592498475913133702228,0.688406676292694326009496626871
-0.365013321037042928996880741147,0.688561445452960800132228760425
0.564589025835256158531128993865,0.688810227039462702486525460411
-0.684033442470000000000000000000,0.691490334078000000000000000000
0.618481633377836033805690777896,0.698000480409304114684388126580
0.672986202530783120720523983123,0.702257926379839450567779819306
-0.633729252110000000000000000000,0.712994800807000000000000000000
-0.064245559183467913443164803766,0.734803364001636685141434853341
0.045253377926244459934608197850,0.734835319881206215149806860682
-0.009421295879511785367814274708,0.734865591244196801560702776551
0.154802381171552788924417540802,0.734895766179677877777865365854
-0.118916071409338497816825837441,0.734898220215738122780526026781
0.209652247140893361844543905848,0.734908901374806176645653655702
0.100131793674617231148359151917,0.734923469615063388449723679933
-0.173586631854225992250696492950,0.734959256125836870147067599409
-0.228257165258609271505121630617,0.735040999753299235116814466956
0.264366814763002201237595840859,0.735041424736652031385225196611
0.319037394055934235239145655647,0.735082223212724022785314864380
0.428372298222201442064403547240,0.735102979379729197070508047224
-0.393554930342280063529043356635,0.735190303931456922440926690009
-0.503012069735000000000000000000,0.735310046344000000000000000000
-0.448226757149000000000000000000,0.735327172960000000000000000000
-0.557699452959000000000000000000,0.735517245975000000000000000000
0.373704734879106615271824428041,0.735678672760908328449928646859
-0.282923736381628836972905088987,0.735704254148129801232039625169
-0.337652200460000000000000000000,0.735902893341000000000000000000
0.484136531353131900282165718044,0.736285082726622364036989598484
0.540793339706000000000000000000,0.741246687577000000000000000000
0.616147634249118794684422231671,0.752621230612936121045259268108
-0.606477592035000000000000000000,0.760408366589000000000000000000
-0.036887116362177813854867062438,0.782136117049971185242388657451
0.072616631726546893746779066186,0.782165291846131919185066654391
0.017942254179381107610862787338,0.782195391929545999942943730361
0.182215988343687867761193886496,0.782196591188891859369969089220
-0.091557628588048398228528096113,0.782230973264072622881479830890
0.127522228090435037514408719210,0.782273684587003461230399059954
0.236894885802358239338472472516,0.782308400776184645672145728591
-0.366223904886126097012527569303,0.782538893691401014805255153092
-0.475634237996000000000000000000,0.782638059599000000000000000000
-0.420893742380012609800401062962,0.782826596893432466902236588852
-0.147236097003359615395251343342,0.782860437925597251279696983931
-0.201906630407742894649676481009,0.782942181553059616249443851477
-0.310092573632741943961746705970,0.783146094196371474464116846889
0.572888462491339298463977733734,0.786050528594966068346994674719
0.300003977837496701645947076781,0.786332618057994607824181737692
0.409338417855160402211877977580,0.786353201846695995064625376663
0.354671083506812370216548957182,0.786950244547301360208053093013
0.464003723241713094967281805038,0.787113656799570818659829576886
-0.255979496376654407218621367118,0.791004381665221923817242177898
0.518494536822704758751210943997,0.791543683890010915112988342582
-0.562791221979000000000000000000,0.793286853423000000000000000000
-0.517335332282000000000000000000,0.823671841547000000000000000000
0.265611247679024747303120463052,0.828829841696568368117044824613
-0.009523566303284920876190000392,0.829465917735320383624629611260
0.099976095372038786019548081851,0.829497454840985917217323767706
0.045305507979683541423033655675,0.829525363894471703978203524069
-0.064194078529155505249851034067,0.829560773949421821263720784700
0.154939379053900254674496274014,0.829576549930882029884095423062
-0.118864974059417447529224506660,0.829593223929003221915680026018
0.209609868922863580359689232789,0.829683518281327682920024164806
-0.338665721997186555269676653916,0.829755632890547100572889296560
-0.393405785308000000000000000000,0.830190101962000000000000000000
-0.176768094287717728735302627346,0.831490383440283089119513521620
0.382572210524005006414207254430,0.834023360749787789141282052714
0.437237515910557699169611081887,0.834783815702662612736486252937
-0.464085796289000000000000000000,0.836080829235000000000000000000
0.321385181428000000000000000000,0.837184017710000000000000000000
0.491728329491549362953540220847,0.839213842793102709189645018633
-0.230840935948827059686386327417,0.839552746582254417264796048026
-0.285436621265177731268647258477,0.842413699147123392005893592579
-0.425392074379265706797116965599,0.874707289630849956995394835950
0.017839687497017512935980867945,0.876795889700246087659889404969
0.127389725739200743422863574900,0.876798266407311441102060378597
-0.146298204659980548496496648159,0.876882670569419167665852376576
0.072719206119561057053826420440,0.876888760932067462394264639990
-0.036830824728853071437680165731,0.876890745914347525298980578408
-0.091501424000524554550547444614,0.876923024614352420297920979827
0.355184492568306191740933794293,0.881339180619251230948638349484
0.409849797954858884496337621750,0.882099635572126054543842549707
-0.323028082281330415698648295266,0.882142063660904966309272394950
0.276417924401861009849558519346,0.882421722079220809550272156406
0.221750274066838539439401860158,0.882989094609518386094103234399
-0.253113645860259006696336880974,0.889480697651185934223272715455
-0.375575831914144427186087003741,0.897228743655771750007170638432
-0.198449852104452684621472223437,0.901171715614366693865359736649
0.172816302115394164441478807192,0.907368190035634464241067581546
0.316322248704773971267378832718,0.919791747589894048740144360978
0.045199426628254477415601115474,0.924127893454694086814336174770
-0.064138170200222120738376576277,0.924252996579278124333180773536
-0.009468869810956561765412716596,0.924629161022929166184077183039
-0.292649207875906307398234392192,0.927595313210303375917354025268
0.112110896105475108080445273285,0.929290468397359506368547737532
-0.137482608483504134209499541135,0.930837829440408632307552326619
0.264144238645024491699307145980,0.936111342282934093946509327199
-0.240070150104679749296919593968,0.942572515506808514071244312191
0.211131736111854675249101567660,0.949473545690721392317742860751
-0.186732655449185303491420529693,0.954571914184055642093163657176
0.157452219807764475331369248237,0.959836143535824380746449371993
-0.097196693281366033272054333333,0.967796170056114810811243831493
0.075334882078682887902805135556,0.969742893504410882828958419361
-0.036817394748343314640979668421,0.971967645245489076962620153031
0.018163833195000000000000000000,0.972412295233000000000000000000
