0.128461269555750499324210947132,-0.907916654349621968938255784431
-0.159164472920236084740044883286,-0.903040209282681695963179173200
0.290121371336900774057380112611,-0.869853170894308031195999585045
-0.319441369570964101082108303678,-0.859518563166562943717409052648
-0.013944025789640174814169268921,-0.822455849659770860017129454311
0.442264081944035121217741555215,-0.803254275334707390745885829056
-0.469239036589760613648606760444,-0.787800530313098623159427337258
0.131283390539906683540986770883,-0.741859878174135503411975334832
-0.156342351936079900523269059535,-0.736983433107195230436898723601
0.292943492321056958274155936362,-0.703796394718821565669719135446
-0.316619248586807916865332479927,-0.693461786991076478191128603049
0.601987187396304374678966167977,-0.691648379814608425206453722395
-0.603643382376261202990762043151,-0.690238810800025231600485385484
-0.011121904805483990597393445170,-0.656399073484284394490849004712
0.445086202928191305434517378966,-0.637197499159220925219605379457
-0.459192934528664099882402374426,-0.608282204005493690696359652791
0.139580899369251405581298510444,-0.575986527005625706300447778204
-0.153861512157728558492674545703,-0.570921207677572091959768810783
-0.718245291088901784564032209088,-0.570033903246030503470952471229
0.728282494194782880442321701731,-0.557153082797458963020603946377
0.301241001150401680314467675923,-0.537923043550311768558191578819
-0.314138408808456574834737966094,-0.527399561561453339713998690229
0.565737529633040082186792125385,-0.523065669045949419385084618297
-0.002824395976139268557081705609,-0.490525722315774597379321448084
-0.573794843241304681455672540362,-0.488077296451498962566826738536
0.423216572891424488418318378341,-0.425207573542440079515582167333
0.816834429376023923581151805314,-0.416649089771274440570187056076
0.142389479585827423107769378230,-0.409929521258165951904025622315
-0.428740317521097156408008132031,-0.407194654007458611584465775974
-0.145229691321529942695461921661,-0.405064917625923488458195117964
-0.716996570657139878644807728499,-0.403957842424706455383857030143
0.574748094570935735635285396122,-0.357229524010722585717149882031
0.287603355147794114772620462069,-0.329333320200557306428729796545
-0.000015815759563251030610837822,-0.324468716568314842982899292195
-0.571383034112667900035189957352,-0.321770309358035935433869610397
-0.287634986666920616833842137714,-0.319604112936072379537068787844
-0.859690159870609180748480979700,-0.318979275256140349159444637707
0.712521627098857124203304468780,-0.264486486453056774848738435310
0.878590224883197087006954135637,-0.262476981392615251212268156354
0.437062525034046369720000514583,-0.256875788525340986961752071653
0.145198059802403440634240246017,-0.243872515510706197507603466425
-0.142421111104953925168991053875,-0.239007911878463734061772962075
-0.714749767318694026387876652609,-0.237892285624377830864715994069
-0.430040282012311290972222353766,-0.234143308246221270615942457724
0.580831637449697686562670157596,-0.163290815069103279835546417648
0.290411935364370132299091329855,-0.163276314453097552032307640656
-0.903125640250220983189791342514,-0.158679005996113270922617218814
0.002792764457012766495860029964,-0.158411710820855088586477136305
-0.284826406450344599307371269927,-0.153547107188612625140646631955
-0.573521089779828442346204203788,-0.150500764746961194764842447089
0.745404011617381541271947273476,-0.101589223758266008282378475427
0.911523990447013045117690427099,-0.099694352201314761758325374568
0.435625810926336823963942413694,-0.082680113395488906557011814887
0.148006640018979458160711113803,-0.077815509763246443111181310536
-0.758185247698305828829187015424,-0.077592016364350752627888575177
-0.139612530888377907642520186088,-0.072950906131003979665350806185
-0.429309891146976672293014912135,-0.068038142410087365805286590699
0.610618779161175472760188140938,0.000096893983031863677102325330
0.293220515580946149825562197642,0.002780691294362202364114515233
-0.916934209803040891883038020625,0.006826705952295805975649805297
0.005601344673588784022330897750,0.007645294926604665809945019584
-0.616956570159440244787514566603,0.009799504513065883471984971804
-0.282017826233768581780900402141,0.012509898558847129255775523935
0.914555338475686330056606988412,0.066358736326944424859857792127
0.438434391142912841490413281481,0.083376892351970847839410341003
-0.771993817251125737522433693535,0.087913695584058324270378448935
0.150815220235555475687181981589,0.088241495984213311285240845353
0.750183433100220136472690739277,0.090122027426529346379249554301
-0.136803950671801890116049318302,0.093106099616455774731071349704
-0.424423121579159255919280618193,0.097970703248698238176901854055
0.583648266704879533155264365319,0.163973093409579493314706166772
0.296029095797522167352033065428,0.168837697041821956760536671123
-0.573965503268832270195997480201,0.170219532714821585786638422461
0.008409924890164801548801765537,0.173702300674064420206367175473
-0.279209246017192564254429534354,0.178566904306306883652197679824
-0.894865206955497746915701978416,0.199786418635788009751408718392
0.887584826019390390451683212793,0.230234935753492054497461633570
-0.726876896632681245730595895166,0.247748863036511673244598593884
0.441242971359488859016884149267,0.249433898099430602235832496892
0.723212920643924196867766963658,0.253998226853076976016853395743
0.153623800452131493213652849376,0.254298501731673065681663001243
-0.133995370455225872589578450516,0.259163105363915529127493505593
-0.436079814510980371482583692791,0.263768902263278114398545268079
0.298837676014098184878503933215,0.334894702789281711156958827012
-0.586094074462363524413454138912,0.335856832383248527761770698037
0.580807625298533522729386747606,0.339459031542928084937979725863
0.011218505106740819075272633323,0.339759306421524174602789331363
-0.276400665800616546727958666568,0.344623910053766638048619835713
-0.838794905193011459191477479783,0.370456550817411029391431026879
0.831497216982374665296949919505,0.386558310183407992307129720560
0.156432380668707510740123717162,0.420355507479132820078085157132
0.438402329953142848591006531553,0.424919836232779193859106055983
-0.131186790238649855063107582729,0.425220111111375283523915661483
-0.416218693913809939087498655057,0.434255022370768965189421251371
-0.568305204053367926897716877410,0.500982158636421408200134484766
0.583897142530349347911619072822,0.505511047983316839330462492291
0.014027085323316836601743501110,0.505816312168983928999211487252
-0.758214831167012954723874316155,0.515679375988282241395365871051
0.748132457566329584842683204939,0.530200693093709738633876272480
-0.285021173451193606655710439617,0.536088356329282730562132086886
0.321199281108311861110471645244,0.542589979523764379204178274369
0.160993754437585551839861618543,0.586373612365272920329058237321
-0.128378210022073837536636714943,0.591277116858835037920337817372
-0.434227473902516160627516672936,0.612588885809641476660601426510
0.466514955217353676210185820349,0.623002491851632723027566637785
-0.652761625220728824899894305900,0.643985411061833670727618698312
0.626442887741379937205721775809,0.669527938243850465534806092724
0.018588459092194877701481402490,0.671834417055124029250184567441
-0.280459799682315565555972538236,0.702106461215422830813105167074
0.321764722788466956400167015625,0.708669772263131583284837652111
-0.525894665086037296205899587083,0.751165594429970406295773654315
0.162300167814617957793130542308,0.755079609449197154458719225240
-0.123816836253195796436898813562,0.757295221744975138171310897561
0.467080396897508771499881190730,0.789082284590999927108226015527
-0.381775803718121088383812169561,0.833703895107051063827510602263
0.286033799170357703279629159008,0.871138919703965646846014632538
-0.225132840289001319264738444887,0.888892655636603371185716332750
0.104928511663945795628200113742,0.910936307576591939707167127593
-0.061104425394261962027079555055,0.914921416417018405606675646033
