-0.011860580941764109214314016000,-0.972975091701661382954482597352
-0.066828142403000000000000000000,-0.970725945472000000000000000000
0.082602440236936186270199643717,-0.969534960338736780037059377488
-0.122231606571744204563800358869,-0.965339648417603768703535948846
0.136165738073284301919622139199,-0.963472933832129115739059313298
-0.179174603357690144382915068737,-0.956408732688983202697558907423
0.034427498314182039929097788636,-0.945349220506938917851022203249
-0.235005397758000000000000000000,-0.944197662104000000000000000000
0.202488627949000000000000000000,-0.939479592193000000000000000000
0.257115787364000000000000000000,-0.938454314331000000000000000000
-0.287046565142457024035467092130,-0.929744842358401949268933491053
-0.036260255822321303039034547594,-0.924908149774852112110667736736
-0.090090450294677998022548250204,-0.922064700541894475837803902687
0.100720216490004767821047992526,-0.918079532002081291357100733190
-0.143644649954239506681054328662,-0.915869893884439539547661535952
0.154359438034045141571763848313,-0.912730798262072945001903383552
-0.338092683546617836865270595873,-0.912422347262702155687201122914
0.348347728067000000000000000000,-0.908549645041000000000000000000
-0.196522618676181033930988923692,-0.905371281685023825008624740503
0.295124298374000000000000000000,-0.899538431488000000000000000000
0.052256488324562751285802542235,-0.894477792812388281704465648310
-0.248705479088257763155071848288,-0.891853733102316088389315866423
0.242471893859000000000000000000,-0.886564357351000000000000000000
-0.000679826884848154830318540935,-0.884303237661324416913932851964
-0.419598525634887264922397563820,-0.877928402398032324959381813289
-0.299751597492418575984875344272,-0.874531238006616294807583491423
-0.053562861510409189289867071017,-0.873855286222699649387722412407
0.190389256322893195032165987727,-0.872635571182721729854489551825
-0.107393055982765884273380766899,-0.871011836989742013114858582245
0.383813410488000000000000000000,-0.867786218942000000000000000000
-0.366848644496331157213737735144,-0.866827723124206274839869111931
-0.160940910936550121632687751693,-0.864814880452809261592858114937
0.137249154945903851040159151012,-0.861613156951896916969059358849
0.459252447969964580247198187120,-0.857851031057098800905344389022
0.330391250350000000000000000000,-0.857712344470000000000000000000
-0.467571799369828275563890468454,-0.853345073745781677708772799872
-0.213137039844538020079228497798,-0.851348657244616896064738109818
0.084363667181460808765351887943,-0.851177629922125305275243163269
0.277797633611000000000000000000,-0.845834238741000000000000000000
0.031402024443434806586721226804,-0.840984305820591115728879395291
-0.264084344507782836602109584369,-0.833737661020022967034525608519
0.225704630602929208447510881778,-0.831909665668747955515224805756
-0.021481108576478122161374340697,-0.830536281511622156582994353506
-0.514110104748844465804477057095,-0.826142846393566907589026333852
-0.075139911329000000000000000000,-0.823773502172000000000000000000
-0.317000797583161952206189579351,-0.823460305601757585873708928192
-0.422788534457258027736908428851,-0.823341170262356339194132178141
0.419079302265056753808608124438,-0.821908112357521904882180362831
0.172878708005823509972902645602,-0.821161828305948607171839330731
-0.129087795164000000000000000000,-0.820793831019000000000000000000
0.494752378785552324377189320247,-0.817285898830510011769311474302
0.365422340660727824829371971526,-0.816740374761269581866695377941
-0.369882961938707324544789351766,-0.813007950195188445287450978286
0.119816202253839064619164675677,-0.810571068907753029988497716088
-0.181391712980000000000000000000,-0.807375878894000000000000000000
0.312839062909856128051063025497,-0.804871215326679728663658537625
0.547153161198941580235031453724,-0.804639435177109353537970096659
0.066767854981958102889289276672,-0.800225079117362052504778146859
-0.469326839836274217977495032398,-0.796138942910141569074385713154
0.260754019048581141560043868044,-0.790954624342215889400745085557
-0.232788092787721862558678738021,-0.789847802638538877617280134239
0.013871849357591243539830215555,-0.789842996982303679170970127957
0.454580855136993372538548562520,-0.781341167252357734133053001571
0.207932034851220652130813653769,-0.780202274555962310641074293881
-0.542185071935248472588903132265,-0.780125770672107955493666375891
-0.039186641038039838910685350373,-0.779621753518870098224854921324
-0.285839909700955175752965556327,-0.779474238411513269512693096179
-0.092648091416375500836796008529,-0.772718974084692705952083068225
0.592660002601005608731210113872,-0.771735267931373303809932845423
0.401612663482374811303634627153,-0.770911136269645285379662917350
-0.595102489378939500583369628978,-0.769853381876784194113527937319
0.155045731557634979356012942722,-0.769770881340719302188526248420
-0.339097459103712691780483936480,-0.768758341658290787458109164020
-0.146193626105483947940819128013,-0.766502000920070503205227184657
0.348135759080592166787905631885,-0.764129120634544709410120314827
-0.392384081051000000000000000000,-0.760611487116000000000000000000
0.102121709638834133063922707496,-0.759532573648017532378035453029
0.542944676913040292957601065116,-0.750898727138533321192833076420
0.296056548386214952049687464386,-0.750217583914152724036978306560
-0.197277718120448020542527305374,-0.749291812557393221736880947533
0.049225704014467273714463638480,-0.749150491512959159044227432604
-0.445365446586757418195331196062,-0.747852022589891703424085083565
-0.499238039746000000000000000000,-0.740723948090000000000000000000
0.490026394138360105428477862478,-0.740630797033047853756694679989
0.243235194062130826460849638177,-0.739462140276547258091524045984
-0.003828114798326340136406447859,-0.738926532951978661037198410936
-0.250363766027040314367622388081,-0.738888301555258500896280893098
0.634487045678927471619575612302,-0.737731245995287310511590531898
0.437111561753627121662179950421,-0.730345100451495289808173068343
0.190348277746131467227444107153,-0.729033855515541284583794977868
-0.056756034251765096502877004701,-0.728660086919614795666600440535
-0.303284160829661470179891306140,-0.728469599965281952045998841533
-0.551584988284514270595885213271,-0.727046428050905927256749195263
-0.110214458301916045134457894554,-0.721733909146384361531091114525
0.384247684526627565648656564452,-0.719800645747677439859643822745
0.137424255827330620935353847837,-0.718795547822839514773304188913
-0.356735968501633324848920322459,-0.717820555814267157028611913076
-0.604537646697402572228144465962,-0.716780292209345372686693173865
-0.658490856753336201859569901614,-0.716387460822975165755573218672
0.578309767640650064307407066936,-0.710215986347135330343884098722
0.331342375716609837299877344543,-0.709466075597506258894561294719
0.084528250202963761585894792708,-0.708413465687781141439496163225
-0.162392302265581593184362023922,-0.708197009952864474070056694750
-0.409640984699572184398416514037,-0.707484487820683932376787924293
0.525394935255917080541109156589,-0.699930289765582766395362483537
0.278523542602125973533033576176,-0.698698257392482017614439118314
0.031537047598333905665244819209,-0.698230098008351081621951986280
-0.215357252557529860578635945232,-0.697896606601510469514091089433
0.678116111233233112896149976162,-0.697839338342322122889639395072
-0.463005796705931522810436536516,-0.696914874179864834286269650709
0.472476652481236893011985953802,-0.689662359660097298959224089757
0.225634175717001299152474672018,-0.688282408365022655087696926864
-0.021394910736532127165256339989,-0.687963970997759902273728360641
-0.268305247932528522945310656754,-0.687454350447487536738157332335
-0.515920065820774275853747812269,-0.686626280276218574526377339162
0.625710115578345706794888735286,-0.684545340545801443729047207899
0.419612775254237336998462584074,-0.679117904956279449010694842182
0.172710153798200452860384433788,-0.678044100672320885277206131835
-0.074312811567468424503897148657,-0.677694072647759539140159924290
-0.321238519961003656523176618005,-0.677253251398303095096981999216
-0.569177925388278535885117771367,-0.676092884459364197522081179264
0.366707466444219608649683344888,-0.668783334806108268045612316507
0.119814148173833593510925360645,-0.667662018537262511943398114859
-0.127216379824507110814263429718,-0.667350596145876947066642374789
-0.374237179142916429890788761361,-0.666835433802433276778663066698
-0.622101011083845954806760349197,-0.665816547528433620507541641199
-0.676004694119771223783658072870,-0.665406674823010306199432966742
0.715719879279099641761250467516,-0.659216396077072365941560901710
0.563745803970902702764948676749,-0.658300831601796372419819184216
0.313890508180925686088770966977,-0.658006324075594148292859454329
0.066854336588600096935779159548,-0.657487953240441356684975794290
-0.180147408056957913911036549860,-0.657079430183760893716077145566
-0.427328136207327626402673648033,-0.656505969445654234557755586419
0.507828082184210432420584199719,-0.648967747505318518947438621996
0.260999322238559337211001855771,-0.647599716074800759662986005102
0.013930817575001029117715276426,-0.647247046264525278126232494093
-0.726702391989406648705751918980,-0.647089511527584009571452714499
-0.233048435038380266594237951268,-0.646677737235755865245589228415
0.663380423033726681019374257933,-0.645987293698363524779472447539
-0.480552747573573533375210987525,-0.645945475951901558261421644882
0.454964204957210876407060815202,-0.638423292801500668998909383741
0.208084503960102832150282511245,-0.637313946923683571597844351551
-0.038987231153850886301877681088,-0.636977019599765144680695946280
-0.285995677096228458419122898228,-0.636464563416450668797409500082
-0.533513002924538541142980364076,-0.635672736684676844791709306758
0.611153021215844468540488231520,-0.632642873897352226529494697539
0.402058896147193148058281594544,-0.628088722651329488033826853612
0.155179218037267528788296022595,-0.626979259608859124862128710832
-0.091890799410889572612243942460,-0.626633543097882552607178392355
-0.338926918354734721108345375761,-0.626105094698237914094277794760
-0.586741289774721918463733645943,-0.625129139778452445342929634018
0.349243634934606870623740926913,-0.617303398200093533264940922216
0.102202952630464263267163022406,-0.616714782773137321376180920639
-0.144826891130000000000000000000,-0.616354246207000000000000000000
-0.391903298978030005102351685609,-0.615875242800048720863137182113
-0.640186058132089516456351469362,-0.615035585409397657056709272145
0.754441475785372176725792706479,-0.614523605784938259011183709492
0.543160538810560874841373965478,-0.608256661186979955576306391060
0.700984191079593209884474758350,-0.607364351433113767831393938707
0.296350804865971094512227942090,-0.606905149895568017211542888641
0.049267912899792313729024629733,-0.606532161201558386411281369446
-0.197721928306717304123497555879,-0.605961487867599175379009009815
-0.761421225809358850208450056771,-0.605853876226855443334393585121
-0.444882536496230719220292181042,-0.605529995227679575514231093210
-0.693116893662000000000000000000,-0.604773318502000000000000000000
0.490296661583561318827850596082,-0.597712206483162105627777147596
0.243435986587514589451508617151,-0.596619380744450829146401230769
-0.003651013993508337130023879401,-0.596266778763294578528424065814
-0.250679463879613736210395850441,-0.595737361673028196765505549016
-0.498145684677337798664443544677,-0.594991932360359828526753627769
0.648757142695818785003413590676,-0.594018548437750997852612663649
0.437391352773543590479071358428,-0.587377636332990924662694620281
0.190530700664679286089522111925,-0.586284693429626382410685596987
-0.056554986466863589266323421526,-0.585925369912919383382313724129
-0.303601818009159416978868231402,-0.585387625154475937108307005652
-0.551076367310981923721596242549,-0.584708992003765092612557779276
0.590666631760669264972607122426,-0.582782239248733534128436889602
0.384577372987472069153940122628,-0.576586038692762792432119404383
0.137569511733421263568381066761,-0.576031509075941326983396733394
-0.109483276047000000000000000000,-0.575639380680000000000000000000
-0.356599305343497485491750114415,-0.575139471370934530272057716794
-0.604265112236975871692957056784,-0.574151785131672739719678332698
0.787607264796000000000000000000,-0.571389274013000000000000000000
0.331683302979429694168248419009,-0.566194099583219243988734514654
0.084625329949803956083436798691,-0.565755954084003531533574656252
-0.162382663175668579313845721116,-0.565256311532523652156266702186
-0.409517748440123895055638979470,-0.564846991329014561099016162109
0.733908436140087397786839276173,-0.564682163957907290092917141185
-0.657182652755501780355225296734,-0.563880030367158676648123057234
0.526736571480481242802112347806,-0.556876597514791126162918312913
0.278768484700973189107529074838,-0.555908330432102055923592868266
0.031693624610459285715095646953,-0.555557443881972081692977308530
-0.215348322906000000000000000000,-0.555019122950000000000000000000
-0.462479013769670790043346780949,-0.554573327401302564041371329071
-0.710100153630068409337929981206,-0.553608071368876571634686393155
-0.763981686122929797530376135947,-0.552009479271788922544754420784
0.681709111019431030324602505052,-0.551228335602373622218088914459
0.472794007465793058391217554099,-0.546727579983540492665292636611
0.225863198778137885745542586970,-0.545573643117277609187877223691
-0.021211822003912569165905151964,-0.545223579212546693508976295061
-0.268270924162300713955467768465,-0.544675182579089349440570714740
0.628269505626006860553105100066,-0.544158426418568003159405335386
-0.515709049063781181243059419255,-0.544028187679448076347602083693
0.419980794215003321551873806291,-0.535932231605708677329421397192
0.172929142659670846985571902422,-0.535334127227978809486023686419
-0.074134458080000000000000000000,-0.534932191918000000000000000000
-0.321264878444779216367090679875,-0.534430095101931298449077568684
-0.568620243545492547190467302100,-0.533713951653121239566688298322
-0.814298776245859806282227282708,-0.532671292127356588081087482332
0.574259954307172631997281731302,-0.531434444988326652574583218337
0.367085983099679602928256166804,-0.525544065379354045330141022037
0.119990398948890423748304250471,-0.525073194404232520236631291806
-0.127034949741226329958206648170,-0.524558471351149167204659662510
-0.374179376723744043908958512690,-0.524141039369784898307158712523
0.820419302655915287599923844560,-0.523195346196536983379680580649
-0.621828281928725803046015865691,-0.523187973354579915294301689678
0.766532898357966223617202001508,-0.521770399772938785651820064956
0.314144277048468839183247212058,-0.515221973770524013966938781217
0.067056857593492825238326073897,-0.514793970021982552644368029108
-0.180003080386000000000000000000,-0.514311298493000000000000000000
-0.427116460645897504292076512348,-0.513888380835767285222998748902
-0.674745782803292432028720556175,-0.512916014356297810280865044505
0.714333573237309856154965210672,-0.508316571417405117776991848861
0.508023227911999422193968964604,-0.505927125730864038685664369317
0.261236834632590084140066795875,-0.504898332093159274395839645677
0.014138237785290140768782069594,-0.504527777053454875106374979406
-0.232925888728655697225600595036,-0.503975016600723525659702069490
-0.480055967957909772550632062382,-0.503597594706671832153293574795
-0.728170617749000000000000000000,-0.502688512765000000000000000000
0.660893967843885686383467820262,-0.501246662233599498718308259101
0.455210014661209685354625225833,-0.495131777353032223349793125575
0.208264197852811439346092270008,-0.494622193609903360856959200099
-0.038779585144000000000000000000,-0.494227624502000000000000000000
-0.285922270742226446303596560985,-0.493723863461682656149669101429
-0.533232671730254687357694215524,-0.493050764351908221010923599977
-0.781104993351476610575412530386,-0.490198385261535616772463376306
0.608260862878884605032657909577,-0.489604871039142901328010181234
-0.842804517139502086373240125171,-0.486277362364774653365153524568
0.402315203545885966731007581894,-0.484743611126677591350512749570
0.155341292389511106679829206807,-0.484378116404282326953151125758
-0.091681158993309701542669302523,-0.483865910357465404549899942736
-0.338837154388238767811421894486,-0.483438430597620666955012090431
-0.586184448212418399261910706372,-0.482749227596626736880382320777
0.555234522589363392950104454700,-0.479910425414350934530168088960
0.848133427201882995082447083077,-0.476960052955088423695990202680
0.349402564792949785140907385952,-0.474446635809943805208171660920
0.102422275221224089166503721640,-0.474111090158415160323382789771
-0.144650582141000000000000000000,-0.473612291054000000000000000000
0.790050494988525271326339504473,-0.473265784640000493512979493513
-0.391772270488066397935028517105,-0.473187480814278529419590545689
-0.639386836134997704894560394834,-0.472222571220803319806124152674
0.296495122377071030097726969788,-0.464122994132579065637072525451
0.049500547574843798401479797599,-0.463827794777991244713704291308
-0.197572487716239592113196862218,-0.463282117007214038767208449057
-0.444689820099184354663228523513,-0.462915772892661091014023929026
-0.692304337009564333877265091305,-0.461950612222521214792687490147
0.737851169867868903864102732418,-0.459811956284466825638151268128
0.491033526852000000000000000000,-0.454736160581000000000000000000
0.243570395298490187160738080852,-0.453888332236361862136269351841
-0.003419515680000000000000000000,-0.453526770831000000000000000000
-0.250571819417000000000000000000,-0.453020470257000000000000000000
-0.497605216234154508186977383812,-0.452597588267136461947768925954
0.682781301164726769308306045192,-0.451984915608306681128423025114
-0.744922390374362873200115907286,-0.450240979411396787240557165048
0.437789388587262137616515855893,-0.444119064940694771770059327746
-0.809059712939795877859295696021,-0.444108161859922691796036950898
0.190647561004000000000000000000,-0.443643073552000000000000000000
-0.056328799067476763195776851667,-0.443172106306399965093625494664
-0.303489602849869629173512863645,-0.442740449803550720983858323523
-0.550795831908597084907173416943,-0.442086949296301988542559156602
0.630148196199725687957496153329,-0.440343124413850083738124935832
-0.868450681649265580665632584269,-0.438863764247670146507501478857
0.384801443580414521878766938280,-0.433762798536606037016008373627
0.137727932082783776520156163146,-0.433376760238236627737846775569
-0.109293517995710761490644047544,-0.432919076787137493640604296975
-0.356429902842687437451099967449,-0.432484821870753807331975360716
-0.603750747561305283311429595123,-0.431776999996748428489902689381
0.577053899410217815302770434077,-0.430618541339772192469887911124
0.821972188666901751381361344802,-0.429828697799651177565979259209
0.875605795583139669290817140876,-0.424423954547041963456983414684
0.331888920942069781662506104303,-0.423465226564592244798963642995
0.084811583471000000000000000000,-0.423092956169000000000000000000
-0.162212479434968114350333556285,-0.422594958654478698561724927257
-0.409347481746367608799149583141,-0.422213264859037817048562376774
-0.656949809133136561467738077611,-0.421258691659502317208144334090
0.525951169467872423560136191350,-0.413463774278926848416092905605
0.770621105210445691128222377965,-0.413432318067520265206426091605
0.278925100350452980089072159463,-0.413161544325334519385384183086
0.031894993367000000000000000000,-0.412786877956000000000000000000
-0.215208869651000000000000000000,-0.412326412293000000000000000000
-0.462262944294084208157660975220,-0.411895022566848376049406832171
0.716813993664811616904290629110,-0.410181197093480548316686592606
-0.715515228665210393609021683115,-0.405063619144511949418870354470
-0.773242673490803687381777366502,-0.403822746067337332731537082247
0.473010547614855608313592864732,-0.403311651432545059449738855385
0.226000373271872137152083264510,-0.402926882429117315884581004266
-0.021014681063434259249299835310,-0.402445111449564410368281636240
-0.268141935461132770641339887349,-0.402042569629672162492299219625
-0.515180459058737937289193060588,-0.401623135125642488697859427336
-0.834646674156306595038778066165,-0.396662588239437028523180261640
0.420096938591544333879861831669,-0.393019663257255489694527683336
0.665822878672958257858687337504,-0.392697455149613490056528282827
0.173079035199981161018493971847,-0.392674711090675329520170620194
-0.073965329823000000000000000000,-0.392201395406000000000000000000
-0.321081984812000000000000000000,-0.391783696495000000000000000000
-0.568354317377376729820581280367,-0.391121523481198641142482508526
-0.891427357681930678972655429113,-0.390100587577542287744137279516
0.612007745775702283748506595082,-0.389581927630424087134344627805
0.367184415953199593663600996184,-0.382722091285241697477482960554
0.120164152477000000000000000000,-0.382388047365000000000000000000
-0.126885111399002358387652185686,-0.381879456592934944884650340600
-0.374001206016989795856006714332,-0.381514176017456294400038951966
-0.621367322275661771155410686220,-0.380765955650314416557424656960
0.809104142018000000000000000000,-0.373105848842000000000000000000
0.314265511949230159875764565709,-0.372457363354564894663491444580
0.560976534826947580853050273127,-0.372215565041331148772802113920
0.067244438345000000000000000000,-0.372087212090000000000000000000
-0.179839000507000000000000000000,-0.371636202834000000000000000000
-0.426919013379093586960709189943,-0.371193897423327848555036789980
0.880207724904204028564711948085,-0.370715507474015575545556412809
-0.674364656444031427635696009105,-0.370244006189430402845705618342
0.507999639908345451701788371205,-0.362254458413273372719126120212
0.261342173392950252718509672541,-0.362204545590329800385211096066
0.014332454444486593902103788676,-0.361746769322926997913231038631
0.755317427734074436499634562312,-0.361745061454585624015007946261
-0.232783935661298283372968126751,-0.361353665852019796157452235378
-0.479837742504150991649720336513,-0.360920955490956160171840440825
-0.743400659135236505417032834521,-0.358931441567754444370333179125
-0.798878616050000000000000000000,-0.356253669380000000000000000000
0.702176184648235203181737301776,-0.352701648173976773681186364167
0.208419785419538474805457782693,-0.351957795292609597823191705779
0.455088435787517891126426910273,-0.351950113749187780222498741349
-0.038622306921624170866133054579,-0.351496641873823956847626847825
-0.285729971871000000000000000000,-0.351079981191000000000000000000
-0.532755694242585245029889989246,-0.350642972724294842005686454861
-0.857789862806666006519529836856,-0.347978218472888504663120301515
0.402170864313054656502721488304,-0.341678518463292623117534033653
0.155495618605000000000000000000,-0.341671103284000000000000000000
0.649448084442490719573471403565,-0.341339484450003525130604573117
-0.091538255863626376532493333222,-0.341180871307529642965674134898
-0.338655794653761601263307104633,-0.340814336508726928057293203462
-0.585916933437301701309361724875,-0.340157520914643744229113437549
-0.911915405954000000000000000000,-0.339333249890000000000000000000
0.596428444944018719074912194383,-0.331608458403166718674284212714
0.349249487537736372086636678242,-0.331426546912563897559296355290
0.102576110766294305119159441921,-0.331369516529736285854617207333
0.843574853173367387166056185693,-0.331170498317053450718400784573
-0.144505435561000000000000000000,-0.330923812401000000000000000000
-0.391571224589271620036960065965,-0.330496122691258219874047387266
0.915417139086733114162943679213,-0.329897959857882776668126660032
-0.639172811720681007492952844949,-0.329411309665201907555183707003
-0.701739641464000000000000000000,-0.323385445298000000000000000000
0.543535604692844674870491657304,-0.321209790892422381921390943859
0.296326657236419093155604877947,-0.321182081413079685773615701853
0.049669825114502483501617429694,-0.321039948339189525426523849225
0.790633899225399390611562681156,-0.321020107410724746735032924706
-0.197431794857000000000000000000,-0.320657501600000000000000000000
-0.444491068382232305978388021370,-0.320222212648074237060586651974
-0.768745565644420988011650410040,-0.311356124916019516645922149954
0.490583291052254264607639229047,-0.311118828570587490584469634239
0.243405856425346775064882005007,-0.310927137142779815965143572426
0.737706818709799589793593663142,-0.310797622949138875881156821858
-0.003279712018248901358958145843,-0.310790869766058783427403199709
-0.250368841020000000000000000000,-0.310387755322000000000000000000
-0.497411245001790801616214745148,-0.309942297688897041590254858126
-0.822493131905999665885417085454,-0.307236153868869054610494648830
0.437660109941285431774300485475,-0.300876175517411258626749799683
0.190489054698389448845382205799,-0.300651577038238809147839257122
0.684771060206339831599242857152,-0.300620171788089929289329062759
-0.056190279982306555596003461328,-0.300483259073323802792475776515
-0.303305684480000000000000000000,-0.300111274361000000000000000000
-0.550332073006657031604626836368,-0.299666870776572511949306094564
-0.877062732934919107483191905474,-0.297636073926875787654087977501
0.384737321101802616008325248929,-0.290631495828730808333771708882
0.631845613134556748475076939119,-0.290389233770291359828794357284
0.137575030745750011254322531201,-0.290361722344821194166759623096
-0.109155123153000000000000000000,-0.290226776195000000000000000000
0.878952278642164858461432160799,-0.290197972537603818641030328261
-0.356221048243705166723058549144,-0.289800421778145755809750996417
-0.603335355037141083776318123906,-0.289144055736885063597114018739
-0.929848907535804125623859553538,-0.286709280642612099098983301817
-0.666247156625763408565302471486,-0.282798490737005907703402260413
0.578857248360340138260582167225,-0.280489322708735860363508827126
0.331813880361946246571261008565,-0.280390184353775086185175201120
0.825978937677245816430130597635,-0.280217983184574490561490318044
0.084667136471869346779068495197,-0.280040396655937316828651650054
-0.162083677534000000000000000000,-0.279958558801000000000000000000
-0.409142903086909736596349400859,-0.279524764930475265485373085401
0.932281238536457346730910146347,-0.278698573238295628670617648070
-0.727141888137000000000000000000,-0.275738312411000000000000000000
0.525931466625523899750107560858,-0.270260116081106302099374429395
0.278889590303000000000000000000,-0.270151730919000000000000000000
0.773037983729277819875637078989,-0.270067592278245786578122448397
0.031741913377427602860493921180,-0.269808300053787837229575442289
-0.215020455363000000000000000000,-0.269689045579000000000000000000
-0.462065341768792238148827907067,-0.269242885345281435666482423869
-0.786954542507838988446408029834,-0.260619469507334400912193011268
0.472982953229439719006609224010,-0.260149232360241804576928709720
0.225959883790000000000000000000,-0.259905177086000000000000000000
0.720110903213678019057668075647,-0.259845107816659915724246354514
-0.021169286622677959082795635721,-0.259503934230459463600509730090
-0.267948596555000000000000000000,-0.259419534671000000000000000000
-0.514990047402620834768780641078,-0.258964091182596395565513552869
-0.840702108769417666320174690016,-0.256499498460183938876765524331
0.420059511298585049194229236714,-0.249907927039941936266427511149
0.667175144710218260863317256066,-0.249667656655610969132418586673
0.173024647335000000000000000000,-0.249638669714000000000000000000
-0.074100056395000000000000000000,-0.249272331608000000000000000000
-0.320862315511855249276945373976,-0.249112154918155836554746624964
-0.567937357802671514523337530904,-0.248489943616945297576156571970
-0.893642036661651511440503977473,-0.246343757461259754110914626798
0.367135964238299009457971154276,-0.239667165006292412437068904906
0.614249697638435177739151351621,-0.239436718637812399671883889948
0.120082338236000000000000000000,-0.239361972054000000000000000000
0.861424647126451503574333252283,-0.239221927438738796832091127329
-0.127019934606000000000000000000,-0.239012213018000000000000000000
-0.373789007969210349944920713289,-0.238832294613734108941403242923
-0.621660369690669152405386160687,-0.238449195263459059617170695671
-0.945269462463840438064386972898,-0.230839437240378552387391831372
-0.674835510847580974136530896390,-0.229581809026918636918862791319
0.561261332864218567524656566111,-0.229536807576256900206598351055
0.314211860804224800160873170846,-0.229429278692625751285333715577
0.808451306161532461543031673356,-0.229241938085709468752551102108
0.067140258769865005708291182039,-0.229064092371582495841405886873
-0.179941352657000000000000000000,-0.228756576955000000000000000000
-0.426717654975829069701068260172,-0.228545022024724595344701677118
0.946284185799661278625481704482,-0.226643866357783102215117995673
-0.728175372671000000000000000000,-0.221728844790000000000000000000
0.508335551129402329014181973337,-0.219307600948627341942463962050
0.261288076818000000000000000000,-0.219186962254000000000000000000
0.755510352213564464988538168291,-0.219091547179380764769183247014
0.014217318206104630559340489402,-0.218820196503464970169134470724
-0.232861904419000000000000000000,-0.218494581805000000000000000000
-0.479637734628537834169304057172,-0.218270246168939151479227972168
0.455390137946872923547110338882,-0.209180495567355252997242068996
0.208365988039000000000000000000,-0.208932896594000000000000000000
0.702583271697964664170569152117,-0.208869062717794893915307140558
-0.038725740707117839765912759415,-0.208537808613015254341977627014
-0.285776678537580971431288873176,-0.208188162950343283640062911532
-0.532530214859545596039316360316,-0.207843796578422727167958812243
-0.780404443515403715821217918213,-0.207113663806817685154315363120
-0.834152147821025145628375582936,-0.202993675860707145108079841988
0.402465603765106483081759401996,-0.198944836227811742205508769902
0.649647513194504905976218345398,-0.198691611556745947323479385276
0.155441559711000000000000000000,-0.198672413801000000000000000000
0.896764612039371575402654794841,-0.198517358648175164704571523353
-0.091652011619000000000000000000,-0.198300475961000000000000000000
-0.338694176211422175267314805438,-0.197916187463069210587843156194
-0.585833621738000000000000000000,-0.197610046244000000000000000000
-0.887138448211426371841905029751,-0.192832278526901690375443628978
0.349541401564000000000000000000,-0.188706096661000000000000000000
0.596722066122721822852052428096,-0.188460673538947377862944675973
0.102520675172097344727619851202,-0.188394679102188043936730796995
0.843843830269489515592932081819,-0.188262316116002648611840061840
-0.144573339779000000000000000000,-0.188042844777000000000000000000
-0.391610720018303379872219716609,-0.187639299217760172504066058919
-0.638763806662172115790250876396,-0.187329262905972765799560463189
0.543733701348505212637557655489,-0.178560762477391878397659149657
0.296617187065000000000000000000,-0.178464987128000000000000000000
-0.691934455001523813225666378292,-0.178460373705788493045529824762
0.790870109625302961433872446942,-0.178284342294437874684359594653
-0.956602178479943571277152709690,-0.178138919328592256751209746889
0.049566554253056900227099610069,-0.178103912328454046927836859090
-0.197495140624000000000000000000,-0.177787327770000000000000000000
-0.444528120473733246097751038228,-0.177366822909108025697913939205
0.944129692039263345376691073437,-0.172781697843058827121199996300
0.490807919613688974127083049115,-0.168331555849762320133524748865
0.243694009645000000000000000000,-0.168216522723000000000000000000
0.737929155677334964879378944128,-0.168133951388109170700991733839
-0.003355890538613770893716533760,-0.167857455489882066435035958024
-0.250415141431121492420219061712,-0.167502333304867968273570288800
-0.497424776109977895182813810693,-0.166936789713186312156420991988
-0.744572604193838769735014928574,-0.166841411184128439889824047643
0.437864403679069874543162645288,-0.158194536516995802232367727245
-0.802985199361590720189192370686,-0.158165890559334403201906816406
0.190772900910000000000000000000,-0.157958844664000000000000000000
0.684981823756793101405789717822,-0.157918458493248390467872033181
-0.056307189424023557073202302458,-0.157580299828862913717438063332
-0.303342668738144539673800003022,-0.157221642867522449139983204617
-0.550487897299000000000000000000,-0.156895962719000000000000000000
-0.856067490689762847160422600363,-0.148782640172436968508193633520
0.384939168419440209170144572996,-0.147962502839128949333730580099
0.632046065253333343211438904324,-0.147741007332199443876044270457
0.137854665817000000000000000000,-0.147684848621000000000000000000
-0.109232179163000000000000000000,-0.147337870420000000000000000000
0.880020696983000000000000000000,-0.147247014884000000000000000000
-0.356259212545025744278704896458,-0.146944754622213411056206106701
-0.603418874926155615288915029153,-0.146629006874241438893063929255
-0.913475577478717680938601352493,-0.145798985399265643445187336411
0.332014867166175510623863875686,-0.137725639192199128656181355402
0.579108559767573410091049813874,-0.137514236623798001292460399874
0.084934534769006482453401016946,-0.137423683780723893191615632460
0.826212980626569239202168906626,-0.137321878531104669920589582117
-0.162153296483000000000000000000,-0.137079044660000000000000000000
-0.409176613000455610504236230534,-0.136672278313561264250053984557
-0.656356022269415823477757298608,-0.136375470206111850002597124461
0.526122029848874567740064452611,-0.127604509702889378165865385653
0.279089058643000000000000000000,-0.127487865617000000000000000000
0.773239259982382685043109287171,-0.127343904709539895993109126006
0.031986433665511048705280996965,-0.127145945330157351204151626788
-0.215074047598824834417412979673,-0.126798744676726692692338906003
-0.462076031446240190827431136772,-0.126239845218912250990416469054
-0.709273169438723882985317549434,-0.126101689211076931780414587467
-0.964999101838795946940843337297,-0.124891696691371937716887249387
0.965219923633962154778207892770,-0.123173460908512193664330905659
0.473194347513780295766430848143,-0.117385141664331494661775080473
0.226157701933000000000000000000,-0.117242321708000000000000000000
0.720298306034414688488615768143,-0.117193513803211192009741254878
-0.020937407473000000000000000000,-0.116899360149000000000000000000
-0.267991544524641441696102309584,-0.116526765335901548315957029172
-0.515203227146062517660870714306,-0.116047677722214311476050972823
-0.762280914248121591284142288681,-0.115927849184465377784311487475
0.420255066271888523457997593036,-0.107226030381151524526255085123
0.173225652369000000000000000000,-0.106988338193000000000000000000
0.667359035614066049335863381422,-0.106975231479751223631758654636
-0.073890947469607436118024242228,-0.106623587871884048500053405386
-0.320908088331522646301007222619,-0.106249877090592510232179935329
-0.568138053477002250656858630471,-0.105865379269242203924556861554
-0.815203272158261096358134037031,-0.105663569300104235881919884450
0.914960019668561561744194291899,-0.103687129959335065582280618275
0.367329690006540872394582863840,-0.096994726082894915023923227450
0.614424928709370864666912887850,-0.096789193649738504445109750572
0.120287740101000000000000000000,-0.096721233389000000000000000000
0.861523758590340853057997056047,-0.096591987786525331568864459106
-0.126812740271245372732270974946,-0.096373764110830801723226310327
-0.373825488786952512526538543476,-0.095977400781940363426027811704
-0.621062725173898341200458108028,-0.095630430991507013657625370030
-0.868151807268617521783946676705,-0.095552799292854465141434135196
-0.921966344262378137544995264538,-0.092426995617106610780144476070
0.314404733265102512031137538248,-0.086761251873760125696538160935
0.561494950932040151939636658154,-0.086567835138894542104176029797
0.067353792825685746895885297042,-0.086465176575039712490796531140
0.808599048666630724297517439893,-0.086357237180707558821102316557
-0.179731491084784361250006381114,-0.086096426075398782997936124483
-0.426726926687704754263053142786,-0.085543213500276911272667340448
-0.673979872343206400708018342996,-0.085356649996472095435442823930
0.508508421013341309588651293135,-0.076658108217985918977581010746
0.261480654082000000000000000000,-0.076521525423000000000000000000
0.755621634587343862411684349146,-0.076398892039875833789255089511
0.014398243654808669307068173328,-0.076190762937984740271389974479
-0.232648988010600968528695723104,-0.075824446734573638621554249277
-0.479867089761613071027771733200,-0.075339786162721048154194221961
-0.726935720425266247339190107148,-0.075172234736088295778144677187
0.970559794556405246894121303215,-0.069533356331770404746552445514
-0.970587143842367971378896011666,-0.069150550685059770234930008156
0.455578373112736465237099744462,-0.066439558083672443526896227501
0.208557111048000000000000000000,-0.066274951600000000000000000000
0.702680680639375865857190843856,-0.066248501133547129805887233163
-0.038523866399769508876324323256,-0.065942577350122665078810543405
-0.285565531817482173133600617236,-0.065547558489264600537777148935
-0.532820710677129977416601551211,-0.065093907543510060848733927695
-0.779864403122113368233765990423,-0.064958049088244174326913793356
0.402642555613527810569027153744,-0.056262413780744267808227593664
0.649753602545003835081429721092,-0.056026004136022847195127105323
0.155633392927000000000000000000,-0.056020143091000000000000000000
-0.091471716578720216113327329064,-0.055665844613334867753626360822
-0.338482932272912039359131954715,-0.055275082180612453731625032222
-0.585753197855463480437044317449,-0.054899456033609787791925865136
-0.832890412986859493955250695279,-0.054742649338054490538056645201
0.897478669730886122140223067629,-0.052695194863393829539885999194
-0.889592943345667365764599264238,-0.046095214190086049883351991395
0.349716755460000000000000000000,-0.046029787526000000000000000000
0.596819495640308650412479236735,-0.045839966306010128008478215204
0.102699631356897749018437552155,-0.045764920970022949972704556792
0.844057624307560143058662019867,-0.045486384534976864320600701702
-0.144389213504536823392016677415,-0.045393865272509723377244482665
-0.391372950010670964904286158366,-0.044850814042983912871807777432
-0.638670345024771539944604568264,-0.044625675038574869569743328163
0.296791938663000000000000000000,-0.035789823577000000000000000000
0.543892389276909179839313570640,-0.035617615672738545755571036579
0.049765602814983367497672480501,-0.035509994182867101558034887257
0.791110593788764487717716573764,-0.035367738394614502288477000614
-0.197306710430353430670706008080,-0.035121885931684579000862606777
-0.444513264079528435774160227669,-0.034647255519949253045452287179
-0.691639261420497923204640145824,-0.034426099067889106866330722279
0.490905859358210337488328218579,-0.025707888751829922628976029974
0.243868596938000000000000000000,-0.025543778444000000000000000000
0.738133179709477625831883495454,-0.025409393253782777256629784513
-0.003187622310694301373232153448,-0.025234778414913135523727833352
-0.250223254237234635275610915425,-0.024844997686375540917085510777
-0.497481880343130769879680392481,-0.024388353732058654587960164475
-0.744568578183852618793857914274,-0.024215199624813180611452047410
0.942713981363768711045581273561,-0.023377254588740397165292370285
-0.951069426418653217726149486450,-0.018902826885466915752780127183
0.437978176878890005152459337389,-0.015488521460241065768697380316
0.190946325654000000000000000000,-0.015290679184000000000000000000
0.685192225761509629277389974696,-0.015259002347454073273261913874
-0.056108706267497560681651459615,-0.014981295430622902988320710717
-0.303140654692664501501142238518,-0.014572521377723394110933386691
-0.550432514961538500183571859045,-0.014146519405770724302152760432
-0.797551543950711765830882652497,-0.014037129126194428983050568784
0.385043792372484157584012011406,-0.005303926357826380034274100883
0.138022219263263521040364518026,-0.005045271854771340822015238862
0.632265147667137598501628864423,-0.005036505349929790662501800137
-0.109034669985325012167880904914,-0.004701958300480177464204691471
-0.356028700350174992040365506362,-0.004149965692996428164213444303
-0.603354912752279665014782396382,-0.003899819812696702432777438042
-0.850511248096156590094045624649,-0.003798746753710685247754199200
0.893955670834053129928280039764,0.001094799738251764689381836359
0.332120065041225020489243174021,0.004935904003985443656113032754
0.579331409271881206138519935722,0.005151447338157637874547678459
0.085097677410812199088346520925,0.005201423690094969428741183254
-0.161952166911141619446570247974,0.005570021040344966912177177645
-0.409153906745120036075858261777,0.006040468542349532164869415218
-0.656329734102063062441226371832,0.006304875890008118999368784791
-0.903450566040851889887768824578,0.006360173268743023817011079904
0.835403956280004196856011482425,0.007935065790049411580137221049
0.279196523403247787466039931684,0.015176694059710575284502056168
0.526403933016843248816482202979,0.015371882639285562629853217360
0.032173056560525704946491412937,0.015451797138192875037590548474
0.773560591057125062557689098286,0.015600609082928826088438752116
-0.214868710718022824051475142023,0.015846909285654004995954281251
-0.462127644165000000000000000000,0.016304488741000000000000000000
-0.709261021488983142263402508532,0.016517483575667563756677660557
0.972813303932700242892161341572,0.021341933925403702627883028584
0.473420371034876593450298616314,0.025297465754410150419064687686
0.226274590849113087517627734098,0.025425796225645234530629136789
0.720583176977838200671856010550,0.025558954223760551120285983237
-0.020768387547429111410190646958,0.025722966179632701462607195619
-0.267786111173452690277006482446,0.026119385594306151802106400461
-0.515097390985580346614145989162,0.026562251812184453601177231323
-0.762240120342908947681394922726,0.026711135784215058553126164055
-0.972568322136365079525230160524,0.030529677839573056879180325039
0.420489949406104096365210879153,0.035502636339585161901633868085
0.173351457595518321675910631202,0.035668696551939567056052729185
0.667642175312387777410174960989,0.035709328699436470708687656274
-0.073685883610643825346726823659,0.035994949964267678278377904233
-0.320674156830963180816229735280,0.036541941279033117748826353286
-0.568042313707358196827415974985,0.036828492074303476331657597318
-0.815172379060008861969677578850,0.036906773458149376307251895931
0.924596723554110849937858207443,0.045444556543433820246650408347
0.367557167032679292099666531672,0.045695554993228827418227822948
0.120428735948645083732588327071,0.045913723343496700070059856325
0.614713552437717976626860307565,0.045931293752785671014936319844
-0.126603380536460432625416152878,0.046266929305092822654759784650
-0.373803194061637055070776782446,0.046740528643110626644217929765
-0.621014301829571187511404207081,0.047030731115886286136334659033
-0.868152682468229300048372243899,0.047138026149252064178309777403
0.870631062774083858772568501459,0.049692512640413787754580224231
0.809893206084713766655427416032,0.055421660371527223915802151737
0.314632421682083881444587183550,0.055930122402102448805543307441
0.561780074088057127694168777431,0.056120597471790950444084685338
0.067506627352783358917118071313,0.056161916464235945144160600753
-0.179519924343341637230321063867,0.056543817550401860738536879669
-0.922213984579000000000000000000,0.056901366062000000000000000000
-0.426760544041000000000000000000,0.056992426120000000000000000000
-0.673951494170548281499988730013,0.057248458533564789622377154567
0.261708495026752915205053012020,0.066168922519953030935826109539
0.508850569502910754438505645838,0.066339072769995065210650563928
0.014585544378088764296135591955,0.066415404517461470100530025073
0.756409723302138636229947661161,0.066704647824726088368821153806
-0.232437324798771503455852386213,0.066816293859054007544689001569
-0.479743056021000000000000000000,0.067254608247000000000000000000
-0.726932563648039471150939519612,0.067443818984695802921255855277
0.970138677035532105417301403585,0.075180780601693986909931323086
0.455868915123210735662037462040,0.076274833418388446678950877967
0.208786140113134959177144032215,0.076415843563330208997777925518
0.703432309222851774344114583158,0.076662992965557813400668368779
-0.038331951685125949640400568583,0.076687388302096446916300738396
-0.285325370456281993995075652311,0.077238849543780973491408946723
-0.532698711371704714963886720982,0.077529902546317076944757141619
-0.779876568468050102477155189235,0.077649635349881043091153620840
-0.969380013396952335137189902769,0.084340547818178057744805447692
0.402936744160050763538797392771,0.086470926670166451018614075584
0.155862893440807412045492800948,0.086658157859040913199905855676
0.650413344463414381523637286243,0.086787136287953925636866020934
-0.091249448610942556919089914524,0.086959367642921591292682615890
-0.338446962596309238434057143806,0.087433025131702541757715745682
-0.585701702784649719324037775129,0.087759043002886464900769709627
-0.832813813432081571924004203744,0.087843546361112125733315855340
0.350003906474000000000000000000,0.096664169235000000000000000000
0.844435854495232195276600341971,0.096804996163358424799528504351
0.102940171793711171704308802634,0.096903184649446083015628817910
0.597420548661252252081256206046,0.096987410534805931106150488813
-0.144165992417823761523994808164,0.097236255888230629376459712792
-0.391406698716835139757282317184,0.097690422306655872664640584556
-0.886758552237884385806330294982,0.097730482608558165512805278516
-0.638636061898056406570166563009,0.097974313759442956759343049698
0.919116425793246345005192161800,0.099070495947088206420551379642
0.297077987622000000000000000000,0.106898447763000000000000000000
0.050018063197849446888838531065,0.107151377770185328089729571528
0.544473976286797622253656602176,0.107172277359581024622434903821
-0.197083085178156720421183236706,0.107510317123519515770125166281
0.791608575844257007837519924427,0.107531303580376167064056846992
-0.444374039179000000000000000000,0.107941750249000000000000000000
-0.691622457143413666940216637861,0.108174994917691377782999236770
0.244153558143000000000000000000,0.117137079113000000000000000000
0.491527281501623436040608516229,0.117384922094857938676338605208
-0.002903019776845147732143933260,0.117404865823410853046098986345
0.738664936479506307107816360889,0.117667678242323537466895314842
-0.249971442474610597252465584911,0.117931291308056325083976608575
-0.497348297857356785004054268302,0.118225397442395633976855672846
-0.744569011773180625946699788375,0.118382318550361787459283327736
0.438553422280457547512832428200,0.127362160174018243631315278165
0.191229988933115984072999560998,0.127383405861543435966143781200
0.685675062472254446457138610794,0.127559507859119526597818322362
-0.055820515840059861668680109634,0.127676849608045829861869708736
-0.303096519315190210302059953190,0.128130512011288102973804512228
-0.550358100448996237460508527902,0.128460453474900065513869240001
-0.797518002840122812431481795109,0.128586408252843792517217593549
0.964486714241971177106581737908,0.128788898989232563125186670361
0.385613695874418708135067912241,0.137518951425486528120981186288
0.879716287864153352481460633824,0.137561174367076976792021186224
0.138306466015040114168951623825,0.137624292659670188503769329375
0.632734929126826743388617206047,0.137714177811436167279379537940
-0.963224246731471649376164763048,0.137900334432490537544077098351
-0.108738012765876468947369440784,0.137948828948870974238251576163
-0.356050249332374378773272673385,0.138382994087139813424135202343
-0.850772881621507672544859986252,0.138669198449793606511186519145
-0.603324865772801798277875156386,0.138703841975173035201019120946
-0.909989062767569028557270086115,0.146373245903855849375941414673
0.332652820204000000000000000000,0.147709808667000000000000000000
0.085382491231028089586331771516,0.147868887761744350792021955459
0.579764994027751397284978239750,0.147919290836397145247798520120
-0.161654556572757673552274350088,0.148225717194180012322028679378
0.826890978885651980301594334844,0.148297177897162600064196249895
-0.409012030903933815094705378382,0.148639684509891515028370924382
-0.656296589439227391783343672872,0.148904469928845085981240337139
0.279679274011000000000000000000,0.157929072606000000000000000000
0.032460382635166364770861515279,0.158117080882483595866122694759
0.526833478123222273089606383348,0.158118784182673175873503124883
0.773953021210756153041241969788,0.158463183881967381205704862942
-0.214557646167971444905093381260,0.158571641597196547771558813397
-0.461982967191064653999179808178,0.158907929656307368637729973589
-0.709254247299941118891494693998,0.159115106974383305528690628053
0.925499898939714827230123986945,0.166015277715344222987760682895
0.226717902366031015605487430471,0.168151262439464650128726799604
0.473869138324154149891202529133,0.168315905003065625770541036135
-0.020460700339528229850120961170,0.168370568935709120822492122864
0.721009381846005452311538390026,0.168599558543914751608543340961
-0.267742591333518813559449893596,0.168822953775563454566372158545
-0.515004458138987767018287685214,0.169157067791810890626694921150
-0.762202059790045366545352557031,0.169321995209201025602425173563
0.420898245014310137697006516302,0.178308877655348404846809915665
0.173764401227163700180316952713,0.178381354774046644261851635540
0.668019507838753591660860655027,0.178491388160710740739466338421
-0.073378725776829825667029023366,0.178642370347938806514782971979
-0.320701467999309636382520708256,0.179079906730967259704182240488
-0.567984668317058859959757326228,0.179408208869417306185377598303
-0.815448104690000000000000000000,0.179426432459000000000000000000
-0.874594333812049287915757490002,0.187030203520448868364537004359
0.367955091145060596473708639871,0.188449774307945829512077900742
0.120826048222567140851112128622,0.188616547309496596741955199977
0.615079374493325888592339235182,0.188646058113027381421027560973
0.862943005249000000000000000000,0.188793370833000000000000000000
-0.126296228185154488332695132427,0.188914347799976338565755244406
-0.373657492493113957709178479156,0.189331595920269032001617489613
-0.620974110616792489252813112185,0.189637909129770228822005526929
-0.954102816359000000000000000000,0.191039725404000000000000000000
0.315006258777847576630380657959,0.198652279249943813809940334162
0.067896963945030428607642398326,0.198859390563764061036569120193
0.562136253098113834533903037669,0.198860458213164925885735065419
-0.179199319847746559201977394229,0.199260261631607161129576693865
0.809382749735692371658616231333,0.199279890187748448114476732762
-0.426616886392249261489995641547,0.199589809767774806297497477566
-0.673926518298431124177720682101,0.199845226194251708155808433999
0.262049261122585746079081972961,0.208870483975153448255421940215
0.509175763163080524602457961416,0.209049915554934433929750702516
0.014973399206525657814138740947,0.209107084324713269385630011653
0.756433438423531982088843538982,0.209441995749583001411851282719
-0.232328795026879661212077685188,0.209463304064703677253954380772
-0.479631763454858952021018080210,0.209842152246931337799292534885
-0.726895222233000000000000000000,0.210067601449000000000000000000
0.949117052781288825296330305708,0.214471495942683995391015097969
0.209101397321604448747670390834,0.219096662531051348484110637700
0.456232708545925898042737108927,0.219254410920983677961764561069
-0.037947706003850484186198199111,0.219360564752223070030823347067
0.703485113321107901816453130153,0.219576759851356431121715155243
-0.285347540017638239639910645224,0.219772348495242611296749904552
-0.532635889710000000000000000000,0.220105654677000000000000000000
-0.779976041693000000000000000000,0.220220389433000000000000000000
0.403262655282550339248080501903,0.229251835476703264067726774113
0.156176423643648195494469956863,0.229336610489172878508993644791
0.650489674929318566053505753567,0.229466676277988090708204347721
-0.835258833105000000000000000000,0.229576669308000000000000000000
-0.090869032872638375503388684616,0.229631233819940785827668562434
-0.338308711160049215318426506848,0.230028508564096478281664543636
0.897559508664541222418850642369,0.230206637668190419674972277684
-0.585627472798000000000000000000,0.230347872987000000000000000000
-0.888325821657000000000000000000,0.239164745853000000000000000000
0.350318615509804179865089662730,0.239388518718087328059352839888
0.103251785940188014517028790496,0.239576535002806483085220877944
0.597450992558288396922564806839,0.239587349722335762505123841983
-0.143787949812893431863662730857,0.239902726034333217680261629983
0.844573887376723599573715141246,0.240121221734913370423092564913
-0.391240717544186841847363209335,0.240288491795856583537621170959
-0.638593192007000000000000000000,0.240587729285000000000000000000
-0.942058096696000000000000000000,0.243592651990000000000000000000
0.297384971713344144438160626870,0.249596025506599425641043500197
0.544482188822340908258487478957,0.249792855123373528335150370258
0.050328709701672169546802858399,0.249821449816828719490572103105
-0.196970468706654775508961699951,0.250151924099114290611972245491
0.791633997853483021254035227197,0.250277162741990513870834751251
-0.444253945036633512744212581992,0.250528097949129108724022714913
-0.691559216278000000000000000000,0.250792209369000000000000000000
0.244459145430278288017746454540,0.259825001639472355680207832933
0.491551955355273555911059703436,0.259999001584888366819969503305
-0.002593398355537819613973178873,0.260069645719188226794112972630
-0.249933743710999087292538439489,0.260412698784382833984332109892
0.738690369434486338336900306801,0.260413594574906643473686600623
-0.497266537559000000000000000000,0.260798880892000000000000000000
-0.744668059416000000000000000000,0.260972476618000000000000000000
0.935179245956314491897358681993,0.268814025647307994802390991886
0.191534314314532433928448067959,0.270059125531722639693625380473
0.438621013590443830295478470439,0.270201474047990284025956003207
-0.799930011888000000000000000000,0.270307479834000000000000000000
-0.055514481322152103774475988144,0.270323133814118465036175466072
0.685737489570975273061370368883,0.270501585189132699268757726666
-0.302954783178377818575816447290,0.270720950328371829874232190045
-0.550273722488000000000000000000,0.271055678142000000000000000000
0.385651497120110623271755139702,0.280201742312954367416000147487
0.138610700426406449606053857474,0.280299542197694150918705926427
0.632742645780486129441589155150,0.280366754832570307482218929534
-0.108433404435461999114725726894,0.280594631391876876943108067963
-0.355890065598812688799744797822,0.280986049876160589268996019017
-0.603234850197000000000000000000,0.281307272278000000000000000000
0.882459608237729516392828049014,0.281953792638995532601977354613
0.332707404471492684469480209563,0.290335749125992761027817437691
-0.871479343638000000000000000000,0.290378108274000000000000000000
0.579802565256145973312894056145,0.290521700157313752365258767083
0.085687057663209785888731696629,0.290539809632956281547504831389
-0.161559098671801648170647032005,0.290794388501840347162657197027
-0.408862474655741732591209426906,0.291232075462237115108309883614
0.827972704750000000000000000000,0.291432250725000000000000000000
-0.656167930037000000000000000000,0.291554921223000000000000000000
-0.927111559981000000000000000000,0.295395246091000000000000000000
0.279778281133607876542532915451,0.300547651160145185179148578922
0.526877012794980865931793472799,0.300752092972480171686245148600
0.032764338138848545935465812876,0.300784847388764810606011605204
-0.214575417390774201589422451590,0.301101318818793447342349991525
-0.461887441575000000000000000000,0.301480107141000000000000000000
0.774923541920000000000000000000,0.301544153808000000000000000000
-0.709104481757000000000000000000,0.301769887981000000000000000000
0.226853449020878571865820669357,0.310781769896585837489458718864
0.473945192472403101727163111961,0.310950006377216075977950796024
-0.020157769918361443225310214606,0.311033043291124317909552467754
-0.267540986871738666228444239139,0.311361300617512052561814413160
0.721967914100000000000000000000,0.311672894805000000000000000000
-0.514908845805000000000000000000,0.311752117508000000000000000000
-0.762039207747000000000000000000,0.312013939219000000000000000000
0.173929835132752587543426473278,0.321022186562557348714539251431
0.421013788816745561840817492851,0.321150082235463026888488994113
-0.073078852884975727385813029114,0.321286531386054556151614955096
-0.320535646399577809911937606345,0.321678661117511544858321266348
0.669012063980000000000000000000,0.321752422158000000000000000000
-0.567887002373000000000000000000,0.322016551623000000000000000000
-0.815005856326000000000000000000,0.322071821470000000000000000000
0.918077267305872499269966938915,0.322415594415210103323182439281
0.368045625957560499258426306262,0.331157517660935266508514253420
0.121006192369555923826104293409,0.331262453997819479343338148876
-0.126204553294370215421710030242,0.331486293859384006425503620349
0.616013945233277402424267637724,0.331610540977565166622286085151
-0.373504715395230740501590273134,0.331932091459601575378681213295
-0.620826431135000000000000000000,0.332270821053000000000000000000
0.863195241783214087907195133570,0.332299191888363784175083444212
0.315100160692332364425422760800,0.341284350745402972868677665481
0.068083472845194683872838427736,0.341507491753628008401844922239
-0.179164047355921074251107786317,0.341743783221519503893034926113
0.563009170197544077685480786854,0.341744321360038960852210088016
-0.426486277769429508604427506122,0.342174951355556268205220308539
0.810191669322000000000000000000,0.342331743082000000000000000000
-0.673759432209000000000000000000,0.342517971587000000000000000000
-0.864341159873000000000000000000,0.343819324645000000000000000000
0.262172808346438668455496044795,0.351505427700683650507290050839
0.015161364787984694712062380623,0.351755687655987515705385783490
0.509848107284000000000000000000,0.351910907729000000000000000000
-0.232182660551513780525328253695,0.352049920651922665919832276990
-0.479525816363000000000000000000,0.352433375732000000000000000000
0.757215969599000000000000000000,0.352470212039000000000000000000
-0.726697942288000000000000000000,0.352729964517000000000000000000
0.209249077708739152165756057499,0.361745240973413490689814974135
-0.037759718178629589448440416984,0.362009175750917753947448282566
0.456901393426000000000000000000,0.362104702205000000000000000000
-0.285121846166954004661115085669,0.362319012761151204399020975643
0.704255258768000000000000000000,0.362602261768000000000000000000
-0.532524559022000000000000000000,0.362715705709000000000000000000
-0.781122124344000000000000000000,0.364124947940000000000000000000
0.156325351507048385685716217990,0.371985077173305502878414246172
-0.090850001743883943692797331029,0.372178193853561685634010522463
0.403949251576360261867536931537,0.372283013006578150799966455862
-0.338141450320420123823929418325,0.372627760312423735729243425305
0.651285125965000000000000000000,0.372672239298000000000000000000
0.898808655084000000000000000000,0.372767632799000000000000000000
-0.585478560858000000000000000000,0.372983099702000000000000000000
0.103402631982687145732450344138,0.382230114929114031936921019003
0.350978862240000000000000000000,0.382309458414000000000000000000
-0.143809501978489641502170780598,0.382435688579063163155881366019
0.598276395108834544022849479735,0.382513923537617359954912674044
-0.391132188591034558095092821198,0.382873697531685390228665802209
0.845425243359572862528347261809,0.383191256068311692971484707597
-0.638418226813000000000000000000,0.383236495310000000000000000000
-0.891225532818000000000000000000,0.390548744474000000000000000000
0.298027265441000000000000000000,0.392422718034000000000000000000
0.050480523925477156571674310739,0.392478310831473539240461886653
0.545190264992338289476729337271,0.392619282369950690477185528204
-0.196771290516660653187013585862,0.392692385054648722470517229293
-0.444116667165226743082155882799,0.393115548232945809398620741422
0.792465171571000000000000000000,0.393266164690000000000000000000
-0.691357085806000000000000000000,0.393479953318000000000000000000
-0.823648993565000000000000000000,0.397381649135000000000000000000
0.245033017139000000000000000000,0.402628694323000000000000000000
-0.002440559041137127588828497306,0.402731798926403777482524376460
0.492207793036000000000000000000,0.402858016900000000000000000000
-0.249763519846729118957999100975,0.403007632795561817757038853857
-0.497144265767000000000000000000,0.403396525241000000000000000000
0.739514743577000000000000000000,0.403412936784000000000000000000
-0.744442699342000000000000000000,0.403636940297000000000000000000
0.192036132000000000000000000000,0.412837098735000000000000000000
-0.055528536805682731742123109282,0.412901651865477536023182172491
0.439253635523000000000000000000,0.413049102404000000000000000000
-0.302727651423169809409527719848,0.413268111494616083927047173745
0.686563023436000000000000000000,0.413561528441000000000000000000
-0.550117084962000000000000000000,0.413681122228000000000000000000
0.138996673760000000000000000000,0.423031459481000000000000000000
-0.108454950428003369773258080059,0.423127588573240842364388251583
0.386294557849809634380626915747,0.423215191733723159584241574660
-0.355762894272020572792118025279,0.423571452302038628612662328879
0.633591649707000000000000000000,0.423609269894000000000000000000
-0.603072250075000000000000000000,0.423949234253000000000000000000
0.873165127548000000000000000000,0.429416008859000000000000000000
0.085933445628000000000000000000,0.433226536809000000000000000000
0.333322111951000000000000000000,0.433253073090000000000000000000
-0.161416745139229220438076583460,0.433384290412192381733363650585
0.580553703868762086315318832534,0.433422481321954637532586940750
-0.408761073168001604305710699317,0.433814815197517203598163601915
-0.656006577237000000000000000000,0.434200019407000000000000000000
-0.868229648394000000000000000000,0.439309374224000000000000000000
0.280361787652000000000000000000,0.443353007692000000000000000000
0.032899763609780908647686109128,0.443436057123810572054750728174
0.527605470885712266161318624669,0.443575636799008106398043591097
-0.214352050817130302496922881936,0.443650131352239032754966989129
-0.461722942076675059911664047129,0.444064484671449157345045355848
0.774933944149000000000000000000,0.444251195827000000000000000000
-0.708938530644045748396254338681,0.444443148213618867079334360587
-0.815710916146000000000000000000,0.451480965590000000000000000000
0.227376314923000000000000000000,0.453561338179000000000000000000
-0.020209377668190269882511183640,0.453624275040963559558258280292
0.474575170936000000000000000000,0.453808914368000000000000000000
-0.267369325102944923706411739783,0.453956731529026697285065040770
-0.514736672593000000000000000000,0.454364729284000000000000000000
0.721979056770000000000000000000,0.454397695745000000000000000000
-0.761897651736931785615777450059,0.454640134995070250292573048071
0.827180489617000000000000000000,0.457563472707000000000000000000
0.174333434276000000000000000000,0.463753774162000000000000000000
-0.073133309548816423716465092763,0.463863048149446395228101197665
0.421626169572000000000000000000,0.464001648076000000000000000000
-0.320347867171657797807299855187,0.464212228303614593920157697066
0.669021637955000000000000000000,0.464547018358000000000000000000
-0.567708253487000000000000000000,0.464647111496000000000000000000
0.121272453969000000000000000000,0.473940530975000000000000000000
-0.126062193588742948709163884160,0.474076190406370060941870552534
0.368666358965534901633677496063,0.474156546687911448401417627394
-0.373392635095750750286455925795,0.474512273643672395523433450593
0.616044235946000000000000000000,0.474595625380000000000000000000
-0.620665097837000000000000000000,0.474918625035000000000000000000
0.068233296498469595838870285401,0.484146209347501697991802336018
0.315695647794000000000000000000,0.484200132157000000000000000000
-0.178997505439698869747985877467,0.484342036709782692017813426266
0.562927567415896272591349256788,0.484364549931475232848978620545
-0.426371013292788544178372450306,0.484762484911387018490513893464
-0.673595312123522880532402733081,0.485157378944909615696711172987
0.262720580258000000000000000000,0.494291001455000000000000000000
0.015130944982727766354003418108,0.494328533238370354130484617781
0.509963854047666379891503943561,0.494512346506366752349601584391
-0.231945248334850701594797307684,0.494603585028850841371595163048
-0.479308364717533970284379350102,0.495020622192012030911217793188
-0.726593056579924939213490753055,0.495375385101973943832176884633
0.774969846735000000000000000000,0.500482784992000000000000000000
-0.833281080861000000000000000000,0.502449342926000000000000000000
0.209671601138000000000000000000,0.504477279724000000000000000000
-0.037790137983886517806499380045,0.504582021333300592372547111411
0.457039906775000000000000000000,0.504793309204000000000000000000
-0.284989487558083618504321609750,0.504900866770746812017824947571
-0.532329900904000000000000000000,0.505331521330000000000000000000
-0.779476115088219063530349539403,0.505823215655753473642086225725
0.709604423579000000000000000000,0.506880307954000000000000000000
0.827766676971000000000000000000,0.511476130594000000000000000000
0.156598557665000000000000000000,0.514659205040000000000000000000
-0.090714064396950527333560281420,0.514820822703418792489994136822
0.404096237764000000000000000000,0.514981748077000000000000000000
-0.337973051687041084931847464932,0.515154626276922072015273422002
-0.585296492709464529122319775305,0.515609066083362249783445544432
0.656624673912000000000000000000,0.517024531662000000000000000000
0.103566036841533117408242372885,0.524857049431216503466547431844
-0.143642953889212598019073177512,0.525033936703960371226320310855
0.351140834122000000000000000000,0.525133740085000000000000000000
-0.391001845997068152921412823977,0.525460195406047286312619623363
0.598555125864000000000000000000,0.525602077107000000000000000000
-0.638264534239000000000000000000,0.525890289751000000000000000000
0.050464477871416453545187604853,0.535038685462061480067536240882
0.297974619828000000000000000000,0.535110430831000000000000000000
-0.196589601186575549625503352969,0.535295870792262413499716934943
0.545515386930672758326661312812,0.535380145696124988361660448852
-0.443956705470529150203528720179,0.535718529411543243931270886718
-0.691260116536779880423799989800,0.536086051866099351615279182640
0.244996184172000000000000000000,0.545200127619000000000000000000
-0.002439362764846377114424441608,0.545380768734064962749652525349
0.492524072487052071255988045668,0.545518513384404213821807942063
-0.249561190796853365056484234801,0.545549179653386927841140950210
-0.496893067691334208097455934353,0.545977008070480391162636655462
-0.744370874284000000000000000000,0.546747837805000000000000000000
0.744980247416000000000000000000,0.547587950434000000000000000000
0.191923588910000000000000000000,0.555378189279000000000000000000
-0.055381515470303227419907814405,0.555536103393549111553685920042
0.439422210382000000000000000000,0.555741876222000000000000000000
-0.302611114133618960298457399748,0.555844495590301227742304689522
-0.549916106508903052055225672273,0.556289227449657486628071011781
0.798158294142000000000000000000,0.556541047457000000000000000000
-0.797797263591000000000000000000,0.557033074461000000000000000000
0.691961479660000000000000000000,0.557841232114000000000000000000
0.138890862649026731974541651433,0.565574757153316746362090120179
-0.108306060179340429154307389724,0.565774691299086036052368539716
0.386474580027000000000000000000,0.565926518574000000000000000000
0.634173170414000000000000000000,0.566087713354000000000000000000
-0.355582363477086472973867686070,0.566102513168854274516351910067
-0.602884072099728820023877991379,0.566564459239173533377255488698
0.085797218214479975114559682565,0.575749525545776285542281322310
0.333157736951347364805037230069,0.575951164595394606981806778435
-0.161235032890074194053578079959,0.575987776568092231553693440222
-0.408588290216565172163089064162,0.576415980359148229856301036671
0.580968049079000000000000000000,0.576575227975000000000000000000
-0.659892590545430822281422627648,0.579924999773801127764319684278
0.280201111065000000000000000000,0.586022932967000000000000000000
0.032895039805977478391077783780,0.586100108143249767489903113834
-0.214199503917270818430777806400,0.586243553431295172204913773629
0.527791672482802165727099852045,0.586288347261712550025350719067
-0.461540976994000000000000000000,0.586678824805000000000000000000
-0.712766058397070381447409713699,0.590421258050624667766946299980
0.227245212938000000000000000000,0.596099961154000000000000000000
-0.020031313977435536042164546801,0.596334652717585114717615881393
0.474824167373960895423341692688,0.596434997939602223874220492586
-0.267176628919582650376513175310,0.596494948665312190973732720272
-0.514476448479706072628650986364,0.596933850206971383467818028426
0.766102580519000000000000000000,0.599899823665000000000000000000
-0.765743521322199486166629017147,0.600379343332882488084379969266
0.174213873278266184180077600785,0.606294039570358249627674262548
-0.072973425452023032555408939273,0.606490001612107578730163825623
0.421850393233638052056948696100,0.606703797115687164677474582246
-0.320220387309154079967016496705,0.606792395828696999454288374558
0.669445106659000000000000000000,0.606890141179000000000000000000
-0.567504005493321491925315495216,0.607244510294383620685844166273
0.121122044021973589680858970824,0.616467233267876528437824025023
0.368423609695271550436793575588,0.616719942601136867390912459068
-0.125909155116000000000000000000,0.616725796576000000000000000000
-0.373173507320105866381986810107,0.617056675891504811033675709355
0.616495253339000000000000000000,0.617149155676000000000000000000
-0.621060525437437671339165059091,0.617312775315022211809115433563
0.068220620934551778214117056192,0.626821675589785670552528298860
0.315453579165258044237636239777,0.626867250155028150452150765846
-0.178840029988185868617237702170,0.626937154558874691813467858457
0.719486316229000000000000000000,0.627006349098000000000000000000
-0.426170190175872517413937895438,0.627373333452622944017695077480
0.563545009007000000000000000000,0.627608707986000000000000000000
-0.677419245654882596006319672544,0.631131345679695642817544666960
0.262497087332000000000000000000,0.636939110877000000000000000000
0.015294893262062363174570504425,0.637051161931222214830086563818
-0.231815241713186061854411080546,0.637189218824709279728866795960
0.510517418400752176404720283171,0.637350810837033002147761602737
-0.479125212636000000000000000000,0.637645749927000000000000000000
-0.730153439248001881268498475992,0.643132373433301688813177484367
0.209534488950966944545935198033,0.647015399431904058063866164361
-0.037632833122570094880621275314,0.647286261775714843504387601080
-0.284783138273776432929274588883,0.647443804087518051196579976251
0.457577537822522770162667062427,0.647506798471672853230164424005
-0.532053581393764610078843411734,0.647892847832451308885223946325
0.156445054651213041886394910401,0.657186515684918031703408152986
-0.090575740726141115813933208376,0.657440306198662288324291375099
0.403714863084812958778623130637,0.657466751981348843765288586943
-0.337815182997010198669987737223,0.657745297661416481773862844754
-0.585688873604327017582340527652,0.657989811675471929032660055413
0.647345246493000000000000000000,0.661387960546000000000000000000
0.350719525033819816385622363082,0.667635964906266256213993762768
-0.143517330812000000000000000000,0.667680925790000000000000000000
0.103590004116681278310384634937,0.667775126238916237137506705602
-0.390752178268283418939587115586,0.668015142981556167432724970316
-0.638561150609588730040365045431,0.668492066897614562352487111803
0.699000918747000000000000000000,0.676897438953000000000000000000
0.050619950395664549499647335359,0.677772548369883322177903021158
0.297780990601000000000000000000,0.677799290469000000000000000000
-0.196453818213272840485718921599,0.677883494023393005631557227965
-0.443748857700499819779305511082,0.678331801723664628454147349798
0.545893607204000000000000000000,0.678560507747000000000000000000
-0.693442396369345741141034065959,0.682604824221587168033908022242
0.599311777219000000000000000000,0.685917249458000000000000000000
0.244738874796684523346136130988,0.687837283975589549747510201443
-0.002305777276824865539899228087,0.688002034711319866455461301562
-0.249422584291865923435582246560,0.688137786300048131025269644992
0.492871716671543107346328956025,0.688286105583956149010251676204
-0.496863113229000000000000000000,0.688758372843000000000000000000
0.191765670323913802252252518077,0.697907875546463840139600070039
0.439088495202820216028618756182,0.698142066254898520335471042877
-0.055236131532598566823833498231,0.698236805317304435761200019656
-0.302388431426654954311663988901,0.698393079778869712466453788710
-0.550270889576265476548020785312,0.698626512425657422234793092977
0.386011021346979005521813482836,0.708382563886431705231338374669
-0.108178369657001593576994934794,0.708390502421980038791971426047
-0.355389863425073313348480031428,0.708705141149437556598990476747
0.138954166803537947248007258232,0.708711584927480960194579337689
0.660405919947000000000000000000,0.714572253004000000000000000000
-0.600727435370129075667035662798,0.717597859953545213096762961990
-0.161123593898403703816892678896,0.718632027289473269422426973544
0.333095108919509562480495353764,0.718662702622875567323035492480
0.085987311522012143891284433809,0.718725938728802878736697054882
-0.408326627475111614660094246348,0.718975066210979938335993523548
-0.654580812935687891097781202421,0.719961916901572295529431070403
0.279933140318855179176081326950,0.728667893998305332138879677904
0.033017128939141627933468861142,0.728722678077686077678942541181
-0.214058189286904824008137135210,0.728833088325742638112354605287
-0.461284381090815581467849968008,0.729305132592853836898813104032
0.568741251912000000000000000000,0.730358685904000000000000000000
0.226970056169631381052453443530,0.738729760090149331823244092317
0.474354218123676101536405280145,0.738910973860346676134838381655
-0.019908598733347787106077690907,0.738952164419122621956500807049
-0.267033886223857506367562653343,0.739084985288141462591981520671
0.421385225181229657049502454949,0.749057380955043521589240276397
-0.319951994020174154542132732769,0.749356756152299462853046769368
-0.072783377800475396566114048526,0.749455966804578051742151388650
0.174153137090000000000000000000,0.749539503324000000000000000000
0.619781389177000000000000000000,0.750055810058000000000000000000
-0.536080704050269051717416294535,0.750630489919787140172630441875
-0.125786260327463547909647259539,0.759338880478687668568075425557
0.368525149532271661604690007693,0.759620876723897059888382269413
-0.372925672499188156756821778927,0.759678373738594977701610238104
0.524414163139000000000000000000,0.761117157163000000000000000000
0.123974775858000000000000000000,0.769242984571000000000000000000
0.315135645973418997884904354227,0.769491399924579609191364785958
-0.178701405664297849571290958981,0.769622966945353130694923051400
-0.425842218699409801430642191833,0.769955249660389347029271185351
0.070074472037834313250384560634,0.770228915147869570210572727173
-0.593580801985597180440785894120,0.771027258899623979908200670557
-0.488447435467836612763453889219,0.775866312962160919607507175096
-0.231679333278707147652457192375,0.779776884070585969530013972662
0.261433146105842212942774492067,0.780179373749637068098400419618
0.017104289454963797292569002965,0.780225654496752769152818203841
0.576671521026000000000000000000,0.783724963675000000000000000000
-0.284596827825104338471302927075,0.790048875669305870032071675653
-0.035827324246087177699016645371,0.790453321867496621345909022850
0.208621938888966247780092098525,0.790984531442532467180342864622
0.467775024874438774077891612485,0.792413209857184589853817872218
-0.337514324327661896396248542374,0.800320857190607262756236814479
-0.088732880673316509510207346731,0.800947601062789178503297127727
0.414833964257877715361739502432,0.802563044400947175891272724295
-0.549972691937887995373713442457,0.802714918619758470559866779585
0.350294265144029268019246057490,0.810352708499907255569292276871
-0.141723722883058281719260325110,0.810834242675308486450575423697
0.532345649008000000000000000000,0.814483254470000000000000000000
0.160207414596188072587887905234,0.814687039284027649032755600789
-0.394318555313000000000000000000,0.815030903233000000000000000000
-0.453028972362838686803756630645,0.816502596155288331012659646450
0.106593575336243550251576600110,0.820284474436039688466631336472
0.297332095844169710414968710640,0.820391815209428896439259464031
-0.194664620017850441591422771034,0.821110352079720569759070175409
0.052697096360047393419191400793,0.821256376921165802215261244542
-0.000273086222823122538624171650,0.831253116270049001157506733591
-0.247602519206640370563722621762,0.831276662617455644747512753064
0.244251452533829581508294614734,0.831438267993258683415746445139
-0.504676726868517329922366885264,0.831939062557716707629777987905
-0.053198775591906439590463136477,0.841482800785196562957566474555
-0.300606236294671025645323475070,0.841521916000402643829046271197
0.485295231665147182371879054399,0.843391807272991977147318862466
0.387717001122061063651428052588,0.849151083110071961204069059534
-0.353523732797228583570269098944,0.851793897521704036553211430666
-0.106107326465000000000000000000,0.852234671078000000000000000000
0.195842487101225748916828922728,0.855152126941500656139808542667
-0.159300027533653210779622061550,0.861793525983667756567384335577
0.331822728516335576052976656552,0.861818513102766631889113318070
0.143208905565909928946749941733,0.866791763329180909659144428629
-0.438792982543104434285087857577,0.868494053475934492854032310849
0.437845944700272569724162974482,0.868971881686431997850164722673
0.089501710122317196335411825104,0.871408276954838335449562901693
0.035605231146121039503026610082,0.872380179439964449198192818793
0.279014223535285347818624238558,0.872636869823569559971341663320
-0.211631166895000000000000000000,0.875718915593000000000000000000
-0.265249168030707922460645818481,0.882211629248957269177208259398
-0.017364951436749476454788945177,0.882376918788847648140438300490
-0.390024962795079778010854137836,0.891460448280701430646408709202
-0.070290640805832793506627924239,0.892606603303995209940498058251
-0.321344779956000000000000000000,0.895768761200000000000000000000
0.230612364684355386070736230590,0.896365230496966312191876961426
0.369861421346327772036522329624,0.900013184043326506671829553538
0.178360418795048899651442474507,0.909613218693410918988503137028
-0.172589662717519312360054964146,0.914034895004319357959479730743
-0.118730272451580156647809194449,0.916257758170015161926220712744
0.125101356565677957460226524958,0.917934716810946134449192694847
0.319063533962000000000000000000,0.919215046507000000000000000000
0.071366161192398836665081677802,0.922213013045157928655803141060
0.017476501194537042783649521988,0.923509001388856687002097982585
0.267677779154037825130555737862,0.935505109018275040499478953020
-0.265533061479970963361188417352,0.936116122985394625525219055627
-0.047467574505217358567750953396,0.941441863978121448648395857445
0.215230671353000000000000000000,0.948939871309000000000000000000
-0.213286192100692970659475466844,0.949384117579032818108096221257
0.158844450575000000000000000000,0.959986910261000000000000000000
-0.147585023555178998683277280751,0.961789926789810881657760164667
0.103875239864000000000000000000,0.967486469807000000000000000000
-0.094097403018261119625121689942,0.968486902956024211455632745115
0.050113828278000000000000000000,0.971753939513000000000000000000
-0.003794538616531847304663138215,0.973039980642532572772729520078
