   1  -0.019258554739656415253054989011  -0.972874109093468099674470770469
   2   0.067591342847014509824817094694  -0.970712031876097535549153539436
   3  -0.073068437232219783167594535309  -0.970317436489477277351474095446
   4   0.121932899218886703675516214169  -0.965394889236081687604317376667
   5  -0.127836239495000000000000000000  -0.964619564941000000000000000000
   6   0.175171532894746780472847463916  -0.957167622800925218691436676083
   7  -0.184237006512534692024130377680  -0.955464101631437465197737315281
   8  -0.240392133150022203920107522937  -0.942903253995154906819586175574
   9   0.023373470273856536741757121553  -0.939941595191327545805435240580
  10   0.270820563230811160450040964914  -0.934618182257554748708780978465
  11  -0.293983280572309477990825428985  -0.927592989850080947995734285680
  12   0.217928446648116268104478596071  -0.924397417507787398340968304410
  13  -0.041446174518585234453206618478  -0.923784909087630140194768730439
  14   0.090724173387357267940361171147  -0.921485260899691704048943286002
  15  -0.095256057011148602367746164840  -0.921228236483639317871772055335
  16  -0.148756923079995911128803784815  -0.914927652498742554423188166470
  17   0.143962807063217344737692420865  -0.913257994464535235136062585391
  18  -0.344960744047751025158127425162  -0.909866478743497626187290393506
  19   0.350745337855000000000000000000  -0.907627801925000000000000000000
  20  -0.202372925754459129421623105340  -0.904738087970615764425826533788
  21   0.046235076301786014221806935355  -0.891108291512043925677343993294
  22  -0.254523530057380992583673139910  -0.890919182876069155398153987749
  23   0.299668614419144266802826063272  -0.889122798191665298134037522606
  24  -0.006930897953519313029272937490  -0.882423868091247009107515404137
  25   0.246723463567678289492783492104  -0.878868448386253229988618447022
  26  -0.422407273787522600798989967293  -0.876592184196728922831418959427
  27  -0.305423208949441954380206615358  -0.873276543692756511189771438114
  28   0.189493528265000000000000000000  -0.872999264962000000000000000000
  29  -0.059521972079748433372598615132  -0.870752580633689088474712426833
  30  -0.113391976253073039765238892469  -0.870502222822817617099861273894
  31   0.386318582949036483879160168850  -0.867009824539770922085410570638
  32  -0.166892842321920348526296512509  -0.864201638837920853651277384985
  33  -0.370439245738277779132479393283  -0.862401902686470631977882235023
  34   0.137221419654063045166716072136  -0.859810882994717048663535343974
  35   0.459294781941783557740784486876  -0.857848021129686528273046368557
  36  -0.470355353759866770813907095847  -0.851833766215275241803715297064
  37   0.083849836321000000000000000000  -0.851172050345000000000000000000
  38  -0.218976415959452147501764541218  -0.850441501272791736278611635362
  39   0.335564100804473381582131360544  -0.848953729421924979116338556792
  40   0.031291061700193979479188653604  -0.839351973479799022524700811946
  41   0.282063731236518913282195493663  -0.838210048150112937805784116594
  42  -0.022995849536000000000000000000  -0.830322885394000000000000000000
  43   0.225460974987493837880442586900  -0.829371513046325358371325881045
  44  -0.268382539906705860048573446027  -0.828968845517713881938029763823
  45  -0.516775507110030968345394623149  -0.824498635126972144128205434846
  46  -0.321794422971583532431782138051  -0.821953806235478281561661936614
  47  -0.426528758287246205153284237826  -0.820508543822660861488428744394
  48  -0.076317593900853096276996657711  -0.819567161652206600744114374137
  49   0.172567540449421780617371059219  -0.819157571033852364156273516937
  50  -0.130176470021941126560084612078  -0.818444000203095906797752471249
  51   0.423091506067259213631715651999  -0.817956131670542600026687932324
  52   0.494588440703039855646520456213  -0.817149155298910955811132035885
  53  -0.183261122073195559414655682838  -0.809275590021132874713140287772
  54   0.119610704350892814665840023667  -0.808900149989012242555198031620
  55  -0.373987496342953748473604278797  -0.808615023655413482593222851814
  56   0.370206422571316837795981444112  -0.807699037915746449179864240106
  57   0.547013882025252235711472202520  -0.804755078857370766574600823303
  58   0.066703723231439348349121456633  -0.798756611282364088548894633317
  59   0.317315036692658528630800898573  -0.797474492522315049006360795435
  60  -0.472948911637410402684771765198  -0.793173412734357763812918882191
  61   0.012053611035811194020329462545  -0.789033383270981434953670581002
  62   0.260801242656334461669854588462  -0.788713112810185066188491550701
  63  -0.232927047521124372966178792413  -0.788410885899860223754690902472
  64  -0.040874123416653636678258916606  -0.778998695712475078900001367071
  65   0.207859790974040575941001670225  -0.778457484036709234817778280627
  66  -0.544529122943190994753941385369  -0.778327466234980207056770079203
  67  -0.285923257092280897161910615260  -0.778033953063884675744034762335
  68   0.458385164828515511537451621389  -0.777257265839767027564773599629
  69   0.596361909602097620983753567582  -0.768900121505263619304462435593
  70  -0.093729180755124603917522247344  -0.768587982844740169667443411914
  71   0.154956825146251550116495010732  -0.768246838028147558047936204666
  72  -0.597416300081651020228466146632  -0.768081173100747412902296731679
  73  -0.338815024417030602330037559448  -0.767811381081647804196862873643
  74  -0.147588029316459286158358573419  -0.767463500601798159559939604486
  75   0.405500081332573135701717413413  -0.767000172084970876717949907433
  76   0.102024191289570596007556984627  -0.757981051538515125865716189090
  77  -0.391737974261430876001182136737  -0.757748789547254327927590401540
  78   0.352608695453914826536536867955  -0.756775626691539476544446462728
  79   0.545586340357031346745007921309  -0.750903410791720581125650476572
  80   0.296054721802235820731366384690  -0.747976623483056951399436032926
  81   0.049117210170117129690838417543  -0.747837512831866971859412790737
  82  -0.197688308560305598849252708061  -0.747664458999839311019590838085
  83  -0.444598568870562635077979300584  -0.747366228869054307138578991934
  84  -0.500281067744000000000000000000  -0.740614904817000000000000000000
  85   0.243160835002216005647663067971  -0.737765023811400975675093426300
  86  -0.003759212054763443247780183404  -0.737535862412461804253663084069
  87  -0.250571306208367523988994572676  -0.737385710821828853508998703636
  88   0.493664291854663621343080256748  -0.736545802774183387319009271332
  89   0.637999368455588052251184539005  -0.734718810107200405647845547778
  90   0.190253249602597021001524233044  -0.727545307402792654955467982227
  91  -0.056686946507228273946368562633  -0.727501174853955448199993870098
  92  -0.303516133726023573690684676293  -0.727117052918477298292922129140
  93   0.440779208358721245507346048875  -0.726288709019387236472185579129
  94  -0.552439683671320489317039682670  -0.725040853867200152937782280485
  95   0.137361924356051020721433186381  -0.717320448365546197761737382683
  96  -0.109542003845699241185631893300  -0.717090461986220538967435914986
  97  -0.356407901730449252786788696524  -0.716894481171082999342298609323
  98   0.387887822480062936342165503331  -0.716064163625955836298682134468
  99  -0.659216413105989707496354719949  -0.715743421043283312535003339608
 100  -0.605354113048916135578094799211  -0.714798613534185741862711333526
 101   0.580911785865654715127585233279  -0.710232131880371408319599596027
 102   0.331348380563492118637102354062  -0.707277757652281378937521700309
 103   0.084432251547881894564435988678  -0.707063827686538783761465396524
 104  -0.162444311909807939196043602264  -0.706922579701417341785490699510
 105  -0.409299668961123233249228945112  -0.706671908702096684719651207399
 106   0.278451283131156820671273442601  -0.697063373973513413787933982559
 107   0.679062807906567603931179749147  -0.696942341225669599095383880115
 108   0.031540322457388782352801093536  -0.696842092718651809416211746204
 109  -0.215325495870154794382216408470  -0.696645400534961725429616039440
 110  -0.462191445609855678890867885401  -0.696449328760116836363012777228
 111   0.528989737363286989725657568785  -0.695874523862834214512958390781
 112   0.225554293630772450708185630769  -0.686852847177484395812783127985
 113  -0.021351283129280083462348181079  -0.686618683936267448177745062892
 114  -0.268217243119375594146130897155  -0.686422724682132446455089886923
 115  -0.515083212955796702046381209885  -0.686226756887524217600435180536
 116   0.476104653867344613889923360852  -0.685617430108038063666134698603
 117   0.626806573167389880812679527271  -0.682023825883804307574490235055
 118   0.172662574655694350549528937466  -0.676627646580835352506058229638
 119  -0.074243063076263929906427406933  -0.676396177261908544994260512287
 120  -0.321109010570866977363240070468  -0.676200152846009731872524226824
 121   0.423188231472250841365065953761  -0.675371152510387917927247160008
 122  -0.570032560410613533129928267053  -0.674123953758262682162216065638
 123   0.366641914916739062413108401959  -0.666560108837704679601644275758
 124   0.119769984614362319278312190428  -0.666403224513569855657486590192
 125  -0.127134817821072793664539401444  -0.666173540191051343118476050063
 126  -0.374000777895616683981430094553  -0.665977580863772867828004230615
 127  -0.676809289845282751309243304276  -0.664826520934345841759437124726
 128  -0.622946989788209179390983383601  -0.663881713425248271087145118646
 129   0.716591347031542972749037554074  -0.658294588641429104300041779947
 130   0.313744941892413118577009411932  -0.656364508142737841326019649871
 131   0.066839374823625480316681526582  -0.656146927572405836242003039592
 132  -0.180026605263506815039591668391  -0.655951072298616873416627421172
 133  -0.426892545700416277062117529899  -0.655755008593159213944084992622
 134   0.564964516238506789675351365699  -0.655573220682371618154689207532
 135  -0.727403832073128560178089050524  -0.646326998631805105066627522926
 136   0.260849715260473949505710095538  -0.646149477666500931112079882072
 137   0.013947607477620901240854559532  -0.645924355700142056933198819108
 138  -0.232918352512727614803506157147  -0.645728396445787594442101268693
 139  -0.479784322349148722703756469771  -0.645532428651179365587446562294
 140   0.511430099375967982272500672866  -0.644946151196688890860083817999
 141   0.664583223620416417904302070837  -0.643618556594065890291356704177
 142   0.207957391509256443526760976050  -0.635929785065259572761606317155
 143  -0.038944159868256565994342614690  -0.635701783827220598716845844822
 144  -0.285810119858668637959019481584  -0.635505824573194975679523672073
 145  -0.532676089695089745859269794236  -0.635309856778586746824868965604
 146   0.458513676980874209747643265744  -0.634699873599038745121196279463
 147   0.612434959549807335296044138080  -0.630105652276729195017818281778
 148   0.401942323908926967436008852365  -0.625867097722136761230209301322
 149   0.155065812327170030443827915564  -0.625706239677647796386174015245
 150  -0.091835927214243209084448189849  -0.625479211954864018301260795214
 151  -0.338701887204609661114532806081  -0.625283252700602356916946075582
 152  -0.587625437149906576942816851395  -0.623207053649325211386649850699
 153   0.349040347046056191247545054914  -0.615646212530692196925790175268
 154   0.102174045833015132886328512904  -0.615483663397899711185665344146
 155  -0.144727694560138612305368092734  -0.615256640082035361191690247045
 156  -0.391593654634909727794318679359  -0.615060680754835397052438015910
 157  -0.641646985040868840475570722334  -0.613360923583659481819262604655
 158   0.757026849203087072320861986477  -0.611363454632934432535793723100
 159   0.703244210273531892011159881410  -0.606103651027410094208492230406
 160   0.296143374021730247411446064946  -0.605450611835725358650165549423
 161   0.049246498084332436503796385545  -0.605230027463468365466435634909
 162  -0.762057209099498839443478849635  -0.605081592956315532957047814158
 163  -0.197619461906079635460881417165  -0.605034068209442742429112650325
 164  -0.444485422439709320875006114276  -0.604838108484221743168518777764
 165   0.546730508368155887295401123252  -0.604253140081120972488648843593
 166  -0.694611726184550090555217300007  -0.603523432833965561516565085387
 167   0.243251050270512741432496945364  -0.595230919234484000299691984489
 168  -0.003645269261608586651716938887  -0.595007455590875746703858038234
 169  -0.250511229252020658616394741697  -0.594811496336850123666535053724
 170  -0.497377199088441766516645054145  -0.594615528542241894811880347435
 171   0.493839122489497578130220577776  -0.594028594687689572315145398943
 172   0.649017241533303221426568613641  -0.590465094333939697192150111197
 173   0.437356533325941384956118505632  -0.585157817716869194437082813712
 174   0.190359471088426328349563884960  -0.585007373846872223924259682576
 175  -0.056537036607549609807230028324  -0.584784883718283127941279225377
 176  -0.303402996597961681771908066154  -0.584588924464257504903957457188
 177  -0.550268966434382789672158378609  -0.584392956669649276049302750747
 178   0.594481152819196818479791060430  -0.579314896695153531968190508172
 179   0.384340756038244096270445505315  -0.574953201415124278554355200886
 180   0.137467704594271430792064482218  -0.574784797567124138723751011480
 181  -0.109428803953490632962743352755  -0.574562311845690509178701628696
 182  -0.356294763943902704927421390853  -0.574366352591664886141379860824
 183  -0.605218313889199620755705435748  -0.572290153540387740611083635841
 184   0.789975548027929187118968410862  -0.568149238838742578286445023095
 185   0.331445544591597149110208715028  -0.564729977838248206942477736526
 186   0.084575938583670852153577773620  -0.564562218785458906916467073013
 187  -0.162320571299431656118256677277  -0.564339739973097890416124031994
 188  -0.409186531374202771607207263719  -0.564143780645897926276871800962
 189   0.734671689999856324609556945976  -0.562350324905628888168430930638
 190  -0.658110082103924677770838830273  -0.562067586162900076438979827596
 191   0.278548571567271205274109724997  -0.554534377143281368666853110608
 192   0.031653621345039392690907801180  -0.554313127354530894690869420047
 193  -0.215212338645372679273770001717  -0.554117168100505271653546435372
 194  -0.462078299179002364687894698637  -0.553921208375284272392952562827
 195   0.529137267535491166041974132040  -0.553333619752453733146508372704
 196  -0.711001849428674384389028854329  -0.551845014180663212394459831247
 197  -0.764869518894119462813586053335  -0.551284465316574805141387652888
 198   0.682644413799473911957321031733  -0.548378833938785133040510926099
 199   0.225656822526003165625238101923  -0.544311710562442674725620334442
 200  -0.021238146000901630464605288212  -0.544090555481938275928290607205
 201  -0.268104105991313702429283326191  -0.543894596227912652890968838907
 202  -0.514970075827734810329533638518  -0.543698628433304424036314132496
 203   0.474950923909949431378153846335  -0.543577866416563195678379018256
 204   0.629680893015028157879886636601  -0.538534775081633908171765513201
 205   0.419660258570640605709350355401  -0.534276761434079828484908728607
 206   0.172765056031848268067738699266  -0.534089134282694589525111663324
 207  -0.074129913346842653620118612678  -0.533867983609345657165713010515
 208  -0.320995873337254725584796650729  -0.533672024355320034128391242379
 209  -0.567861843173675833485046962948  -0.533476056560711805273736535809
 210  -0.815016547283370613913038334758  -0.531604130654910284380140949331
 211   0.576663572872920344914823725169  -0.527970450990626562570822331325
 212   0.366745953583785054133109165430  -0.524036966722680288571042762051
 213   0.119873290021247689429251990567  -0.523866555501029357717827724877
 214  -0.127021680692783676775631937125  -0.523645411736753038403135413762
 215  -0.373887640683195748740309975202  -0.523449452482727415365813645966
 216   0.820917555308393195458459175830  -0.522445491378345431771970347360
 217  -0.622811194955759764851049865390  -0.521373254926613703406003426684
 218   0.767135390987721956850190759009  -0.519360231316082856125323870836
 219   0.313852667905969485939381860375  -0.513813077710768200718540573343
 220   0.066981523010712901278385289205  -0.513643981893039110325672315750
 221  -0.179913448038724699931145261592  -0.513422839864160419640557817106
 222  -0.426779408113495815420095848098  -0.513226880536960455501305586110
 223  -0.675702962280509471469239889479  -0.511150682944376839361483430384
 224   0.715108114787339544197954844778  -0.505388740349239100997403866306
 225   0.260955713132651144967863777742  -0.503617382326097822712632527848
 226   0.014060744605746348878020387564  -0.503396227245593423915302800609
 227  -0.232805215384665723086658586041  -0.503200267991567800877980220508
 228  -0.479671175918295408500783283012  -0.503004308266346801617386347972
 229   0.510249068955943019289907400625  -0.502882891481327356509741992085
 230  -0.728595259030672525723794698332  -0.500927651196374635492062974778
 231   0.662144594002893790120520449713  -0.495544681492087876128658453366
 232   0.454936848900770793216041953987  -0.493563100295002195624896804258
 233   0.208063946638496247410364375002  -0.493394806046349737512123856753
 234  -0.038831022740194674277493872558  -0.493173655373000805152724392282
 235  -0.285696982730606746242171910583  -0.492977696118975182115402623974
 236  -0.532562952567027854142422222870  -0.492781728324366953260747917630
 237  -0.781265161839308017430666054753  -0.489617418360735662357711791202
 238  -0.843203820729832488091573596561  -0.485656504930884383594531884674
 239   0.609294783602500747534767659384  -0.485107365299216154349808069083
 240   0.402044698242083755781959447928  -0.483342511888935387530549191649
 241   0.155172180627895668771877666404  -0.483172227264684505704839918272
 242  -0.091722790086135697433007197033  -0.482951083500408186390146795582
 243  -0.338588750076547769397685235048  -0.482755124246382563352825027508
 244  -0.585454724240235977580391392601  -0.482559157946937768068656326737
 245   0.848571954358616325944422375979  -0.476214827941201325789553964877
 246   0.556371626403428676892560839441  -0.475048565134694496682412641963
 247   0.349152930908497174727972593178  -0.473119939952420667427169044045
 248   0.102280413617360880621010964959  -0.472949653656694258312684509188
 249  -0.144614557432076720588520521487  -0.472728511627815567627569198885
 250  -0.391480517422488792553198559580  -0.472532552373789944590247431034
 251  -0.640404071154265594955633354964  -0.470456354630822700523846682919
 252   0.788471662787379154346392189221  -0.469895056350672818877858207264
 253   0.296259791169164940853655455693  -0.462896177600970900470329357654
 254   0.049388646271419857465497875576  -0.462727081784101639550105696373
 255  -0.197506324778017743744033845914  -0.462505939755222948864991602217
 256  -0.444372284852788859232984432451  -0.462309980428022984725739371167
 257  -0.693295838479015301573823379088  -0.460233782648585836479326686601
 258   0.736444386586996741694156274990  -0.455923565383829063749938202734
 259   0.490234993946764381127795508288  -0.452868125359766356456259778013
 260   0.243362837245144226752989115131  -0.452700477810004885499135238549
 261  -0.003532132133546694934868196779  -0.452479327136655953139736585745
 262  -0.250398092123958766899547170440  -0.452283367882630330102414005568
 263  -0.497264052657588452313671867372  -0.452087408157409330841820133029
 264  -0.745965741287650793280694735459  -0.448923549812946863344975503027
 265   0.683480865802550987616721879895  -0.446079506526677838881192789781
 266   0.437343039323482359587576630873  -0.442646522511085996400737161721
 267   0.190471071234543648114502406482  -0.442477899028339653691851300098
 268  -0.056423899479487718090382456927  -0.442256755264063334377158177428
 269  -0.303289859469899790055060494908  -0.442060796010037711339836409099
 270  -0.550155833633587998237766652501  -0.441864829710592916055667708481
 271  -0.800037456453599770114077168529  -0.439123448586299153698538692124
 272  -0.868788143888267357541194942305  -0.438248884897895508707983045966
 273   0.630631055402157945030969089633  -0.435642190333806117102342405528
 274   0.384451075937977924451714042521  -0.432424965002861866807635997570
 275   0.137579304224008859963635705114  -0.432255325420349406299695890986
 276  -0.109315666825428741245895781392  -0.432034183391470715614580580730
 277  -0.356181626815840813210573819447  -0.431838224137445092577258812563
 278  -0.603047600864261978700206901066  -0.431642257241606601433020306575
 279   0.823185814556668643232948768994  -0.428700788598882275451329568528
 280   0.577707898203085874388762269524  -0.425583390169284459434946978336
 281   0.876670114994473026056200770770  -0.422261096420978678740323615690
 282   0.331559308599830101893404235976  -0.422202393089947090650464123512
 283   0.084687536878067836808122615650  -0.422032753547756787537117078145
 284  -0.162207434171369764401409105852  -0.421811611518878096852002984029
 285  -0.409073394161781836366087143926  -0.421615652264852473814681216174
 286  -0.657996947788008278706926090496  -0.419539454485415325568268531596
 287   0.771884760373050989759707575810  -0.412261753702727315383887619739
 288   0.525533138992757969039549062592  -0.412173150424530517287622751794
 289   0.278666914433772463128054007178  -0.411979277490685700782913136941
 290   0.031795769532126813652609291225  -0.411810181675164168774539481428
 291  -0.215099201517310787556922430316  -0.411589039646285478089425387266
 292  -0.461965161592081903045873016832  -0.411393080319085513950173156315
 293   0.718487831241416033812904095890  -0.405133781482058308437023527858
 294  -0.716189672965459863155330054015  -0.404030056031111475074496307456
 295   0.472641184369475947499330185164  -0.401951547575850157232100135539
 296   0.225769961841191627457127881611  -0.401783570791994801678863319433
 297  -0.021125008872839738747756781124  -0.401562427027718482364170370786
 298  -0.267990968863251810712435754757  -0.401366467773692859326847790689
 299  -0.514856933724148596409016297012  -0.401170509543635293636739923952
 300  -0.833885246337373303534609605575  -0.397214414373478251259482129399
 301  -0.769280304503798936298553284284  -0.394896334362055021680057213230
 302   0.666290186598033847563209899704  -0.391812898540200819714834113381
 303   0.419749229746193925959111307805  -0.391729944727169797176577519257
 304   0.172878194830656839306261180162  -0.391560997184004554286707910339
 305  -0.074016776218780761903271041277  -0.391339855155125863601591962482
 306  -0.320882736209192833867949079294  -0.391143895901100240564270194171
 307  -0.567748709798755429432408050532  -0.390947929403282784541373329858
 308  -0.891709695902053697409469328442  -0.389498064577138215298601309476
 309   0.612880653276688756182623929467  -0.384779991668671577248979172971
 310   0.366857453645085673893605565298  -0.381507418154071108743486486642
 311   0.119986427484715816150748090788  -0.381338425311411935524129097506
 312  -0.126908543564721785058784365738  -0.381117283282533244839014365777
 313  -0.373774503555133857023462403753  -0.380921324028507621801692597679
 314  -0.620640477498004662451499636618  -0.380725357096199226477442155316
 315   0.808739036780000000000000000000  -0.372653017761000000000000000000
 316   0.560716840511810081171571594837  -0.371327234832314374007210668462
 317   0.313965686303258877947088592323  -0.371284846260191405788821660202
 318   0.067094660138774792995234031325  -0.371115853438819316761550863269
 319  -0.179800310910662808214297690216  -0.370894711409940626076436769085
 320  -0.426666270901074880178975728280  -0.370698752155915003039115001272
 321  -0.675589813530165207246856737232  -0.368622550576733721513546212413
 322   0.880915077005784249426355634014  -0.368558020846203639251821926898
 323   0.754766094070610733470127618488  -0.361183467781083749442279990327
 324   0.507816296118862365647543004036  -0.361150180661423718831183013498
 325   0.261073889130348778260844007239  -0.361062428714071796651466498048
 326   0.014202892792833769839720706864  -0.360893281566226697998973266570
 327  -0.232692078256603831369811014744  -0.360672139537348007313859172432
 328  -0.479558042658642047141217446502  -0.360476181705311476745092947217
 329  -0.733786302898029609277642258168  -0.353114452885477765348625807895
 330  -0.803126366784657084764827180817  -0.352985904911287684386158959846
 331   0.701808120563040930319808401200  -0.351309609840085725062970210207
 332   0.454924341495580344107324126670  -0.350928577812743358775660397295
 333   0.208176966630107942930991174513  -0.350866565892760903825374453133
 334  -0.038717823833872854179088386894  -0.350645505573114373061150795664
 335  -0.285583845602544854525324339349  -0.350449567664755388551281575834
 336  -0.532449809889316027603657695058  -0.350253609236325162122445545283
 337  -0.856806798351159643402883991713  -0.348463594052720957850100392967
 338   0.648972276629422522971846883937  -0.340801821086508985591411157137
 339   0.402032565394472092041818384243  -0.340706051239644670342569364696
 340   0.155285199284166919775478085046  -0.340643994020168285062795640313
 341  -0.091609652958073805716159625633  -0.340422955046188392826025747623
 342  -0.338475612948485877680837663851  -0.340226995792162769788703979360
 343  -0.585341586432498113183700786057  -0.340031029257875409585795178513
 344  -0.911915873661841416837710282686  -0.339506058029352542041149631232
 345   0.596062354649960314087597064734  -0.330673395419814884201373758128
 346   0.349140798052645296095301411257  -0.330483479345764967387904538344
 347   0.102393431938225896619964760636  -0.330421422147575666300218043590
 348   0.843033309189770899088073403045  -0.330256432161122572681035735209
 349  -0.144501420304014828871672950116  -0.330200383173595774063448150926
 350  -0.391367380294426900836350988397  -0.330004423919570151026126382912
 351  -0.638233351441540513780087659777  -0.329808445294135478045227852385
 352   0.916177430926754656025677155031  -0.327832028843310721916629757234
 353   0.790056874942296268200852336282  -0.320482106450851203592106481362
 354   0.543174158163111505313720189989  -0.320393019174466708639213069209
 355   0.296249161825813552286403341789  -0.320260229083936552195371605687
 356   0.049501664592284873464451436127  -0.320198850274983047537640446902
 357  -0.197393187649955852027186274651  -0.319977811301003155300870554259
 358  -0.444259151967635024274320157985  -0.319781853542140965834034792229
 359  -0.693212662829028379905019513676  -0.317676905563200892235147195344
 360  -0.768379897094057094292739228072  -0.311818892963519468120208455449
 361   0.737163071625862523428548536803  -0.310270074361697867622526777967
 362   0.490276187795361391978543975905  -0.310196863052375168581300821916
 363   0.243352137446040766441925051393  -0.310064894835703275863263261994
 364  -0.003390090315671720620854706731  -0.309976214048249534041568289913
 365  -0.250284954995896875182699599296  -0.309755239428410536538292957625
 366  -0.497150919198309004736760406404  -0.309559281073154651211387389757
 367  -0.823288166903659715206629594025  -0.303019720798749005757836222618
 368   0.684262843324867688652058244928  -0.300091377275621477205978490754
 369   0.437383517767744228762067332353  -0.299978419833034017813653227969
 370   0.190462231183698097205668935238  -0.299832698383910505255559652432
 371  -0.056310762351356651209394223780  -0.299728626809903544421832949443
 372  -0.303176722341837898338212923874  -0.299532667555817917775715361038
 373  -0.550042686523058711354950430597  -0.299336709090917787166867393964
 374  -0.876969537872361046560572999405  -0.298508574648584421406884319265
 375   0.631367146742839341652577374533  -0.289889156352240651224544398184
 376   0.384491323964527270557980091839  -0.289758054704996151511732722441
 377   0.137569428083019376371877954892  -0.289615486982539465797260130472
 378  -0.109202529697366849529048210002  -0.289506054937250922050459532709
 379   0.878376382344616503614977619198  -0.289450773590800987954705738086
 380  -0.356068489687778921493726248452  -0.289310095683225299013137764534
 381  -0.602934451532101111951337304274  -0.289114125127177855626300067853
 382  -0.929719019983000000000000000000  -0.287150749742000000000000000000
 383   0.578469969546727203277313565393  -0.279694615001567300045199992246
 384   0.331599179012455345019813461195  -0.279537436766902232597310130991
 385   0.084677929644920740983849088862  -0.279391523874229436394127933559
 386   0.825464829594858837490080158918  -0.279331108859344375832295851117
 387  -0.162094297043307872684561534537  -0.279283483064658303287881936023
 388  -0.408960261360987044931695418141  -0.279087525305796113821046173860
 389  -0.655827517434618946931062223389  -0.278890426830189538513509082505
 390   0.932985717510609556255452668155  -0.276392067535019312836160519847
 391  -0.727701692566000000000000000000  -0.276257875163000000000000000000
 392   0.772488395347384206602859092155  -0.269556783149073006743366597270
 393   0.525577137992975041845892723132  -0.269477550898123758607262431898
 394   0.278707560099944115251029480390  -0.269314096927047584546522196900
 395   0.031786425681296506077658616779  -0.269167589351092235012511503001
 396  -0.214986064389248895840074859239  -0.269060911192065684525304339439
 397  -0.461852028591661025394135666555  -0.268864952836809799198398771324
 398  -0.786810127865221495323125692509  -0.261199068562509346554952775713
 399   0.719594592030950461830555292675  -0.259344751059919670773786893874
 400   0.472680350850776922162188282185  -0.259280985853930761003672621711
 401   0.225814738835484353155150275925  -0.259096979556997063374274539771
 402  -0.021106731164413509112061368265  -0.258952209399147489986253583145
 403  -0.267877831735189918995588183837  -0.258838339319473065762726742760
 404  -0.514743795916410732012325690764  -0.258642380854572935153878775561
 405  -0.839841343531326777475775682001  -0.251726466299007275490603881746
 406   0.666694363729955627054065000816  -0.249166053973843280357238606581
 407   0.419787964946254115946558203837  -0.249061614934225770112938229928
 408   0.172922693803975400488562902967  -0.248875844539186958194476429246
 409  -0.073998498510354485604676186637  -0.248729637526554629789015293482
 410  -0.320769693415694321370177712759  -0.248615685619810677720495959631
 411  -0.567635560925453132608712564496  -0.248419796890833003613311449426
 412  -0.893525203764555528563833406283  -0.247245040284150445608417798481
 413   0.613798667147927280054584130429  -0.238963833050462454375804514038
 414   0.366895810704201939761642801435  -0.238841045072303351424849709739
 415   0.120029139691506599784647126581  -0.238662521768471754489692936713
 416  -0.126890265390777692341986334133  -0.238507063245364904619976848361
 417  -0.373663592076621289298985136250  -0.238391270366335334478110772161
 418   0.861454155482383659346221027449  -0.238307071469321748967158715169
 419  -0.620527328271394155764225888983  -0.238197225018240384850733853104
 420  -0.945089037176055161468206536634  -0.231649813046992630016785672193
 421   0.560901489951815141679320321299  -0.228769291699789103196460108043
 422   0.314004174550984310433378734933  -0.228617794429620434061586810116
 423   0.067136753414420574819889767016  -0.228443152777041960112046667787
 424   0.808240736897893895123806895831  -0.228288277242810465098045106110
 425  -0.179782033202236434405897501415  -0.228284493781369476448259957109
 426  -0.426556724558199234586029622802  -0.228167513481122177235509796505
 427  -0.673429862661843351949980088133  -0.227971065049116744993880021973
 428   0.946851642628745626699021781659  -0.224336557266790089899161873391
 429  -0.727010725251961145982118192202  -0.222391531666620468091438473445
 430   0.508008658398062980247899479093  -0.218552227596345561758522547729
 431   0.755276585886016199362070879760  -0.218447609772639058022877352248
 432   0.261112663965703714893288988893  -0.218393894162372832500148237322
 433   0.014244059494977324135460748224  -0.218225376178800743882784441362
 434  -0.232673800450498791609258971791  -0.218061921403385728514568739768
 435  -0.479448690980309484475048018942  -0.217944769177509178789960145523
 436   0.455111871255864860564195038160  -0.208355662552152564154932737469
 437   0.702350181059260081872979292088  -0.208308780226526883137951964060
 438   0.208219846899022565928864268267  -0.208176755060937527028320224702
 439  -0.038650710394522507747140567694  -0.208018351783594430491348328092
 440  -0.778901917801363431686031776785  -0.207912107284412723362974581994
 441  -0.285565567441226377532006752064  -0.207839347692912685682933755562
 442  -0.532340455989351885071434892674  -0.207722185213769247249392819388
 443  -0.831933133467468713838681766264  -0.198439505020910652298625688001
 444   0.649417447231428873605244714665  -0.198140408492211699191634435313
 445   0.402219485351342054348564959872  -0.198136291632447573264198345738
 446   0.155328057504738322704054121361  -0.197954297267522300018737230344
 447  -0.091545288318730134639951205647  -0.197796794767442517075835890838
 448  -0.338457334643258698474632309311  -0.197616775075733929125775479897
 449   0.896728162307028948254554608262  -0.197591171980272603718586888626
 450  -0.585232215188765306084951951768  -0.197499571190989133801782550477
 451  -0.885616993700697464926739490573  -0.193958079006053822416439604720
 452   0.596509216541742524871009182893  -0.187943102691090172391735000649
 453   0.349327331109289878163649557481  -0.187915721770525154576109825494
 454   0.102433574016126450918538617075  -0.187745788799560835151975540349
 455  -0.144437075755707837389085070042  -0.187574260085807695585045534405
 456   0.843464580894719090040730244367  -0.187528973485817798053207700674
 457  -0.391349100890503116680566965676  -0.187394197518467318758002489007
 458  -0.638124941384639290545329274302  -0.187281961674288035810891016803
 459  -0.956460353101874658476489729403  -0.178993064165366081761666870532
 460   0.543610170587970073929763868662  -0.177749194646520070176759504087
 461   0.296435694956072248835385491044  -0.177692471127842237212846925887
 462   0.049541180439289963067690570535  -0.177526457589520664045809373710
 463   0.790554066402184330954551571519  -0.177403881644123516908458258935
 464  -0.197328845524649414443294537633  -0.177351700749870694654400315118
 465  -0.444240868210338542364867861552  -0.177171625510803878716752635697
 466  -0.691151579801000000000000000000  -0.177092587187000000000000000000
 467   0.943337962585939714447296783792  -0.170580682413670432876702461704
 468   0.737589915390306635192815555406  -0.167563214173952109833290505024
 469   0.490696849908035973614052542429  -0.167539079139579009057933042021
 470   0.243544184370791653295295745015  -0.167468570860594635651408353038
 471  -0.003351574590984163422729389551  -0.167308997338808359302502522379
 472  -0.250220644489284632948620736318  -0.167129139298478081436495875765
 473  -0.497132633219380942961254735216  -0.166949041547063947176185309620
 474  -0.744038750820849771158881073071  -0.166843876049596962442873359787
 475   0.684683352931676774598190689009  -0.157417492046938560224089771027
 476   0.437799315183364891644436810934  -0.157341661737545837492007576906
 477   0.190651367304110504330871024437  -0.157251431759159330179580340470
 478  -0.797236982295374411178054127426  -0.157230075001670468533410374309
 479  -0.056246433701229276748852042940  -0.157102435313581921527816570260
 480  -0.303112411480012218871368516618  -0.156906565588005038604860891568
 481  -0.550024392418794363974771794278  -0.156726427524283833728575040738
 482  -0.854449614698000000000000000000  -0.149500158055000000000000000000
 483  -0.912793836999552504262653458270  -0.147445078490316796832936780824
 484   0.631785051296188705839448189729  -0.147228786891306899943011327440
 485   0.384905443003160677803014601454  -0.147123901311733755636076112196
 486   0.137759627515501903913563468131  -0.147028717305473718696041786473
 487  -0.109138210087758416120597992554  -0.146879910217262842245379573981
 488  -0.356004178879356030681645196745  -0.146683993038802030396969668647
 489  -0.602916081219219659601529584642  -0.146503449264185643686315986158
 490   0.880509359573834897853402355665  -0.146220066613839110309244948604
 491   0.578887502138651156730271106690  -0.137036175754146148174131365827
 492   0.331997583427968336483965530130  -0.136908433520107321066174877531
 493   0.084865094497819571214291821145  -0.136820465471354989259043322695
 494  -0.162029979856699993174807460113  -0.136657350881325841314734354734
 495  -0.408895949885998731397806610904  -0.136461417121195176497603035985
 496  -0.655831594830432075927934765853  -0.136404516254750024726391996365
 497   0.827608478663900011374424366389  -0.136044761821334781500435843884
 498   0.525990585927188284309319917143  -0.126840280306224410047076762304
 499   0.279100730456133502411786398690  -0.126687186750109979813054606021
 500   0.031972700920983083363443774611  -0.126601134261314818152877156020
 501   0.772963073732976138665834140334  -0.126486330587740821872490492716
 502  -0.214921753467326478187921928812  -0.126434811422379711830048351204
 503  -0.461787717205834157082107506871  -0.126238845113531736456353182706
 504  -0.708720367871796101650550678479  -0.126166463957239490448524705615
 505  -0.964900189072360467635790686845  -0.125787714834130893219247661772
 506   0.965454569960230851332235798879  -0.121459447627491393171534166597
 507   0.719998922721098442904098124278  -0.116645663117569414797322738775
 508   0.473097524224414571829660341792  -0.116624407735853943442154851133
 509   0.226205309152837824929141033667  -0.116464615770389116907356684300
 510  -0.020920054109291043126976185422  -0.116383674010602513409570304742
 511  -0.267813519940045298876318285903  -0.116212235031721036685870301339
 512  -0.514679488382322151850406607620  -0.116016263274538519325120522066
 513  -0.761607231578512823404262087121  -0.115918553148950589314679775830
 514   0.667092360262468582309473257814  -0.106499940990555865188122004757
 515   0.420200966495915893413080121077  -0.106426652632740239058469772706
 516   0.173300257911000000000000000000  -0.106250346939000000000000000000
 517  -0.814600225520109669769091160095  -0.106234410348818261560265595955
 518  -0.073814913219536156453098838791  -0.106177111985376075634884352531
 519  -0.320705287699667345501188395875  -0.105989665299521569243849721496
 520  -0.567571276536128901703808349623  -0.105793659226847773340828152407
 521   0.914643575731756861881724332184  -0.103562998421532748639858241872
 522   0.614194058626980513550730758601  -0.096311235834924204907043561194
 523   0.367294164094575942657672138321  -0.096212101720875869687452404342
 524   0.120398987637000000000000000000  -0.096031957396000000000000000000
 525  -0.126706689606065295824844788342  -0.095954586889056996352447356305
 526  -0.373597054901658331774333950304  -0.095767092682128946393209550403
 527  -0.620463316234528558531657394152  -0.095570801856211726643496846684
 528  -0.867376241333152823133216009132  -0.095430143433895533283102243428
 529   0.861585744325261212598119843039  -0.094240629886264537322112736278
 530  -0.921233672970038313421954415758  -0.094239729159081608290517572027
 531   0.561296509469442964441553675494  -0.086118624697763453138163599538
 532   0.314399977497589565754240564966  -0.085993167693573794228250998385
 533   0.067482535050008382994965610071  -0.085831380923499589370187527255
 534   0.808242796387763395665440415576  -0.085775383680689327402848696999
 535  -0.179598459375006872879054255890  -0.085732027553119995421802137004
 536  -0.426488821140586152547469098812  -0.085544515081832138996997378066
 537  -0.673378829845740974858062575414  -0.085471868846776107683572856909
 538   0.508399593257980092020602486006  -0.075922729249841715011108996057
 539   0.261505239944928389022082008171  -0.075771189830305240687008455169
 540   0.014584329060216182892702181658  -0.075614032434488411406986255602
 541   0.755346220826743653025576214974  -0.075577721076699932617800216595
 542  -0.232490232985633357892168724529  -0.075509488094173865937116133508
 543  -0.479380588467741234482830901301  -0.075321943112040729179256474750
 544  -0.726282185542549067847507999872  -0.075238842878234595250845551168
 545  -0.970383439107216425213779208142  -0.072186599736521764794904094573
 546   0.970697106346997735738102886179  -0.067838424249351341393400702411
 547   0.702382069814865957263840198877  -0.065737053606528525542632462576
 548   0.455488044908451318584605655971  -0.065713247202154289627914303982
 549   0.208607849802000000000000000000  -0.065548459423000000000000000000
 550  -0.038314821663897606306111815418  -0.065398753785219384240374960366
 551  -0.285381999458352178580565081610  -0.065286911703515190792938083587
 552  -0.532272353475492064803539556562  -0.065099359141618198431582090013
 553  -0.779180253924651597825981645015  -0.064994797255560497098167796826
 554   0.649475507356236096669215332476  -0.055591331479514975933431728621
 555   0.402590727432097845733805566538  -0.055515754891857180491061562177
 556   0.155708231473000000000000000000  -0.055332390621000000000000000000
 557  -0.091209680774142719632234468837  -0.055192191759992946465689008232
 558  -0.338273767217974225205435191531  -0.055064341971315723350917503797
 559  -0.585164112668846541901826814928  -0.054876745087489136335101827221
 560  -0.832087097986177094674800477412  -0.054727362318791450677857559503
 561   0.897119053050890348216394363133  -0.052622531860307870066146931578
 562  -0.889809385076000000000000000000  -0.046312079574000000000000000000
 563   0.596577205720748027910472833198  -0.045402626323883315652353284995
 564   0.349696319920355891865645306674  -0.045296629262863240476165590208
 565   0.102801652952000000000000000000  -0.045116576613000000000000000000
 566  -0.144115434056192413983329363428  -0.044974437366545362910365657549
 567  -0.391165534419965211478580745893  -0.044841769353923100500277332705
 568  -0.638055801396447400106756673520  -0.044653766450611566590696814898
 569   0.843979597795358217939130383726  -0.043328316709243601609847105962
 570   0.543679656563210478801295750158  -0.035210015186722563883473323399
 571   0.296802276511678636796737790626  -0.035075253445047182022866181631
 572   0.049889853327073416312497494667  -0.034914413432662265967999801417
 573   0.790786518321639605402842472770  -0.034811490729447461641269735251
 574  -0.197013995272115757552621894627  -0.034754197684794032125772278161
 575  -0.444057300658893032251715894396  -0.034619191753626293104065160345
 576  -0.690971315007659816433161854750  -0.034554833441175947630772825155
 577   0.490782740351747606380344560606  -0.025014119738800825756418719852
 578   0.243910462916474174451325587686  -0.024852778693679858997759733913
 579  -0.003014119568188682611129496555  -0.024699057873551333660109347103
 580   0.737889942760619862762978272125  -0.024613828125458066856221254843
 581  -0.249917480539905235091902944158  -0.024535660777112419492848604949
 582  -0.496949067986048114187077696847  -0.024396619783834883286324257017
 583  -0.743860086010487887260210483637  -0.024316770612794423964438009756
 584  -0.947288187724634377894249750449  -0.023517827487339056481717160208
 585   0.941727142953077114395578235475  -0.022420572587010749579804659290
 586   0.437889679269321272101602912276  -0.014798243956559167939931816393
 587   0.684925791748742167001242256074  -0.014773160655286659781053500820
 588   0.191018072426072479088368529338  -0.014630404028438323138730364231
 589  -0.055911740151654985741664477971  -0.014483250366293067910349393973
 590  -0.302812787769514708984454648624  -0.014314295059684607804570198364
 591  -0.549840832993798944507786352057  -0.014174035813412352538649872283
 592  -0.796746949467803887786299256860  -0.014068858517411856690551588496
 593   0.632019229290112306406617389598  -0.004627438528273110171852766843
 594   0.384993121499850801056930880924  -0.004600489065969376466525303030
 595   0.138112779462000000000000000000  -0.004415540934000000000000000000
 596  -0.108810302054390912425148507423  -0.004277968214732538245397805705
 597  -0.355709368672902545007559436874  -0.004093371502112605356890242404
 598  -0.602732592187153421606073610409  -0.003951421759283290442169609424
 599  -0.849617620340833280289270287011  -0.003737731274788412940644256383
 600   0.892341309673004525376612653434   0.001035768493715113395292229064
 601   0.579120927654624237647874890390   0.005561266627358550109225676761
 602   0.332100829463620213389553986894   0.005619367675764982063592680053
 603   0.085212495074000000000000000000   0.005801824479000000000000000000
 604  -0.161708474563266801765406059283   0.005942406156830225785444188131
 605  -0.408605281292384714123506826162   0.006127782907141632542634272842
 606  -0.655624280914754279811003468957   0.006271556877594279302235402865
 607  -0.902517530698464039417821280968   0.006442618071972964022198553217
 608   0.835633447816929140477101069881   0.009891809269609954413112661266
 609   0.526223378497086688538697807292   0.015753877764519301878105638393
 610   0.279209039401625182031565319363   0.015841822014392203425497674177
 611   0.032292712690306118246197125685   0.016001013208752690129365391697
 612  -0.214609800120725213537812143043   0.016161690605572923079220096952
 613   0.773416833583516126059684811130   0.016181980232683319181721930717
 614  -0.461500536555298530630941037997   0.016349166569256989009648863296
 615  -0.708539794525966696137408650184   0.016370489887029898262159392650
 616   0.972825668418192530126319698174   0.021567172781023776230217980923
 617  -0.972770046630690180232233629884   0.023944946297589900758688207712
 618   0.473324411522470779907528457886   0.025949070733895411223125373867
 619   0.226317255966171291622874954045   0.026064310639209563386721199111
 620  -0.020604146448048081316159194576   0.026218826833428577285394895700
 621   0.720520258022496383419820610534   0.026379642836672713966770411155
 622  -0.267506682497866865644654583178   0.026382508898844252771267730036
 623  -0.514395448789159730048376670061   0.026570662128587063666754218387
 624  -0.761428565528794766964457278998   0.026608552715411421928494208027
 625   0.420421503182119953177573129035   0.036161572103293352728817302545
 626   0.667556107010618687658084594428   0.036220310306844121041938165236
 627   0.173421661855248796844795023805   0.036285274928936677558206416277
 628  -0.073497037838092659463783987539   0.036436267835933125824778034828
 629  -0.320406752184269328899944283006   0.036602229221140207639177268223
 630  -0.567287214626306624553705683176   0.036793245815102754307056169755
 631  -0.814299236401824159467428309177   0.036939679958034865678401540090
 632   0.924662091193711150758732085548   0.045698270095669320834844142813
 633   0.367524309026594919136721020430   0.046359108846903666359802894918
 634   0.614649544551988827063459728021   0.046366032433857670651138899154
 635   0.120521525577669041329915610407   0.046504919649082986323938379146
 636  -0.126391897206207967796649876602   0.046642828524763573830700953769
 637  -0.373303227529360637507719261289   0.046823189253760389943165977276
 638  -0.620184748220170420497819073335   0.047013882894634979185845369986
 639  -0.867144386352489021193852549573   0.047400566887890308249062776168
 640   0.871007777503264760271387768571   0.050520577746022199164696491805
 641   0.561751242916500758304717228747   0.056554737589489330932217342816
 642   0.314617630016339192680055893978   0.056574031503073935047315644230
 643   0.808937774700349508350100711309   0.056682631719319068024510368011
 644   0.067618515212993218529189117803   0.056719576435132181057264168413
 645  -0.179283661739836674349203298637   0.056865414948299026575445264679
 646  -0.426199204514758738559070593655   0.057044321421780300869513092229
 647  -0.673080025997007947351186580476   0.057235632384669375918122352588
 648  -0.920084757113612261104544787717   0.057368373684888452943873602547
 649   0.508853693758963209195540145705   0.066747348726650082701097304384
 650   0.261719642383196371962631421377   0.066794358954168306328665780147
 651   0.014712605254744240278992467859   0.066922323592732174240130311266
 652  -0.232175426927584996219544495169   0.067087997987412457545469044391
 653   0.755815195299452990220160116098   0.067095852196859033518006744978
 654  -0.479096549521778578734726548333   0.067264982936579833716807581116
 655  -0.725998810129329283093625560632   0.067333445088126867110518667844
 656   0.970141309838421064558507175862   0.075370836668185607554633873351
 657   0.455950633512254758291639512786   0.076941147239164434063217234136
 658   0.208811910474305650152855316950   0.077011370494297316308307780355
 659  -0.038179783376721756772631457250   0.077141680398590428269657012287
 660   0.702918619738433247580295915496   0.077293514800848428303055225468
 661  -0.285067192115333318089885691644   0.077310581026525888515492823983
 662  -0.531988314709526900605067744795   0.077487565975693264686831360751
 663  -0.778903296831437451836556534036   0.077566121285427738580274571544
 664  -0.969954185977378647984545696786   0.077741888194398559557152105173
 665   0.649954468726555551818559899457   0.087134182271019835378222979525
 666   0.403055739360368449411233447400   0.087156378461927772696195533251
 667   0.155903382125166927749790552443   0.087227888760247665565622114482
 668  -0.091072532650024129218932995368   0.087359170451389413808985066173
 669  -0.337958957303081639960226888192   0.087533164065639319485516603607
 670  -0.584880790030585565237067874907   0.087709904514996112231815507078
 671  -0.834505869733490522644225837857   0.090258089699863863609726557138
 672   0.597047906267925691223935032982   0.097279904398033384987423713474
 673   0.844312104386685128144387409998   0.097311400195731312776094198615
 674   0.350158390836009340923290256129   0.097353862636537397485959363044
 675   0.102993968289894139410070863238   0.097444342144741923553150671814
 676  -0.143967392018139437551798884372   0.097565731140219861814907985063
 677  -0.390850722490829961830568084672   0.097755747104752750455540383171
 678  -0.637773171937287631510888173834   0.097932321399901650951229497153
 679   0.919128520761000000000000000000   0.099320013479000000000000000000
 680  -0.887389168560645433212509184866   0.100524380842497162470561737096
 681   0.544149604632437622465192533784   0.107468609553665045268502157110
 682   0.297266091155136884776151988508   0.107573679813779578388617472835
 683   0.791336136416286372510576016221   0.107596503683494782360795182351
 684   0.050089068728165259601904823692   0.107658348844791088925333677872
 685  -0.196859156551768144104352306475   0.107788317563755314559652296036
 686  -0.443742487678578283700909281189   0.107978330143866181425564162975
 687  -0.690665839932919671030224193110   0.108154972294756268899672072491
 688   0.491252055474900073356015450679   0.117661220690825797037382118726
 689   0.244374297221242074372901033253   0.117796114118869682581336322535
 690  -0.002836808715825265239523878327   0.117854539937287911650594769179
 691  -0.249750921739516465974693502944   0.118010900602868745529676075686
 692   0.738285150069506298711985238903   0.118034418557755941984285101791
 693  -0.496634252866326605571250477698   0.118200913182979612395587942360
 694  -0.743591330667914178807446025610   0.118250468270623931425790930779
 695   0.438355144783050647389304500449   0.127857144774790955137841864525
 696   0.191482502222543549720837902467   0.128018542914568119698009023142
 697  -0.055741769690509045919185043039   0.128069408921197261940127751991
 698   0.685336271019386528149144740474   0.128214051347406056353796036688
 699  -0.302642686927264787845034699482   0.128233483641982176499699855335
 700  -0.549526018054074927441591674246   0.128423496222093043365611722021
 701  -0.796533687995082696828863604431   0.128470043885600060948823600841
 702   0.964483540186868785960963214019   0.128943494538011786945333261383
 703  -0.964165487773024545020156809705   0.131300556977018450667157554824
 704   0.879595224393170995058465159580   0.138019402741611546906937782811
 705   0.632372015325942389595070351073   0.138054682671965833076708897212
 706   0.385462081397956242204358852377   0.138073008634879364113783413987
 707   0.138590659956612973086076090122   0.138240727142187709484921873746
 708  -0.108645452163150424330377001151   0.138283484136245461474468283822
 709  -0.355534452115013109715375895967   0.138456066681095607469723634901
 710  -0.602417783241823249311932870716   0.138646079261206474335635501643
 711  -0.855156381224000000000000000000   0.143792849453000000000000000000
 712  -0.912933492490815404062539411370   0.147953565356022383306113363663
 713   0.579465452867312529000445484631   0.148200404798979382685909631086
 714   0.826701703880533779053244143734   0.148232899520222725721059083558
 715   0.332565524147623467829664675975   0.148270766218276905574830930853
 716   0.085698865096847131489501187412   0.148463156656736712316271629579
 717  -0.161559867496704169458216187674   0.148482769891541343903212046987
 718  -0.408426217302761431585717092518   0.148678649720209038439747414530
 719  -0.655309538869194381203073297873   0.148868711765700073077415677795
 720   0.526562090718370287058028062496   0.158387362317160369718617599272
 721   0.279673224466751011682526408293   0.158490583395519086477489040708
 722   0.773811197604851005905055777778   0.158536827085716339368436297418
 723   0.032806246858119749181198217918   0.158681325011178634050479306518
 724  -0.214451632030332876010769609713   0.158705356315076796647956357907
 725  -0.461317982490509753456058288968   0.158901232759322469409771194256
 726  -0.708201225652597843439665432666   0.159091700461468956653096403873
 727   0.925532988517268026626598497170   0.166157665942212584551231892281
 728   0.473659188541126399088201451831   0.168578124187778631094020151981
 729   0.226781430532856201279275453116   0.168713017700609190670207890338
 730  -0.020088586390392690289915382563   0.168888021062278511618494931729
 731  -0.267343397218081197881110806243   0.168927939354190227617980137609
 732   0.720672719927472751296336081383   0.168944558345026837098353341165
 733  -0.514209747678258075326399485545   0.169123815798435900379794973716
 734  -0.761116739962359553128722474074   0.169190629810705864619409584350
 735   0.420762277849276973121490501543   0.178774048271743789194479897850
 736   0.173889635534157676627212322293   0.178935446496307627786880591029
 737  -0.072981024523541919066398869632   0.179107121658635129903177213971
 738   0.667732886299014822452778327799   0.179127319510568189287772474705
 739  -0.320235162405829519751452002722   0.179150522393303658588003917204
 740  -0.567101512866006397196740682019   0.179346398837549331349818753310
 741  -0.814005528159716304094140308091   0.179428603813535335640561461911
 742  -0.955421693947754412310015061147   0.184456799302907540593203834951
 743   0.861993611808600196560398512225   0.188933283590454269551220384342
 744   0.614768735296701627382586056090   0.188967987032217370522561071969
 745   0.367869214464182567936544853527   0.188989912131832198170421447246
 746   0.120997793268227099992450509973   0.189157630723927217573793441570
 747  -0.125873716592247983994413540204   0.189324907837280355328639242243
 748  -0.373126927593577841621793199269   0.189373105432417089558027696829
 749  -0.619993278053754719067081878566   0.189568981876662762319842532947
 750  -0.883932033680387668168311643236   0.193351312167230297249873823159
 751   0.561862172838071766787961189611   0.199113709159230920131761805890
 752   0.314972657213849793561850677060   0.199187669715229739631468964173
 753   0.809115533725418507901623736065   0.199226431160387152610617262610
 754   0.068106043746766376700891967669   0.199380294820264053266459061478
 755  -0.178768715942146805631043126428   0.199530743052571561530335360626
 756  -0.426018692781326163492134395751   0.199595688471530520528051476396
 757  -0.672885033681125850958222305649   0.199791614381156361061622709084
 758   0.508963871564521380552555115174   0.209302416193991142860722529413
 759   0.262080357532977337414712409440   0.209407486892471920534127073961
 760   0.756216598575453079483055717505   0.209453132074022240691771547525
 761   0.015213838143073113531004000892   0.209600598878564561331876222617
 762  -0.231660480475775512183596548522   0.209753329476107014275079671608
 763  -0.478910457969074485362475592284   0.209818271510643951498075256102
 764  -0.725776720464529313194814440515   0.210014603076925244637303435216
 765   0.949106546357388704556273113881   0.214596569722396955925350378792
 766   0.456066322537007283658764523968   0.219495028005946765788097752540
 767   0.209188563599082527011461454187   0.219629921197562024726845923657
 768  -0.037681452378907705385014586202   0.219804924885838192647379346879
 769   0.703012681911298191872121794091   0.219838203193227129820335935871
 770  -0.284552245663523834053937744988   0.219975912515220445245103451247
 771  -0.531802223156822807232816788781   0.220040854549757382468099035580
 772  -0.778692234774291022883871481851   0.220113532426162152603616615633
 773  -0.841082234637709377305807243148   0.225999968351973360771642188156
 774   0.897358746921306056839025140226   0.229570055695624408470706391098
 775   0.403169411845157857692053573741   0.229690952089911923888557498365
 776   0.156296768600384002359398323401   0.229852349993260461843518624266
 777  -0.090573890512056934161498073300   0.230024025482194810932061629146
 778   0.650116124625460483571603436800   0.230035960592457831433839311308
 779  -0.337444010851272155924278941533   0.230198495554333876215127230915
 780  -0.584693988344571129103157985338   0.230263437588870813438122815235
 781  -0.943749603580326948508990301075   0.237047695236729412286688312852
 782   0.597151973623147288501411165102   0.239876628114107012668627908622
 783   0.844437298838719341318062474594   0.239900906423729875020017793222
 784   0.350276348460063452507107925665   0.239906815950000332864499047821
 785   0.103404965583219137104896269628   0.240074737300582784259256097386
 786  -0.143466582580762999089512743830   0.240241811660840036357523657399
 787  -0.390335776039020477794620138028   0.240421078593447307185151010463
 788  -0.637585753532319450973499181811   0.240486020627984244408146594810
 789  -0.890770995560942906147331851634   0.246810231843366628936133495359
 790   0.544245411164517427906786298694   0.250022350241120562277828642483
 791   0.297379791209730678132413749269   0.250104573533397874325546564687
 792   0.791520934696020581479623675767   0.250142736148693053933952512636
 793   0.050513223741027506464353517196   0.250297441129141545508653533205
 794  -0.196361581277733188224266497275   0.250447650260141754609225626254
 795  -0.443227541226768799664961334527   0.250643661632560738155174790093
 796  -0.690477509159690582864639608959   0.250708653132477843149926771012
 797   0.491347109890967041671380224253   0.260211057275880785006789366095
 798   0.244487491528858221985275481645   0.260324390710640055228204674546
 799   0.738533658018586539665383381283   0.260338823991591754384438969154
 800  -0.002378553524129261587246821653   0.260519961679403134630709385335
 801  -0.249253346465481510094607693729   0.260670233299255185579249405950
 802  -0.496119306414517121535302531007   0.260866244671674169125198569753
 803  -0.743496361690174228910459509520   0.260896991653086710554068142781
 804  -0.805771078680260226316651337791   0.266683654193059320540090162863
 805   0.935535082361326617927347631307   0.267636009808574588928414866582
 806   0.438449560863452944777589633108   0.270403669087836407934164589146
 807   0.191595697594963411582024526434   0.270546825015730159420923524179
 808  -0.055274314555445443210133258713   0.270721848445358113937013354599
 809   0.685494233275650824091187764074   0.270780758940535879692418165721
 810  -0.302145111653229831964948890280   0.270892816338368616549273185558
 811  -0.549011071602265443405643727550   0.271088827710787600095222349284
 812   0.385556577529698617286726431511   0.280619947408372796547268922085
 813   0.138703902596264886929961395623   0.280769253811428596537596224851
 814  -0.108166756501762932072509218483   0.280940929305342982236231363578
 815   0.632546645579538882960402399204   0.280960939087518550188083916690
 816  -0.355036876840978153835290086758   0.281115399377482047519296965152
 817  -0.601902836790013765275984924015   0.281311410749901031065246128899
 818   0.883514190490892303207728298348   0.281631253203101741266043737452
 819  -0.929184990760946719113123668716   0.288912057587856606591074178054
 820   0.332659586963754742431518585377   0.290815457093225220194886254391
 821   0.579586237813475664710804826788   0.290821732053593115608483909032
 822   0.085812123674190072660450330378   0.290991765788718584683647484264
 823  -0.161059448570468997000523888996   0.291158715483988207661693391820
 824  -0.407928642028726475705631283308   0.291337982416595478489320744746
 825  -0.654794601977762087146326120512   0.291533993789014462035269908521
 826   0.829220912124768599255764618053   0.291577802654434154834434441227
 827  -0.876206382741562676751465219251   0.298674594194493823240519360541
 828   0.526675812000278489181146670493   0.300947287294350674745261559273
 829   0.279767287282882286284380317720   0.301035274270467401097544364230
 830   0.773808117116000478638940302715   0.301054331652093125844185933462
 831   0.032920360433687933718672175765   0.301214358902901577498172503803
 832  -0.213954447267439186135277642497   0.301364554083289925913395360599
 833  -0.460820407216474797575972479768   0.301560565455708909459344524413
 834  -0.707686357605133219037466547579   0.301756626293508060777050084714
 835   0.473765184633593137294034169641   0.311131740037520896691031317818
 836   0.226875493348987475881129362554   0.311257708575557505290263213881
 837   0.720928165673729140143324250977   0.311363428578882239483160620300
 838  -0.019971419528729762570476204011   0.311436865497404940445588774690
 839  -0.266846212455187508005618838963   0.311587137122403356883419140234
 840  -0.513712172404223119446313676331   0.311783148494822340429368304025
 841  -0.760576381741286757264478347624   0.311988213440406191813411996808
 842  -0.813856252794444243773200832101   0.319944052128211885014525785494
 843   0.420863949325603370431835502615   0.321323078898902824040653029331
 844   0.173983710692162252477076316999   0.321480201229046544438820264547
 845  -0.072867176206364107786378728205   0.321638774836738261638522418238
 846   0.667826868914750604965709830038   0.321671860964432627458389913829
 847  -0.319737977642935829875960035517   0.321809720161516787853442919798
 848  -0.566603937591971441316654872813   0.322005731533935771399392083617
 849   0.917829235559186677758789968509   0.323178616910074397506643778296
 850   0.367966586402954259263038351985   0.331538893794539533295443260430
 851   0.121091927746878976480889202810   0.331702692390036415736399798941
 852  -0.125759616732285737047620908143   0.331857863048478003119346989452
 853   0.614930334313395285051353079743   0.331869736029125970293888331651
 854  -0.372629742830684151746301231985   0.332032303200630218823466699436
 855   0.864704403667285417700109828130   0.332111268539053647625127320146
 856  -0.619495702779719763186996069385   0.332228314573049202369415863321
 857  -0.911772494946334270052782924090   0.339890925937140104675197820155
 858   0.809166097375693118681133591816   0.341697329334629541478071141401
 859   0.561969926547332066801755507268   0.341730528995200535714288324037
 860   0.315069379172475577728999219519   0.341733279302419287756516950139
 861   0.068200156187617550241997790971   0.341925242462810771216233241845
 862  -0.178652297565569591746529614914   0.342075707387468572168136859304
 863  -0.425521508018432473616642428526   0.342254886239743649793490479048
 864  -0.672387458407090895078136496502   0.342450947077542801111196039551
 865  -0.858793886926950227691124474655   0.349653462543777321324643002635
 866   0.509059500734134891272097351038   0.351856084235958094851065974232
 867   0.262175959614109655780981980700   0.351952709589985894633128546512
 868   0.756290404234457175641718159824   0.352002721297157173324819890523
 869   0.015308376225199853952849411240   0.352147749057314134163649512771
 870  -0.231547313257145184046288787769   0.352281457906438097217565094916
 871  -0.478413273206180795486983625062   0.352477469278857080763514258662
 872  -0.725772450928036592056198260363   0.353106657338661516702277232576
 873   0.456161201383384869016826569484   0.362044801253616139452881061071
 874   0.209282540348496166967469779983   0.362174582334557858075842750728
 875   0.703255645670243533303677294777   0.362253159690285633833887184419
 876  -0.037583399162136237333157948662   0.362370279323498868499003865033
 877  -0.284439078444893505916629984234   0.362504040945551528187588874540
 878  -0.531305038393929117357324821564   0.362700052317970511733538038253
 879  -0.781744590557558505884284720514   0.363321761264202880423803984111
 880   0.403263652663227261514325763446   0.372237414660688298457630324926
 881   0.156390756254899722781268225125   0.372397074491609314769886789064
 882  -0.090479801968992617017199847397   0.372568837984519129637070370099
 883   0.650294781802732583114228594706   0.372609724584377333998162180408
 884  -0.337330843632641827786971180781   0.372726623984664959157612654111
 885  -0.584196803581677439227666018040   0.372922635357083942703561817892
 886   0.898079559209000000000000000000   0.374534786119000000000000000000
 887   0.844744370308559280969895595164   0.382147626290053216977587306461
 888   0.350370886722155160158434571668   0.382454818429280296752834888208
 889   0.103498984695638296542376813328   0.382619624564383670249720232054
 890  -0.143372311392881972818755424326   0.382787569584441428782969797731
 891   0.597384023476331043524765853552   0.382802701824145180235809345623
 892  -0.390222608820390149657312377244   0.382949207023778390127636433756
 893  -0.637088559209048571118806445195   0.383145267861577541445341994139
 894   0.297473679491676478624395439249   0.392649203937160051213908577878
 895   0.544426587890211380394339730540   0.392679469289225939605812415582
 896   0.791599475926000000000000000000   0.392697605496000000000000000000
 897   0.050607204733220600253228433488   0.392842131158887033197136502949
 898  -0.196267516126856659927428517571   0.392992340273603273697167150403
 899  -0.443114374008138471527653573785   0.393171790062891821097660213313
 900  -0.689980324396796892989147641638   0.393367850900690972415365773872
 901  -0.889886704585415215016531856889   0.393645242670579677486685828338
 902  -0.823691958826000000000000000000   0.397230827186000000000000000000
 903   0.491513101705805730817211019397   0.402789019649167143062352945161
 904   0.244581379833089987346053683044   0.402869021229742448597411119089
 905   0.738618228575400829093435647138   0.402892152775047857737790639968
 906  -0.002284570654115491032778926372   0.403064661425071767532490855267
 907  -0.249159281314604981797769714092   0.403214923312716704667190929992
 908  -0.745545309581249323376184104703   0.403217275867547640178543228973
 909  -0.496006139195886793397994770251   0.403394373102005252067683992922
 910   0.438614788683551077939613213853   0.412977731956989043984248758261
 911   0.191689585911233637271661688139   0.413091455597120628406909275251
 912   0.685729947010152027754907345203   0.413202761224979315490576389222
 913  -0.055165419452333860418238890490   0.413343565016770723782536240504
 914  -0.302051046502353303668110910563   0.413437506351830135637214709575
 915  -0.548897904383635115268335966775   0.413616956141118683037707772528
 916   0.385717239963393470437112407753   0.423170345364061202988998022168
 917   0.138797814351972211032770276264   0.423314005669894983886742718223
 918  -0.108071583291944358103724517802   0.423491365588508693532773709395
 919   0.632807044372921842223948486197   0.423562831145738941394765324538
 920  -0.354942811690101625538452107074   0.423660089390943566607238489184
 921  -0.601789660011006247159476393806   0.423839588645612281779487948904
 922   0.874271458312262881433795770229   0.427205268291039218321913455089
 923   0.332798486125962901597119309164   0.433378911709264431785962457926
 924   0.085906034389554514743621896528   0.433536512264398346834158989121
 925  -0.160964099173272225414759592609   0.433710063764448435258402403839
 926   0.579767842582544879562650148010   0.433711543879183892088620793585
 927  -0.407834576877849947408793303549   0.433882672430056997577262268773
 928  -0.654681425198754569029817590310   0.434062171684725712749511728446
 929  -0.866738439090654895371002244549   0.442288822239229471073858468389
 930   0.279895054121378043271705843345   0.443571025966209395329518995417
 931   0.526811393633695734557698711746   0.443593575218711669051661683683
 932   0.773721004203153674655495752653   0.443755769500628031033298216707
 933   0.033014259002218423457614536597   0.443759042530583081169513341400
 934  -0.213860382116562657838439662776   0.443909244096751445001336884724
 935  -0.460726342065598269279134500089   0.444105255469170428547286048368
 936  -0.707573190386502890900158786751   0.444284754723839143719535508185
 937   0.826837130764034625647117519369   0.452740040636115429183129987187
 938   0.473896900684856059167934602999   0.453697854739522202286293435365
 939   0.226993178812661309702863093965   0.453787536659126939709516483029
 940  -0.019863875117821562640224783087   0.454051902223133927843708592073
 941   0.720844376324204263818202363598   0.454056364280473746080110933535
 942  -0.266752147304310979708780859261   0.454131827135864875971360664258
 943  -0.513618107253346591149475696561   0.454327838508283859517309827967
 944  -0.814231846818478269739509115545   0.454334476917613569711743100317
 945  -0.760365486344939268472653799309   0.455009190191701169096145944549
 946   0.420996815616727858556837768092   0.463885953824229373974596511463
 947   0.174098735583337348603081413875   0.464009055829349031201959182349
 948  -0.072752486254867825297168544023   0.464290790867014224322901438743
 949  -0.319643912492059301579122055752   0.464354410174978306941384443866
 950  -0.566509862880717723040616123660   0.464550471012777458259090004350
 951   0.668016491752896227814873214542   0.464604095808533664894324268033
 952   0.368094126328270392027633632319   0.474076787927562081566026542109
 953   0.121204953216695884787543788155   0.474230911170350906999215929767
 954  -0.125664436153817502996064528735   0.474408378848273100272844643962
 955   0.615048127033045786640934398334   0.474422057285967662206007804133
 956  -0.372535677679807623449463252315   0.474576993214091737911408223423
 957  -0.619401628068466044910957320129   0.474773054051890889229113783962
 958   0.315188101353587000015901712831   0.484289759048867274324943807002
 959   0.068313117597357748734348562472   0.484453398534184286264018200818
 960   0.562151681180024164659552156416   0.484620392678855391472954574118
 961  -0.178554513948462661583061584057   0.484639688615055551800241440098
 962  -0.425427442867555945319804448783   0.484799576253205168881432003046
 963  -0.672293393256214366781298516640   0.484995637091004320199137563687
 964   0.262290869657853950919845288242   0.494484017609224165529319212597
 965   0.509195232231175019654600720218   0.494502424018383168435995464170
 966   0.015438061392149489885683407835   0.494762057999097387472716237326
 967  -0.231453248106268655749450808008   0.494826147919899616305506618956
 968  -0.478319208055304267190145645320   0.495022159292318599851455782605
 969  -0.725085689214650744353793529192   0.495720072558866345575748000086
 970   0.776439726826000000000000000000   0.499794222425000000000000000000
 971   0.456280739282335344264836611428   0.504606703539193701670627215894
 972   0.209397564375683202076671927376   0.504703490752639539401113729349
 973  -0.037453609134850645570662721715   0.504985130801867603393037643751
 974  -0.284345013294016977619792004560   0.505048730959013047275530398543
 975  -0.531247591612935370985585578899   0.505276534580286730351925422437
 976  -0.831554148478670378893084706082   0.505344063211375848800773378832
 977   0.830875538902518769739712223201   0.506459043683216925953854497527
 978   0.710450573601000000000000000000   0.506933260807000000000000000000
 979  -0.777715996963634865465037682165   0.507213145903916260439913782823
 980   0.403382439921228917248729662790   0.514795420503082837018611243911
 981   0.156503828491251483600191425585   0.514925254362707169120862181980
 982  -0.090342084035494822772572742040   0.515224723144895999328843877308
 983  -0.337236778481765299490133201035   0.515271313998126478245554178146
 984  -0.584139356800683692855926775436   0.515499117619400161321949202023
 985   0.657445924009599081768042032730   0.517427415717943379559371719649
 986   0.350484890997110071389553790727   0.524988032851638431808470130000
 987   0.103611957979839592510983612749   0.525147770335694429563052368579
 988  -0.143255416223939921705920527400   0.525335079487910555115760225829
 989   0.597455118210402868766786514484   0.525338911757094247280409506175
 990  -0.390128543669513621360474397592   0.525493897037239909215577957726
 991  -0.637031121988432014726267971872   0.525721700658513592291972981806
 992   0.297592156408804714257569952402   0.535205598923779144302538696705
 993   0.050737088463979259326750262955   0.535457387319279150489403798880
 994   0.544558672357381246785404272609   0.535537247149981976547356276098
 995  -0.196145554607587632723279048154   0.535566076038885927204069720767
 996  -0.443020308857261943230815594072   0.535716480076353340185601737315
 997  -0.689823417946868392298762984513   0.536446136126375617668583418151
 998   0.244694924713071665161513527775   0.545399857484136035506914102366
 999   0.491602223408532101780452836366   0.545419278489509753510397166299
1000   0.748041019878000000000000000000   0.545597939378000000000000000000
1001  -0.002145810424117140062873648780   0.545725738397171231888451513222
1002  -0.249046114095974653660461953301   0.545743051743047787609676353263
1003  -0.495912074045010265101156790675   0.545939063115466771155625516865
1004  -0.742812001064328926521766306247   0.548246682175223770835318511365
1005   0.801574527193524026259776235194   0.551664029486741162951074528279
1006   0.438687730459692426390688727601   0.555523558010320286745028917867
1007   0.191802625752633120070405745315   0.555619678389957549318626557731
1008  -0.055043202527739559272313563140   0.555919164577955561100785922153
1009  -0.301937879283722975530803149784   0.555965634782161218579700132785
1010  -0.548840457602641368896596724147   0.556193438403434901656095156719
1011  -0.797711554670346883044421661305   0.557235317994550474573681092972
1012   0.695744344208000000000000000000   0.558757940159000000000000000000
1013   0.633278157025177404446296489607   0.565572603095854501466844041687
1014   0.385789431098585999374581778900   0.565712274974209422093012945963
1015   0.138910831888520760011463318376   0.565842113056108317345436331202
1016  -0.107931516985164337642540306419   0.566159585590786431812052797914
1017  -0.354829644471471297401144346323   0.566188217821274649549723912354
1018  -0.601732222790389690766937920664   0.566416021442548332626118936474
1019   0.332891882174467153515405906879   0.575904887322765016882871831970
1020   0.086036109475748356628816537825   0.576152484457747471594016746131
1021  -0.160846669731383095412509790656   0.576260409245905469809760664854
1022   0.579881100427186228606487765727   0.576277637719042310509432546604
1023  -0.407721409659219619271485542838   0.576410800860388080519747691959
1024  -0.659737126613141739507065773097   0.581132320819741411579161369904
1025   0.279999147586161796383422068503   0.586122453394905729376940398749
1026   0.033153635666677290943776891686   0.586423024487385038703283552887
1027   0.526970508468486714499920401860   0.586455775405272910745348093580
1028  -0.213735680988590614827918547479   0.586497230867016738903379321214
1029  -0.460613174846967941141826739444   0.586633383899501511489771471517
1030  -0.712355221236538855495985674789   0.592681179935286218471752092761
1031   0.769816749083754475619031419965   0.595178206006561882315401528213
1032   0.227101915890428747287365643920   0.596316711955262620581315804337
1033   0.474014136722947418461014910459   0.596338220457774958264779667000
1034  -0.019737912591773795958942294564   0.596646729857328690443132658015
1035  -0.266638980085680651571473098548   0.596659955566195958913846087498
1036  -0.513504940034716263012167935932   0.596855966938614942459795251092
1037  -0.765651378210875645810173043191   0.600527177668801489455579411896
1038   0.669122753158051250259219506185   0.605787089997201883980551503143
1039   0.421099564648493207283810579715   0.606442085601613004522339737786
1040   0.174209616929990202196257861388   0.606536532861084134393028259739
1041  -0.072632563386330623174168252965   0.606854371406156885466802735513
1042  -0.319530745273428973441814295100   0.606882538605309389883869867102
1043  -0.566579090195475284299646027039   0.607237472623340234414985748236
1044   0.615723834809060989123554523528   0.616502808280992294410218842293
1045   0.368197065221524072931726923349   0.616629351594092677330875413269
1046   0.121334894517217798813611080862   0.616846904262723288641608674706
1047  -0.125520322127320198363876261678   0.617097662089445906013436945003
1048  -0.372422510461177295312155491580   0.617105121644422820853893646647
1049  -0.619718386467812386815823042028   0.617195327708353454826770757911
1050   0.721399149226137675220476332530   0.618795488930200250216434600681
1051   0.315295769134291386033383420552   0.626820669105477841828124259881
1052   0.068452913310404675340474544071   0.627119980350718475389128233912
1053  -0.178436795726318362259394062582   0.627191563739155257741640786997
1054  -0.425314275648925617182496688159   0.627327704683536251823917426244
1055   0.562683397636136541073697494079   0.627329366851151015729146665766
1056  -0.676049684566045619119294411976   0.632480024588554053668559205903
1057   0.262379018624311318754336082678   0.637029929113460395051907110892
1058   0.015560874553387262940531259153   0.637341147837539284016120576345
1059   0.509340849285649172842991023573   0.637359951518480624734730724128
1060  -0.231326317251949908774923531688   0.637425748682629366815153710151
1061  -0.478206040836673939052837884687   0.637550287722649682793941205816
1062  -0.729763522151434771663864230338   0.643661499401822217843032926122
1063   0.456384477540109876804085532142   0.647242396570982672254162297598
1064   0.209486719663872773663228300226   0.647249750019281908863619566343
1065  -0.037330464776624351699959801597   0.647565934023325341231038698786
1066  -0.284231846075386649482484243840   0.647576859389344130218015821719
1067  -0.531097806024422260923179081227   0.647772870761763113763964985378
1068   0.651571687315692688479671170225   0.656718417453539298915777363378
1069   0.403469905465655665626881201443   0.657346261714820718511722368348
1070   0.156611997251100370280581519585   0.657560121420921063112199981284
1071  -0.090221540310894809469462089633   0.657792084691860001297935522213
1072  -0.337123611263134971352825440393   0.657799442428457561188039601332
1073  -0.584566196980382757232931099663   0.658016444828139835075501163571
1074   0.350571606815431670886756433394   0.667534982369504757938771312061
1075  -0.390015376450883293223166636884   0.668022025467570992158063380859
1076  -0.143107179906124275196607226632   0.668046310809464986962649473285
1077   0.103966122341080716471758412227   0.668981674889081073997604759651
1078  -0.637145134825841198897538375733   0.669742284828365527614744168973
1079   0.705427491134156667101404376402   0.670243969631386485031759963500
1080   0.601451840433702256856580168939   0.676467872564840695882707327242
1081   0.297674058390576492231752042013   0.677727597309135130947175384704
1082   0.050862168230553788530585963598   0.678037616943584573209854465665
1083  -0.196027481383183172113693274058   0.678120124399395703864387221344
1084  -0.442907141638631615093507833447   0.678244608506684423128087160457
1085   0.547643554019173129032754451990   0.679057919243855373878115474671
1086  -0.692233759611289858081252374615   0.683862081219224040401512157013
1087   0.244781759430137947140644259499   0.687947418214956644758887840153
1088  -0.002029870526463623869357321295   0.688258784430405381836846808160
1089  -0.248912416082608313065960030893   0.688377985312130558313988435469
1090  -0.496044912549136008162052926129   0.688681890755034283350097021123
1091   0.494738945924898334421532378992   0.689213827428683983756625591482
1092   0.438677395393858630492934937012   0.698119692789761684934894175270
1093   0.191907037017365543757997478968   0.698257789616595799007468255103
1094  -0.301824712065092647393495389125   0.698493763212492301522185556007
1095  -0.549084912809329733856464153863   0.698551842966562714424480400651
1096  -0.054898421283902931171632737638   0.698600755687159991041572126140
1097   0.667254774798825408683772800431   0.708255596224440997007299210161
1098  -0.354716477252840969263836585626   0.708716346251605732492209335582
1099  -0.107805853942150478394634922421   0.708741938960352313335353427206
1100   0.139261162107345889949174371510   0.709679343084755809892873033451
1101   0.386485901920337529456348426537   0.711464655797236796717787784082
1102  -0.599551126723975397082823093664   0.717882681599175270367124862168
1103   0.333074708487196800868087126252   0.718484943876446906712580600040
1104  -0.407608242440589291134177782188   0.718938929290719163462233115149
1105  -0.160697716244055574770288122067   0.718964019516862586917931234757
1106   0.086393647254243105275020182642   0.720026608516957272106788252449
1107  -0.653323991752405809003132728684   0.721125984745919413344104004818
1108   0.576846865071942548349560013506   0.724391094661384585992767312358
1109   0.280169005266262129265056942441   0.728674757620406718290624286301
1110   0.033267939551967449102298321573   0.728954049908523160482157854952
1111  -0.213611730445628030012243138569   0.729070805838105526246468569483
1112  -0.460500007628337613004518978667   0.729161512329832594432256894764
1113   0.473891820754399992774460254083   0.738887134151641831900009610181
1114   0.227276706305823584173949159974   0.738894578526228232102336741749
1115  -0.266503057045543468632063428483   0.739295657874616980428516109588
1116  -0.019600611205471858199977094690   0.739296021165277769686883172934
1117   0.627036972129199321234408545005   0.744096472010259786319155633685
1118  -0.319415353028027802959598786726   0.749411435774978723636713230051
1119  -0.072467916993169816998527587353   0.749644354722788987298658284477
1120  -0.536142037739897549105018880491   0.750844500324977248181106434660
1121   0.174811161308906568515530714861   0.751117778469121695718913730711
1122   0.528811362733000000000000000000   0.751307261595000000000000000000
1123   0.421955856652114294506656962007   0.753194323303727791808569305885
1124  -0.372307118215776124829939983283   0.759634018814092154606737009648
1125  -0.125399465733083683641832056228   0.759658902973289237454612402066
1126   0.121788399404781532996433643029   0.760637586698594687706816231451
1127   0.368876033840714452617833944352   0.762390650776032801558461808297
1128   0.315444861387113093166018807694   0.769389054907827711554158017831
1129  -0.425198883403524446700281179773   0.769856601853205585576760789198
1130  -0.178266268047210072610304059235   0.770009808332075759998598645716
1131   0.068927597210985147928770867851   0.771019090447850194694390832946
1132  -0.593160095513972760363466440572   0.771372818528708803745763810424
1133  -0.488181225302765722600616907497   0.775376122754766435961278574070
1134   0.584897347703879308891278834744   0.777656747366109414453253215213
1135   0.015796206405758178384395038555   0.779912646529065284308983233588
1136  -0.231204288153771541777445113360   0.779990091688011526287352920111
1137   0.260089016994927676881328290018   0.781619188482425376601282393586
1138   0.490436645929711654431920809312   0.790154168282609934050811351163
1139  -0.037072344351681128917880377718   0.790254617785819893513708551622
1140  -0.284086455156444484781492172118   0.790262211321703680096901719817
1141   0.207623471998010661222909844939   0.793842388425318840217859382591
1142  -0.337008219017733800870609931973   0.800328339598126894940882964315
1143  -0.089896995694721956549730479601   0.800818529899883023598339170224
1144  -0.549562897923055851379152192789   0.803016528660202925564885689254
1145   0.433298934343000000000000000000   0.805867029917000000000000000000
1146   0.540965056342432636966991597326   0.808833562540216486646744774873
1147  -0.142868719897269270156517915612   0.810618349473565900191979817697
1148   0.104752637701548304852775459037   0.811745129394622116213422984352
1149   0.348139614647431086041851369782   0.812203691866634227165715030111
1150  -0.395280547790000000000000000000   0.815443693369000000000000000000
1151   0.158464659982503895539615532639   0.815875346236097276568992328770
1152  -0.452881941462686883112646144810   0.816070109891013281787927293326
1153  -0.195722780858185733702184157785   0.821034119661468526098806906398
1154   0.051835466888830845537151044770   0.822106262122527667760623283425
1155   0.295249226635427712747874447427   0.822433397854941257830941510611
1156  -0.248672950659195602254175277474   0.830949741009205510059902960532
1157  -0.001295911513041110808575213038   0.830999892302862864434054193330
1158  -0.504281330860647699874620866828   0.832199052763510166275927830057
1159   0.242783681638510697089456002260   0.834656597797834721447518499594
1160  -0.054336053769076697611535189267   0.841284063851980580566650819610
1161  -0.301542584882260996617161567029   0.841286172007705296832433380369
1162   0.484752232062562665138824165592   0.843724005576132108211618943456
1163   0.387336642188512096016494339463   0.849158164675906065805374072584
1164  -0.354476517183020012038383187616   0.851288113811482013117356270559
1165  -0.107339413618080082418727787669   0.851787168155720211196700069231
1166   0.193952659351536197217153052925   0.857406791007486250669641841821
1167  -0.160304215641517150524088696066   0.861624331125072275404712108990
1168   0.087196951326014097858420997362   0.862746211028331197444636819135
1169   0.330553605900549085636707351922   0.863122964495198597091548244745
1170   0.140912559816951352631047782879   0.866829522566265128327499147146
1171  -0.439374026115943538172178223120   0.868219666472567170241291596044
1172   0.437317210474804591937543899640   0.869257488605997039447515434693
1173   0.034212810835635032121242540480   0.873012863092325639738092630306
1174  -0.212321457394000000000000000000   0.875682967879000000000000000000
1175  -0.018944236736240315142314037043   0.881897599967193540254207250508
1176  -0.266145045863000000000000000000   0.881920695968000000000000000000
1177   0.280176189667359720966637977602   0.882205835409593620292899787360
1178  -0.390652941415121011110498705578   0.891204355599086849004917648379
1179  -0.071805553137778987606343347734   0.892276485117530902037006281294
1180  -0.321502519979000000000000000000   0.895324120441000000000000000000
1181   0.228819918240140943680818444944   0.898471548236313114455604551724
1182   0.369750633441630095611350321615   0.900077437304470435731207287243
1183   0.176051223765104186276038438880   0.909311516505072025295122275220
1184  -0.173898148488833580490712598210   0.913751531495033889946611925176
1185  -0.120082340694872792725269145994   0.916180288409783530866715438650
1186   0.122888860790802699001782655914   0.918018019342382376067171375829
1187   0.319373217208440730941280947243   0.919160308218865458932558829828
1188   0.069179520773957505376325456068   0.922182971157516183943176642024
1189   0.015324154472153783924096172888   0.923463419971807101150654362181
1190   0.268016945781221953655461414687   0.935426021045584953095263594219
1191  -0.266733137012000000000000000000   0.935788865255000000000000000000
1192  -0.049144376788444699753441551104   0.941148881366659583194502429257
1193  -0.214533819087797113059067440384   0.949117932268084087386612934483
1194   0.212074249742841086995257490783   0.949673331557268001138795927141
1195   0.158161581257338567372825524861   0.960124907649649458652300531441
1196  -0.149087530844284972879264247593   0.961575651312440422118476872496
1197   0.102057390958862024454517694713   0.967697893469723121870291110554
1198  -0.095641395273498862896463165575   0.968353059366886061646860858786
1199   0.048348050942016830829060494831   0.971862845284856929746296376805
1200  -0.005733570956944627333977142272   0.973047814980924405054276343879
