0.002378424633000000000000000000,-0.973589301482000000000000000000
-0.051634430078706368910961357974,-0.972389397307863772517025340483
0.057512147346000000000000000000,-0.972058148320000000000000000000
-0.106542189591014592817398532138,-0.967913227620872874325799503313
0.112372144284730204327110089921,-0.967253718294820068664506836048
-0.190386713417000000000000000000,-0.954965047032000000000000000000
0.197194476912482603643297136992,-0.953583553046882057917145270342
-0.241560125111000000000000000000,-0.943321341479000000000000000000
0.248283346337905249817204372778,-0.941574550578739439041134887182
-0.143747625357138919338399919121,-0.930899118569045932892786401138
0.149986585648960674092377384594,-0.930655323243880905801406774982
-0.292031838496141149567403982889,-0.928937381996691472605485767467
0.028734528243478665065889445290,-0.928156532945691654861055460321
-0.023746305346208387250846483597,-0.927931088541645789539768099482
0.298651018981826525971245930572,-0.926830525623438912421992481095
-0.076152595528912596097769739131,-0.925125831203371663677937130975
0.081126046658806740568011149491,-0.925087735529100016557008575809
0.209677426298424321415848342073,-0.902608415047306640739313030111
-0.206777434284000000000000000000,-0.902183347526000000000000000000
-0.368324600097744543164219813710,-0.901412357236816259844746855802
0.382965104439416679047581395186,-0.895290446250829841697827195838
0.260727013880000000000000000000,-0.890420470328000000000000000000
-0.257813976451000000000000000000,-0.889144222288000000000000000000
0.331352198672501324810300448279,-0.885782729503720883879281974924
-0.318872881840652128251101769547,-0.883839187890654108256411612815
0.002710231928000000000000000000,-0.882481027874000000000000000000
-0.416354151793745980693048594329,-0.880259322387677807939499480351
0.108072904027000000000000000000,-0.879754144484000000000000000000
-0.049716463616000000000000000000,-0.879732344031000000000000000000
-0.102284371447773358819195736766,-0.879612986788039972468245536487
-0.154767011408000000000000000000,-0.879587478341000000000000000000
0.055177957697682743157674980411,-0.879469916656280863305337643015
0.160552216537441451525734105743,-0.879248551672655765593145278408
0.430643567391024502574262677126,-0.873357528295849465637577186335
0.477071125844374162557001872006,-0.848887740076321677883051920205
0.292136737707092986830928131335,-0.848340272325241876282035059715
-0.232914025971834210386498062984,-0.842903132519703259343920736747
-0.285394227274948545666316672407,-0.842548179423049196288147441809
0.240158834867410072959789567542,-0.841088628660787365090814445104
-0.494559110297194910041446228748,-0.838819730805344350433281024920
-0.389765721680625406205455348736,-0.834731558277088325211468136444
-0.337284417706651861334075159735,-0.834693444773851552051221993889
-0.442246898875072890265804702401,-0.834610068636601250186713662340
0.395290289202851597400689586530,-0.834570488697584193026379483894
0.188084082416123704385816681215,-0.834568745488138891913206566617
0.342808971492710509424774484626,-0.834567194009167510428173744186
-0.023460161346000000000000000000,-0.834265776806000000000000000000
-0.181155784960123959339965476891,-0.834221358114579881508660599367
-0.075942721392893012030431912010,-0.834220261170408439789454447721
-0.128500411216111267169828535776,-0.834148627358783019155665844074
0.081589308959000000000000000000,-0.834110220268000000000000000000
0.029056013183838423653513979999,-0.833951428827011105903639402478
0.134070572087139341972025237286,-0.833938384748934067006053059750
0.522112920147284426047172187685,-0.821952159788864329251718780738
-0.258843713191485878417238193404,-0.797274851375891000650219220714
0.266069296747000000000000000000,-0.794885812148000000000000000000
-0.520440560586115234592561499837,-0.793164071239526155786605129287
0.565638115922164393318374427258,-0.792629028097209847676569932172
0.479105562762000000000000000000,-0.790250065787000000000000000000
0.426425335871000000000000000000,-0.789371507776000000000000000000
-0.310684588213242982139306182431,-0.789100966349399571978911863804
-0.415647171969545730756570619825,-0.789075898711270130564792240811
-0.363165867995572185885190430824,-0.789037785208033357404546098256
0.161137564323225797068372408676,-0.788974727439589600635360736010
-0.468128349163993214816919973491,-0.788954409070783055540037766708
-0.049641676701215130732466945517,-0.788781452338933315014439495894
-0.102122974208035828039240805746,-0.788735284727818662075197718167
0.213647922750400185715795975164,-0.788734492065492643990666455121
-0.154604164750696119566311105467,-0.788619705003280366668758182677
-0.207085475798023975194598758146,-0.788593055399839597082457868284
0.055427329166000000000000000000,-0.788565722702000000000000000000
0.002839005017252134830751566035,-0.788487627817406902203820612399
0.107908777949204029517454053744,-0.788442788841945070909604738098
0.318936976669813602840449690900,-0.787829451416875746400157031208
0.371602620923120354771622332742,-0.787739055974282264502863526455
-0.572625644149684452826354037580,-0.787595788478114142530904654496
0.607520284104922349508502538516,-0.761003520863982465169753917323
-0.614463418244971999277455438118,-0.755408473612129912467733330643
0.504795834890000000000000000000,-0.744342523596000000000000000000
0.452227585687000000000000000000,-0.743654566874000000000000000000
-0.495989401788000000000000000000,-0.743532307756000000000000000000
0.399743863331793529071662984417,-0.743440532351659864378406073998
-0.075684589625000000000000000000,-0.743206915406000000000000000000
0.186784641268755476914415814598,-0.743186998039696659882330576433
-0.128165968650885956207412080573,-0.743166600726697667000216795128
0.134303428708660322172847545619,-0.743081890143461663037318643150
0.029283102773463118575794264067,-0.743058304402430747976234947064
-0.180647169936829030628173961069,-0.743056006730172698841071432749
-0.233128480971252548975600982802,-0.743029331726205923042247318922
-0.285609789041910982618949529849,-0.742997352977288395956794377881
-0.390572372798213731236213967243,-0.742972285339158954542674754888
0.291746647290581091196806680210,-0.742940981764897347606543358090
0.081764525263161401501130568857,-0.742937110394787586484317388144
-0.338091068824240186364833778242,-0.742934171835922181382428612333
0.239265330593431434967683729674,-0.742930156737365226542915813184
-0.023198043703112092744447750436,-0.742920525502456921260707957838
-0.443053549992661215296563320909,-0.742850795698671879517920280785
0.345191879736551128072542577400,-0.742387523812471057528969848728
0.557864830356045557241416232483,-0.740726573907111004730882183628
-0.550068907915227286848221837957,-0.740209267505406433891228649365
0.632739875755300134613418264316,-0.714978952246385021378222522365
-0.628727970898769680410065760083,-0.704902916917497054421943919386
-0.101865901204758348368783246554,-0.697720093022867681571403723197
-0.154347149926709278743747010932,-0.697634934156833603774567527584
0.160546091289000000000000000000,-0.697629295964000000000000000000
-0.206828429534056707503895875846,-0.697571607834034260358595467365
-0.259309740569472756031744337722,-0.697544934782876635288024599892
0.108063169041975080800864449087,-0.697520088153419294588370829366
-0.311791048640131189675092884769,-0.697512956033959108202571658851
0.477229509793000000000000000000,-0.697507983563000000000000000000
0.318001550357318616428899566710,-0.697499054160492658735356175610
0.265515343828955156976877372221,-0.697485404294618112505361386036
0.003096203304327824118312793875,-0.697484964757537740777664289954
0.213027760949365758313650927695,-0.697478218840059420968132781996
0.055577804655240058171108620954,-0.697455857298040043113448990618
-0.364272328422460393420977133162,-0.697449774892592893628205893303
-0.049385138886728320723429376385,-0.697439488077042314432881870856
-0.416753644127730353188906983802,-0.697434899022028847340920885575
0.372265199649250804388819547425,-0.697428386049916496237281268846
-0.469234917317817911401549953521,-0.697366460764180887438800402599
0.424746354663474954784715159870,-0.697297665658562701103059552989
-0.680529288131847260456089684100,-0.696481975618224145972800495868
0.529703199479951839387236411935,-0.696441008924304413576437157849
-0.521699878280895862856028484543,-0.696056273529299152873527416812
0.681489394407701902901322247461,-0.695542564963588034095235816860
0.584098862508160358895456680639,-0.695272594141973307811163448723
-0.577142022848484058011990836154,-0.695250006309759439719355811201
0.618096822484802172563626575598,-0.655253072634165955832209347560
0.721518993550132757799961274078,-0.653924088817021913924429576976
-0.709920919328095590037497650467,-0.653003006735884464163682434780
0.345074870270018292745176536736,-0.652539916397938097443667595728
-0.128091281522311496061684786516,-0.652193148994221303659444020829
-0.180572561628806048609362773383,-0.652130237696352795965342898728
-0.233055433021909707511452380129,-0.652102663111604364729037864259
0.134326362439473591666978421168,-0.652082951447709822707363554986
-0.285538193431891083203227660288,-0.652069845303476311633953317313
0.291770266755115016367975195271,-0.652043488164362933977307573461
0.239288951660442523920614253216,-0.652026594927800095948829883909
0.081845081681506359207352685935,-0.652020585983238824747120580207
0.186807635296805797169370983492,-0.652014258493294575577185568378
-0.338019473214220286949111908681,-0.652006664162110097059587551765
0.029357900761738234508630765984,-0.651993726251824575575063011472
-0.023125914036084823607116444283,-0.651991043447783664854756767618
-0.390517256511743154335261818315,-0.651982278808102632797561315966
-0.075607295570530584566121598392,-0.651978656383177928709325291743
0.398501416322325486235764306846,-0.651849811803327194702644302854
0.450982733919004957568796429066,-0.651845040618772806589889107632
-0.443514815971881469645431776633,-0.651619711085078014478888641497
0.503457150475353527453372805241,-0.650993966874287953432442531888
0.555938467720557145513061801244,-0.650986243142437681771969498890
-0.605115310746504532107060862092,-0.650845233102116529171548710477
-0.657572849943971835511588838004,-0.649265580990440735294134144201
-0.552673005150388920567414818160,-0.648822041758876452360762966404
-0.500188131157024180996557409879,-0.648186309510863346279170115944
0.669896262913305219982376767938,-0.644357723246519414186896666637
-0.750797884346986215499629497882,-0.620088534990280943072126425145
0.755702257514130954142329835538,-0.614102069980511845679453062204
0.371204701662407562650049619329,-0.607025955563343086322606967593
0.318723385655000023422887862396,-0.607012186817228827420606854373
-0.154298533424159670679572187984,-0.606691829432145971136489166722
-0.206779842081540473157940956811,-0.606660828521397987582457824400
-0.259261152170504292659939383986,-0.606632354080845364793183963003
-0.311742441228059313464063515110,-0.606577414977321470780283649611
0.108107730517962481147002371815,-0.606577279784116166987987183348
0.265557168290278418598645108833,-0.606573021482053778510831696881
0.213070358228302150024313401634,-0.606563708109122753821749977268
0.055626418452701684430931313935,-0.606552716468951047434126296790
0.160589041887894501913600665856,-0.606551273246776978013954500990
-0.364223742319150163732618452976,-0.606535519464355258955175501928
0.003145106699412174795979218785,-0.606527495410750625376730836973
-0.049336210938284115671688971621,-0.606523199020565047660330725540
-0.101817527322017936732874741131,-0.606510948380892783607836283216
-0.416705049199151054290304890690,-0.606501642998902628892521220928
0.424750073599250300972545940189,-0.606390269120104925915982071372
-0.469182238666485388094538807450,-0.605843383887887192941719731492
0.582187124401743061982082094801,-0.605540707147348193532880782452
0.477224490155598870857122316363,-0.605539195375620072758535495629
0.529705807400802488916811312367,-0.605531471643769801098062462631
0.634668375082136231688275668681,-0.605456763895851514662453928532
-0.684787826735000000000000000000,-0.604125655153000000000000000000
-0.579728339729772164664797772680,-0.603842344402355698632479583999
-0.632207072145878042164544014847,-0.603321418835217223571337441653
-0.526981024848071928097809470753,-0.603059493014372546253518939967
0.696416742281205354758085416433,-0.599070275829552716253403196048
-0.783747716414515008208865744563,-0.577881277929417197943429412788
-0.727547460620370759933698424414,-0.573038492312504576952638137383
0.788950397641000000000000000000,-0.570539443896000000000000000000
0.736541928623835474814807117607,-0.565243390953511445424255241404
0.397441554295808482317257547529,-0.561573603772253732397474579093
0.344960238288400943090095790596,-0.561559835026139473495474465874
0.292478933943568573567986068686,-0.561522235653545956314350534009
-0.180545994980120672865467682397,-0.561206741953663857002799802398
-0.233031458271457249918904396261,-0.561175870743371548314509028822
-0.285513059769685446684887959445,-0.561120751354054380211584365813
0.239321827751333728649668234101,-0.561119796885185563374149628291
0.081876882165000000000000000000,-0.561107789479000000000000000000
0.186840512439711948782387998228,-0.561103591643018423701622082243
0.134358953443335113680591195201,-0.561094812665999984295909054395
0.029395554520726282203286430646,-0.561081865425585382284486882797
-0.337994419476704660959077912336,-0.561078822018604682916902732967
-0.023086100260800768980553508518,-0.561071885186508597423856065529
-0.075567774532992356474819219311,-0.561065782821208360867735886691
-0.128064299534323297452228229534,-0.561064323997082983058516655382
-0.390477103461409074072981183905,-0.561044150967051568291104842161
0.661790671238407885638291615353,-0.559632680522702642507939484290
0.556828248972510614428983287935,-0.559592734869864487127114386693
0.451865614726366423304023509497,-0.559591223098136366352769099869
0.504346931971570041363712505500,-0.559583499366286094692296066871
0.609309499652903784135176861815,-0.559508791618367808256687532773
-0.499981418723320381946095732443,-0.558056048828888040501481341609
-0.447500101218658869718813334350,-0.558050354739890104253975069378
-0.658487062415524586285759325918,-0.557893995059759481528866029934
-0.605931714604733159759359561761,-0.557891315318575957478388384813
-0.553435185389223730117313479639,-0.557733274227552181590130248179
-0.814044796623000000000000000000,-0.534298171255000000000000000000
-0.759447263968178474737709978390,-0.531364864370856203066529574475
-0.701327043325402862787588472620,-0.527576657370154430362615575886
0.818684271870000000000000000000,-0.527101940239000000000000000000
0.701931460082137136261828210234,-0.525308733667268333819658855404
0.761772810895399574525107969156,-0.519225010938063131202185193054
0.423020495806593284682114879070,-0.515747776222327364862352823454
-0.206756976079725653058130237944,-0.515738841484356898588202182031
0.370539179799185745454953122137,-0.515734007476213105960352710234
0.318057876344596788143208224330,-0.515695185380834984160558288828
-0.259238267599737733401031523991,-0.515686307312159380278964566911
0.265576561420127659626646409713,-0.515677771408448297388589971115
0.213095246205171095339218727826,-0.515661256078932864709267622660
-0.311719571740125995203901283235,-0.515648423650690855674743172203
0.160613900460799648947200072464,-0.515645330088540625646390346033
0.055651265593792152495571500063,-0.515636903850440779860953471341
0.108132583405041505361439811159,-0.515636411527571944653185796469
0.003169949615950850499724831900,-0.515623022866338900819427612866
-0.049313214678829899693200071921,-0.515613913512099840703476511400
-0.364200874187377868108701938370,-0.515608262876109818253352069555
-0.101794532112106759989321279012,-0.515607595650857518196691454720
-0.154275848930552174206873414634,-0.515597375587311803657469111888
-0.416682178361479379438688311076,-0.515570425947380643466195460655
0.530699051199706829886283357155,-0.514078410276419775455962351935
0.478217734198766256821012574721,-0.514069174772841383021144032113
0.635764717310719373264359412759,-0.514059240433089314428071605905
0.583283545725215271761244659221,-0.513935351528754480176819654388
-0.526435579264472183965599741328,-0.512729830042067675838092649821
-0.473745691196713248100837553865,-0.512603047601275258188772565541
-0.632209330917000000000000000000,-0.512460811207000000000000000000
-0.579714172065700473921705421210,-0.512305269883257041116664866089
-0.842193172338000000000000000000,-0.488363752768000000000000000000
-0.789105242330881664524037856001,-0.488067138808360777746602867358
-0.733227021143329326447249427320,-0.485902928802144578652037810253
-0.675050613069193801852420922798,-0.482147174295411862946497669203
0.727502065058992034317053337189,-0.479478253846897874475492037691
0.795775054337658016162860119893,-0.479248315722711310245058057466
0.675021343274090563037895598784,-0.479228133109036130096045884930
0.848246119941297570178918602633,-0.478211014480884974714334943024
0.449262479010841078941430054391,-0.470298386380925565888272151814
0.396781163003433539714268297457,-0.470284617634811306986272038594
0.344299859548844582402523399651,-0.470245795539433185186477617189
-0.232994729512811401425164485095,-0.470231075148212357537970056278
0.291818544624375453885961585033,-0.470228381567046498414509299475
0.239337229409418889598533903147,-0.470211866237531065735186951021
0.186855914006998931298088050599,-0.470195957766264999542909231284
-0.285476034707930923382377206207,-0.470194681955702655292215292210
0.134374596951240787712327789293,-0.470187039205296318549704681721
0.081893279565642795717367520419,-0.470180336976538710161986492745
0.029411962178102278535553682921,-0.470173649975883888335321597394
-0.023069534195828012360796852435,-0.470165503703242433348862488481
-0.075550851629104872656918059526,-0.470159185842000110842077431802
-0.337957509671000000000000000000,-0.470154537518000000000000000000
-0.128032168447550286874470195148,-0.470148965778454396302855088969
-0.180513485901594723468963322702,-0.470142822851534047967034302466
-0.442927506548008228026154947294,-0.470122967626489532132138949231
-0.390439178110000000000000000000,-0.470119460291000000000000000000
0.504466390879952173290032868278,-0.468623638777751894782055315675
0.556947642554837566414655998958,-0.468540319601810867759119966172
0.609943154817366888733784420431,-0.468369683312784103538085908878
-0.552714565940948927769991682900,-0.467301825697772535364627267731
-0.500194761233421470087272150459,-0.467273858179435342546174978315
-0.605691738857602120668449043114,-0.466704231046186353631868588708
-0.815418867646347886313636695993,-0.442659189700247608607246139714
-0.762874430515000000000000000000,-0.442525996388000000000000000000
-0.867890482646000000000000000000,-0.441525563681000000000000000000
-0.706950563999371129752223095027,-0.440473461279296937182920346333
0.761481720663170257237304971946,-0.439482357501532893254595687255
-0.648765901208637468209174981256,-0.436722482311257808869171865646
0.701739073742711316622101150841,-0.433753660422081635527825962415
0.649211572913576895167636237049,-0.433531913644125353477821459443
0.820307187065557375808431165202,-0.432853669660170112150018115600
0.872778252669196929824489647942,-0.431816368418343776619295001158
0.475511135692026995410450347948,-0.424852850385836077649183435376
0.423029819684619456183288591014,-0.424839081639721818747183322156
0.370548516230030498871543693208,-0.424800259544343696947388900751
0.318067201305561370354981878590,-0.424782845571957010175420583037
0.265585886090604806067554196704,-0.424766330242441577496098234583
0.213104570688184847767108344156,-0.424750421771175511303820514846
-0.469293936383273882378156744327,-0.424745659451700742309485728150
-0.259233908637000000000000000000,-0.424743758017000000000000000000
0.160622978130546909008948631700,-0.424741344085586810844214192366
0.108139748863932500746852401968,-0.424733530371724436759232610854
0.055658411984314736004535840377,-0.424726839394527242085585553491
0.003176107821676739399838822926,-0.424718226617186667354657930352
-0.049305644726660845655557406611,-0.424711657481310959122338163738
-0.101786961545106259873109542233,-0.424701437417765244583115820906
-0.311715663238000000000000000000,-0.424696217483000000000000000000
-0.154268278999150696467602669787,-0.424695294490844896247295034402
-0.206750932003000000000000000000,-0.424688819710000000000000000000
-0.416686677651394405260196659014,-0.424672911319963603277638256032
-0.364197055002000000000000000000,-0.424670029292000000000000000000
0.583955613259888782094975592989,-0.422774328250606018155311265772
0.531474429663162308532563797265,-0.422655636488345544193834881153
-0.578692132732850574516735304804,-0.421700786860701847879830990350
-0.526210815264670576679928217924,-0.421694765910162718485522529311
-0.838131990793350905187249693254,-0.395347428410301785526101754237
-0.785647223189000000000000000000,-0.395165852006000000000000000000
-0.680665704797095597921061304567,-0.395048854553819481869345359418
-0.733159078194379487352606022775,-0.394993100496394897416970945352
-0.890590898899000000000000000000,-0.393765372532000000000000000000
0.786012235206955207341107073952,-0.393086855826641011402751190900
0.733542195866122110851208163460,-0.391998880174722492547007457000
-0.621766295083885922057461242946,-0.391719038125773303117134267288
0.675715344659386137925904246649,-0.388178949846528491073771096015
0.623212274998414132893431167559,-0.387943261247214632599029951593
0.842304132169826268003208092329,-0.385204712425750792820139242431
0.894775197773465822019266575069,-0.384167411183924457289416127989
0.501751458023626793345919207559,-0.379402501615100716910186124858
0.449270142016219254118757450626,-0.379388732868986458008186011638
0.396788838561630296807012552819,-0.379349910773608336208391590233
0.344307523637161168290450738202,-0.379332496801221649436423272519
0.291826208422204604003023056315,-0.379315981471706216757100924065
0.239344893019784645702577203767,-0.379300073000440150564823204328
0.186863575964037571242959374827,-0.379291154374335378749798111377
0.134382258579411895444377060131,-0.379284444536245743913859247755
0.081900941190944576338161678940,-0.379277764813333400402723496355
0.029419623993681371922321644886,-0.379269721929161213111101173732
-0.023061693439592890113499593274,-0.379263404046335654532993285505
-0.075543010258038304331051728896,-0.379253183982789939993770942673
-0.128024327712082740925544856450,-0.379247041055869591657950156169
-0.285468280038700566142898913895,-0.379241484551836080782436509781
-0.180505645178578434120652236769,-0.379241005442027746899072845088
-0.232986962637578877039500454595,-0.379234905003054501591330068508
-0.337949594218326361093654263899,-0.379221954391856039277666058119
-0.390430911542208339094418016105,-0.379214785169739804429469182405
-0.495393547161841392116065934155,-0.379214362120578899553388507403
-0.442912229349647116962832288787,-0.379213983702459041464774796036
0.557817811542863058872597895335,-0.377264944154035478785741931523
-0.552483836719380088733278157188,-0.376231963041319325662594544748
-0.858057342949328630357809433553,-0.346795713086247433509957434598
-0.805576362342472901735866590357,-0.346607580179574275346228188104
-0.700614011058505856544021915469,-0.346506565807318038775017103741
-0.753095293744958642366178700218,-0.346445844868825317446055812506
-0.648132951694092802416381796341,-0.346341861719046824274465285503
-0.595557999070415436274004095330,-0.346250214306390780899897821686
0.808040087089865982814675794443,-0.345452178742899963158588904337
-0.910514711148249339907994559755,-0.345210392585338356783831086077
0.755569961659702243954948293210,-0.344345792254636165585763087902
0.703096997788437572486271410540,-0.343404869414677905972312272937
0.649667806643438650423479418159,-0.342617842718238568456876272546
0.597074473281388409671053469904,-0.342433877150644093229460617344
0.861701994402369919191804613072,-0.336439851508744200691525256199
0.914173060006009473207863095811,-0.335402550266917865160802141756
0.528094839903327543685953305629,-0.334011809280790651502093175229
0.475522724103836230218558817174,-0.333945464355589749805514906046
0.423040778099938615736269978148,-0.333906271065451763643942819282
0.370559288552109367610088254406,-0.333888756216867954155477971382
0.318077917277783047747293290864,-0.333872208503237977034203297366
0.265596595666285248328173066885,-0.333856296445146535431570635243
0.213111949801273272654558678847,-0.333845455014016797414180867862
0.160628728161965637558896047567,-0.333837645376130830854640859195
0.108147384694910566346977259010,-0.333830950592302880984414838818
0.055665770870746575546582618346,-0.333822736401458049155313321289
0.003183981687010993682219350303,-0.333816146080683792983811608024
-0.049297867355042551785682683608,-0.333805618663522593617045185226
-0.101779836473983601811368451054,-0.333799099418199378144794237726
-0.154261438342051110446828072416,-0.333792899574243632403822059938
-0.206743015969352096547054865945,-0.333786617337268957236444010865
-0.259224509834270886003158147006,-0.333780196767392588637066239678
-0.311706029446331673251586611399,-0.333773477767156507102058276148
-0.521642525291931926255144652597,-0.333769011791048275296596596791
-0.364187365755088255231011209749,-0.333766266741139077623164453576
-0.469153157096635652505430497084,-0.333763984467859844907569996747
-0.416669831948143752893476750535,-0.333761299224129678392483261382
-0.863608756415000000000000000000,-0.294409519469000000000000000000
-0.810868445535000000000000000000,-0.294370529461000000000000000000
-0.705009672266680133566879651806,-0.294209654980858200659313030649
-0.757853713106140078799203547277,-0.294180692380471530731546860105
-0.652528612902267079439239532677,-0.294044950892586986158761212410
-0.600046446672529777805937253047,-0.293961185269978043256394257737
0.816653082940583877999442912674,-0.293682447992940902801626907271
-0.916707245314951171360413211528,-0.293095699455262546782142429646
0.764183426936371254261128073262,-0.292576139605855938110742916990
0.711710544329247990882920270475,-0.291635230286738900720809860162
0.659232885280261905043704167405,-0.291015536663962973107529769861
0.606751820685218839638227512970,-0.290852507774935223726972481480
0.554320894473553840422235030443,-0.288553226140450116391312923744
0.501839578484760907020710040287,-0.288539386624288777865160907395
0.449308903174163072823037517794,-0.288471985283317576630404687594
0.396815158106313823090159786193,-0.288447387031946381183503015873
0.344332012893857597159592115101,-0.288429814389043734917391868143
0.291848577374797956416068620998,-0.288412681097953321947087914161
0.239363203418980507444177901885,-0.288401419069279745587412939509
0.186877090012283812079673516897,-0.288391939092450940943582898568
0.134393854277464308461496246445,-0.288384151432187967925196450258
0.081912218321588641789312165632,-0.288375924459827573818402144251
0.029429147088569496062793349805,-0.288368593753934919902325760013
-0.023052567933269364059376287050,-0.288358143731363685489745377821
-0.075534281804339229687126477503,-0.288351771889174650399594769652
-0.128015925604925709016083066245,-0.288345547829470552699474052908
-0.180497245986030452781227885198,-0.288339414151260767233818805974
-0.232978641595801974878925490408,-0.288333050323895509718151683946
-0.285460073987280248169400352404,-0.288326381693928362161574151981
-0.337941415095737172924506285493,-0.288319167896057130403251146267
-0.390422893024316608168039793530,-0.288313149924430942716476655981
-0.547870132216934309823726278640,-0.288311324273585319923305795367
-0.495387110948913067412160224461,-0.288309959511599707842025562851
-0.442905064103135211154491634365,-0.288308012068837569443678821279
0.878444428156378769199745721251,-0.286700735800477276386586985293
0.930915493760018323215804203990,-0.285663434558650940855863870851
-0.784381494819714154865749969987,-0.248897522032044012207892699054
-0.731406840163368396869229145616,-0.248850221050508155976926910421
-0.836864131078000000000000000000,-0.248771149415000000000000000000
-0.678911780509023632866319348666,-0.248677372309621683161139976096
-0.626360071257713991502183444345,-0.248553235738670980606465667179
-0.889353359254086158155030836992,-0.248306709325801544343609218214
0.842801856785187087289271075657,-0.248179367373365974180415559132
-0.941897568458579794285107040388,-0.247055104982913381151034061441
0.790340399597313628335375124121,-0.246735681405899170511325460554
0.737862552620182199525966128524,-0.246132111946335374760003266693
0.685384871359610077767847791202,-0.245514302136168897416932700834
0.632903806764567012362371136767,-0.245351273247141148036375412453
0.580472880552902013146378654240,-0.243051991612656040700715854717
0.527991564564109079744853664084,-0.243038152096494702174563838368
0.475510261233231197892339538408,-0.242999163122072227037274003097
0.423028946315330948870231146040,-0.242981729363981925771589521695
0.370547631101052960513417625848,-0.242965211878273805874852218499
0.318066315699318218795087146626,-0.242949301146670313119706914121
0.265584998644189054253204070194,-0.242940378885238964789587448449
0.213103681260007112113979600065,-0.242933665577362579537093570581
0.160622363871681975382700079541,-0.242926984737443648761824831342
0.108141046674444042082150265628,-0.242918941688374417876926281360
0.055659729241269668730701373440,-0.242912622975849148737323913613
-0.574183756802118523519972469938,-0.242903374742278257273377204809
0.003178412422857659329308605298,-0.242902402740766924675203828746
-0.049302905031168749932174674762,-0.242896259659834272609922402762
-0.101784222497650175100679290859,-0.242890223921929298971160836112
-0.154265539952973662245136448185,-0.242884091932151679165908754180
-0.206746857386148035596585340373,-0.242877773219626410026306386433
-0.259228174784416469886145409624,-0.242871170951280440230826216167
-0.311709492104075467552800652271,-0.242863970881774259976921636538
-0.521634762712266094730704551355,-0.242858116395578893927426689950
-0.364190809583133196564427918996,-0.242858045504987228986258624803
-0.469153444951230861903705264425,-0.242855768420240564989340889643
-0.416672127191105410096048890718,-0.242853400197024113834897487300
0.907011686953628279056715039247,-0.238941954064016341029919394975
0.950831938146822371562131963999,-0.210061609453656995718295621482
-0.757934621876942472935775568326,-0.203567050702080637453272749370
-0.810448724662461153989821084855,-0.203347678478271616927031514615
-0.705308948405711896168668842476,-0.203317938379271638478753855868
-0.652743238864470544929263260333,-0.203185657155705677608844430864
-0.862946690586763874602868991149,-0.202952805752437542823081614547
0.869031746552711687448757243067,-0.202722997058180791657487438404
0.816590001314325148166856585231,-0.200685332758080525591913890381
0.764108683501209338558739233658,-0.200685117180743514477710033521
0.711631002240637216800620896336,-0.200067307370577037134639467662
0.659149937645594151395144241901,-0.199904278481549287754082179281
-0.921152218401872382948501788990,-0.198848060160891670979160441185
0.606719011433929152179151759374,-0.197604996847064180418422621545
0.554237695445136218777626769218,-0.197591157330902841892270605196
0.501756392114258336925112643542,-0.197552168356480366754980769925
-0.600566924408875076947052285926,-0.197535796159312954275755968494
0.449275077196358087903004251174,-0.197534734598390065489296288524
0.396793761982080099546190730982,-0.197518217112681945592558985327
0.344312446580345357827860251761,-0.197502306381078452837413680949
0.291831129525216193285977175329,-0.197493384119647104507294215277
0.239349812141034251146752705199,-0.197486670811770719254800337409
0.186868494752709114415473184675,-0.197479989971851788479531598171
0.134387177560634655079728085197,-0.197471913301116887722515102727
0.081905860123422949403036034433,-0.197465628210907647428507410926
0.029424543305010940001643266292,-0.197455407975825423366387326059
-0.547948387297450308426950742653,-0.197450166864271831277498099392
-0.023056774128163433349805625897,-0.197449089263300154226784958312
-0.075538091582189842611288905957,-0.197442946182367502161503532329
-0.128019409048671267779793522054,-0.197436910444462528522741965679
-0.180500726503994754924250679380,-0.197430778454684908717489883746
-0.232982043902263189213810748630,-0.197424176186338938922009713480
-0.285463361221922186880465991278,-0.197416976116832758668105133851
-0.337944678655096560231914883466,-0.197410657404307489528502766105
-0.495394570730723416846369899398,-0.197405883521897955175057540877
-0.390426011796580102720156420185,-0.197404741067715664111750670663
-0.442908987392279650724731773782,-0.197401052774346596436168440752
0.912851997745905779954174167819,-0.173842652447821446345863664911
-0.959936331448241071607024319439,-0.163491571440230587075546163405
-0.783843502750701698176820234322,-0.157926951980483925967056878696
-0.731360029588443060480912647371,-0.157758857081922252462295937572
-0.836355895308885789364850733947,-0.157706608940575919832148146473
-0.678877861656094876103777762612,-0.157674447426813055876365432974
-0.888980600697494260466937650726,-0.157383910178876068137709352223
0.844250327056000000000000000000,-0.155430600465000000000000000000
0.790883301419473839914675223053,-0.154931050991629507350533194648
0.738401983726844837731436387857,-0.154927488255821280589118468128
0.961485724420776624001414372925,-0.154118318513270031742916044759
0.685939598917804316297407557690,-0.153517913995310432480520149858
0.633469283785133489146663723265,-0.152443321362749064377541251572
0.580490338812104489939848955364,-0.152147924218650395028110696053
0.528009035481226608087334829688,-0.152108935244227919890820860781
0.475527720563326359065226437320,-0.152091501486137618625136379380
0.423046405349048370708412917128,-0.152074984000429498728399076184
0.370565089947313628990082437907,-0.152059073268826005973253771805
0.318083774473586821544022892207,-0.152043401801009064206417049845
0.265602457139002699837268833186,-0.152036311355285977637846995970
0.213121004257107632897222013400,-0.152029676229684573080123195133
-0.626701547200499408121566788205,-0.152024586430420332543276970604
0.160639673315611745456386403042,-0.152023003209984236356666870839
-0.574220171254168734402745594043,-0.152017996685209806869991458351
0.108158356123537286120641303564,-0.152014926539249335599650375395
0.055677038686325580443949252801,-0.152008641449040095305642683595
-0.521709758939067657366363848614,-0.151998840136458724250813167724
0.003195371433131711525086112046,-0.151998623417707370502021644306
-0.049286225877325013747477649991,-0.151992466199260906532230835610
-0.101768440513345986745190401351,-0.151986840823488194628294114483
-0.154250651000990789897208836647,-0.151981320413239606571010809430
-0.206732435711110014802060987087,-0.151975458067285978000713774215
-0.259214211144345870751060903472,-0.151969120128391494625023567639
-0.311696493677890039273403737053,-0.151962477098634500168964423784
-0.364178502746525536391764888243,-0.151956557556354268550991981922
-0.469155846339426373000294665867,-0.151954478482588098411362198344
-0.416663664825974655005438255278,-0.151952851305497380234080451361
0.920087086823292207702121177500,-0.121862442699398691615516034099
-0.809909029175146487258969274037,-0.112376133638062120229956696846
-0.757427976144144736854391062353,-0.112209423695580096115263130996
-0.862389805419616175228919393525,-0.112137713367014445146775884150
-0.704946725370216344079039613536,-0.112125538942610040510260277694
-0.914869503828896250413576341042,-0.111725433948723016033788009735
-0.967350480138196863694297759765,-0.111536106004752368921827526955
0.816670100233077827778893049962,-0.109221864536449052707763359188
0.869151417989081898341174452521,-0.109219406677169024748844100423
0.764188782540448825595654214766,-0.109218301800640825946348632668
0.711739842140916387746793157837,-0.107375106093713726005417386616
0.659262404408833643088538895590,-0.106736945829267079520049039317
0.606781087590343698437644480742,-0.106726725994393321400471832310
0.554299829260377606113050371492,-0.106647709849808692713844916043
0.501818514478774542623671117415,-0.106629870510354405142525230881
0.449337199560874293601562725047,-0.106612436752264103876840749479
0.396855884346596305244749204855,-0.106595919266555983980103446283
0.344374568944861563526418725634,-0.106580008534952491224958141904
0.291893253471134756080359179934,-0.106564337067135549458121419944
0.239411936136550634373605120914,-0.106557246621412462889551366070
0.186930618752349246212917922031,-0.106550533465557167425160397839
0.134449301364022166244061331760,-0.106543852640903350885901870897
0.081967984171947706908316232282,-0.106535775970168450128885375453
0.029486666734736001231624181519,-0.106529490879959209834877683653
-0.022994650083753601489255970921,-0.106519271043329558778834925220
-0.075475967516966908905327776168,-0.106512952654187144058268439339
-0.127957284971118271404790028396,-0.106506810640842644163199091794
-0.180438602437727283548369271589,-0.106500776012420574698731906803
-0.232919919893120771583574294674,-0.106494644621782644768610487437
-0.285401237291464651078261939735,-0.106488042953176551171474607873
-0.337882554611302544808035789429,-0.106480844187762140503057390674
-0.652770460095954170411143662119,-0.106475223776394655659237637933
-0.390363872044593459748485649815,-0.106474526443270255757574248226
-0.600289142633881943227252183302,-0.106469149821085639776033485125
-0.442845189524315968572958458157,-0.106468606957394990741516246964
-0.547807824879512513026696932481,-0.106466657302600071822670496121
-0.495326507134121583681585278378,-0.106463982409048260428333911138
0.968455387420265274938805274317,-0.101495896187812707945154062738
0.904155025511000000000000000000,-0.068937291104000000000000000000
-0.783812877704898487532546038903,-0.066842853524615279564405449766
-0.839089223038365192210459004932,-0.065112490559011965223599539166
-0.731396301657788388307349663197,-0.064236846052395720123494374886
0.842908630542504431517251871934,-0.063770481206026183969066751670
0.790427312916560697168104358397,-0.063766043577392779381086507409
-0.894764617440631794279207391934,-0.063247786906372466681724835015
-0.947359963409773643762837796275,-0.063011184980825171017631128521
0.737978342387869060210663863487,-0.061923705408603867457023447054
0.685500904655786315552409601240,-0.061285545144157220971655099754
0.633019587837296370901515186392,-0.061275325309283462852077892748
0.580538329507330278576921077142,-0.061196309164698834165450976481
0.528057014725727215087541823065,-0.061178469825244546594131291318
0.475575699807826966065433430697,-0.061161036067154245328446809917
0.423094384593548977708619910505,-0.061144518581446125431709506721
0.370613069191814235990289431283,-0.061128607849842632676564202342
0.318131753718087428544229885584,-0.061112936382025690909727480382
0.265650436383503306837475826563,-0.061105845936302604341157426507
0.213169118999301918676788627680,-0.061099132780447308876766458277
0.160687801610974838707932037410,-0.061092451955793492337507931335
0.108206484418900379372186937932,-0.061084375285058591580491435891
0.055725166981688673695494887168,-0.061078090194849351286483744090
0.003243850163199070974614734729,-0.061067870358219700230440985658
-0.049237467270014236441457070518,-0.061061551969077285509874499777
-0.101718784724165598940919322746,-0.061055409955732785614805152232
-0.154200102190774611084498565939,-0.061049375327310716150337967241
-0.206681419646168099119703589024,-0.061043243936672786220216547874
-0.259162737044511978614391234086,-0.061036642268066692623080668310
-0.311644054364349872344165083780,-0.061029443502652281954663451112
-0.679013277557466789675744207777,-0.061026315636270224955988385708
-0.364125371797640787284614944166,-0.061023125758160397209180308664
-0.626531960095394562491852728960,-0.061020241680961209072784232900
-0.574050642341025132291297478139,-0.061017749162475641119421243896
-0.416606689277363296109087752508,-0.061017206272285132193122307402
-0.521569324595634202946185824036,-0.061015074268923829725084658913
-0.469088006857641269437658659118,-0.061012257964846883276862580569
0.972517028314414161416927225577,-0.049171983942122231414226975190
0.875219398788823862054268198040,-0.022414671761881865972338753580
0.927697864786898849377380086902,-0.021867564883266912416748507922
-0.810055402349452815834697144175,-0.021393776309255899972114449313
-0.865438007896328354040767083777,-0.019724934379410142837576349916
-0.757654774271669565183761424385,-0.018484670518540477593301366235
0.816673476890219393312435768294,-0.018317148739762113645308282496
-0.920857982436688593555214003283,-0.017712909914880569994142488100
-0.973600974441084315600602359368,-0.017561233831210367458092191937
0.764224440321174703766320781686,-0.016476691615362516592105541618
0.711747002589091959108066519438,-0.015838531350915870106737194319
0.659265685770602014457172104590,-0.015828311516042111987159987312
0.606784427440635922132577995341,-0.015749295371457483300533071045
0.554303112659032858643198741264,-0.015731456032003195729213385883
0.501821797741132609621090348896,-0.015714022273912894463528904482
0.449340482526854621264276828704,-0.015697504788204774566791601285
0.396859167125119879545946349482,-0.015681594056601281811646296907
0.344377851651393072099886803783,-0.015665922588784340044809574946
0.291896534316808950393132744762,-0.015658832143061253476239521072
0.239415216932607562232445545879,-0.015652118987205958011848552842
0.186933899544280482263588955609,-0.015645438162552141472590025900
0.134452582352206022927843856131,-0.015637361491817240715573530455
0.081971264914994317251151805367,-0.015631076401608000421565838655
0.029489948096504714530271652927,-0.015620856564978349365523080222
-0.022991374544347098395874651990,-0.015614535168373821588946409888
-0.075472806857503197759090942984,-0.015608326823034294186632081686
-0.127954217315954193254896626208,-0.015602238491362368443612329910
-0.180435780776066814843451111451,-0.015595965033002778323311575597
-0.232917615234976921877271813880,-0.015589064767715723069880958916
-0.285399263301243095642078790121,-0.015581675004060285205072406550
-0.705254107599837015237098285993,-0.015576259991252796670988338196
-0.337881568323759207795047631045,-0.015574786969245113980963441694
-0.652772790137764788053206807175,-0.015570186035943780787784185388
-0.390364034649695832815991823858,-0.015568204110073651508631311147
-0.600291472383395357852651556355,-0.015567693517458212834421196384
-0.547810154638004428507539902252,-0.015565018623906401440084611401
-0.442847399368124635232948591216,-0.015562073828488712775028818580
-0.495328836921311895585170591067,-0.015561830001188739652933451468
0.973753767091201205287836580083,0.003294759778502661768837949952
0.848984245136538823849452094400,0.023038660704382204351419715594
0.901524996626059728350681629391,0.023621661222296525485582031445
-0.836404187207415977665005223020,0.023993779870345922413908739937
-0.891531372892385153316773695126,0.025809942612081753850005996998
-0.784023258535116046731092170595,0.027238318493196229555076664707
-0.947098993467999265392978566375,0.027737041234734233565396448484
0.791164782943000000000000000000,0.028706059113000000000000000000
0.738539654187880235981405716982,0.029289895331171573793482253947
0.685515194816470143445689204427,0.029616732155392814266264416746
0.633033936486504051121095095177,0.029695748299977442952891333013
0.580552621704900987631715841100,0.029713587639431730524211018176
0.528071306787000738609607448732,0.029731021397522031789895499577
0.475589991572722750252793928540,0.029747538883230151686632802773
0.423108676170988008534463449319,0.029763449614833644441778107152
0.370627360701622868425848988320,0.029779135682397456550199905120
0.318146043880292075291821442824,0.029789340918401994676346144211
0.265664726545707953585067383803,0.029796431364125081244916198085
0.213183409161506565424380184920,0.029803144519980376709307166315
0.160702091773179485455523594650,0.029809825344634193248565693257
-0.731604990983046966955610975617,0.029810077869079248648500425686
0.108220774581105026119778495172,0.029817902015369094005582188702
0.055739457143893320443086444408,0.029824187105578334299589880502
0.003254761265401375475271287813,0.029832456750827818732458410501
-0.049226714131836059713508524456,0.029838689977669169734296008203
-0.101708087403408761106951668857,0.029844932401419230790868786727
-0.154189404857560172149558294127,0.029851074414348946784765319672
-0.206670722278996007750081254216,0.029857489882829788273799445061
-0.259152039598836699275075938303,0.029864688627847342211409806954
-0.311634450749048122773624278550,0.029871637955791980328213434065
-0.679018709068399960760220931703,0.029876931132632122682976203682
-0.364117100729859222336498192034,0.029878326882461639626579669348
-0.626534289844907977117252102012,0.029881214622666217868828055841
-0.574052972099517047772140447909,0.029883889516218029263164640824
-0.416600408305449580195251421132,0.029884424162045125034487032656
-0.521571654384702458787515858984,0.029887108899509979314483785236
-0.469087906984724723776025099180,0.029888167969227755627448490368
0.972162011354927973890885326260,0.055751933102308259633097462954
-0.862497552203472776941011834369,0.069528656861837819101491086851
0.869114449540824029433544065001,0.071505799985439807166404356494
-0.918378495208888392603575481972,0.071662224207559169748031002814
0.922211860740341687387889267050,0.071853832773709941722546939156
-0.810159113061117235619070866438,0.073398606162498710324835795952
-0.970904586945306463921040610797,0.074508639867247633436262281927
0.816723909458906877904148650560,0.074591254469429606426153419757
0.764244554815033929161053478980,0.075045187956133486979113601579
0.711763239897028069823782867434,0.075062621396299292683017784028
0.659281981567061977499188758184,0.075141637540883921369644700295
0.606800666785458914009809504107,0.075159476880338208940964385457
0.554319351867558664987701111739,0.075176910638428510206648866859
0.501838036653280676630887591547,0.075193428124136630103386170055
0.449356721251545934912557112325,0.075209338855740122858531474434
0.396875405782180794803942651327,0.075225024923303934966953272402
0.344394089434627310996949989642,0.075237429589999616712455013734
0.291912772002798927695288517368,0.075243759472039522422342125850
0.239431454668214805988534458347,0.075250849917762608990912179724
0.186950137284013417827847259464,0.075257563073617904455303147954
0.134468819895686337858990669194,0.075264243898271720994561674896
0.081987502703611878523245569716,0.075272320569006621751578170341
0.029506185266400172846553518952,0.075278605659215862045585862141
-0.022975131552126387766669134477,0.075288825306056093048118801381
-0.075456448984618386511825433708,0.075295149683639194408098771355
-0.127937766423080425669595978355,0.075301424324715912735469611850
-0.180419083877231836712202603625,0.075307566337645628729366144796
-0.232900401298667672312725563714,0.075313981806126470218400270185
-0.285381718618508363837720247801,0.075321180551144024156010632077
-0.337863035884594319263820067310,0.075328761063564050183727982343
-0.390344353168252875929878912325,0.075336218925323839691706548477
-0.757713576219078459687795700360,0.075336229654845402242410225005
-0.705232258807627745557837445318,0.075342726292474772338455523416
-0.442825670481657067278897890133,0.075343464442685908834934767370
-0.652750941053384798504252852139,0.075345221472709815776580132744
-0.600269623307993869159141198036,0.075347896366261627170916717727
-0.495306987786220318650099385008,0.075350773716945137067890255463
-0.547788305598089436381626441721,0.075351194822221062197218029770
0.967746384730702106345887839816,0.108047161956986465755072535637
-0.888743558333852442302029969531,0.114975723672049161906027719810
0.895366430601252669678449576912,0.116949415707019844509836077336
-0.836405119191496900980089001600,0.118845672972710053129372428910
0.842978578770346943412367113202,0.120080182384817459811980372175
0.790498841396495477193074985705,0.120487471740580637877924125276
0.738017526478489617855804374158,0.120504905180746443581828307725
0.685536268148523525531210264909,0.120583921325331072268455223992
0.633054953366920462041831010832,0.120601760664785359839774909154
0.580573638449020213019722618464,0.120619194422875661105459390555
0.528092323234742224662909098272,0.120635711908583781002196693752
0.475611007833007482944578619050,0.120651622640187273757341998130
0.423129550211112020514691043358,0.120667390836101211516124762676
0.370647422370109439539720594223,0.120682600094229920514483756768
0.318166094905992227966265306028,0.120694936077623941831071035113
0.265684354582360565543823491406,0.120700979350371125308723314563
0.213201910976582723753091477024,0.120707419928889757520527394090
0.160718937943290281530188412565,0.120713177694861191220818255647
0.108237011960204402968898779172,0.120719507310595352162601420690
0.055755694768129943633153679695,0.120727583981330252919617916134
0.003274377330918237956461628931,0.120733869071539493213625607934
-0.049210313196722296531787871667,0.120742141615460825862779682764
-0.101691746615524943730710265381,0.120748483236257654830217767309
-0.154173138754675969171011546474,0.120754668380256951209710341810
-0.206655464959653228942356543725,0.120761666411712479315954093460
-0.259138069995464015826222638061,0.120769608757165878498969181107
-0.311620477387440938726119757073,0.120777818732246503059368269302
-0.783959582349458125048813835521,0.120783296465056745046946857964
-0.364101794671099495392178602088,0.120785276594006292567346835436
-0.731478264939676107266549715680,0.120789806568838768651964013681
-0.678993760819976840475076528150,0.120794128281849971119021384524
-0.416586108044744899658248106084,0.120794251922850962190083960834
-0.626512443074585911129964874047,0.120796803175401782513357969507
-0.574031125364681478352450117731,0.120800101631361217539659281551
-0.469068489852271848495504744764,0.120802175737322046845214868928
-0.521549807652416496234183984147,0.120803362312614649575248340822
-0.965480250217469765668195433509,0.126708882112957396370627519418
0.936164196003754131495598916436,0.149962005087590934576625197385
-0.921772952061519465498783729675,0.155759885664549273576014844197
-0.869938134840121088871071987934,0.163972098708057256673957631145
0.764273281739551491260195099174,0.165946340403667848673458624338
0.711792023764368883045077940154,0.166025591839441937862884356746
0.659310708903260219930495382128,0.166043195728653055934682913604
0.606829393985359970908386989760,0.166060629486743357200367395005
0.554347285404111097069396916463,0.166077605365313219161635400289
0.501865868008605228781582142640,0.166094063899380497841429817902
0.449384489951885716767811241486,0.166109938483154230699341957377
0.396903052674575998331192549523,0.166125718416576610398524494880
0.344421721526139579554355024828,0.166141387305178904943826604443
0.291940405163902684884909789234,0.166153729693374455808065320570
0.239458979885946554696077133322,0.166159954718063126349951538652
0.186976296791021340403168176677,0.166166257133968176820257966659
0.134493608568669515005841834420,0.166172179208757133014661455145
0.082010810905678451621519840544,0.166178005940613064730888092760
0.029526282822403792826826298615,0.166184230012786848635224321148
-0.022957591173316128459135923583,0.166189039820757855268939872897
-0.075445537917596128685620007262,0.166195433061658547052657473969
-0.127926924095493405801625450271,0.166201801949441800377114755660
-0.180408241539480583853867834203,0.166208030206622198892405993533
-0.232889889429670896828832965806,0.166215419746004671498442719003
-0.285372163841398876642402872544,0.166223552915296128000554867962
-0.810206675996422727194832184397,0.166229735209310521767079042905
-0.337854819926543490558261576112,0.166231784008838288848293244323
-0.757725358708883292294725645095,0.166237165710964127329158783966
-0.390336179086810950262085797507,0.166239053046314590507106421456
-0.705239755290104568018210355139,0.166241201825938210016024565645
-0.652758437838200608018010003688,0.166247363012610599659654803643
-0.442820449522084642371839677259,0.166248067721885473127994599317
-0.600274753849288731915963083889,0.166248672043078331337387921090
-0.547793436339561810722226983008,0.166254319252198230664146682598
-0.495312118533979736831582284530,0.166255234257304879504146750853
0.818570875146828944449522015841,0.166540409711793021183366409949
0.881612356186416548508252337621,0.167596371750190798180301197006
-0.953508090200955570347920824622,0.197559045066607208912320867319
0.953073599364742010590087892972,0.199644605637714638735669925815
-0.841701777394345342028549222159,0.208210055686676024196983881900
0.849388910441108985049123777796,0.209020256934308430134661392943
-0.899767522521000000000000000000,0.211213574567000000000000000000
0.790528243192870929028407813739,0.211388234274109151497719822092
0.738046986132925954401465097860,0.211468089491322122605565002548
0.685565671072629092336983200319,0.211485089185382494094121620141
0.633084356154728843314874807951,0.211502522943472795359806101542
0.580603040940450854958061287759,0.211519040429180915256543404738
0.528121662486927011728038326405,0.211536437533038439756676311383
0.475640347272648238434916819236,0.211552955016252566703121796730
0.423158939907287274403126521889,0.211568812691673770438897474483
0.370677546781185239215815363312,0.211584618096215436149412197400
0.318196213129854724076331934578,0.211600285540883352344496968098
0.265714896767617829406886698983,0.211612627929078903208735684225
0.213233494455202275145305228475,0.211618866202716604609492878458
0.160750983759748631651434487668,0.211625268076348986841164101271
0.108267813227450357057495954378,0.211630911903017626264017847564
0.055782167944578966393260190578,0.211635095683214347985730045630
0.003296728872099721264158614374,0.211640794104409836671566644461
-0.049188815287588073365494650082,0.211644640145850674268672583836
-0.101678226355689712649018012020,0.211650188332781188695318474655
-0.154161348565511073688101872353,0.211655555283733992559603381203
-0.206642666009498251740344256285,0.211661783540914391074894619076
-0.259123983275605757645013200290,0.211669363904134921000028405857
-0.311606363790337547208603037194,0.211677435835095692991797117703
-0.364089190645351214175941422907,0.211685568366534010812629063076
-0.731486051997031133844450922857,0.211688100824876697318275298436
-0.783984149376154009555331707794,0.211690353518975413934823892677
-0.416570507952151583462717742099,0.211692861560375275517278644235
-0.679004734700365453908364304832,0.211695466586215581269626186908
-0.626517729429236856436433893471,0.211697488883101645308278035249
-0.469060116143335238081193210672,0.211698837656786042295572879436
-0.521555094732769638829552501609,0.211706194274679671732204209864
-0.574036412534483610311096666909,0.211707309281661197667897712472
0.901374770206658464628893600855,0.216214636955155548335634498116
-0.941479555858431403847556881398,0.248643319369160016053096179056
0.940933334399568850483457068095,0.250702442313617090277875343871
0.821704630122143232284750826333,0.253605785333876219167323619712
-0.862611106935324738294119804599,0.256346202786277449637673015694
0.764345815798490962558496283759,0.256891498986257494667956397447
0.711821851503334888202969462642,0.256927203353204250410809225150
0.659340264485095857880670660617,0.256944046155008499839950500421
0.606858949567195608858562268249,0.256961479913098801105634981823
0.554377634352917620501748748057,0.256977997398806921002372285019
0.501896319435017237587460776451,0.256995431156494163003016281074
0.449415004220738464294339269282,0.257011948639708289949461766421
0.396933688819002997905037669481,0.257027859368921465929587176520
0.344452373398961784474143467675,0.257043709601876421766093303856
0.291971057927165756881953829162,0.257059387534242351922279500534
0.239489741564928862212508593568,0.257071729922437902786518216661
0.187008424127974394279358688603,0.257078017160248709649210876927
0.134527106793369827156142500226,0.257085107454639442507795547058
0.082045789409120338206771197401,0.257091820234447537888336327818
0.029564472020669389425833701813,0.257098500085977187346062500393
-0.022916845171636717985634737943,0.257106575251348108510061747475
-0.075398162609131960447578525644,0.257112857973542366686590706444
-0.127879479428949913047315815955,0.257123070986498153998449004174
-0.180360796851443118343765537302,0.257129477799396887814776186094
-0.232842114295430296396007921234,0.257135706056577286330067423967
-0.285323431561537802300676865239,0.257143286419797816255201210749
-0.337804748656534020956822544043,0.257151971015242261975382799041
-0.390286065697766135270079010344,0.257160974648955796308254010027
-0.442767383004749267963686706387,0.257168266527525655340530044785
-0.495248699710433729041153540727,0.257179050097689507273056477329
-0.757655277715897120625198383593,0.257179422466732557453976394802
-0.652692646060325418170704791622,0.257185536311006305708566786291
-0.810136594179872707215638562267,0.257191324390333612485795016230
-0.547730014947773978950387237745,0.257195494143982352589781993842
-0.705173962709977788108658799957,0.257196589213852034838433013367
-0.600211331885840094491422269237,0.257205080279544492812839010776
0.885402131217000000000000000000,0.267839026332000000000000000000
-0.905390647396418496523537235822,0.286746854709967875859759289817
0.926059909508909700269761169178,0.301032055380574611031388960981
0.843028095798637980864493335556,0.301559914780578624372770750925
0.790552892691982237410578425550,0.302361025486391362719157032812
0.738071576051648480964047428261,0.302372122547602683419444277444
0.685590260890605049825145646549,0.302388808319184195693499731033
0.633108945972704800803037254181,0.302406242077274496959184212434
0.580627630758426812446223733988,0.302422759562982616855921515630
0.528146315840526429531935762382,0.302440193320669858856565511685
0.475665000626247656238814255213,0.302456710803883985803010997033
0.423183685224512189849512655412,0.302472621533097161783136407131
0.370702369804470976418618453606,0.302488471766052117619642534467
0.318221054332674948826428815093,0.302504149698418047775828731145
0.265739739627024664485767184187,0.302522211100234673616361267589
0.213258422057792019368860322621,0.302527275198699219605217959113
0.160777104620837551435710417656,0.302533562436510026467910619379
0.108295787286232984312494229279,0.302540652730900759326495289510
0.055814469901983495363122926454,0.302547365510708854707036070270
0.003333152513532546582185430866,0.302554045362238504164762242845
-0.049148164678773560829283008890,0.302562120527609425328761489927
-0.101629482116268803291226796591,0.302568403249803683505290448896
-0.154110798936086755890964086902,0.302578616262759470817148746626
-0.206592116358579961187413808249,0.302585023075658204633475928546
-0.259073433802567139239656192181,0.302591251332838603148767166419
-0.311554751068674645144325136186,0.302598831696059133073900953201
-0.364036068163670863800470814990,0.302607516291503578794082541493
-0.416517385204902978113727281291,0.302616519925217113126953752479
-0.468998702511886110807334977334,0.302623811803786972159229787236
-0.783885628579692498696419076658,0.302635526710386450196412771537
-0.678923732290501640399009442487,0.302641216205083346771953363894
-0.521480016564442432467990650598,0.302643680490072950472942828946
-0.573961333862018446803649432167,0.302651039762387823502439173218
-0.626442543508366265902806560210,0.302757592584166476840040016074
-0.731404691111373933071551004097,0.302835331350414845433417109559
-0.839574578445000000000000000000,0.303544505082000000000000000000
0.884748091962734478641079510585,0.333399051695946067860700871499
-0.912964358780329023509094842956,0.338678806486508726982462278326
0.817220068764000000000000000000,0.347646637231000000000000000000
0.764480446193058808279844939882,0.347907883259551914696509164776
0.711999129552725051833313942594,0.347918980320763235396796409408
0.659517814391681620694412160881,0.347935666092344747670851862997
0.607036499473781371672303768513,0.347953099850435048936536344398
0.554555184259503383315490248321,0.347969617336143168833273647595
0.502073869341603000401202276715,0.347987051093830410833917643650
0.449592554127324227108080769545,0.348003568577044537780363128997
0.397111238725588760718779169745,0.348019479306257713760488539096
0.344629923305547547287884967939,0.348035329539212669596994666432
0.292148607833751519695695329426,0.348051007471578599753180863110
0.239667293128101235355033698520,0.348069068873395225593713399554
0.187185975558868590238126836953,0.348074132971859771582570091077
0.134704658121914122304976931989,0.348080420209670578445262751344
0.082223340787309555181760743611,0.348087510504061311303847421474
0.029742023403060066232389440786,0.348094223283869406684388202234
-0.022739293985390882548548054801,0.348100903135399056142114374809
-0.075220611177696989960016494557,0.348108978300769977306113621891
-0.127701928615192232421960282258,0.348115261022964235482642580860
-0.180183245435010185021697572569,0.348125474035920022794500878590
-0.232664562857503390318147293916,0.348131880848818756610828060511
-0.285145880301490568370389677848,0.348138109105999155126119298384
-0.337627197567598074275058621853,0.348145689469219685051253085165
-0.390108514662594292931204300658,0.348154374064664130771434673457
-0.442589831703826407244460766958,0.348163377698377665104305884444
-0.495071149010809539938068463001,0.348170669576947524136581919201
-0.704996103053821400616471938117,0.348188117331589520494264731732
-0.547552463063365861598724136266,0.348190538263233502450294960911
-0.600033780360941875934382917835,0.348197897535548375479791305182
-0.809904173552318809112498047029,0.348213197086955309232622444402
-0.652514953639749966198608084260,0.348321067042570435342559624847
-0.757449733814769562047742692649,0.349892622961340615234318136949
-0.862238465073828116867833373624,0.352138837211752710777558718461
0.894425721033658728232240122198,0.384980368226385092886850957888
0.790197488796395323008777676175,0.393656352514663773903955582759
0.737716172156061566562246678887,0.393667449575875094604242827391
0.685234856995018135423344897174,0.393684135347456606878298280980
0.632753542077117886401236504806,0.393701569105546908143982762381
0.580272226862839898044422984614,0.393718086591255028040720065578
0.842678756186871273122519194267,0.393729102340134564095142477560
0.527790911944939515130135013008,0.393735520348942270041364061633
0.475309596730660741837013505838,0.393752037832156396987809546980
0.422828281328925275447711906038,0.393767948561369572967934957078
0.370346965908884062016817704231,0.393783798794324528804441084415
0.317865650437088034424628065718,0.393799476726690458960627281093
0.265384335731437750083966434813,0.393817538128507084801159817537
0.212903018162205104967059573246,0.393822602226971630790016509060
0.160421700725250637033909668281,0.393828889464782437652709169327
0.107940383390646069910693479904,0.393835979759173170511293839457
0.055459066006396580961322177079,0.393842692538981265891834620217
0.002977748617945632180384681491,0.393849372390510915349560792792
-0.049503568574360475231083758265,0.393857447555881836513560039874
-0.101984886011855717693027545966,0.393863730278076094690088998843
-0.154466202831673670292764836277,0.393873943291031882001947296573
-0.206947520254166875589214557624,0.393880350103930615818274478494
-0.259428837698154053641456941555,0.393886578361111014333565716366
-0.311910154964261559546125885560,0.393894158724331544258699503148
-0.364391472059257778202271564365,0.393902843319775989978881091440
-0.416872789100489892515528030666,0.393911846953489524311752302426
-0.469354106407473025209135726709,0.393919138832059383344028337184
-0.679279060450484885887539201825,0.393936586586701379701711149715
-0.521835420460029346869791399973,0.393939007518345361657741378894
-0.574316737757605361205450181542,0.393946366790660234687237723165
-0.626797911036413451469675347967,0.394069536297682294550006042830
-0.784210549072279529677476110649,0.395038469793592661249307066664
-0.731732691211433047318809956356,0.395641092216452474441764554932
-0.889039395450830851276174964904,0.397260881163404462624825485544
-0.836574004919249634221096502653,0.398553752315688537444707968846
0.869123317424000000000000000000,0.439119238610000000000000000000
0.711505574334899578204947501436,0.439134946552342127756915550921
0.659016696779202306596699852713,0.439147272000634777850305681247
0.606527189032208770450910802805,0.439159980047984466200158772115
0.554045874114308387536622831199,0.439177413805671708200802768170
0.501564558897870145459843302543,0.439193931290133511397177231930
0.764131475342025466419983096315,0.439206892160691569225910380000
0.449082718125484354234353742013,0.439210145558689421191177636793
0.396601350323299561776712301498,0.439226026055626729072764431862
0.344119885660693758003753072325,0.439241790183108155900935057829
0.291638575826556231076287422825,0.439270730483729931807495051897
0.239156355987041864238655883713,0.439275010539270306816393794447
0.186673357980579011217735517682,0.439279105020347178452285378465
0.816613875130262204385399790149,0.439280289975064150960274952643
0.134191641633462503087021434293,0.439285162073620956745714222559
0.081708569709405985020821621891,0.439291239855672958100561591249
0.029227252325156496071450319066,0.439297952635481053481102372008
-0.023254065063294452709487176522,0.439304632487010702938828544584
-0.075735382255600560120955616278,0.439312707652381624102827791666
-0.128216699693095802582899403979,0.439318990374575882279356750634
-0.180728207432286668927229249585,0.439342822040640442807200263068
-0.233277391005394373784805067923,0.439388122898890049768949237965
-0.285808023799000472444973238983,0.439424011217824714548606211502
-0.338324252771738244661795689935,0.439452743933419519053573080319
-0.390818988754373459035803337917,0.439469373301749957314969062119
-0.443376092789782662739921444370,0.439519923122758095612369838640
-0.495926779894382790851783460239,0.439579340560697332646310228957
-0.548595641583938298345225788311,0.439694491482710927024491775266
-0.601694404282895046643705057017,0.440157524625703254199997095339
-0.654987279779000000000000000000,0.440856254121000000000000000000
-0.707850691790050261426739163547,0.442373723461491659082467498960
-0.761149661508000000000000000000,0.443564661802000000000000000000
-0.866098128209000000000000000000,0.445056309079000000000000000000
-0.813611038807939951247816956822,0.445744756827338672792035264356
0.737757075144080530302113834556,0.484579568229515000344316354408
0.685271817304556310252335983393,0.484589085104520801027204287480
0.632782946107472018861623434080,0.484601414222672485664020250982
0.580301629650299152808621246716,0.484618848869741049882259898981
0.527819521067239017866331120734,0.484635824746862949556615938467
0.475337680292693757857183538717,0.484652039016666535600545321744
0.422855787119858640563354137474,0.484668223052946577296007111577
0.370374270075109257763647669592,0.484684017444410356169258405277
0.265407866512000000000000000000,0.484728291500000000000000000000
0.212921958212566056209954128980,0.484728779281348439843411457226
0.160437745315869891801189935435,0.484732172546698959667268129474
0.107955368950482529945664098873,0.484737848629555790889473667465
0.055473724455125062374639923679,0.484744750324410948900033439710
0.002992378552049206452752112147,0.484751446643718392266283128051
-0.049488938640256900958716327609,0.484759521809089313430282375132
0.317890226015000000000000000000,0.484764832709000000000000000000
-0.101970256028707849739653823197,0.484766201660618962888008547708
-0.154451573466203092201597610898,0.484772484382813221064537506676
-0.206963712112319992995267985008,0.484796040959068851618075654579
-0.259518190675000000000000000000,0.484845839502000000000000000000
-0.312041241802602236217141568110,0.484878460863852161136910534340
0.790659992347301338588914720678,0.484894812749462086306184416458
-0.364557043256647772617284557399,0.484907440311490074878158237024
-0.417053847558325124799261542142,0.484922875949889849001878611064
-0.469599927631292696707416970945,0.484979786801094668298753177121
-0.522161961177455130063405053219,0.485032657078769709519222117835
-0.574750274084607830639110666353,0.485194204868650638685572330558
0.843886629857000000000000000000,0.485542586965000000000000000000
-0.627735344741232798488413899795,0.485722402980561707303467571626
-0.680201567185599277825021857656,0.486981061737332368702932218002
-0.733436398154467731061323370724,0.488195774368031708464990510517
-0.840835279559000000000000000000,0.491080827373000000000000000000
-0.787729018373533185501517943216,0.491400093182256604617820095914
0.659014489056163590902015387414,0.530056830555368084887569687896
0.606533174138263571160007816753,0.530074264314148594246948690578
0.763963251070564223949462248529,0.530078578912219049953192353455
0.554051858924156327568896100587,0.530090782342358331781666704612
0.501570543522524114965538202154,0.530106693412149016020956781659
0.449089228102593061991947427038,0.530122544009849348369332367637
0.396607912630833766345091227349,0.530138222065173664016655515831
0.186682790202070895945311895391,0.530179794468742745459381861039
0.134201472632889918659832600016,0.530184859102633793811027574380
0.239164107029720137913681774537,0.530189967159678682341434374223
0.081720155248640882020208223319,0.530191571885978100092363709053
0.029238837860189934604630250903,0.530198251737518476714624804376
-0.023242479332116172806838188853,0.530206326902889397878624051458
-0.075723796718257438106101610478,0.530213024876233767954913962311
-0.128205114106708386887039106066,0.530219704727763417412640134886
0.291645414499992654117919558122,0.530222916491364751335711017462
-0.180686559942363873124130173915,0.530225913340851153713219591928
-0.233197902765000000000000000000,0.530249968005000000000000000000
0.344126722984791349312554373986,0.530254208201718403392900876026
-0.285753491206714227073858899648,0.530301434970026782437996752217
-0.338274034708081641145803406904,0.530333155844964615780993114989
-0.390792083011458346097619709892,0.530360838517908581749911913311
-0.443273395165002367256662786518,0.530385212479691372831068144240
-0.495829147413962738245921777972,0.530436543714012806126314266371
-0.548310371089364258916699990618,0.530535946833758994218337329144
0.816525473386207802980033974491,0.530559521333594215205434446773
-0.600791214542945582483819509131,0.530759083223509091789042806846
0.711488693257506733358521241431,0.530920898193624529389431096034
-0.653257436987312061820427466992,0.532017741980279753188507453221
-0.705732411278964828884149056662,0.532833703093398234126816734428
-0.758177965120085197179228780188,0.534770866417923287130203078343
-0.811525366813067911755478240930,0.538176396161350554937331650786
0.580306296015612553572607154712,0.575532979169300005473662884880
0.527824980613980340969249256279,0.575548890239090689712952961927
0.475343665212348128365891357847,0.575564801308881373952243038974
0.422862349792417075392300582731,0.575580651906581706300618624953
0.160454635588748522111727152652,0.575637165983464058606732616153
0.107970275927410864522932037700,0.575640475244604690972831496638
0.055487985215270199379074939011,0.575646626333069784680171445967
0.212937355378440383980140938614,0.575650943805967075240681864382
0.003006408656039269511660147339,0.575653156615836764495761536690
-0.049474908536266837899808292417,0.575661231781207685659760783772
-0.101956428892799750120066489651,0.575667812617932748013221061755
-0.154438105495883373489854370899,0.575674285159478012433784536191
-0.206919725946696952580484642439,0.575680392997281537137497003968
0.265418660900886956248429960085,0.575686861870493008663693445136
-0.259431046587285998893106006005,0.575704480556653549574149659522
0.317899972505781203025933273651,0.575712389849904480339748329830
0.370381281659937096887449110462,0.575742538044761706895710806117
-0.311986248489177825787558147118,0.575756150509859318060448761564
-0.364509107324876451237192498066,0.575786535083908374301375417943
-0.469506901131560707481166779725,0.575839495931862174117986656366
-0.417025584212427589432703149465,0.575849185165696660800116033053
0.684503286631517058514330442587,0.575932858256231588959387175827
-0.521988124806962228151944992372,0.575938899051608362210009719138
-0.574468968260543551719064510885,0.576162035441358459780715196840
-0.626935190704910031055672468745,0.577420694198129121180179843216
-0.679410164996562798119394058415,0.578236655311247602118489124423
0.782905054507451432836846866483,0.579022391616237811287703869532
0.632380520973120370870890111613,0.582057074089103850310706323899
-0.780490646853878313912193856550,0.582272792203034308954393884571
-0.729391974252463442694451296731,0.594240013176224096705729731669
0.733133079864356113249264734800,0.595666887991160571541072459167
0.501598102303804354369602411972,0.621006998135823047644239219243
0.449116786902172141766244513540,0.621022909205613731883529296290
0.134229753284996511114587358263,0.621096425409922987550589127270
0.081741534613793415591563266583,0.621097508237872933890227919904
0.029258898219595806069320410100,0.621103459865786125890168173044
-0.023222804707364222582219986446,0.621109917232765859993203780247
0.186711067235310632779531633758,0.621116562348735403097461060141
-0.075704576268674886828382788102,0.621117730217572231197701585942
-0.180667795017956876546677396858,0.621130771022590746675491293155
-0.233150367186831737158190270683,0.621136329678633519409461703589
-0.128185885667568628955400260684,0.621147449324687626097606702283
0.239192373012332159957841852641,0.621152106497441629229255375900
-0.285663018241227398285266419588,0.621159649488190425957393730395
0.291673684276350841912956043460,0.621178325897247654574124473361
0.344154994512416010672779638053,0.621206527911745087211059193439
-0.338221391852802918631222979194,0.621209488914620949192597902485
-0.390713137695187483735549820191,0.621257817359643214479235424502
-0.443288407578010364149845377965,0.621302440350698262774049964522
0.396636221822069696866049235307,0.621303993393842515035395352572
-0.495877534290304417896925016520,0.621463900779440944448633103448
0.556701475528327423048124043310,0.622432616277428167759032686240
-0.558168529964169233230966903917,0.626047749135700188406879946809
-0.611025393967653954371081566078,0.627432363708623732039147205540
0.608778805044556668980570026607,0.628931883151916285493152465225
0.677280619381563569499876413370,0.631080198908266800089660888546
-0.676628785596776038043447060082,0.631870521736820274599018876165
-0.727999097513497001023726791942,0.646702843959911194502842993068
0.727029991457285426606232685135,0.647792131696521026782067827124
-0.523927612933151498043817528126,0.665820205940915276600388385288
0.527994696024421722869553030052,0.666366766206178126164625010439
0.475374471285271156119180862139,0.666466979390235855290303474973
0.055505936636050876098888695389,0.666550584241571648858755960964
0.108005689455054303261953128296,0.666556156993939816124077104896
-0.049456687670125933157822704795,0.666563983103091049498339942713
0.160492644320795791248841004672,0.666579638997363917989013745105
0.003024627474678768449304512511,0.666580719871985758026496720186
-0.206900551021291930581303076668,0.666585487300632006223876346651
-0.259382146031927380340715351712,0.666591609878734948959680922377
-0.311899127257572894658350128200,0.666612430515649845028723774083
0.212973949790805551092939550489,0.666615633597848341783733863790
-0.101937953808955601674901969586,0.666637630323478714867625604203
0.265455261056155063248581204507,0.666641850333700850448864676585
-0.154419270575261217302886585016,0.666648114713277505388258071048
0.317936571290346574872436273359,0.666670055834683393813036765090
-0.364425422223113951129580301319,0.666680771190355789370457909044
-0.416962300349365987167445219922,0.666703153975416306999211528458
0.370417798980540697285284652416,0.666767316195273264667857733592
-0.469443525312636285027993816799,0.666801874805816460535492232849
0.422897677180247865901254000535,0.667156036649636864673509176934
0.640979122405659363062199652956,0.670373749438221597162392280509
-0.641065961987661792033220059849,0.670465525252751799470448570054
-0.583411063889259527542161667579,0.672061250024206616204495744259
0.587445636589629141808181871644,0.676881696948441350163406255137
-0.692099713548235448459012252353,0.684984993198981642750477225633
0.691073628259324505537789805691,0.686020768410692013005187904931
-0.497493603955483365174886328404,0.711158179967290792687247514689
-0.285622621774249683270407567503,0.712041870078917908505423663289
-0.233085528502333343110448048317,0.712067743992281492749725347444
-0.338103922552029689086786779373,0.712084156246019331360750663519
-0.390675917668454869887331998360,0.712126879108879727466208453721
-0.180554888199704858089207052498,0.712172778572882067571201411724
-0.128004719681393020480926738552,0.712198121540715248045666066255
-0.443380286607826413259400575358,0.712354002172865312898743676952
-0.549957804717552335434721605465,0.712498462715468226007228421385
-0.073961343317928755608033363012,0.712973147834104530742411567209
0.550243175799651312870328692719,0.713898796113798737537251269636
0.497761869617785880299739151994,0.713933737393590764426319953498
0.077917411223014552806456926332,0.714005979364630330113844971587
0.130398727095031657648345817093,0.714020254843812595639640893084
0.182880038307544331827159988613,0.714046577137250624533390716245
0.235361343334043503462073694167,0.714083212684102753817699259628
0.287842654787914865930210337760,0.714109049276194427467860015674
0.340323965119155947031813908394,0.714137073617552238594436258820
0.392805191944166794510798685599,0.714234799711827075269038579308
0.024492898178000000000000000000,0.714481153423000000000000000000
0.445285075512762590081812290391,0.714622794652991773809525655459
-0.601707351659201612640862534242,0.721250014730053906422856466485
-0.654188661059797816611411844799,0.721279730830620481648713318524
0.653109880821412212973501984377,0.722256698092682348478875174290
0.600902154446247465555108017927,0.727608522658535339515668803437
-0.024748115742000000000000000000,0.732693046362000000000000000000
-0.471430365250673493406293086963,0.756710307334339645050498958793
-0.364353006155555047059642334436,0.757529445654525429910505112814
-0.416834234293171287610308925253,0.757626464287878823822559032540
-0.523894566012742463666128364024,0.758050590082517078370479865489
0.524032782744659231718062715792,0.759366411130979518317194883763
0.051661631424190194612030407963,0.759447400409788976402674345689
0.156624133723452163639420115999,0.759487926082003444685213369912
0.261591318996467284505315711860,0.759553037752255852028876776792
0.209108247299000000000000000000,0.759564379388000000000000000000
0.314074388371961097016019026950,0.759582078183960500866629556512
0.104142765293123101526121300108,0.759586351044489600156911356046
0.366556277732628664149215574908,0.759680195711461554299685514851
0.419036161365647879777184993852,0.760068181938668431286384487291
0.471542793046000000000000000000,0.760194883283000000000000000000
-0.303779575848248158745847687754,0.761282237037364212684500512488
-0.251298258299408521394766427405,0.761287508241884215812683532019
-0.146335694336070769166770121196,0.761373970162343552033412927002
-0.198817012148949072286193310019,0.761374237375545442243555009373
-0.093854632888387015148785032997,0.761538009097302194782288378718
-0.592328958436151569252963595378,0.772886576002098246459595630423
0.585777989218611123311913342763,0.777863356710742656708196265372
-0.045856330350381134743663541174,0.782761855895604302591642023695
0.006512114089831143476203223612,0.786202022513682575115991541478
-0.444884312936018367757201436858,0.801982769449353155974314314380
-0.336714051971549896730941843811,0.802143086293484772382646101384
-0.497348513698087338017036713919,0.803323052197530589294295221076
-0.549828642138885177906987757687,0.803676376814705871183284844114
-0.392069498272000000000000000000,0.804455487317000000000000000000
0.077744435711875609887676504821,0.804988327496729572517379001309
0.182705866220000000000000000000,0.805033186368000000000000000000
0.287732957952000000000000000000,0.805061285089000000000000000000
0.235247803812000000000000000000,0.805074049575000000000000000000
0.340227353698598180525478862149,0.805082749872095598558144598902
0.130223436256998327706451045633,0.805481502144040095687699418824
0.445173244354015847983661565891,0.805577978821393651088000736104
0.392696032670287968318854283055,0.806234464425923171530563565368
-0.277655801698055770980332250096,0.806799674834295185821570142366
-0.225174484149216133629250989747,0.806804946038815188949753161897
-0.172693249780974468007797320435,0.806898533609732449325953772523
-0.120211936614344356958627388030,0.806920618759433520916000815832
0.543019058288592345270621285848,0.808292989392877087133645237664
0.493570610576859368930872339453,0.825875359493285909689370306360
-0.072213634076338476553505896206,0.828144465557735628725354460810
0.032594227164772944044581873400,0.831743345474194935989096269787
-0.019887492662106943549690072519,0.832177286424769521182425950035
-0.361825272246125287373738780412,0.848226872333365373923110791508
-0.309345527985722729331309913553,0.848633273379728617268931343587
-0.421804112878034677009944474962,0.849116548045294199105029539484
-0.474268313640103647269779752023,0.850456830793471632425010446180
0.208938656759000000000000000000,0.850489100116000000000000000000
0.313962227155000000000000000000,0.850520735353000000000000000000
0.103516275469172798424249178932,0.850705949864607983033051475700
0.156408067029000000000000000000,0.851687614017000000000000000000
0.366505108610458460577629617880,0.851713297044406071513398514099
-0.199230969794765776782803169693,0.852425366711888433386524576561
-0.146749533215527440379874402795,0.852518839288448477165628114430
0.261542888987000000000000000000,0.854061267552000000000000000000
-0.257271705769824157444710565277,0.855160582111107019086350642965
0.454663945928574549326789651581,0.861096946132641676328872405330
-0.098638808993769268820669625480,0.873487589072012045344318101574
0.058362292590137603833784056982,0.877463095295053172917028585071
-0.046314603755000000000000000000,0.877939551858000000000000000000
0.006026069726000000000000000000,0.882057787272000000000000000000
0.407610977533714291087212524041,0.884341448378979884939802722460
-0.391175950202740922938719737955,0.891733497379842805698065356278
0.129110198994172751354506051471,0.896523411580030350554085392100
-0.226196641810731157438844450900,0.897452769562053791519822508239
-0.291409736845202604137153589958,0.897954628953266741177492845021
0.231151653552000000000000000000,0.898042710433000000000000000000
-0.173722011338872710197237235493,0.898290550135739579184324333130
0.306951811249289046570976709427,0.902534249459488282572611550480
0.359374328789866415439446878984,0.905017870637445674292726433370
0.179947603258573735991463411903,0.909555949594768882480941619966
-0.342058073774653479232497424111,0.911703617488012236206761238515
-0.125354898691724481547208749035,0.918659917667055180704206047376
0.083957249155276429280693208162,0.923279979932448558697030760522
-0.073188392432653186969790046754,0.924399634051164749212575769771
-0.020804127223000000000000000000,0.927601268818000000000000000000
0.031678761784000000000000000000,0.927924444123000000000000000000
0.266912478804000000000000000000,0.936463183305000000000000000000
-0.258486734904318608926793103037,0.938824723920715606370844762653
-0.206411779868261626500472533856,0.946061904067465026541099777073
0.216069442461000000000000000000,0.949484149873000000000000000000
0.164599840187976139131497854343,0.959746370688055077290565323097
-0.156148493201764597210751966025,0.961157954310137191349554810014
0.112653532866825902260525671430,0.967220986072431297789787959663
-0.101814974025000000000000000000,0.968404491172000000000000000000
0.060346683537000000000000000000,0.971885313814000000000000000000
-0.049292682085000000000000000000,0.972478108832000000000000000000
0.004192962119000000000000000000,0.973748312796000000000000000000
