0.001509827272000000000000000000,-0.973765736506000000000000000000
-0.052778437184000000000000000000,-0.972340054648000000000000000000
0.055605928699000000000000000000,-0.972134636211000000000000000000
-0.108275885576000000000000000000,-0.967728729654000000000000000000
0.109611076071000000000000000000,-0.967586941378000000000000000000
-0.191732994160000000000000000000,-0.954706972385000000000000000000
0.193376775543000000000000000000,-0.954378374384000000000000000000
-0.242869196348000000000000000000,-0.942997954282000000000000000000
0.244489589206000000000000000000,-0.942581555408000000000000000000
0.146683937697000000000000000000,-0.930474644198000000000000000000
-0.145205482593000000000000000000,-0.930468178058000000000000000000
-0.293461439666368570647203192795,-0.928507005524560463825876893550
0.294891283945000000000000000000,-0.928043449608000000000000000000
0.026861167148000000000000000000,-0.927839870496000000000000000000
-0.025596767734000000000000000000,-0.927464529970000000000000000000
-0.077995241991000000000000000000,-0.924888448448000000000000000000
0.079229657310000000000000000000,-0.924825089973000000000000000000
-0.207029589585065017109227973870,-0.901332278096308802001187053734
-0.369636893123785243978188048780,-0.900891387654742498610932462236
0.371456601356000000000000000000,-0.900137319432000000000000000000
0.211217914692000000000000000000,-0.899264411965000000000000000000
-0.258169621989742608665805136655,-0.889716251582365774728725874214
0.262226649000000000000000000000,-0.887003349226000000000000000000
-0.320198971581992657082531158452,-0.883392269867736706956887655300
0.321857024198000000000000000000,-0.883051416681000000000000000000
0.000879228526000000000000000000,-0.882142442301000000000000000000
-0.417602511359658587880086282622,-0.879689160093126335948064863550
-0.051521430879000000000000000000,-0.879571653296000000000000000000
0.105765364819000000000000000000,-0.879435565316000000000000000000
-0.104138005422000000000000000000,-0.879419607193000000000000000000
0.158293462652000000000000000000,-0.879325194931000000000000000000
-0.156603684754000000000000000000,-0.879267383463000000000000000000
0.053296150231000000000000000000,-0.879236573705000000000000000000
0.419862650091932322495279094335,-0.878612674013426373208274692605
-0.234215490783311962172799746994,-0.843063978492309305469820380028
-0.286693863973852468458634854429,-0.842918403401491065337405507913
0.288917680370966974438847911289,-0.841816311015048995771485879713
0.236477374466290141812914212031,-0.841317008553591364672420185799
-0.495559695063084871362438309595,-0.838251432750476229212575073432
0.498833288179086841516955592740,-0.836307495173685464449801866366
-0.390851231822858331582240511026,-0.834405003876318681053811022168
-0.338408901664097029813523877341,-0.834212666039228981173818145591
0.340796581900588943373104837369,-0.834147245726248224434360707438
-0.025275495179420620347331432032,-0.834142768978394218335015835830
-0.077726167149310252649899184169,-0.834057786900210125722794831760
-0.443292107060177264000466101697,-0.833969583771073723595279278865
0.184557948103191500153733715847,-0.833927275645638650187120677983
0.132083051409000000000000000000,-0.833888349091000000000000000000
-0.130168572272254934171929983550,-0.833887108122833003522218692892
0.079626439898000000000000000000,-0.833824594004000000000000000000
0.027171443718000000000000000000,-0.833748206605000000000000000000
-0.182611005325172789694436696681,-0.833725238377882509393689894202
0.393234405417676245963104391115,-0.833433347193606952365019833059
0.446470097983749536686996962166,-0.833421096224989585654400174080
-0.260328720632346303640504055695,-0.797585035967492356619159611547
0.262720597984332922489232563851,-0.795912953605754956431367629892
-0.521627421954512347311977594643,-0.792746393457689651641573404902
0.525104536461447626911658569439,-0.790919649884327907093953090293
-0.312032204389038572380235919483,-0.788810940359080043011650880353
-0.364474783397975626396291180495,-0.788706569790928845823516886425
-0.051404738582881191170971486469,-0.788673024911742449115212192728
-0.416917408855624333742852555981,-0.788628971898707248451500807062
0.314654889797050791164355776892,-0.788628427524013792094389723831
-0.103847161455074814774706256375,-0.788507889760655177235606130138
0.210807087702948016455300717723,-0.788481773579093969889946132027
0.158364404926593168911517038155,-0.788478684450390632314702746069
-0.469359833951604739950005376560,-0.788464544478287146024277601342
0.105921747904898596215977544924,-0.788426618828234966422221289982
0.053479110305592095930965473810,-0.788357713444514427122513767013
-0.156289620926282432610008729129,-0.788354818094929783636428835178
0.001036482806168407998483384901,-0.788281507927706820167880461354
-0.208732084120463617096547597391,-0.788203027281461632225089755924
0.419950490379359987583035767200,-0.788177915536256995986991934156
0.472741346266110322081699932810,-0.788033250935632028298551410386
0.367093443420644243059424045627,-0.787970339239954896139766772504
-0.573733383359130368800276375261,-0.786813116755515829421904266744
0.577130860113025315737027296930,-0.784324452114329686266720505275
-0.615431867303677232175896549231,-0.754644613434928623959297667929
0.618518264076806005231727114199,-0.752117034033040835490882373156
-0.497762227424000000000000000000,-0.743772844503000000000000000000
-0.235480633761375938433538142226,-0.743001247634742482851929153665
-0.025685525686076180077396114718,-0.742970102966937647432691498773
0.289012578553109780058255306074,-0.742882314460793241334951692624
0.236569957522768106722170970492,-0.742801780045374894599263813784
-0.078136244329507333907831688361,-0.742800300381140724946598010605
0.184116442375000000000000000000,-0.742780337663000000000000000000
0.499571269736000000000000000000,-0.742764391613000000000000000000
0.131666838740000000000000000000,-0.742728194356000000000000000000
0.446399890123939612293341755720,-0.742686115693875041281746132294
0.079215567661000000000000000000,-0.742656007104000000000000000000
-0.130585710316940476911304150923,-0.742643288195887249205748135266
0.393957236965070412229859286580,-0.742630294706353872935833718598
0.026763712720486813943107698167,-0.742583098466764947327679209740
-0.183028710509876283712451282302,-0.742491195428442832040147784137
-0.287917810199805481222708257247,-0.742241304551932239480579815867
0.341477714704096088407404046472,-0.742209335878530315637236568573
-0.340360389208742535238763536615,-0.742136933983781042292445825573
-0.392836768538134449855426349620,-0.742041873381802568498640252901
-0.445279193634114856062579180677,-0.741877445961382466071417053422
-0.551912104494133871926008840637,-0.739125940544083906102060876222
0.551907899386961471241004972643,-0.738345791427707436799820062556
-0.629985118925459058230430174920,-0.704261701117782782175766610702
0.632359482362019681008073700114,-0.701533878114245415604856411607
-0.051812382982000000000000000000,-0.697434886589000000000000000000
0.472965766753960567033973437119,-0.697433505774157639280710967968
0.262873847581322845391219797932,-0.697392034935707152059108394755
0.210431217935283716943710104711,-0.697317321265743459160305567257
0.157988538270477666868340671450,-0.697298993728005901038920280248
-0.104267101667000000000000000000,-0.697280448359000000000000000000
0.105539520640000000000000000000,-0.697242672152000000000000000000
0.053090682152000000000000000000,-0.697176358194000000000000000000
-0.156709655218682173563963244244,-0.697131055273201150510251973200
0.000635174234000000000000000000,-0.697098216260000000000000000000
0.420524333144689736237006984804,-0.697071528801766782755183676972
-0.209160391434927848904377620095,-0.697022852173433004264307462900
0.368081679985820536173524524566,-0.697015707814245614409271270306
-0.472236661917913450452889071057,-0.696893783482076777679639448312
-0.261602876383610747172827903409,-0.696878773267033770124743239902
-0.314048823477718865999231532716,-0.696772449030173088732645950454
0.315312723537561757296033634835,-0.696760153008215892908085316249
-0.366513578706342280863106762627,-0.696680958959294548594209697881
-0.418956013638844401090463698564,-0.696519699310334038393893220464
-0.681672048164241276915054913962,-0.695390605797067233576611657783
0.580414304665818855355844266531,-0.694327387953687239313188642230
-0.578564086608463231352725757514,-0.693960612739433030810643360844
-0.526123774302219243467094415470,-0.693461983069540748100762280146
0.525236631852148833727275788494,-0.693191849468997442682695128891
0.684103029094925987470279144672,-0.692999221833899813724391841817
0.722367638290000000000000000000,-0.653009318707000000000000000000
-0.077936200928157396590276935283,-0.651918854393029078445329902281
0.236718815388767889963361280714,-0.651911049138603763897160363793
0.184276164725526681408560608037,-0.651852930833845669107555564712
0.131833497712200583446054771863,-0.651812152733101637226306010007
-0.130378694166903907401638565639,-0.651777825218288440801668693836
0.079390840881952913239562372958,-0.651759894633452777883737917035
0.026948208403662906592067542975,-0.651687196138945107646731417976
-0.182821223921900579319942336946,-0.651651100238942487357712322035
0.394359341978155405125636575369,-0.651622345931452360026032420662
-0.025494419616260962261829801118,-0.651611349662445268468071339321
0.341916688819286205062154103940,-0.651566524943931191680120003008
-0.235263767600480874260058398935,-0.651530274561623992119985252976
-0.287706273894416406950392324221,-0.651394186595096578480943359365
0.289157996983797251001431880341,-0.651305062366771700993843725194
-0.710044831003995348240216792017,-0.651285955472501022109878195740
-0.340148845015272843789562279763,-0.651285925069077534169001689053
-0.392591424348800752346941277073,-0.651181717724168316689778021044
-0.445033859281302872574298209003,-0.651020458075207806489461558507
0.448570991645000000000000000000,-0.650721060535000000000000000000
0.611512528664000000000000000000,-0.650141544507000000000000000000
-0.497455882902954032222218471316,-0.649548579773462257359451954497
-0.605220868482893175844976431480,-0.648798117608814254276352705125
-0.657663528713777630180553933773,-0.648749391516095906900829697286
-0.552775756416548602893811325714,-0.648296655264889872809344782342
0.559203607533608507880002146766,-0.646365514413449622072726277569
0.506810187390835606618950136147,-0.644092958128782431449474413798
0.671036106985303536617959145469,-0.642210536746518771301453833538
-0.751540706434647441937489748645,-0.619218412558085121327914955482
0.756479996766000000000000000000,-0.613167113492000000000000000000
-0.103937950118000000000000000000,-0.606368726818000000000000000000
0.210783586160877421498522562620,-0.606330292040470182699669055749
0.158320736373755875069736530092,-0.606283744694523477678754987206
0.105878069360429777107230698412,-0.606242966593779445797505418214
0.420647244876409971800104815635,-0.606242105021625807878856298944
-0.156381794700079992745473815209,-0.606235825383129257133325190718
0.053430264612583039978701206355,-0.606193641045009374673894003055
0.368204615424390898831034805691,-0.606167255290008168111790820578
0.000968230269790818484205824007,-0.606132001896272519733036479479
0.315761962265521698767552345388,-0.606111434302486999765878416894
-0.208824320393752782396196425793,-0.606107430708119664279366069033
-0.051485027060000000000000000000,-0.606060933737000000000000000000
-0.261266867892356469911120254668,-0.605988274588689548772821798475
-0.313709374186292002601454161949,-0.605852186622162135133779908869
-0.366151945307148439440624128254,-0.605743925096143090821838227561
0.263245153629646153491269922470,-0.605711646881338622674091995721
-0.418594524640676347998003118142,-0.605639717751233873342614572609
-0.524253125363041758680239135033,-0.604288763880393517046143611661
-0.471018976437453334418258188170,-0.604257024679179295346228836175
0.473040682558341138343645140631,-0.603969953135484206647871521852
-0.685171889105000000000000000000,-0.603908255077000000000000000000
-0.579432538290978547386062006569,-0.603134160134271096275054110560
-0.631884014123000000000000000000,-0.603079710649000000000000000000
0.587327170029354775242467713999,-0.602087899692706173533688685203
0.639733445387476572183809752838,-0.600134111215716494374393539145
0.534933176121299072546566487967,-0.599828610271953834326698036982
0.698415826484000000000000000000,-0.596402734749000000000000000000
-0.784300451099000000000000000000,-0.577017116877000000000000000000
-0.727385108505144878075872602255,-0.572670135737215447204138778338
0.792045860785000000000000000000,-0.566478146015000000000000000000
0.739678841972000000000000000000,-0.563478148635000000000000000000
0.184543297402241770912721621981,-0.560867753244028485289583442904
-0.130111958663715238111067825388,-0.560847162691366534918744751440
0.132100660952270221282926325836,-0.560797978605247989634315870999
0.079657982886958803245528929179,-0.560775536185454430777367576082
0.027215327651364422986101068001,-0.560721701580534704353199803784
-0.182554484357388027761790450845,-0.560718768016356942064785625724
-0.025227308525359411309920770446,-0.560651721870060410072194718897
-0.234997031855991715276714261433,-0.560599611896926826558241351212
-0.077669945278104257138371879710,-0.560582175168074921463164024905
0.289849118911370601257390376707,-0.560518018817053921446126673706
0.342481611921362605265471059643,-0.560466466707016564942445380510
-0.287439538149927247967048183647,-0.560463523930399412919199465470
-0.339888317795708543565520964431,-0.560351669630431333039790487913
0.395317104683530462154740098903,-0.560320881633144793809863966250
0.236983103692659071098269504494,-0.560318478679159802866449363796
-0.392355279431062966604339508638,-0.560233363601689090241661091926
-0.552563747115263433300348004806,-0.558097474564838756623991940674
-0.499614039099524643015499615432,-0.557994591305186346526604910204
-0.658330817973000000000000000000,-0.557793839187000000000000000000
-0.605517582456103859770119952909,-0.557639045481953058392829969623
-0.447173247174124736637471515612,-0.557549250356009756253406587547
0.666100594047000000000000000000,-0.554796782402000000000000000000
0.613658002463792361057320660963,-0.554626865444764698807939078666
0.561215627183470166661639147544,-0.554447251185995610316046844704
0.508692101997465689805510089306,-0.554423313057294137854115376298
0.456249593642597240055341173259,-0.554288021617600525191620575182
-0.814301357457000000000000000000,-0.533984037506000000000000000000
-0.759158827227976172422333205134,-0.530948848786229604112351355651
-0.701032814438538681311407109351,-0.527329297812104123086767920374
0.821398940123000000000000000000,-0.523006167852000000000000000000
0.707240584138000000000000000000,-0.522261598940000000000000000000
0.766024534711000000000000000000,-0.518118885449000000000000000000
0.421591894634241924158209187227,-0.514929682148431497767846680571
0.159288599332965053984839299158,-0.514906517275510706616001956268
-0.155366548057773764844264146817,-0.514885867008350720902541542754
0.369149242019807413650350150495,-0.514873351998008069397257434834
0.106845962931763130267303864009,-0.514836705991089996340285260357
0.054403284959391503053906904809,-0.514814047433562188762693111276
0.316706617712670405082306271807,-0.514794980417801221872904076920
0.001960629680362739805082587135,-0.514760255156624730736933170991
-0.207809068608798911322069750558,-0.514755388736570729326874772302
0.264263963755378067553480842587,-0.514739914640844415656991807503
-0.050481999264409947994911837245,-0.514685050868240277558373235895
-0.260251613201916899534240411370,-0.514634960654576592677887482473
-0.102924620208406598361370828537,-0.514604460246047603717593399139
-0.312694124964129889335310553501,-0.514500996501708217604001849196
-0.365136681913531924990654491108,-0.514386075081486475642492480413
0.211728405623382354170387193222,-0.514357242710642024192867885692
-0.417579199957444406333762209555,-0.514254592998998640610073278729
-0.526176852987116506750245784720,-0.512776764016635005240247694876
-0.578835321043038573334555476481,-0.512491599128820871629120876060
-0.473697618721508999975135013392,-0.512308862422876228955356336523
-0.631487756609209088257476106945,-0.512078261459051447941101250967
0.639939799878000000000000000000,-0.509236607844000000000000000000
0.587494265601569425894470680916,-0.509063684234786286176516333495
0.535030649180460502963084440997,-0.509009580544709413647291107130
0.482588013643720703866860568124,-0.508939122863953585029204422025
-0.789164032503000000000000000000,-0.487933612342000000000000000000
-0.842388333916000000000000000000,-0.487897653537000000000000000000
-0.732819979031000000000000000000,-0.485587410868000000000000000000
-0.674509221145257568310648052206,-0.482088453598752901753072667608
0.733584815844000000000000000000,-0.476900379199000000000000000000
0.681129260382000000000000000000,-0.476766431842000000000000000000
0.797631277394000000000000000000,-0.476243032983000000000000000000
0.850301028447000000000000000000,-0.474566174479000000000000000000
0.133116107297425312933967783233,-0.469448221754101325949601981908
0.448097341299969425581082431125,-0.469434331919055620283193887149
0.080673487336124094037558266566,-0.469366994180996692538092855098
-0.181539369392673548114136711054,-0.469359366223994063161767548539
0.395654726077489882594330690307,-0.469350100386608202779823114047
0.028230809402202402716050010254,-0.469344246806105255936356476725
0.343212073463055372086471634131,-0.469293770236184774409233862642
-0.024211839451855246167310610855,-0.469284518302796595209615712544
-0.233981880654678914316447830455,-0.469225206399374844868285179463
0.290769449155918363518427771538,-0.469215398655977926884880511943
-0.076654475374604961581122886137,-0.469214348522815243997629841402
0.238326795198626025989602328770,-0.469160332879021120668968233004
-0.129097115361574413342653611609,-0.469147284961813559328972373377
-0.286427726256000000000000000000,-0.469097659969000000000000000000
-0.338877609678278608444085173379,-0.468976809293318677028532807215
-0.444058619177315020903504449683,-0.468959061914978953668992440268
0.185556051743252863862537115363,-0.468912299331896657561701004666
-0.391348451459075470564234150850,-0.468843329863743116785045667540
-0.552235095954875300970460814343,-0.467266293136217267302410645753
-0.604848162090751666339797269096,-0.466905626045382313585339036919
-0.499743901221580074720769897351,-0.466791545341894920193897760008
0.613775602235000000000000000000,-0.463680213351000000000000000000
0.561301609885132487209946385284,-0.463621568801764757455637899022
0.508858312233961430735968184716,-0.463550727890087218923264954560
-0.762832059482000000000000000000,-0.442556867499000000000000000000
-0.815451687254000000000000000000,-0.442534981791000000000000000000
-0.867898425876000000000000000000,-0.441473016647000000000000000000
-0.706263023434288418365877457736,-0.440352006379167468121674751978
-0.647882192421081667739996946495,-0.436908410132129133585157972782
0.765174646993000000000000000000,-0.435032226948000000000000000000
0.707467840889000000000000000000,-0.431393372422000000000000000000
0.655016061683000000000000000000,-0.431280051817000000000000000000
0.822200534513000000000000000000,-0.429902904548000000000000000000
0.874640827589000000000000000000,-0.428058603486000000000000000000
0.474367639890210152450190051015,-0.424045936945189254177254412125
0.106923020336359993389773554793,-0.423962303163993796844377794803
0.421925024667730609463438297949,-0.423961705412741836673883639463
0.369482372288240040721765612794,-0.423905156955524024896814137374
0.054480375111510133633042130837,-0.423899468900779140593972928288
0.002037704476820071176631820354,-0.423863649555194273861355312293
0.317039747655392526021918822505,-0.423827003629576882172906549699
-0.207732843007265665109420932270,-0.423816718359807007060974809664
-0.050404949834998656080470861013,-0.423808922457864152788444582183
0.264597095275788873210577683046,-0.423770455277232560253713619902
-0.102847595990216332975305557602,-0.423746869555158980838688019970
0.212154441318496535681752252180,-0.423715389500275754037801359004
-0.155290266617793789847176353492,-0.423711039797607580770273499293
-0.260175352956012082396393683828,-0.423682046166186454470737046763
-0.312628993768732658347414993923,-0.423575871536954736905980561982
0.159363476207587416159372186968,-0.423479007869219628535229643284
-0.417614646588458566015540661011,-0.423452560099954429964859896193
-0.365094106573308424495172288770,-0.423445704805340565158291158086
-0.470060311097869305588282580558,-0.423416257833623976557052794526
-0.578217214392936313979882629086,-0.421712319568649405001423187764
-0.525776018594678209516440878050,-0.421266125504211448346839930868
0.587586793998000000000000000000,-0.418241327969000000000000000000
0.535137108528025436757235127057,-0.418167252354831114107787867156
-0.733020609137000000000000000000,-0.395235582010000000000000000000
-0.785469500771000000000000000000,-0.395224006606000000000000000000
-0.837938668877000000000000000000,-0.395141754389000000000000000000
-0.679524196807000000000000000000,-0.395043591235000000000000000000
-0.890406544497000000000000000000,-0.394079244800000000000000000000
-0.621246371270259934484933127503,-0.391733549668088526614366456220
0.789231820232000000000000000000,-0.388418552601000000000000000000
0.736775454078000000000000000000,-0.387897126445000000000000000000
0.681267417523000000000000000000,-0.385869310637000000000000000000
0.628812797065000000000000000000,-0.385817617363000000000000000000
0.844864583099000000000000000000,-0.382600727689000000000000000000
0.500639102091168213902978297406,-0.378658215476186942782761805872
0.897162723171000000000000000000,-0.378595962243000000000000000000
0.448196486868688670916226558024,-0.378573983943739525279391025642
0.395752591162531399060659216205,-0.378516715843045535151917415454
0.080732970316188355200143662009,-0.378493541665348286438813225974
0.343309966529683884360812422449,-0.378438562517098392428009825772
0.028290327861907294317474250306,-0.378428436085408979901351292400
-0.024152347709277833103333676966,-0.378400772760876383919281037435
0.290867020980331327391770790888,-0.378381844483312890337572491988
-0.076595004255754575966073874245,-0.378348230659837771406572769762
0.238423456658866426386452289856,-0.378326251819862471245587805607
-0.129037901823754111627250547845,-0.378312269670601193223531219045
0.185961865782831087978587318277,-0.378282098037598725011329986166
-0.181485690997433490623555418489,-0.378279390830233751537554370297
-0.233928373834702791858185018715,-0.378277614969484912953122838646
-0.286379183942196221534570776519,-0.378175624066321136323463124662
-0.338839618928724893043215754264,-0.378048162307485990023814480762
0.133173727145846334863617579630,-0.378044087043855206225055125187
-0.391319925700861142074531224915,-0.378031594691709674574563437814
-0.443762596456981851755057261169,-0.377993570845932353651342803949
-0.496205272596983733546262145665,-0.377955549804228682390840851436
-0.551964422683566215345513886646,-0.375830429431616549631941168677
0.561421065705000000000000000000,-0.372777434302000000000000000000
-0.700602836328000000000000000000,-0.347003433772000000000000000000
-0.753051177419000000000000000000,-0.346762254466000000000000000000
-0.805506754774000000000000000000,-0.346735027692000000000000000000
-0.648149475164000000000000000000,-0.346695582661000000000000000000
-0.857957183182000000000000000000,-0.346640047008000000000000000000
-0.595232582183158019482010007148,-0.346197654336428703831084588888
-0.910398003212000000000000000000,-0.345557947652000000000000000000
0.812427819102000000000000000000,-0.341377914200000000000000000000
0.759981949590000000000000000000,-0.340833072870000000000000000000
0.707529421378000000000000000000,-0.340469065124000000000000000000
0.655080690071000000000000000000,-0.340411906078000000000000000000
0.602626432097000000000000000000,-0.340332557510000000000000000000
0.526916697516422391332426997565,-0.333274044612429144564923293545
0.474472494916778759031454769249,-0.333188894020056368122542867407
0.422024215470283943322542506690,-0.333128993062759613138062467381
0.369581590695856833166812300316,-0.333050934797691652776906937844
0.054542702236525847882003766341,-0.333020457081374204944916592254
0.317137612646770513913098404856,-0.332993619139956299797611535415
0.002100031819478477393871200288,-0.332984320492629518169535817869
-0.050342639461714897746148075500,-0.332949460532831383859830487517
0.264693450259033833729406875390,-0.332937601921450995843288072723
-0.102785310089292354618018875985,-0.332913630775279983791415974799
0.212230881123200978683287353944,-0.332892960357185442219116439221
-0.155233336363892171066855159482,-0.332880614827802990676672934363
0.159772116721090006682832699426,-0.332847177212234302701155470452
-0.207678760708268307848757230247,-0.332839169668514531910810368172
-0.260122890693696453034814055078,-0.332779125840434957292594611470
-0.312577781425656831689706785882,-0.332654871203110781713958363104
-0.365065438056277610622574667921,-0.332634052193855099440086740986
0.106983773195135769231977370624,-0.332609284321891489510378309846
-0.417508331423243114147304564228,-0.332595899560634451794238261534
-0.469951007344895503027286108241,-0.332557878692187108326933059259
-0.522393676685871739375335156878,-0.332519853731633783675942079350
0.864070064780000000000000000000,-0.332178933725000000000000000000
0.916436595931000000000000000000,-0.329213698286000000000000000000
-0.705470864045000000000000000000,-0.294779626249000000000000000000
-0.758229617074090557706021188887,-0.294567640889148231233625535090
-0.810713495838498506360582826477,-0.294545392617779492101230307374
-0.863682342608000000000000000000,-0.294491973752000000000000000000
-0.653006089942000000000000000000,-0.294468979212000000000000000000
-0.600563207346373454625520244473,-0.294026595101510002194652661280
-0.916768936458000000000000000000,-0.293495546686000000000000000000
0.815510628472000000000000000000,-0.288972988760000000000000000000
0.763029966033000000000000000000,-0.288466723748000000000000000000
0.710572326004000000000000000000,-0.288101765664000000000000000000
0.658102329038000000000000000000,-0.288050362257000000000000000000
0.605653532353000000000000000000,-0.287964488362000000000000000000
0.553203332039406773033535523976,-0.287895108620284648341563753657
0.500754422692786009844048068666,-0.287807231878825356469452574892
0.448297789416478951092492233823,-0.287742493986294986428094363004
0.395852894307365187505775758045,-0.287663121533820373552744621447
0.343409236812943462719098275886,-0.287605991420549560146508665368
0.028352408068767436254650582086,-0.287558791642467348860981723963
-0.024090274014059301258073804316,-0.287549720608071730554379011916
0.290964256440836076925117965018,-0.287549253028837808149417737096
-0.076532945295252676398093072651,-0.287514860648273596244673674670
0.238500806860485537748666316058,-0.287504349582216179649408246660
-0.128980734468993369297062323385,-0.287481981807941507528205415107
0.186041132061459897387532740702,-0.287458039531821019908941919226
-0.181423402195028653666810930777,-0.287442130826037641321202437270
0.133582162770379441051192488389,-0.287412374490270585986478650251
-0.233866051662416779148018753869,-0.287382943287167663836220853815
-0.286315498143229011597841274023,-0.287261838002876037212589028549
-0.338803600553209549269065693368,-0.287240761089479891130230631744
-0.391254073264179929666344276360,-0.287198224346573481845308594319
0.080793683342367395729837073776,-0.287174559938133854545887471181
-0.443696742351843475584554068475,-0.287160207430340379635105514703
-0.496139411433783508856359120591,-0.287122182619592209612034303392
-0.548582080515506574140651678798,-0.287084157509609529911111137403
0.880448808542000000000000000000,-0.282353274094000000000000000000
0.932832549905000000000000000000,-0.279392120497000000000000000000
-0.731665531054000000000000000000,-0.249340424888000000000000000000
-0.784437498017107915385096343683,-0.249143176524659252252710274765
-0.836947725643260949318057890708,-0.249136140555286594877713303382
-0.679217946549901849989858754666,-0.249041163143500037711596074481
-0.889389099295833714566981669675,-0.248765579149648451911805592345
-0.626777072633653160576570348027,-0.248605583961020696860197711237
-0.941818232845000000000000000000,-0.247407058427000000000000000000
0.843820550187000000000000000000,-0.244807188821000000000000000000
0.789716195395000000000000000000,-0.243295262921000000000000000000
0.737094856301000000000000000000,-0.242852060855000000000000000000
0.684394782532000000000000000000,-0.242652655900000000000000000000
0.631939547569000000000000000000,-0.242578311954000000000000000000
0.579479753214561657437760421158,-0.242510257881850203976130800106
0.527037137992922206397213580978,-0.242426025826362535152083350369
0.474580213128000000000000000000,-0.242358382199000000000000000000
0.422133262599400420539194288952,-0.242280556282844414042041596252
0.369686788772430834153223024718,-0.242214562961765050760984534776
0.317243387126732232222778031501,-0.242157302808855810013300434915
0.264771398631907696537623242991,-0.242116124299623471875630726417
-0.050281420043895900264182460145,-0.242115605056342586280466876337
0.002161256252641291347105183535,-0.242089352804673155531658660054
-0.102728369674953691077136522287,-0.242083211680935119981463134888
0.212311057798744456452911700914,-0.242069428756851757339233711905
-0.155171037400988975446885117536,-0.242043360699031253774460144138
0.159851178110749331755892523872,-0.242023236809857303194265094138
-0.207613686868377100928092958439,-0.241984173160161276289478569662
0.107392072917611067549052185464,-0.241977650106512951021987807523
-0.260056238958633868286030841204,-0.241867055335697674175522725293
-0.312541317270781729177200184517,-0.241847727889245146628861289602
-0.364994745030273874067447798080,-0.241803481622023474750818187830
-0.417448865033133044727345382691,-0.241758842664663697950453483963
0.054602777517710277577972406497,-0.241740305917537859202339934694
-0.469902458065372326961641240443,-0.241714504147026375710908557645
-0.522350759459081454118362960153,-0.241673225103867741931967282979
-0.574798225472021572762690363567,-0.241646098773749633094666937630
0.906279872857000000000000000000,-0.234156774706000000000000000000
0.951420835941000000000000000000,-0.207448280571000000000000000000
-0.757875903689000000000000000000,-0.203909536602000000000000000000
-0.810686528954880737899454812225,-0.203742478719978466221517629937
-0.705422415297000000000000000000,-0.203607018310000000000000000000
-0.863165761078017777249079727961,-0.203341804763827731203661231640
-0.652981190668857388732303563003,-0.203178948775028921406332296018
-0.921115326372000000000000000000,-0.199207038744000000000000000000
0.868050258962000000000000000000,-0.198244632417000000000000000000
0.815600625674000000000000000000,-0.197665794599000000000000000000
0.763150392867000000000000000000,-0.197327809065000000000000000000
0.710688302163000000000000000000,-0.197268131289000000000000000000
0.658231047333000000000000000000,-0.197187484492000000000000000000
0.605769878121000000000000000000,-0.197124951177000000000000000000
0.553320225399709125882292570896,-0.197045035283060151543049409238
0.500866873895000000000000000000,-0.196976052346000000000000000000
0.448417555645000000000000000000,-0.196899295789000000000000000000
0.395966379299000000000000000000,-0.196823663134000000000000000000
0.343522852412953617001680020682,-0.196764772857724662673000228270
0.291043027941244185927252292958,-0.196728499557223551264618481510
-0.076476844423596914943225907008,-0.196683956089004110017256317728
0.238581649570166615241868627193,-0.196681203474259049565456210596
-0.128919512149632199312974514895,-0.196644105107100243810253340782
0.186121103848033890821271485355,-0.196634626034888040624556902197
-0.024029984149431506183571570227,-0.196628118157698085076124904781
0.133661088257980958253752218104,-0.196588512426099668229774259938
-0.181362161617020324794182337407,-0.196584917568230266325271756454
0.081201167092953949397187513021,-0.196543396085916955678440268485
-0.233804713707277092152120231822,-0.196467799743766664211315923352
-0.286282058086186585865389747997,-0.196452945222066783591794991069
-0.338731752604956451162986390220,-0.196410858706049328599923056136
-0.391186456530970741534170649081,-0.196365881910933889091636196908
-0.443639457336263533554723742979,-0.196321886035411217275280646270
0.028411710326977251786556365216,-0.196306144917970478892461315416
-0.496092701076694650553967400508,-0.196277747836729469809992856240
-0.548558948736952819261021407219,-0.196239762842025510087857804670
-0.601002931167945949532640286710,-0.196215075888479998346127225296
0.912725860674000000000000000000,-0.170762564583000000000000000000
-0.959881143318000000000000000000,-0.163872595391000000000000000000
-0.784182231333753817346123728656,-0.158490327456918856997368216774
-0.731740301639746877903419637198,-0.158209264665118239716891141253
-0.836623548680617548302499447508,-0.158111881622444933610883800077
-0.679299077393222274213416986394,-0.157818130609043422455899721155
-0.889064548254228337714779769397,-0.157691703035824280893628720375
0.842518833752000000000000000000,-0.152423512504000000000000000000
0.961799567421000000000000000000,-0.152241197552000000000000000000
0.789653572606000000000000000000,-0.152065575209000000000000000000
0.736970247942000000000000000000,-0.151879355614000000000000000000
0.684519975868000000000000000000,-0.151802018432000000000000000000
0.632060847317000000000000000000,-0.151732617509000000000000000000
0.579605894852000000000000000000,-0.151661097024000000000000000000
0.527150792154000000000000000000,-0.151587012926000000000000000000
0.474701110816000000000000000000,-0.151515167234000000000000000000
0.422253583722000000000000000000,-0.151435597067000000000000000000
0.369804000502240975714053254461,-0.151368920144358691898440364451
0.317315834781729707050843197645,-0.151339810411941389905895359669
0.264853278879503104631497674487,-0.151293578731859128954443948799
0.212391695619456049610228411894,-0.151246400752295332850779384820
0.159931013995265517319131180759,-0.151199901651130405660066050023
0.107470182433323840101887546346,-0.151154258405503672886226711092
-0.050477725963156120010977533767,-0.151139682841930903531562213684
0.055010099902220923605771466850,-0.151109235086349575368561647037
-0.102920393689191404380726126918,-0.151099831860027037324559233181
-0.155363043156579529861933953386,-0.151040644321157059839577657405
0.001964821288704492712310189075,-0.151020418176298443504949580383
-0.260248277880583897739784906081,-0.150928476257229080787890499613
-0.207805595246836297219871836178,-0.150923526496693457725621831700
-0.312690946931054286418551548871,-0.150890408069240312605354225929
-0.365133615965756708614251069805,-0.150852318165522349674637194837
-0.417576285007493169411673678286,-0.150814237947590634763777334918
-0.470018954049229630209096302034,-0.150776157729658919852917489412
-0.522461631207521785850199563494,-0.150751687436572783582103859571
-0.574904308611389491608542469693,-0.150727749225171854638882883954
-0.627346950152545017747067414873,-0.150661912229718928946209681146
0.919520956154000000000000000000,-0.118749880394000000000000000000
-0.810024708632870339340244191658,-0.112856991469192200800484386768
-0.757582778938863399897540094339,-0.112575928677391583520007324878
-0.862466025979734070296619892313,-0.112478545634718277413999974589
-0.705141554692338796207537465174,-0.112184794621316766259015899746
-0.914906501327433080137558323807,-0.111997368295815104176020631732
-0.967348461797095666691941905977,-0.111722107651246814030473553192
0.868440393869000000000000000000,-0.106828202153000000000000000000
0.815985681529000000000000000000,-0.106702090301000000000000000000
0.763475607869000000000000000000,-0.106611193346000000000000000000
0.710846069592000000000000000000,-0.106391355073000000000000000000
0.658349484166000000000000000000,-0.106347959555000000000000000000
0.605893638838000000000000000000,-0.106275775284000000000000000000
0.553444212188000000000000000000,-0.106198564617000000000000000000
0.500989591474000000000000000000,-0.106128775186000000000000000000
0.448540155019000000000000000000,-0.106053215391000000000000000000
0.396085960736000000000000000000,-0.105981080375000000000000000000
0.343594322724032257204837814161,-0.105945492520647008604936270603
0.291125204158308088297213951174,-0.105905397750704189357758896398
0.238663324928792538999857461321,-0.105858776009895412239767138942
0.028563210863948164531525276045,-0.105823508344677539981049913168
0.186201605766687676108088107054,-0.105811676368537697886288548728
0.133740108170608399167266506748,-0.105765647630534410316518518529
0.081279115242590814310471496653,-0.105720097405936292576348096987
-0.076320203262272642005098032800,-0.105506346854204247334678418387
-0.128762870988307926374846631400,-0.105466495872300381127675433965
-0.181205520455696051856054452782,-0.105407308333430403642693858495
-0.023877656010412029281810318457,-0.105387082188571787308065780483
-0.286090755179700419733905405537,-0.105295140269502424591006703607
-0.233648072545952819213992350902,-0.105290190508966801528738030817
-0.338533424230170808412672052418,-0.105257072081513656408470424643
-0.390976093264873230608371559644,-0.105218982177795693477753396405
-0.443418762306609691405794171302,-0.105180901959863978566893534768
-0.495861431348346152203216787979,-0.105142821741932263656033675035
-0.548304108506638307844320047383,-0.105118351448846127385220056881
-0.600746785910506013602662946586,-0.105094413237445198441999066211
-0.653189427451661539741187883044,-0.105028576241992272749325868141
0.968603255927000000000000000000,-0.100232824102000000000000000000
0.905046836606000000000000000000,-0.067971049973000000000000000000
-0.784056495561651440270941089101,-0.067295089662837832600270696361
-0.839973987782000000000000000000,-0.065082141316000000000000000000
-0.731747009653520418846393587190,-0.063559762320938114285952553766
-0.894881611881503592308281149374,-0.063528421649509664415425108029
-0.947323836899951758927156770208,-0.063253051707760707508374394305
0.842301812600000000000000000000,-0.061329145175000000000000000000
0.789802287550000000000000000000,-0.061248592649000000000000000000
0.737341751854000000000000000000,-0.061114695276000000000000000000
0.684644726352000000000000000000,-0.060954177798000000000000000000
0.632183216691000000000000000000,-0.060884771178000000000000000000
0.579728080893000000000000000000,-0.060810998508000000000000000000
0.527277846077000000000000000000,-0.060737657662000000000000000000
0.474827408851000000000000000000,-0.060664090803000000000000000000
0.422371675814741885897546523821,-0.060592417685607956347222527506
0.369868271774510600696419718439,-0.060558330612562077484921416418
0.317406696666827137789123222210,-0.060509348011984161696022352507
0.264934620434514492502309816632,-0.060470958054246398536298570950
0.054832226204318055236225299740,-0.060434370664264257188836358401
0.212473235076024165497717156180,-0.060424051626137777275276285919
0.160010699942030557956223433391,-0.060377422347941702542741001157
0.107549040979875373375850457158,-0.060331486630967030006639884494
-0.102493841879195088829223461360,-0.060062143396834158326552603348
-0.154936506310563051355807676286,-0.060018169961272424758692278729
0.002391359329957861422889697070,-0.059997944508158504515852225557
-0.050051294627334476105935732466,-0.059942878731201698299939976075
-0.207379058400819818713745559603,-0.059901052136808822644736443781
-0.312279121687061299190663522111,-0.059859422535540738462014253850
-0.259836439053313698670750452857,-0.059854472775005115399745590486
-0.364721790721763721386363026810,-0.059821332631822775531297216621
-0.417164459763500182183785655259,-0.059783252413891060620437362903
-0.469607128805236642981208263731,-0.059745172195959345709577491566
-0.522049797855707031659974921568,-0.059707104007970577527041248443
-0.574492475013999187301078180251,-0.059682633714884441256227621161
-0.679451369858958955931773330979,-0.059635345829078332185699333089
-0.626935132386228820970914619399,-0.059630922371541029798012881967
0.972595155996000000000000000000,-0.047932793886000000000000000000
-0.810258545783455575932535161245,-0.021863150348463086149978781507
0.927759994295000000000000000000,-0.020690673871000000000000000000
0.875308071849000000000000000000,-0.020563757614000000000000000000
-0.866182877812084571046047657507,-0.019635168760974854093080801127
-0.757959725026387786435969589959,-0.017981355178158906924582126934
-0.973614557836597609637740574667,-0.017876483096245875947492150135
-0.921053439938113216679580317913,-0.017864713670424224577839724785
0.816108560188000000000000000000,-0.015867024212000000000000000000
0.763654436810000000000000000000,-0.015743975474000000000000000000
0.711134779198000000000000000000,-0.015678093954000000000000000000
0.658470778170000000000000000000,-0.015499490343000000000000000000
0.606018858242000000000000000000,-0.015414690262000000000000000000
0.553566789195000000000000000000,-0.015346437577000000000000000000
0.501116349446000000000000000000,-0.015279146331000000000000000000
0.448658441501000000000000000000,-0.015209501136000000000000000000
0.396149448527750372856040329929,-0.015176233539056638667514930954
0.343684728689487992864697460169,-0.015115371477652440259498393058
0.291215668087037447728689280649,-0.015075164754697130574716614100
0.081102151941602614301604250739,-0.015045759889294994619128163026
0.238744530581746119000169514111,-0.015036233670488763571807734805
0.186282329251367047345852482259,-0.014989797605541781931728754293
0.133819632751297532164807384611,-0.014943261348374322232862385185
-0.128667324192143508686844075442,-0.014617849916377475576684467215
0.028661285067242420488268655545,-0.014609333733189241946144014150
-0.023782122982990558434730923821,-0.014553651027701821765984080235
-0.181109900230221287545623305322,-0.014511997119853711360009270317
-0.076224776940282895963556363424,-0.014498585250745015550071829592
-0.233567424908180698170503668334,-0.014465334402847136515743999247
-0.338467477764784978160870383296,-0.014423689108385134369067980560
-0.286024795130124518399120731328,-0.014418749029055306473326509566
-0.390910146806521438958292994519,-0.014385608890453419458208113390
-0.443352815848257899755715623021,-0.014347528672521704547348253222
-0.495795484889994360553138231504,-0.014309448454589989636488397636
-0.548238153940464749231904891527,-0.014271380266601221453952142547
-0.600680822965316764192521435305,-0.014233276803129555754858487177
-0.653189315690560857580626931003,-0.014233203867781014635082418034
-0.705653019944443021850911645815,-0.014207287108481935041030266757
0.973763703953000000000000000000,0.004505861537000000000000000000
-0.836468695579531301205624631282,0.023577125329650756925675689946
0.849126642100000000000000000000,0.024884244133000000000000000000
0.901995175393000000000000000000,0.025518552235000000000000000000
-0.892263043622388903062186192548,0.025968470862616828414621998205
-0.947344160874759067390164119747,0.027511854941090606983042502103
-0.784191478539953002588699973248,0.027739764507014790019250921712
0.790085200455000000000000000000,0.029676592047000000000000000000
0.737453319968000000000000000000,0.029698791643000000000000000000
0.684945004049000000000000000000,0.029780794695000000000000000000
0.632325706415000000000000000000,0.029998327466000000000000000000
0.579851809816000000000000000000,0.030050560157000000000000000000
0.527392026602029848129431908967,0.030106280875590279848036801450
0.474945841510656419563714112527,0.030175457232876015478703160204
0.422429718994422260202327758656,0.030206388360990904826027807087
0.369969036790000000000000000000,0.030280340052000000000000000000
0.317501006503415897788450344999,0.030323022847045010176204632218
0.107372743713024773090561170386,0.030342465393297713154649343264
0.265024362574940878126317575539,0.030358858860828287429450312127
0.212553624757089000848304837480,0.030398020350107231771739813772
0.160091262060634021554436431479,0.030444363394025598378149877554
0.054931876838664579277225569682,0.030778891549403465827633492102
0.002487802754294000630648028281,0.030834959747267440803724116358
-0.154841440398462449119674016453,0.030877462057265528075647581287
-0.049955761599913005258856341539,0.030890552429668267242141721666
-0.207298266737582167002381410765,0.030923720614107974768983172500
-0.102398801531631631062971605672,0.030945395902049830741476990731
-0.259755780984991517898873944462,0.030970389343102672410675063390
-0.364655833849542695732800354550,0.031012034632984221704021126652
-0.312213151214882235971050694191,0.031016974712314049599762584991
-0.417098502891279156530222965316,0.031050114850915936614880978739
-0.469541171933015617327645587546,0.031088195068847651525740845173
-0.521983840974752078125068196029,0.031126275286779366436600700861
-0.574426510008343351078081640816,0.031164366720311167911060718043
-0.626926196094927858177653450315,0.031169535616494732276749829065
-0.679398735240935855424368580220,0.031190372754459140840438743799
-0.731864091933970746021001723775,0.031215336015726740252016891367
0.972109867974000000000000000000,0.056932450995000000000000000000
-0.862532925874957183271999321741,0.069169802844952130131615779356
-0.918553764559034753772769997997,0.071345039474131659975504231345
0.868595010225000000000000000000,0.073592878852000000000000000000
0.922156947810000000000000000000,0.074009632004000000000000000000
-0.810317895331379518001087168584,0.074050947347766304340075061671
-0.970936256094616226445416443472,0.074348251359488281488016869447
0.763713895620466303486753650482,0.075102527511718989930973015665
0.711261528268000000000000000000,0.075152506341000000000000000000
0.816164524018000000000000000000,0.075182384382000000000000000000
0.658800922184000000000000000000,0.075280739576000000000000000000
0.606138286559000000000000000000,0.075446176811000000000000000000
0.553670092666013414770049694742,0.075490179234601008930050538165
0.501221399282215473955700266913,0.075560807844252414824915700306
0.448714517431131820519978968364,0.075586387892344496283982230551
0.396256236236000000000000000000,0.075667991210000000000000000000
0.343783415601000000000000000000,0.075719157803000000000000000000
0.133644373022361262480190210862,0.075730090135697633765661592341
0.291305924381735710580890597277,0.075754869155141851026791100861
0.238829867507485492375657352437,0.075791043647443568498195378741
0.186363549028426113336134885453,0.075832752875467218180726308512
0.081203506148001068666854615892,0.076166516291803386438645757501
0.028758394525716159419604947413,0.076223185029860148577501638597
-0.023685835862628446193477389247,0.076279163204637529811849936382
-0.181029806905823328576432116970,0.076313179791227214204640025155
-0.076129786191261740358271587178,0.076334533582463113533690557940
-0.233486622814392986730751680228,0.076359444360057783695402253920
-0.128587168038992510519729718756,0.076381113636011516870469446636
-0.285944137069749235470803912788,0.076406113084472028483764175789
-0.390844189934300413304730314079,0.076447758374353577777110222809
-0.338401507299639953542980666667,0.076452698453683405672851691846
-0.443286858976036874102152935092,0.076485838592285292687970090169
-0.495729528017773334899575548342,0.076523918810217007598829943751
-0.548172197051364607852588982236,0.076562010243748809073289964281
-0.600614866093101068650011608466,0.076600090461680523984149825909
-0.653057535203994969636671518037,0.076638075319140133904084163458
-0.705500204310601292788249318127,0.076676066095655996933046584514
-0.757942873428808270649917448836,0.076714040855190263278769635236
0.967633193068000000000000000000,0.109193251612000000000000000000
-0.888823646811603033982583121628,0.114546371456466961692498019717
0.894638141940000000000000000000,0.119118859296000000000000000000
-0.836603613205720118271127752211,0.119438782563302668731402057353
0.789772339657738636190750613487,0.120612883263794226108166770604
0.737305241876456725571048364209,0.120675180154899575057612011513
0.842214928414540628512380282449,0.120712235209154101931606261786
0.684852495070000000000000000000,0.120806252398000000000000000000
0.632401563825936857553380131766,0.120852249036137656018970770994
0.579931033296407204747614657536,0.120883989203924294836443240352
0.527488393389387972617155475348,0.120951115255613562778710704750
0.474990075202690874911965125486,0.120971738503720895630194783536
0.422546551706000000000000000000,0.121056381513000000000000000000
0.370071888505000000000000000000,0.121112854433000000000000000000
0.159915674980473994218826804879,0.121117904356584760260210500607
0.317592415838000000000000000000,0.121153452332000000000000000000
0.265116490656018127912191125413,0.121189971746094014333995695855
0.212644308058740546997316569904,0.121228379206214461711844688070
0.107474808106113800405491204208,0.121554330512690512933194666978
0.055030023835052648809233989644,0.121610809772260069188513888602
0.002584755908793712595479530305,0.121667388487230237585627441564
-0.049859860453977181292892635735,0.121723144357432376103398755687
-0.207218162982634148304802398040,0.121748903537177023131059095013
-0.102318152698622619815029695559,0.121770251316424799662682996390
-0.259674978899150704302681649797,0.121795168101427139768491345473
-0.154775524115803330248099988344,0.121816837381961325796888513264
-0.312132493154506953042733882732,0.121841836825841384556853267637
-0.417032546019058130876660285004,0.121883482115722933850199333261
-0.364589863384397671114910626273,0.121888422195052761745940788407
-0.469475215060794591674082894578,0.121921562333654648761059187536
-0.521917884094385864627096342977,0.121959653767186450235519203451
-0.574360553136122325424518953122,0.121997733985118165146379070253
-0.626803304797028866116024500945,0.122035766582705927626358558624
-0.679245973903635189267602286908,0.122073757359221790655320986216
-0.784228178593569927643809228497,0.122093746878031086507741561389
-0.731706347000591665562243242304,0.122121966014853671498968394783
-0.965525671760019916617548006210,0.126511078770225158966094379922
0.936169968038947079253852137063,0.151159511798987933001524748391
-0.921739363725147195785748805919,0.155372717930178325680322267476
-0.869881073961721302952871699536,0.163448456485134451434034891652
0.763592707930369406636956829259,0.166053634456346313321884491708
0.711122085607916114675517174239,0.166201358011802963280973557591
0.658673997195627773920962417928,0.166247872456689805500052773677
0.606193766892925477822155774696,0.166276761870532928644360387779
0.553751126985906245691696604019,0.166343887922222196586627856156
0.501257069309863373573420331606,0.166362045915082043583989776088
0.448814457058158794423939303985,0.166448107180854149393480134203
0.396360094680883707440926274222,0.166499099885030475085338967909
0.186185010196001468907755055806,0.166506856907380087147937021963
0.343875469440051953595353269956,0.166546923696228069343216081788
0.291397564121000000000000000000,0.166585526150000000000000000000
0.238929245350083379817227632720,0.166626335702851161825892236550
-0.811437242056737183523909191206,0.166925675810226701129034492714
0.133744143321641275094419460736,0.166943283063485839820921205558
0.081301325793165380547870582746,0.166998623993147195683062814052
0.028856385218130201985108572212,0.167055013229630158196639708525
-0.023589268682555022503935715916,0.167111369640025083877176276830
-0.076048226961338060749650743231,0.167158862091394062232391211195
-0.233406519067391865876732357262,0.167184627278546379204148196499
-0.128506508775433439543399969455,0.167205975062374608589102078934
-0.285863334983908421874611619504,0.167230891842796495841580457975
-0.180963880200561047820029958807,0.167252561123330681869977617764
-0.338320849239264670614663847514,0.167277560567210740629942382123
-0.443220896928565498863740001337,0.167319208840015637059703953316
-0.390778214293905039101990352707,0.167324148919345464955445421475
-0.495663565966495147302116096370,0.167357294300187836453639818823
-0.548106240179143582199026303529,0.167395377508555806308608303446
-0.600548991840050122890531844186,0.167433410106143568788587809153
-0.652991738372759793042943810216,0.167471445659546306497197135001
-0.757991652165353322556135012445,0.167501672037694494727940324061
-0.705445243221627843873784662675,0.167515681600103945328001660880
0.821073782686000000000000000000,0.168717781199000000000000000000
0.879099305110000000000000000000,0.169218186145000000000000000000
-0.953644853649087501509216923695,0.196993322191018234235812619469
0.952829607353294637363228110319,0.200885675980834362148514975666
-0.843243410060222413640920230508,0.208622230383214789889763674709
-0.899933241175000000000000000000,0.210537564195000000000000000000
0.790070218355913107971060486002,0.211330814362241307607625256163
0.737505513228802246627721524163,0.211547516011195288636514228442
0.684965208976616368842837746899,0.211655211437217477707665763994
0.632458877135949760681288791169,0.211668159406254192481146865150
0.580016237228930528550829608999,0.211735285457943460423414329602
0.527519802906381646647961457796,0.211754818581690677391906939253
0.475077190770468047395845432179,0.211840950377383125533668222277
0.422632073856918132076301575590,0.211887273064786177094170749032
0.212454445976305310305705924728,0.211895751255101246786829601442
0.370159154537020591682417501842,0.211927568072960868664617076079
0.317684428027000000000000000000,0.211981361951000000000000000000
0.265220175178000000000000000000,0.212027664041000000000000000000
0.160013579101945116492370322889,0.212332177411206999459813784826
-0.785200715628520578436234975286,0.212333600969890109349233255306
0.107570661008692855236798834642,0.212387576543942522570789336824
0.055127687176242933723745165627,0.212442827450517284691188617057
0.002682360626781466885693325744,0.212498994382425004488188527861
-0.049777635189915901960693823653,0.212547087373986770006168716385
-0.102236583038148880478021018042,0.212594585837343871158810276721
-0.259595544119530146570535625983,0.212620738168041823187167412877
-0.154694864860191157115329939512,0.212641698803743964662191170189
0.849709838497000000000000000000,0.212659908267000000000000000000
-0.312051691068666139446541584771,0.212666615584165851914669551964
-0.207152904258129813036430310921,0.212687899850319236975183678900
-0.364509200148772038601743571215,0.212713287291503443839446997933
-0.469409192667673253419256227668,0.212754967363508255800712926508
-0.416966510033012793657506569461,0.212759907442838083696454381713
-0.521851861705602901857632315381,0.212793052823680455194648779068
-0.574294678883071379665039196881,0.212831053629581209950817042376
-0.626737425415781049817451156862,0.212869089182983947659426379332
-0.731730548386389500867676434376,0.212895387622944768556973571343
-0.679187352248478090641164342775,0.212911255701179946936107966231
0.902026678763000000000000000000,0.216391046148000000000000000000
-0.941656710567171542769353631372,0.248047405394730864069796459825
0.940635475699509014487305917007,0.251890951585758261396244233249
0.818928666249226573242604561103,0.255119225745996863354755827183
0.764019022569000000000000000000,0.256863754672000000000000000000
0.711328396687931867215983501294,0.256989716177228093832426616589
0.658723238198412551372651458152,0.257059990436789741420562838294
0.606280598291393319242192285702,0.257127116488479009362830301804
0.553784913149405929507094465030,0.257146216117411941228693400846
0.501342301013492330254978445073,0.257232347913104389370454681923
0.448894746434386135821614253535,0.257280081034913026772953106075
0.238723664336401917205180927924,0.257284771437009391401318195418
0.396430483870205312137512103672,0.257315366448641634852695417089
-0.862685486342587003165761097647,0.257327883609044928919771777587
0.343976419251000000000000000000,0.257374271801000000000000000000
0.291506170459000000000000000000,0.257422999450000000000000000000
0.186283123269000000000000000000,0.257785560004000000000000000000
0.133840359999000000000000000000,0.257798542984000000000000000000
0.081397022391770408412673416974,0.257831780001312611578915152849
0.028953662584894198624329919876,0.257886808603312130982737453347
-0.023506005880579412571064782326,0.257934712116386690617180984373
-0.075965991266726721689064100553,0.257982811119936578932587797838
-0.128424939122906598049950988563,0.258030309578713227231899384925
-0.285783900204287864142465589554,0.258056461909411179260256516744
-0.180883888917759922331730295854,0.258077037530732519767397244635
-0.338240041978173507433621307198,0.258102342308458555124174187702
-0.233336268504499798811703904876,0.258126500434690400387565980678
-0.390697495887879793157259790074,0.258149045814996062580455969646
-0.495589019693747413098092019199,0.258195606038695673840735726725
-0.443146337059086953336342372550,0.258200546118025501736477193042
-0.548031688731677061536468124290,0.258233691498867873234671589180
-0.600474357769102923448356049208,0.258271777652734447039831662298
-0.652917955870280813579099206793,0.258309322582968942888628719516
-0.705368518609652472769437167095,0.258351122715648777674030539529
-0.757811184733392587576712834091,0.258393029254786336079129883107
-0.810253866232449800176529979832,0.258405008926896832439186646563
0.885604711458000000000000000000,0.268371571664000000000000000000
-0.906162632942100659584383382514,0.286653174910044815639993652672
0.842412102244166238137921565448,0.302010197373759852559351020471
0.925711119445385595158155372988,0.302165185311635264619923572667
0.685086425909728049745797214297,0.302394495176800357545323707617
0.789971591073280816518496720405,0.302487454600360804886090618431
0.632547748164274721582263057701,0.302517333759160673893355853668
0.737528927463837972240946299105,0.302532397574458593146553833038
0.580049274211868720198457141438,0.302538047147947490168109388672
0.527606662134695249735393240237,0.302624214701010020460731472862
0.475159856677410418680747264696,0.302671478570634290609739584650
0.264995129682150913864380133043,0.302672491085733880694168825660
0.422693156447673315882824783262,0.302708174418768484531477789030
0.370250508920602314521730687392,0.302769056891577264798705330731
0.317800910329000000000000000000,0.302817492645000000000000000000
0.212555010646000000000000000000,0.303220729296000000000000000000
0.160112247423000000000000000000,0.303233895886000000000000000000
0.107669486072000000000000000000,0.303253127859000000000000000000
0.055222480878346584138829122768,0.303276060324283284559374539216
0.002765296077533319167571811584,0.303322526337273817111729891965
-0.049694358676494501587235306927,0.303370437753387227755314771497
-0.102152621238936917603295180111,0.303419529718693731702246823346
-0.154613963180475363266351342847,0.303465648305701782337105439557
-0.311972251113795232129545313794,0.303492188633703882469761139406
-0.207060879846097949135385268583,0.303519310056012438650598043744
-0.364427942989769255827005597574,0.303538328342999105241034981715
-0.259517019871255710129744593800,0.303566606554683232197923196511
-0.416877322913953952836095592437,0.303589684490183480620478769611
-0.521768486359715868348682585909,0.303636452327134757226016389583
-0.469325803725055408586932927672,0.303641392406464585121757843798
-0.574211155397645516787058674712,0.303674537787306956619952244025
-0.626655115062198130954564396015,0.303711880358209746495979052214
-0.679098533227694291922647774933,0.303749528959663472788425180276
-0.731569976487000000000000000000,0.303800461055000000000000000000
-0.784028286645870646305089616026,0.303819730778180339574818372189
-0.839751796307821986962090742705,0.304490165654270659453032634291
0.884002317305677304765564612864,0.333955290854001220459638782766
-0.912996116492526967407006678766,0.338648737113853657510773944722
0.658923208740506519676144528208,0.347844699287235915336269597983
0.816251019277486478426668453922,0.347914184959287600129194525643
0.606316424084750122538527910463,0.347928264418629154698634923508
0.763808344371859391281753077989,0.347943082481889247558286276998
0.711365684423836606539824033500,0.347992112066309051232787835794
0.553873812303555637439261300228,0.348014611920173329259085618094
0.291273438916601758396876950784,0.348056248643947116366395748304
0.501424186805687151239216164513,0.348063327500117176781691614309
0.448958266690697598741957789822,0.348099571954489748368264251659
0.396515619163626597380863696778,0.348160454427298528635491796370
0.344072966147476495833870169765,0.348216409335789056585605236202
0.238829971827000000000000000000,0.348657409367000000000000000000
0.186387208353000000000000000000,0.348669536185000000000000000000
0.133943950076000000000000000000,0.348685256123000000000000000000
0.081495317468000000000000000000,0.348704249747000000000000000000
0.029046759411000000000000000000,0.348725630602000000000000000000
-0.023409045994813442124534183004,0.348766324631473211374660680162
-0.075871587230398386482904173708,0.348812573393790184607808346271
-0.128343371304167655367418886548,0.348853873527586995301881028719
-0.180786023317163693266508436325,0.348910760853979965245805378827
-0.338142475483016049349410954999,0.348938358359971710218920203831
-0.233239781165856251828113458251,0.348960482048099730366525669272
-0.390599255907186746337542754544,0.348983871210289379561465691941
-0.285689825978563330091635444597,0.349011289486720314192781866503
-0.443041909692887468482703568645,0.349039100163124304499976249841
-0.547927246288959198404144520668,0.349089221937889116803477673000
-0.495484563654298738642394875220,0.349094162017218944699219140327
-0.600369915326888846842520624783,0.349127307398061316197413533880
-0.652812581247789425348376984335,0.349169467010424387915642264631
-0.705255242333452720618775483034,0.349217264273507235558672300582
-0.810138701154614610940478467999,0.349300289707306025883982718378
-0.757696723581984917393339614109,0.349572272419818717337620281745
-0.862471039737440992777301294882,0.352700484521801625842716924937
0.894273660287451491774833720583,0.385382273068349163659876362700
0.632691884660981920632409380035,0.393255629946704396141548685155
0.790019356717634321770374493815,0.393398383876254831735620130010
0.580143044154456306753720777555,0.393403624294179963087554831619
0.737576686158141071984787007083,0.393434313147907368838367050520
0.317535751468611049525753410525,0.393449264910160102629203361302
0.527691181014057660821201077262,0.393453634852915875725126009815
0.475222596818974331300426693470,0.393491420883972634540216298151
0.685134034983741564860587147537,0.393491968367580200865081450629
0.842461954429204395395984673914,0.393492890947560650734736942548
0.422779949291903329939332595300,0.393552303356781414807443836070
0.370336419806854757709754362336,0.393620066616166526256391144579
0.212650023039000000000000000000,0.394098298069000000000000000000
0.265095858427067692384379434923,0.394107997906511723524843380627
0.160202556428000000000000000000,0.394112610501000000000000000000
0.107753234528000000000000000000,0.394131123398000000000000000000
0.055306850535000000000000000000,0.394146356369000000000000000000
0.002855703766000000000000000000,0.394167636698000000000000000000
-0.049600284246100924418982478907,0.394200387020702693005324086705
-0.102071738768249555599078513527,0.394241496402350893214167133224
-0.154514389463141834170289131986,0.394299586139963812459644653169
-0.206969854572597067309687056807,0.394349092327649768844920327947
-0.364331036542106937197770597141,0.394373963957106320007013376587
-0.259420811301995211365091073148,0.394400427551309625173158764717
-0.416773690845836252663778080424,0.394428698805627465768401172263
-0.311888396678828172841658172029,0.394441124172610665045019704038
-0.469216344807247522823469368909,0.394483760659722105967644056648
-0.521679074505605040931664184384,0.394526337703453671893174732033
-0.574121757123347987768871325245,0.394531454224078788704751488039
-0.626564400906591143353349547198,0.394595480374748119239319539134
-0.679008293270000000000000000000,0.394637591879000000000000000000
-0.783902740893000000000000000000,0.395000418767000000000000000000
-0.731453988389000000000000000000,0.395221738608000000000000000000
-0.888672226499716823608839920609,0.398128810471284326227113666074
-0.836229310105000000000000000000,0.398598211556000000000000000000
0.869372561494000000000000000000,0.438647057809000000000000000000
0.606545285253602090566519976506,0.438715395957476011699236929827
0.553957627269756561530394506113,0.438844259296963599416588204111
0.343783917207518988966898956478,0.438850462930332664500708690855
0.501489591027344840882411601638,0.438881728236771333483650675736
0.711430044327338359615483924986,0.438931182610953411684054063483
0.449046943500273839521317513162,0.438942610709580113750878220679
0.658987372573231061049592667656,0.438965323716062105042884648055
0.396600731563799087741905672688,0.439011926175542779750840002253
0.764453213107417471788849711378,0.439265088966979104843735945358
0.816907899659681306497412731982,0.439288363116327682655876271813
0.291345528295856759554946606755,0.439521547629429040471149009722
0.186442788669449108617198625349,0.439530257149834951842023487568
0.238885471531290825575181820555,0.439531016356387881287204388781
0.133997493932000000000000000000,0.439547864638000000000000000000
0.081548874127000000000000000000,0.439561032896000000000000000000
0.029092559977000000000000000000,0.439584638008000000000000000000
-0.023357757672000000000000000000,0.439614552716000000000000000000
-0.075816329505482243453793840106,0.439638505893821737816558363553
-0.128262228894121439690015260201,0.439698474361840703750165899030
-0.180713630569810773301121752776,0.439745630603597753368681221571
-0.233208713379290824320885996682,0.439822458646524399637993513189
-0.338227109066056660587034035651,0.439858246480294579722780960100
-0.285689008454433046744772735194,0.439870487397198433067101635586
-0.390700402716112210261273138056,0.439930551871502627698266827448
-0.443164097366007460635375137991,0.439997663915590000809631585075
-0.495632337305400226474528991035,0.440043394589280200359086431324
-0.548358185085000000000000000000,0.440230795133000000000000000000
-0.601212666149000000000000000000,0.440522239987000000000000000000
-0.655074417775000000000000000000,0.441314344660000000000000000000
-0.708037257601000000000000000000,0.442152789966000000000000000000
-0.761058536169000000000000000000,0.443763547015000000000000000000
-0.865938693529624427214203799838,0.445387899174112944274816806190
-0.813465424810000000000000000000,0.445855825175000000000000000000
0.580362644340167718180122045339,0.484154413344763932896045773041
0.370041533846182871771685490670,0.484246195711961634950569677127
0.527756037283043741591605038275,0.484272352680819057175112887795
0.475313389755972740230510938933,0.484333235153627837442340423964
0.737690089863626181518391431305,0.484364647951094901751469986379
0.685247410373717298749500949965,0.484383469289828628940150612033
0.632804731659796688663194748007,0.484404341103350026239693480685
0.422863883673910958199515397903,0.484404456701668197916643826694
0.791041478374239939288317561204,0.484908131158352702302734389925
0.317601390312179811266916545859,0.484931240886631436909049873526
0.265123696450275886909622053297,0.484937960092174073241337598392
0.160238354491717113761397144250,0.484972585334839064459908911969
0.107795672929800769790417648342,0.484984286597209400513407408952
0.212681035630882335489798373504,0.484986048616231360492873822920
0.055345336587620394952409045386,0.485001603918902904031574641266
0.002894371797000000000000000000,0.485019104277000000000000000000
-0.049566591734261654822467057287,0.485038795025789352306782343864
-0.102013197273000000000000000000,0.485106203424000000000000000000
-0.154462209990449151523411367129,0.485144946720578752009994547240
-0.206921241661684705708637771592,0.485200909667027071115720061182
-0.311966662881242934416113151296,0.485254624098795613939810247557
-0.259418157947894881139529068801,0.485258562923565762557068837760
-0.364427990603210339439435428130,0.485317723496246425804226680052
-0.416882822514150385016764983685,0.485379704179170552772778082998
-0.469358639153916355174645933328,0.485429821764910741839072901293
-0.521831274347000000000000000000,0.485476729386000000000000000000
-0.574532345904000000000000000000,0.485681830378000000000000000000
-0.627481785914000000000000000000,0.485918441236000000000000000000
0.843648913925000000000000000000,0.485986938142000000000000000000
-0.680845317745000000000000000000,0.487008670087000000000000000000
-0.733288677154000000000000000000,0.488269728808000000000000000000
-0.840687616821000000000000000000,0.491395180951000000000000000000
-0.787516285010000000000000000000,0.491436799626000000000000000000
0.554161054353454898241332577532,0.529582506728619390654570442008
0.396294131850317114567047366889,0.529644830981729693232842205756
0.501584664505273216099597325487,0.529721065123465222752123864456
0.449129051890043116152689489315,0.529795820691995505571611162144
0.763926527795846088715684702803,0.529797043391279003349441263380
0.659044146537489575308961815135,0.529810597205350009572933840051
0.606601891666345739436457924092,0.530022470644204776579081410308
0.711485388284059141635584771301,0.530199377865814064728126578597
0.343843650492619183669039786906,0.530335852623174539344443514074
0.291368325368315048004599976939,0.530341202699707338923919128426
0.134040366727272099331737223270,0.530408088907031964774390893253
0.186483048964242219917152569905,0.530416220098833627380336020496
0.081597685730995441604970953741,0.530422097720851431051975853194
0.029149018339110922903996264878,0.530432737478906787704905261955
0.238925728115033586997203196994,0.530435963737150413540410003192
-0.023319309959318006016921727933,0.530440504087792871857050548906
-0.075762188692000000000000000000,0.530518353894000000000000000000
-0.128209865943000000000000000000,0.530552652721000000000000000000
-0.180656174512000000000000000000,0.530592534120000000000000000000
-0.233134206657546527358873883009,0.530639053124649935449047020010
-0.285682521271000000000000000000,0.530650441463000000000000000000
-0.338155331413000000000000000000,0.530705775439000000000000000000
-0.390618283696582038171636501767,0.530771432357601334251592203006
-0.443088597494000000000000000000,0.530831543181000000000000000000
0.816358605122512282156897321637,0.530851677704488280634846705806
-0.495551592573000000000000000000,0.530872652670000000000000000000
-0.548005676738000000000000000000,0.530934204222000000000000000000
-0.600803861396000000000000000000,0.531083370538000000000000000000
-0.653255976935000000000000000000,0.531621679054000000000000000000
-0.705682403390000000000000000000,0.533210055613000000000000000000
-0.758108422585000000000000000000,0.534869725117000000000000000000
-0.811658724868000000000000000000,0.538004824763000000000000000000
0.527992446912275803678510960077,0.575029607526289286103656414427
0.422555980846365659560271948260,0.575038115436953304598980698931
0.475408620108893493192582925702,0.575178849244031240639522677121
0.684928073482312394364300943685,0.575420435094112306406367381363
0.580433284225166644873636321206,0.575469571441874672028167371992
0.370077603816243666397465842733,0.575745264415643217857715821476
0.317610561028804144216768895165,0.575745828607905899200102809016
0.107840328708547440615976930019,0.575837077385111509025020374564
0.265167963775522683209372100237,0.575840589645348973816593674006
0.055382564933706688473628384692,0.575842384244690756284881239818
0.160283010945517561201392292745,0.575845208576913171630965497834
0.002921109335388723267290278078,0.575846179741416663323144743881
-0.049521714817000000000000000000,0.575935524174000000000000000000
-0.101964468985000000000000000000,0.575969038493000000000000000000
0.212725493840024195204601601038,0.575990033241527390487071836158
-0.154413954038000000000000000000,0.576004799015000000000000000000
-0.206864605902684186037997830647,0.576027851990716411623312852356
-0.259393713824000000000000000000,0.576035817078000000000000000000
-0.311880596626000000000000000000,0.576101758171000000000000000000
-0.364338857449645208581649371728,0.576154543119821118270129547609
-0.416800083581000000000000000000,0.576224173026000000000000000000
-0.469289473463000000000000000000,0.576272660432000000000000000000
-0.574276761194000000000000000000,0.576329281384000000000000000000
-0.521820422227000000000000000000,0.576389280130000000000000000000
-0.626738963138000000000000000000,0.576880790157000000000000000000
-0.679180439840000000000000000000,0.578478444642000000000000000000
0.783290056672958836750429238775,0.578533977391576172694592246874
0.632682804997294963589949150947,0.579966522120616086405070004527
-0.780480089165000000000000000000,0.582311576440000000000000000000
-0.729319880433000000000000000000,0.593903426292000000000000000000
0.733535166199539029916692177171,0.595107626968603571535686086258
0.448760699203004944726001535722,0.620464404325363654338118662125
0.501829317167277373031568832254,0.620479861961996022636032810563
0.396322476667116903703185460236,0.621148366020771456053508588264
0.343843868052891128037011024936,0.621155613774806766660147202420
0.291401270799609667029614244990,0.621250374812249841276638077320
0.081616040934550774343413237027,0.621252071793023864293546959788
0.029154663084945252911742168185,0.621255822373717020049353513215
0.134074015922217077279429158306,0.621269030148779094860046408169
-0.023288561354739003743309019118,0.621354113203995328408067935995
-0.075731233640632571916163439891,0.621387427442275669934989214004
0.238958800864111179024843730755,0.621399818408428257947116229618
-0.128180328535000000000000000000,0.621423215836000000000000000000
-0.233107926236000000000000000000,0.621434341760000000000000000000
-0.180631146900000000000000000000,0.621446749035000000000000000000
-0.285589770960000000000000000000,0.621490310236000000000000000000
0.186516206623375921127306462001,0.621496232233695620615169805783
-0.338069701341000000000000000000,0.621551314643000000000000000000
-0.390540151587000000000000000000,0.621636936131000000000000000000
-0.443001963205000000000000000000,0.621664162616000000000000000000
-0.495455941548000000000000000000,0.621735165167000000000000000000
0.557504349918303060055002375894,0.622686560443312982398605080395
-0.558394784371000000000000000000,0.626322793671000000000000000000
-0.610846842332000000000000000000,0.626865001680000000000000000000
0.609757776927159726243373072326,0.627137891946828554754831838077
0.674099073210000000000000000000,0.631532753130000000000000000000
-0.675617817376000000000000000000,0.632317574043000000000000000000
-0.728321075619000000000000000000,0.646355496465000000000000000000
0.727573776701614201209760532528,0.647210379502209059402051298847
0.475281832425508004096576822652,0.665706690727780873639439100699
-0.523879640477000000000000000000,0.665814186795000000000000000000
0.527907188140487742107470369249,0.665979088678817195489692126121
0.370089443369154239050922961942,0.666558309318600882085155546091
0.422545884141073173958087613218,0.666563868734921345241874264925
0.317646846115872778043526168955,0.666653070356043956701646410051
0.055387665376927179129255986717,0.666665783583488742691790828565
0.107830347771126882218626656373,0.666672828098945727027378561841
0.002944974607005876153556885590,0.666763766112467769909484289655
-0.049497696742253075639239704745,0.666798523524854180011698696153
0.265204376180374290038755670230,0.666802513952222373372124573274
-0.101942754464000000000000000000,0.666837413085000000000000000000
-0.154392521133000000000000000000,0.666860554799000000000000000000
-0.206847441094000000000000000000,0.666876134717000000000000000000
-0.259298450782000000000000000000,0.666877378311000000000000000000
0.212751937606475487382500628937,0.666904616989228722412113294734
-0.311776869663000000000000000000,0.666934169573000000000000000000
0.160296847708318970053714706650,0.667003385250270751350189631921
-0.364231122188000000000000000000,0.667010227373000000000000000000
-0.416866256594000000000000000000,0.667137206939000000000000000000
-0.469315069743000000000000000000,0.667215127827000000000000000000
-0.639772616991000000000000000000,0.670619663876000000000000000000
0.638592049304000000000000000000,0.670961419061000000000000000000
-0.584128737269000000000000000000,0.672034065626000000000000000000
0.583291037880000000000000000000,0.672436709344000000000000000000
-0.692456107846000000000000000000,0.684642282658000000000000000000
0.691675904835398839852166450997,0.685440966494836901808122659137
-0.497745712646000000000000000000,0.711296143218000000000000000000
-0.550195140231000000000000000000,0.712026197314000000000000000000
-0.180555667712000000000000000000,0.712319821989000000000000000000
-0.128084126485000000000000000000,0.712320778297000000000000000000
-0.285484644946000000000000000000,0.712322975831000000000000000000
-0.233024332030000000000000000000,0.712326192992000000000000000000
-0.337938590627000000000000000000,0.712400114306000000000000000000
-0.390440209247000000000000000000,0.712448541175000000000000000000
-0.074888183838467575744848434985,0.712684884802918781946924384194
-0.443307859748000000000000000000,0.712767239055000000000000000000
0.549567428126890030431426972018,0.713739626678881232905142704752
0.495803778220677341128716721682,0.713967282592202025737088673616
0.390923483989571920083908683045,0.714684993577449294617459499999
0.443366165593063063157187023273,0.714696507002359245133410206392
0.076268971232589863012283647000,0.714771979152109307176854043722
0.128711653626789566101654327497,0.714779023667566291512441784058
0.338480886736290459076511904805,0.714779754614892369233950369976
0.023826379818761900248415400464,0.714869918553777705550159997438
0.286038416800791971071741390548,0.714929198211070785904428527116
0.233595825199715740717595353312,0.715027037297484899788616311933
0.181153225427006973036253660356,0.715120393623397151888306272736
-0.654585439213000000000000000000,0.720934916022000000000000000000
-0.602130489063000000000000000000,0.721305518752000000000000000000
0.653771935893349722801575955413,0.721683539868761075525061804124
0.601331327230248542222638361489,0.722149961746012707502434512201
-0.025504144822107573317091146834,0.732666949906805974641262420817
-0.471798865081000000000000000000,0.756877068026000000000000000000
-0.524263707588000000000000000000,0.757624409939000000000000000000
-0.364151350079000000000000000000,0.757833897294000000000000000000
-0.416600988261000000000000000000,0.757907679893000000000000000000
0.522876270517496795154276168447,0.758881814173448120806563320144
0.364903365350600012557085669454,0.760217272373243474074785083771
0.050248852593617955485460633860,0.760304257947903486634179631624
0.102691534987817658574831302685,0.760311302463360470969767372710
0.312460768097318551549688886794,0.760312033410686548691275961071
0.417578748040407250026007074316,0.760360979870104914529506326310
0.260018298161820063544918380228,0.760461477006864965361754110012
0.207575706560743833190772334149,0.760559316093279079245941902512
0.155133106788035065509430655072,0.760652672419191331345631856559
0.470109730556000000000000000000,0.761165525529000000000000000000
-0.146799494184600142039321381302,0.761341356413907893611323823314
-0.199242176895929518873326922945,0.761345401526564815279212180291
-0.304127541331986585722661418596,0.761348232166304438371602675304
-0.251684858894541226263713136635,0.761354947027552296298844227340
-0.094356825500046452654919125784,0.761379925394103597111142227681
-0.592397292332000000000000000000,0.772850439495000000000000000000
0.591377295137363084583456393394,0.773639302695552039145668060298
-0.046275341775312389370358210069,0.782318070229600244195430281791
0.005837126159547731016521521176,0.788193925236514327825757506342
-0.445033379942000000000000000000,0.801988987577000000000000000000
-0.336645173953000000000000000000,0.802496527870000000000000000000
-0.497483196267000000000000000000,0.802721702462000000000000000000
-0.549926508120000000000000000000,0.803627872479000000000000000000
-0.392141415495000000000000000000,0.804770482970000000000000000000
0.548250382240580681692043064071,0.804777232687593499550777090809
0.391117336567139723152683015042,0.805638222378527699653345906944
0.076464093061374706451581725273,0.805724475401607848342391826076
0.338674739313858262145286214273,0.805732983415970774269836779397
0.286232269378359774140515716660,0.805882427012149190940314936278
0.233789677777283543786369666610,0.805980266098563304824502720629
0.181347078004574776105027987865,0.806073622424475556924192692401
0.128904562862445768583245493714,0.806206256853155625931979817090
0.443553150537940812543224389744,0.806486985916648192252194334322
-0.277906571623839341856847929572,0.806776380123840411036982512883
-0.173021214481193561823008727388,0.806780133333259970811200640853
-0.225463893809130535988856004308,0.806799400696169355709567456116
-0.120578537881331767880915314982,0.806805772491002718584396682248
0.495951094515668405140868169297,0.808652731338211455637598734252
-0.072493795583695355144504619061,0.827736432884167507718317138894
0.032052366627304481982642618412,0.833614142690218689533969711929
-0.020390259958809430501614667738,0.833690974152002070685560578935
-0.360899683806000000000000000000,0.849000058453000000000000000000
-0.422509762238000000000000000000,0.849355075133000000000000000000
-0.308450311480000000000000000000,0.849414474272000000000000000000
-0.474954651398000000000000000000,0.850090209787000000000000000000
0.365082800771862184388409064018,0.851162259240920670640941378189
0.312640203518580723381012285770,0.851257020278363745257432243786
0.207887788471072480087448099859,0.851579905534559840646246935743
0.103019120284997366271582424580,0.851815234575679981375806736413
-0.199202557792836726691209793523,0.852219898393413827675616688339
-0.146749140402000000000000000000,0.852330630354000000000000000000
0.155455537521715342832470939541,0.852625872411539750250339797226
0.468787519527595096639926900172,0.853512236241759150545656598879
0.260272117161181688687810231468,0.854053181501916247837617793498
-0.256257762697000000000000000000,0.854630143205000000000000000000
0.417946557205641001369522388469,0.866374255387357775251379921216
-0.098624059972549396697911263730,0.873205590225080345978780128538
0.058212575147559715767691941467,0.879066078584093077927084661538
-0.046506708333374747092319563867,0.879168068503145110256374200482
0.005867563684677922047690700104,0.882265259928574060002200464311
-0.391455667612000000000000000000,0.891628587146000000000000000000
-0.225872734181000000000000000000,0.897391521254000000000000000000
-0.173417246758000000000000000000,0.897902567798000000000000000000
0.129436016644117574914003005041,0.898158492802028538892702015240
0.232228804720872039420123815490,0.898368050493026619734519705289
-0.291833013778000000000000000000,0.899164049360000000000000000000
0.363061190351666160162254405361,0.903565962140935821962135741882
0.310618593098384699154857621919,0.903660723178378896578626610008
0.180819787717308725002042673984,0.908728936413228595556559333638
-0.342828770273000000000000000000,0.911430470872000000000000000000
-0.125142595445109368104767749285,0.918449399334335062003598352575
-0.073029874416770414262105672869,0.924409163176425411767142495162
0.084107935595933292022863894863,0.924669425978477527674786066984
-0.020685732847000000000000000000,0.927832029917000000000000000000
0.031763922319138331867288014627,0.927884898012691861228807694072
0.269200728754226841439346780914,0.935828960610557842697078280627
-0.257757152184000000000000000000,0.939041105342000000000000000000
-0.206015059742000000000000000000,0.947639835425000000000000000000
0.218429708278463794285353968935,0.948964350447702035172523661572
0.167025166819839670302665072310,0.959347418575798621357163142291
-0.155375130976642811495003403522,0.961300639475767017786473727515
0.115136195158564980703352897364,0.966948050540282476413832268812
-0.101485827564000000000000000000,0.968463454593000000000000000000
0.060337591034000000000000000000,0.971900262585000000000000000000
-0.048931374942000000000000000000,0.972454874148000000000000000000
0.004679966530000000000000000000,0.973754973645000000000000000000
