0.000780424941324114890585016775,-0.973863040727881340044720007487
-0.054315472129000000000000000000,-0.972333906586000000000000000000
0.055737950171000000000000000000,-0.972253401804000000000000000000
-0.108133801961157838677463075014,-0.967841367183832046598466066752
0.109497643522426809603279377675,-0.967688016471155672734080570648
-0.192319862870980467581789317413,-0.954684713140485652664911276940
0.193449312463631395097499493018,-0.954456491761773506460838115787
-0.243268211124550118548237551745,-0.942990142374301503692008329952
0.244383788022653581582955834915,-0.942701647028657116194195329420
-0.145550076162361498209928176227,-0.931337674218973764104399260523
0.146733944206297142191039550903,-0.931000755922666904186030186105
-0.025517838026071910399476183419,-0.928686735654646439426947572330
-0.293515670713886047031203910254,-0.928578689290370117485246235636
0.026755120057027229127759183082,-0.928499576858799305365547383435
0.294614160789306078754052620317,-0.928230751171957788341909238036
-0.077684654051301161709848786199,-0.925351997139831942864448617148
0.078929430661950595386981680058,-0.925284224922652380878872353112
-0.205876758401000000000000000000,-0.901187601120000000000000000000
0.206841162468000000000000000000,-0.901037058908000000000000000000
0.370385653244436519219155621365,-0.900679909307150106918989901227
-0.373172771118890068179024227540,-0.899528717748517797170296492077
-0.257227598026000000000000000000,-0.890556435903000000000000000000
0.258243178603000000000000000000,-0.890341348660000000000000000000
-0.322866639652761493935865570538,-0.885323426055458792544755168386
0.321128369719075969721293591085,-0.883180846621550434678155797973
0.000738260811597160311700012436,-0.883159557474184873617221243351
-0.156170471275412607472560731585,-0.880154626411960720492196528883
-0.051447749073142882492245164431,-0.880140029782290467231530074508
-0.103881665074000000000000000000,-0.880115679595000000000000000000
0.105370922708000000000000000000,-0.879983837118000000000000000000
0.052916535871064286509058683247,-0.879943002180311360576845651125
0.157698114686588640617809052201,-0.879890246818849447596736302183
0.418183702434082787350669603793,-0.879506806214350232223497504502
-0.420967387631093542928307021292,-0.878177823512924255620183645356
-0.234566759861382769036514117863,-0.843382740125219308142988632593
-0.286840047192929056884122593649,-0.843358108318444530336568500083
0.235808798061000000000000000000,-0.843125827940000000000000000000
0.288080371922000000000000000000,-0.842637811666000000000000000000
0.496417048885109243926710110209,-0.837842434312707253910708273058
-0.499382581563450465149807117489,-0.836078266904401632411701394369
-0.390784361697380307564245892825,-0.835498998310523277472790423281
-0.338511095333187086538478996032,-0.835446094715104364705200939414
-0.182929992328673470598764121228,-0.835250002950980767149181982702
-0.130069825228356833229751466122,-0.834863860784753507171114587596
0.184195676992906682394119693208,-0.834830549005891403796599376986
-0.077796554065803726488782947997,-0.834815932312042713961212584187
-0.025523304843192840354782337348,-0.834748176256128830839484094582
0.079175171320979735157948478532,-0.834743652190729139589146031951
0.026749956249025962260922452393,-0.834690297442850293265987984056
0.131453688290622659453740730688,-0.834682645043052639933874825298
0.339715522303377348021699076819,-0.834323759786780995972870654018
0.391992021330473920657280364881,-0.834268625259108886051218856333
0.444270260717485942256152955061,-0.834207924858417027889569949913
-0.447202104661036973564586303972,-0.832964586540428039991548361243
-0.260780516628828617471634811076,-0.797833242801343810487239194513
0.261444797239393829805666338970,-0.797570241310873286706377964371
0.522503660315859393548345163172,-0.792543583563120259024205113792
-0.525597165638800356094046806435,-0.790853353892559204766975878218
-0.364754105836570698370524602925,-0.790167740275993840774973667715
-0.312480839472377477344757706132,-0.790114836680574928007384183849
-0.417377725807732613740136163434,-0.790034368730744447195157383424
-0.209097772623418973028717969930,-0.789997992502623540566915538424
-0.156824496077429139990765281789,-0.789956347349582069827871662961
-0.103983321086244756143823948352,-0.789564948250169720963162140600
-0.051710059911942351293936849681,-0.789507143618249924733682055814
0.053008591698941410909812247678,-0.789490947453268072278288364883
0.000563201180276451321767940060,-0.789449264804971387160185945288
0.105281852692815887648335402747,-0.789432979888339319422645686546
0.157559736351908842580482688277,-0.789372184961440499790681282762
0.313068108030634787445994178409,-0.789352519112888768027665335891
0.209833678029252479858446636647,-0.789276294780488542614873153428
0.365806027855012442282311614095,-0.789027151798628053677583468435
0.418080134941437157502573750495,-0.788968843446356419417397905862
0.470356872148236091877788008024,-0.788909074108830033003066790647
-0.473416688736386864508825992918,-0.787739673528585612346822845092
0.574416934161294297808387923021,-0.786419110212603749112645656647
-0.577445093422577301917286102574,-0.784198313719836484091659704730
0.615786239334082015061257354918,-0.754464802761290365400658375280
-0.618690875327716635184260444733,-0.752084723914179699364067605131
-0.443810191434731563577099111801,-0.744658906442803817952295141529
-0.391536937560793327453734594746,-0.744594839266310651583808714524
-0.339263683722990147761298260791,-0.744530742613529384217990827582
-0.286990417358796926735531363998,-0.744477839018110471450401343715
-0.234717143234148699623913402315,-0.744433258061584815551975000458
-0.182443329219968448781129687370,-0.744391310714163547421213467891
-0.130170079528221499523619676494,-0.744323917564807761800163411410
-0.077896785026604870387777753137,-0.744266054096102222804350573861
0.026821836630191899970657735345,-0.744249914815389166172486326115
-0.025623523890642270095249305563,-0.744208214803535528558667251587
0.079095097624066376709180890414,-0.744191947250460413316843647778
0.131368358450025256490371027737,-0.744133828461971746691663890664
0.183641564414024868549977202611,-0.744038364240516767662962962270
0.235914818283890119230732012319,-0.743974293740907269958562622469
0.497696844977000000000000000000,-0.743931495626000000000000000000
0.288184752407322627947355514334,-0.743381704587843839832948546627
0.340457997606462294093154993188,-0.743310912477234946229254198474
0.392731258742424894385683440763,-0.743253073184668251983570876200
0.445004519875700003877909155891,-0.743195231463286255973304266661
-0.499908627605914764587864317813,-0.742676669300000281327391652524
0.552960427232080123679310594699,-0.738752397660038444806996241060
-0.552016919886129703219147821739,-0.738526602937639933678625644889
0.630982885990585336276486897513,-0.704449214135645969760380225420
-0.631075246812644175859736201304,-0.701299642265179505618617565714
-0.470087671337695081407304157705,-0.699470509424081732656751521488
-0.417729585031417713998491755784,-0.699356598060032336450556136084
-0.365455819971497865640419433337,-0.699292825177910062070613253829
-0.313178075874089703405296628989,-0.699231313938040703735214003224
-0.260903308568455905352601803067,-0.699179274690604297947801197188
-0.208630034443807678240983841384,-0.699134693734078642049374853931
-0.156356767021870602567082759466,-0.699082845812667933932975040735
-0.104083505891285848198928445815,-0.699025001659984154988506143478
0.000635111559273178553640489722,-0.699008864813953307570967632413
-0.051810244755323247906399998240,-0.698967162367417460742822821204
0.052908372553147655292163644791,-0.698950897249024554715324954077
0.105181633379106535073353782114,-0.698892778460535888090145196963
0.157454839343106147132959956989,-0.698797314239080909061444268568
0.209728093212971397813714766696,-0.698733243739471411357043928768
0.261998027336403906530338268712,-0.698140654586407981231429852925
0.314271272535543572676137747566,-0.698069862475799087627735504773
0.366544535772984418745884940827,-0.698012019536469968590933940220
0.418817796908947019038413388402,-0.697954180243903274345250617946
0.471091058042222128530639103530,-0.697896338522521278334984008407
0.523318034766226187552770650925,-0.695696320921991486274904705845
-0.522368710848826897358493787247,-0.695474531256329418066770714560
0.682363634836639528104555637405,-0.694830699531456638299079606019
-0.682880803553753333287768374551,-0.694322431797089686482763280749
-0.579321066058214260557295955608,-0.693951040383862299594023590121
0.579787565515631259611011564665,-0.693888137645105315086581403592
0.718663087600272804595448788882,-0.657216248794631315057839384730
-0.719152239242685529877947463140,-0.656680963597297607090458073513
-0.443998864176387838269946016428,-0.654163433218698859493325177459
-0.391647930717842213782591822330,-0.654054892976896104463914561943
-0.339371036698236084035353733747,-0.653992921681773726577226462651
-0.287093207871557287179806623997,-0.653931459231179191210112463788
-0.234816768297731650795493858024,-0.653880382961598561128452358283
-0.182543494173083423683875896341,-0.653835802005072905230026015025
-0.130270226755966826010079138492,-0.653783949223866087172661713096
-0.025551609305407799257510202955,-0.653767812377835239755123202030
-0.077996965620004225717550690917,-0.653726109931299392926978390821
0.026721651688466677481012952114,-0.653709844812906486899480523694
0.078994912511163418630925799836,-0.653651723090455776580147380057
0.131268118480518899015464788761,-0.653556261801750934976877554644
0.183541372350384149696219598468,-0.653492191302141437272477214843
0.235811306473816658412843100484,-0.652899602149078007146863139001
0.288084551672956324558642579337,-0.652828810038469113543168790848
0.340357812806231433906389173338,-0.652770968317086986962880291504
0.392631073939506543398614888467,-0.652713126595704990952613681966
0.444904335075469143691143336041,-0.652655287303138296706930359692
0.611733835941000000000000000000,-0.652489309600000000000000000000
-0.611962815213000000000000000000,-0.652425931872000000000000000000
0.505627355580989689795509920400,-0.646507531089984613240947239314
0.558203487173925298573346887846,-0.646279055136497755617679659244
-0.559885655376384453296157353813,-0.645425150522872440120040048848
-0.507573476944264522985483747799,-0.645338733378150690364453631764
0.666857391105334942784695327047,-0.644907794064931614173492100257
-0.666865895273067930218107091675,-0.644562810738107166094115586720
0.752891974673576946008858599547,-0.617708269032369422539392112681
-0.753351699929156629946229883143,-0.617147508601220926091318537754
-0.470112974354191194600836697157,-0.608880429510973708478925701506
-0.417839719976548005597249895770,-0.608816774640698183804776488514
-0.365563147444580432177526122740,-0.608754989480759768970527770765
-0.313289536244147696850825701839,-0.608691128017110846367181136608
-0.261004974313707849805303714679,-0.608633542667573298329073459574
-0.208730224818841769820624659414,-0.608581493080098259147666823286
-0.156456950694193542709006697731,-0.608536912123572603249240480028
-0.051738330170088777068660895632,-0.608526759941717171939278771648
-0.104183683280749007105863058654,-0.608485055640658243221923630175
0.000534930823785699669862259437,-0.608468792376788419083636093311
0.052808191646482440819775107159,-0.608410670654337708764302949674
0.105081397615837921204314096084,-0.608315209365632867161033124261
0.157354651485703171885068905791,-0.608251138866023369456632784460
0.209624585609135680601692407807,-0.607658549712959939331018708618
0.261897830808275346747491886660,-0.607587757602351045727324360465
0.314171091941550456095238480661,-0.607529915880968919147035861122
0.366444353074825565587464195790,-0.607472074159586923136769251583
0.418717614210788165879992643364,-0.607414234867020228891085929309
0.470990875346750766172521090939,-0.607356395574453534645402607034
0.701907897851000000000000000000,-0.606117137425000000000000000000
-0.701917077221324779186670285449,-0.605782508789792016052708428072
0.585583640355634593082874839889,-0.601750138835756312428847830690
0.637855874853546332531630422616,-0.601417459158546451505823646752
0.531719078959617812332271604751,-0.601211624582823800189230696164
-0.638775321270438762006667336702,-0.600478609175924859417643980002
-0.586502045877210815628240316028,-0.600435541368315175820865646469
-0.533804331283656548733795079112,-0.600123255322534589765211986551
0.784951677996970249829520520544,-0.576420588085284165267900994782
-0.785380652334990875034766349874,-0.575835968047071806581110717268
-0.496343828693583220349148028469,-0.563664951455357607879684056293
-0.444031473900102807416308665248,-0.563578635846310828268880375462
-0.391754936703286223992184196181,-0.563516871144561848311389697337
-0.339481646990492044992998090832,-0.563453195816096888760482444722
-0.287208071174946570701778394042,-0.563389313980404279700468949151
-0.234915886780543649794262988632,-0.563336117941004140600762097594
-0.077925047830833558456973263369,-0.563285705651076022234224011002
-0.182638500143674251505480272489,-0.563285587319780836418427421021
-0.130365226019026024393862310806,-0.563241006363255180520001077764
-0.025651786836959081718450108300,-0.563227738086147269378581332666
0.026621473985737659431462739422,-0.563169616363696559059248189028
0.078894679955093139816001728347,-0.563074155074991717455978363615
0.131167933824958390496756538055,-0.563010084575382219751578023814
0.183437864308222280229304585467,-0.562417174424463037429230480855
0.235711109943594368936341193983,-0.562346705166232977911479930082
0.287984371076869478284087787984,-0.562288863444850851331191430739
0.340257632210144587776313503113,-0.562231021723468855320924821200
0.392530893346107188068841950687,-0.562173182430902161075241498926
0.444804154482069788361370398262,-0.562115343138335466829558176651
0.497082598725378888709282775289,-0.562060489067292721593686063885
0.559099232141327106841799556794,-0.556682708282082357000398867611
0.664446279797234699208589406667,-0.556412486765454420122623909372
0.611380085191108553821248721681,-0.556285420547586402825008141889
-0.717852161427000000000000000000,-0.555990517299000000000000000000
0.716719228223000000000000000000,-0.555979941627000000000000000000
-0.665566167351000000000000000000,-0.555590135684000000000000000000
-0.612675981389300075573776692744,-0.555187090842564624474644002695
-0.560402727537735858707873421704,-0.555123005413414281102614576999
0.814749829223046412002679590490,-0.533472161354143031070716099684
-0.815122488555779191012413804067,-0.532848523910578802014782908492
0.761878114208885030348289960276,-0.529508935404169843477469680682
-0.762534613970003728451920288848,-0.528819420893991349402255184364
-0.522942416947117719584087890563,-0.518664504269967296255500446722
-0.470262328239494833164619996561,-0.518363157790694727669638730249
-0.417946690626841025811242965659,-0.518278732350174492775493584285
-0.365673436249197836807656164273,-0.518215077479898968101344371293
-0.313400181921290918843950783035,-0.518151381779390322093770257265
-0.261120127169038459102550827060,-0.518091230657631056124011804889
-0.104106590569110575744972515521,-0.518041656373672959532301458591
-0.208825969409079156029386475024,-0.518039171170581988258343375402
-0.156542053953770307535924199573,-0.517992401613432574049269499066
-0.051833329575236099006449360452,-0.517983688808744206676658780254
0.000439931247460642143463487269,-0.517925567086293496357325636617
0.052713137216816122528002476195,-0.517830105797588654754055811204
0.104986391086681373208757285902,-0.517766035297979157049655471403
0.524432764458533889146546806496,-0.517513147849872611525367536601
0.157256320099279427805225162999,-0.517172995509884987057502959583
0.209529565910262305091388206202,-0.517102656638244273799724795013
0.261802827043537414439134800203,-0.517044814916862147219436295670
0.314076088176812523931360515331,-0.516986973195480151209169686131
0.366349349312775124223888962905,-0.516929133902913456963486363857
0.418622610448737724516417410480,-0.516871294610346762717803041582
0.470895877860697910898132082612,-0.516819436631174653777841633502
0.584876971715740361878990675299,-0.511207381811500187535339710886
0.637650722445250157023112402172,-0.511093045157111407971219088270
0.689925015052000346849268032796,-0.510768963402441955315360384801
-0.691730084141203907111195976423,-0.510334631360727972184974541994
-0.639452245586553612453779823591,-0.510292449171078025772034120573
-0.586513177073741556847739046213,-0.509837890859070903141606445754
0.842200575842293673752183315816,-0.488986729073246988884747885241
-0.842560806284903751689612246525,-0.488355424497659595623025659425
0.790036075854000000000000000000,-0.485452564469000000000000000000
0.735163402725558186218346401006,-0.484577639345243305271517077295
-0.790374105434000000000000000000,-0.484571646306000000000000000000
-0.736570048983994081705656155366,-0.483450504880275697817440959235
-0.549052866483123417723953515073,-0.473379389715623918294492315478
-0.496779364118798712795092696046,-0.473314917166359426776261550107
-0.444177544966233051559554296972,-0.473063254294558392176251939072
-0.391870525050945936384004806362,-0.472973867666226847902641601221
-0.339595481761830309672592906568,-0.472911242488508995577462217900
-0.287317288364780766572718260552,-0.472850390190992791776228746897
-0.235027975877508419317695518165,-0.472795570643097545701686667031
-0.130281842403014013695791846575,-0.472793967298936365586405817349
-0.182727367449389528333424062291,-0.472747227616325152396363277235
-0.078008581409139536957268691506,-0.472735999734007612730763139013
-0.025735320586442795807355843784,-0.472677878011556902411429995375
0.026537885382912684577183145141,-0.472582416722852060808160169963
0.078811139252777935257937954848,-0.472518346223242563103759830162
0.497968186846438723610391539113,-0.472102691877638760182105060563
0.550241458572438808242584865501,-0.472055381920306822978104031573
0.131081067069474305648629756172,-0.471925201038946486371060390963
0.183354313022990767093712545704,-0.471854968172868657105902065485
0.235627574156265876441459139705,-0.471797126451486530525613566142
0.287900835289540985933684854834,-0.471739284730104534515346956603
0.340174096425503586226213302408,-0.471681445437537840269663634329
0.392447357561466186518741749982,-0.471623606144971146023980312054
0.444720624973426372900456422115,-0.471571748165799037084018903974
0.611008097524782200940170515275,-0.465934195054609193207148820398
0.663279857210756068813547248518,-0.465533802117483995295705788110
-0.665627691460772447816185565383,-0.465044872346919333963697816702
-0.613354436042925376406475499161,-0.464982077499802611114393396805
0.867224828535802496163387120509,-0.443092459798056223915474531689
-0.867666956063000000000000000000,-0.442202977066000000000000000000
0.762769396880017616161445270865,-0.440188380938324020488114661748
0.815056260149000000000000000000,-0.439550027475000000000000000000
0.708631103630567914080566375747,-0.439538386688185584029297238721
-0.815492404123000000000000000000,-0.438713788446000000000000000000
-0.763186421485312977068221692646,-0.438449907241312989555355994242
-0.710460350710158009547744256840,-0.438164957172187367236778778939
-0.575894125452307237282689968020,-0.428523576356355626267279266528
-0.522971949811868113557454898500,-0.428077259955983039340234625077
-0.470693926996679449221936116408,-0.428014628797350133913365987813
-0.418101379390337962132316137675,-0.427758389610610747303399956008
-0.365787235928273934592797891291,-0.427673103834748210770902739379
-0.313510504188100782397692887384,-0.427611450875850000463023510243
-0.261224334674200147575143462011,-0.427555192400570042906198252665
-0.156464304531934161216114695608,-0.427550450061215281517102910342
-0.208919508772071096589938741160,-0.427509313118583556738609480496
-0.104191043538059684477591540539,-0.427492482496286528661460232006
-0.051917782715362943327678692817,-0.427434360773835818342127088368
0.000355423253992537056860296108,-0.427338899485130976738857262955
0.052628677123857787737615105815,-0.427274828985521479034456923155
0.471770485552901455877489888605,-0.426841420447311856912626390279
0.524063851084537350445714603661,-0.426809055645329888173819315596
0.576352674845536409533843250858,-0.426770709459176824986961961544
0.104898572742707494552789354173,-0.426678853174889166707183929764
0.157171822443960484674090187587,-0.426611467399262586347032988920
0.209445083577235594021836781588,-0.426553625677880459766744489576
0.261718344710510703514062496716,-0.426495783956498463756477880038
0.313991605846473303806590944291,-0.426437944663931769510794557763
0.366264866982435904099119391865,-0.426380105371365075265111235489
0.418538976179747970659521722979,-0.426327639293048954405029968139
0.636075993548757770129332380516,-0.420063749622899545743508478188
-0.638593761051429152796133922651,-0.419205733737031228493748540370
0.889750489042305110536702119935,-0.395921581134222846056686130834
-0.890787832000129515214462918616,-0.393582100100288027916117142050
0.733065016570426381177727767635,-0.393327121031208393004216647488
0.785337509023391200226396387900,-0.393037797808776021331657250237
0.680792800595652567508590965853,-0.392991543530615850823008521537
0.837605116287632261222777383891,-0.392266820478786553916964183581
-0.786313187260735288368174778965,-0.391570808701120710414992576689
-0.734039927234530421972665692109,-0.391511974994157546892352769929
-0.838582417093377413229106535036,-0.390919051173556107061676717892
-0.681795467836572821505513506045,-0.389775991875730879778121386617
-0.601133450460811013672348391510,-0.382747232593584243646634410093
-0.548860222374210513956497851983,-0.382664766973212623466505954192
-0.496586963576195777407485070704,-0.382604851966097902087930776017
-0.444313720961129632743654731109,-0.382532176807099889205035654360
-0.392018090267665960341109222604,-0.382457625779132110171661094166
-0.339706495534673565904147005469,-0.382370872590648051079581404735
-0.287417709760664797395689601211,-0.382316161339962626643280779001
-0.182656445854615729472629374476,-0.382312535563473685859349113603
-0.235111622385363676906048168299,-0.382271382577491426567231467407
-0.130381949141433784481163588543,-0.382249148617924068307453943614
-0.078104681671771449504461172450,-0.382193411422400301556146487863
-0.025831475702415969119922183525,-0.382097950133695459952876662450
0.026441778167449281560832626182,-0.382033879634085962248476322650
0.078711673786298988376006874540,-0.381437903823453649921203329259
0.130984923487551978497307707954,-0.381370518047827069561052388415
0.183258184719695292362756462804,-0.381312473167696886803993883962
0.235531445852970401710503056805,-0.381254631446314760223705384618
0.287804706986245511202728771933,-0.381196789724932764213438775080
0.340077968122208111495257219507,-0.381138950432366069967755452805
0.392351229258170711787785667082,-0.381081111139799375722072130531
0.444624495573901630702469633578,-0.381028159681142418889779890008
0.496897782886371368101769513893,-0.381003487423584680395023464992
0.549171058027953275423252159853,-0.380960115257652554387175622522
0.601444325539068952633220435064,-0.380908357324532788158683282110
0.909712657883031141501374671860,-0.347609998771950241999170550924
-0.910622977237353945408845956298,-0.345218227337754674112583734141
0.732863874097415052048427221960,-0.341054214885884374836833300618
0.785232363484677120759561161505,-0.340764610421856605139303143596
0.679552277267574433953156722512,-0.340732972204518573288590185116
0.838125078120089616279865782291,-0.339996113434926029854190246409
-0.733292769914000000000000000000,-0.339211078327000000000000000000
-0.785737205145000000000000000000,-0.339201161187000000000000000000
-0.838242834922534232740252212502,-0.338646861061398494790239184584
-0.679696901314452009675218833768,-0.337544840311510735953943914311
-0.627385378277325865642033874144,-0.337543986459166016741144691745
-0.575068373028335664216847673872,-0.337435987702151754320230088414
-0.522775480893432419778206656472,-0.337364839411976090563976175564
-0.470502238278366275114376316877,-0.337292164252978077681081053907
-0.418228981429258640833837630234,-0.337230572374256778617597716040
-0.365937349874065591652458336782,-0.337155394535031950480339759522
-0.313610927308419179456028614204,-0.337077181041810865226539804187
-0.208848559467908309788738801615,-0.337074605022381555687971100514
-0.261303413178491308590538548253,-0.337033265129687110986822788770
-0.156574939821438044011422353281,-0.337010745110847880058054761608
-0.104291580304324687662632490874,-0.336952461883507067112356575348
-0.052018374334969207278093501949,-0.336857000594802225509086749935
0.000254879534896043402661307758,-0.336792930095192727804686410135
0.052524775153745750217835556116,-0.336196954284560415477413416744
0.104798024854998740339136389530,-0.336129568508933835117262475900
0.157071285763286786185973983171,-0.336071523816261370018013283457
0.209344546671159320415003553520,-0.336013478749393156836324104430
0.261617807804434429762750147521,-0.335955637028011030256035605085
0.313891068937709539254975862649,-0.335897795306629034245768995548
0.366164330073672139547504310224,-0.335839956014062340000085673274
0.418437591209634739840032757798,-0.335782116721495645754402350999
0.470710857525365658754716724295,-0.335729165262838688922110110477
0.522984144837835396154016604610,-0.335704493005280950427353685461
0.575257419979417303475499250569,-0.335661120839348824419505842990
0.627530687490532980685467525780,-0.335609362906229058191013502579
0.874986445775987112808294813487,-0.302932158577017834431235796317
-0.875972623112801125387926760147,-0.302467305255807134067475823686
0.927053821345895859809111464539,-0.298296904923292679310012305810
0.706479024821868447494012111689,-0.295928425099122853452503040516
-0.927834494343364588337456151735,-0.295859734106277220110041489389
0.758751529780813593867448846033,-0.295641370244856812429374609130
0.811023688486286506393968860952,-0.295296987547621567329167489035
-0.759631982869598947759117288313,-0.293900874210091463231150827914
-0.811903695433728911434700843462,-0.293494376011718684567322333457
-0.707363478614366203717483357268,-0.293193316372866020640907737010
-0.653541878533082779985171633787,-0.292285455003285887937061031777
-0.601268650769222608049317820387,-0.292202785057714927314290106686
-0.548983512318574180612853893181,-0.292136128795918456355223411938
-0.496708363650515477483621630479,-0.292054767972876318983057219806
-0.444435121035449332819791290884,-0.291982092813878306100162098149
-0.392153760862644149780259169162,-0.291925163783507844981003837321
-0.339841781647811205204339945517,-0.291861702986194764627298158974
-0.235040350261035941473229181569,-0.291836487574577240107562421877
-0.287495169341820331900629696909,-0.291795127632073233894694710433
-0.182767061256745808635942216988,-0.291772810066404040147061755402
-0.130483721818596622356490526195,-0.291714547496693705746829853000
-0.078210515849241141971951537270,-0.291619086207988864143560027587
-0.025937234080331567905808126277,-0.291554999555220952852776218977
0.026332661538518138909366122080,-0.290959023744588640525503225585
0.078605911239771129030666955494,-0.290891637968962060165352284742
0.130879614875341851202228751123,-0.290827826410168568508770677359
0.654457435044826994226322914956,-0.290804815800833338354926357979
0.183152875783629897049066344763,-0.290769781717496103409521484916
0.235426136691502431278095915113,-0.290711736650627890227832305889
0.287699551972390669073903205366,-0.290653978610382282850918026053
0.339972866434598035387545974204,-0.290596172659050464376770221317
0.392246241532121930327244972291,-0.290538398978504631429650789673
0.444523332079062588049040567953,-0.290482764645937608402068964881
0.496799923654875395060391424437,-0.290431728208824579019323552423
0.549073288292829747967478437688,-0.290407100486979988157440824396
0.601346912425931510518678567455,-0.290363929325353381654047273656
0.889656641620385546513837586005,-0.252759630944265490273804088651
-0.890373496226059311788049999537,-0.252216812434859197747786174163
0.731849280262466309045291663735,-0.250224515922214175998309660581
0.784589364969120522910010150273,-0.250200161546647751064568061894
0.837103213180764082498771391440,-0.249994056440656348057997450047
-0.838233289288000000000000000000,-0.248334487683000000000000000000
-0.785601858747448281381454092976,-0.248320151479353715784126573149
0.941724017190294293514654237056,-0.248124377290540335152580598145
-0.681044903879754105428593294019,-0.247832324945294951951822167377
-0.733330900990515486425915826292,-0.247826035758849004631588172324
-0.627507265232677819070793110817,-0.246956699389760826982155031472
-0.575183790059461124445324039696,-0.246902926151481629349283430210
-0.522910558524961318122274851978,-0.246822675837602864064926347561
-0.470637320232273272347385665945,-0.246746955509059083693678691577
-0.418351938656858389841682921496,-0.246681267521424024644601088832
-0.366058590136529857500665500074,-0.246631243220729772560846890270
-0.261232106424364964783320330225,-0.246598350076963363015434343541
-0.313726023681212357648941028222,-0.246579649576457133295453065220
-0.208958852049873440320432596942,-0.246534692618599724566653076765
-0.156675835433824233664959960231,-0.246476616956721930794919661842
-0.104402629464468753280420971306,-0.246381155668017089191649836429
-0.052129375594603502599666161598,-0.246317085168407591487249496628
0.000140520024246204215508086759,-0.245721109357775279159976503237
0.052413769725499194336808920173,-0.245653723582148698799825562393
-0.942372794606269731258303738644,-0.245648828909916590576784169640
0.104687404632047274229335182039,-0.245589840238618528104320176454
0.156960951184746616649212370849,-0.245525938243249662193465307707
0.209234212093034662496049964489,-0.245467893550577197094216115264
0.261507473000907196725079534839,-0.245409848483708983912526936238
0.313780805696595229627111481564,-0.245352042897369220066137200010
0.366054452965548658944773765742,-0.245294428551336050300744821426
0.418336343804712775483257344033,-0.245241558707045821499098333258
0.470617327214528898532727323824,-0.245188166810847349797806713413
0.522898379774536890245817272201,-0.245139700617399550518020787043
0.627554408408935494836824505677,-0.245134908448563083370508887509
0.575171726740609972624849472241,-0.245115062712557323585437231117
0.679827690485424855777602467002,-0.245100906623924660900732978044
0.865753549547496624307581047009,-0.206271574795107162781220880824
0.758198480384485751198401088676,-0.205077901119971547260363977120
0.810663407132056439081848741448,-0.204894074754057257605209391985
-0.866526737580000000000000000000,-0.204371922816000000000000000000
-0.811917001673789708714302967728,-0.203153676877736584953266582994
-0.759642904055914060895597741647,-0.202657731940144912882106994409
-0.707182457604513004124207889732,-0.202562848910579851245101274320
-0.654909305905167142265639567182,-0.202441248789373285841104305885
-0.601392037043407116784111066118,-0.201674340442874860967443453355
-0.549118811433244539299846261136,-0.201590319723133563405192823767
-0.496845577910313994453837168301,-0.201511375252314409534803994154
-0.444553698760819634378296237442,-0.201446383039097676253261060410
-0.392254599372115538881353486959,-0.201388596398721180491435354251
-0.287462960763756990531631661538,-0.201382872021347262416192698327
-0.339936920797259081642359885248,-0.201352599622427231481603494665
-0.235174713418340768784096390549,-0.201282685623025319369197216723
-0.182867626226951865349450340185,-0.201238499508917615214510983204
-0.130594420257596384964911351260,-0.201143038220212773611241157792
-0.078321166387731134284156541553,-0.201078967720603275906840817991
-0.026051270768881427468982293195,-0.200482991909970963579567824600
0.026221978932371562652318540219,-0.200415606134344383219416883756
0.078495233258117969993120326501,-0.200351908660790641223545289909
0.130768835585634076625439766290,-0.200288006560658131042634774742
0.183042089455499895418053834842,-0.200223936061512139253342602512
0.235320507618671916771374735728,-0.200168860879653412957586334891
0.287593768526544451000404306077,-0.200110815812785199775897155865
0.339867029654147107881412151524,-0.200052968965268453913844986235
0.392149314339824553909164323832,-0.200000329763197803833611300259
0.706176890607444297930711891944,-0.199954291821682032162787294582
0.444430248971549221429976844074,-0.199946909041589208688294648983
0.496715754710216514362608817211,-0.199896122725548668524605701180
0.601379210634364109106750311542,-0.199886034830776356194675539990
0.921643208497937965871891456283,-0.199861987198116512348324408529
0.549001470552987913147585689128,-0.199850343954004034936780972627
0.653661603003268277813234687482,-0.199847917318814313847691540223
-0.921720397390037503052464548189,-0.197628253482343193704510986646
0.959911877097270526323005208385,-0.164252912809601992823500083161
-0.960244694941952144784742542935,-0.162295893338930099615476855208
0.784120204250818190718936240070,-0.159684494032929558846069036993
0.836405129461826473129137847839,-0.159398350705864317264535329071
0.888678317169805118655262920352,-0.159293364903334373356780868356
-0.836783240961078863292667863326,-0.157173601639873174356645206124
-0.889055323437978043821762102339,-0.156817836688603029329139485015
-0.784512284436601796391834954343,-0.156679355558926680905440754377
-0.732172933118726830720252370957,-0.156650178450827874453022158089
-0.679899781419380968861684048406,-0.156528578329621309049025189654
-0.627626203491621723832288512624,-0.156460784003022956678177450267
-0.575345404558411658618283288382,-0.156352490178748596585237265684
-0.523054859090489938074163806813,-0.156278427647797318944344008502
-0.470763071870993507381754026028,-0.156210160545850820764311902576
-0.313673857879803714525050518564,-0.156155822067317360602343127773
-0.418457173366935731718331550200,-0.156153242967573873412353694211
-0.366126898929117781330806067500,-0.156113432735479968518821482945
-0.261400644774132715717209572469,-0.156064351955213196098419345974
-0.209059403134583901485597785848,-0.156000374021745450211411351848
-0.156786197165228421101058796923,-0.155904912733040608608141526436
-0.104512943295363170420303987215,-0.155840842233431110903741186635
-0.052243066375149072379151165091,-0.155243228714530999442838002963
0.000030185423717775269244464919,-0.155177490258765038502873730773
0.052303439745640495226981670329,-0.155113789647384175598999019981
0.104576694071386902567783456611,-0.155050092173830433603127426133
0.156849947901728812507239313780,-0.154985989436389215122708161319
0.209133608300332752497629220651,-0.154927911737714862882633846853
0.261406869207740920587607086011,-0.154869866252657022025040590087
0.313680130115613454816636656361,-0.154811821185788808843351411061
0.365962132236221004374222161909,-0.154759009142756325967298928926
0.418243305710977026172281822704,-0.154705729759505057487388860301
0.470528762434656311651671663690,-0.154654914493012298249033250476
0.575214116452352901138602322461,-0.154624307535511572746095100183
0.522818193748635972751365393501,-0.154606390429829603661722990234
0.627487403757302805621207664912,-0.154599619350771326653878681084
0.679825331553817327172584825771,-0.154593564119309990830426991192
0.732098614473776737451247043338,-0.154560884734640043748492354456
0.810014937923792600319908499915,-0.114275684940661703389977426563
0.915095901660781157699132453784,-0.114185261346170501072970439875
0.862823609591699435524012796730,-0.113861753978528425223540249718
0.967342356996854881990508964248,-0.112510424044234555382852460471
-0.915297374834541612294036196965,-0.111563453568586751328019627907
-0.862975501280323014370142059033,-0.111515076823475735067748882669
-0.810702261789456167233178217494,-0.111440188220996180718220775339
-0.758367834358667123511742283384,-0.111413862020308499901040256767
-0.706094682659321261653173960833,-0.111292261899101934497043288332
-0.653821433239962762457697485082,-0.111224657802784155693016506333
-0.601548243336195442138591521632,-0.111120771052036498393975722337
-0.549264243554595854517866813663,-0.111050501084831976215783434810
-0.496969813204344338138079044600,-0.110978675371543300451502812775
-0.444659373675625532523056473351,-0.110921153980267541793926408056
-0.339863836011662414213496700816,-0.110916655180370097639561116053
-0.392326462743425096263486072535,-0.110879816573245698661835689182
-0.287590622935326189969639448321,-0.110825168305605506729769718486
-0.235285334490375848418710967768,-0.110782040353933326940633481099
-0.183012178163976535942778489381,-0.110662445838498247028927915800
-0.130705056910590781728773421251,-0.110602911693459335951830995477
-0.967569687846351551822068505204,-0.110538365827245376982455501425
-0.078435218710998249368820038453,-0.110001921044014677759932499031
-0.026161962750300697123336353077,-0.109939579727855640418721703041
0.026111291070603659824554193502,-0.109875469294924144508106566477
0.078384545392526379782291398912,-0.109811768683543281604231855685
0.130657799718272787123093185193,-0.109748071209989539608360261838
0.182941494678106394644634896912,-0.109689981201795261902941643399
0.235215068555894580482810062284,-0.109626094929667844300624887152
0.287489214502904780887716385526,-0.109568558996948095210513859763
0.339773959533295883022784029338,-0.109517127881901721738465436277
0.392054341706429720907411466255,-0.109463382641569114936130444144
0.444339413364712094285827273666,-0.109412349001418864312501855221
0.496626974531978068441743209042,-0.109362746290380279348686391438
0.548900235669610526264871903932,-0.109304908506995902180860006201
0.601173502460274208763866148302,-0.109252427992516640165124569310
0.653446789765224113246471490754,-0.109227739807776394072908150212
0.705720065226791736773557085616,-0.109184755027042135374335380762
0.757993348146751147052219303183,-0.109152075642372188292400744026
0.836065667573226074737369624714,-0.068956189578241456071131700518
-0.889178281649605534433826501857,-0.066283323860635070713008215688
-0.836903736967090799170457708290,-0.066207679185037332533684718795
-0.784557811711521494353085546534,-0.066174694682377999713820277729
-0.732284660012175632494517223983,-0.066053094561171434309823309294
-0.680011410592817133299040748232,-0.065985490464853655505796527295
0.894908309560718874906002791887,-0.065967439948125094073835901116
-0.627738220689049812979934784782,-0.065881603714105998206755743299
-0.575464966790666203897127045977,-0.065817556486020526564227673570
-0.523180167734081984121336954600,-0.065750190227598487738783070477
-0.470864361214584319130908486111,-0.065690679704008649870602080498
-0.366061672169063354757734686934,-0.065682038393640506303667138119
-0.418528663052114897068210995686,-0.065647727585939367043408403026
-0.313788384423820272490351678467,-0.065581905798568474250531728980
-0.261475298131845225315341970440,-0.065542865078174654991370094059
-0.209202143164310215598448133721,-0.065422678088976347720052294380
-0.156910131111711502834882348755,-0.065372487626399564272334544538
-0.104640569784375352663527677142,-0.064747880693882983989413340731
-0.052367306190521031514885076499,-0.064692307141476844284235000228
-0.000092982490115750267483146351,-0.064630580143155139140216298721
0.052183220585728640918752648970,-0.064568166720938816982351314624
0.104458642145240675167794148927,-0.064505713307882993898861022420
0.156749353162086951570524987347,-0.064452066815993684290388157014
0.209022954933668222629815738546,-0.064388164393748243320932683698
0.261302315074143042839934970929,-0.064327609918925640727623440931
0.947154830689916206540231381282,-0.064292575100311709121854746635
0.313584659846600612293475598543,-0.064274796650610755773295313771
0.365857920753866939680383808807,-0.064216751037817434485563140603
0.418131181883743679759052967811,-0.064158906245310796455021536941
0.470404443030415738473679563388,-0.064101076632412367925169756314
0.522677704181411542859204333841,-0.064043250927960032029840665393
0.574950965319044000682333028730,-0.063985413144575654862014280156
0.627224232109707683181327273101,-0.063932932630096392846278843265
0.679497519414657587663932615552,-0.063908244445356146754062424166
0.731770794876225211191018210415,-0.063865259664621888055489654717
0.784044077796184621469680427981,-0.063832580279951940973555017981
-0.947526684418307904794075622334,-0.062260263246927110806815202779
0.863296522473473226102858597238,-0.024335816243026203517272251493
-0.915372138066128678990466661007,-0.021046402422468305196973133458
-0.863098898575682065366147989019,-0.020971513526660750317054495223
-0.810759286889156126290365037331,-0.020942185646419151529284221185
-0.758486135189810264431796714780,-0.020820585525212586125287252749
-0.706206582167307469367432340817,-0.020749330577487927604108068516
-0.653933405116871295715184066731,-0.020639166036661265957033361884
-0.601660147958977055581081799798,-0.020577836786207627048993459446
-0.549380890970152333500597186913,-0.020517245628787038087227309237
-0.497073746206200522013666457727,-0.020462753446733201474488231345
-0.392265328999278542299156127171,-0.020450793176461048610736925992
-0.444733612823498540958952258310,-0.020417231428462131974128985333
-0.339988951010545894667322238491,-0.020341092828375055573945681951
-0.287665617225174456406850329370,-0.020303895583259135425443181699
-0.235392465609597807730140455543,-0.020182259456886165292693075764
-0.183099582579627757250806465986,-0.020133015845863026230627356418
-0.130830130960861846720735328789,-0.019499294577644614546431842581
-0.078556863627943464382986424495,-0.019447356984799665860183040614
-0.026283600034089143234343823852,-0.019391783432393526155004700111
0.025991071501721218471973253385,-0.019330256716900923122306160195
0.078266768224683076214011770031,-0.019267551739034905518421475383
0.973673177735868234847522364356,-0.019245106302134491774294899775
0.130557559096510276779840117955,-0.019213951262859454538606010922
0.811274921423899014798585238636,-0.019212200065354160883367441566
0.182830813417648779555705828981,-0.019150250007946665708379197313
0.235110201451916684986940647190,-0.019089679383006039747931237477
0.287397760417710032219271969222,-0.019033847572514070537994618620
0.339671021324976524741062805443,-0.018975801959869462277829077487
0.391944353335416388234914034525,-0.018917797293381150983575359154
0.444217723462850456537416617168,-0.018860015269771053890221688008
0.921401751857483894910864586027,-0.018803278493056619343448356795
0.496490984609522515252043212745,-0.018802185656872625360369907380
0.548764245760518319637567983198,-0.018744359952420289465040816460
0.601042149255633123965750700565,-0.018689195907819820917303734535
0.653324614942058788442599596288,-0.018642015315727341604956157030
0.705597901051160966627632466648,-0.018614913134119989099622171633
0.757878719424213382233611739891,-0.018578689348811271665104636520
-0.973714616180469215372101084793,-0.017019911732016382702590723150
0.888238401224467611980396492457,0.021603272336776915497072488126
-0.941560069828289989568492123466,0.024193949092442422907251346171
-0.889286830337843375944173451478,0.024268837988249977787169984406
-0.836954448497747392486055318059,0.024293980011957430687346002387
-0.784681316914073260530680718886,0.024423940037321209735147020989
-0.732408057344942101304711831614,0.024483178458470920580427988029
-0.680134964858570910974019312229,0.024628013135211070173470234791
-0.627861687215990840690264069824,0.024668258309346445019971959363
-0.575572984917649951495201071922,0.024720696298512895872796453330
-0.523274469442270871392926690041,0.024770191152078248177067529895
-0.418460701723137846910040966914,0.024785250229548617266703484583
-0.470941798937947486257406297513,0.024811389551650760607015674487
-0.366180143703453871376650804262,0.024898148011203696939277708922
-0.313859456781830516636310734702,0.024933035617392206578964399895
-0.261586316710062482516004692079,0.025059535457793771735892667940
-0.209288648984765598509108215872,0.025106678848062386300971105184
-0.157019347748733613775283442600,0.025752684629188104809506915051
-0.104746076969024877981278929053,0.025801028848609601471478295945
-0.052472809636106495643530024759,0.025852966441454550157727097911
-0.000199546042252174494887424116,0.025908539993860689862905438414
0.052074561768112460183888222647,0.025970391299384406471742291512
0.104365765030933601989155248563,0.026024164290274775213176135170
0.156639019352072104765020959589,0.026087865545187564043402948779
0.208918059935897241912830737625,0.026148235002795537864622248908
0.261205646795483674366277645483,0.026204082963405530441697584834
0.313484121896214816494046887964,0.026265147118153009454691706687
0.365757382803481309015837724184,0.026323192730797617714857247820
0.418030643710747801537628560405,0.026381238343442225975022788953
0.470303904831437010870817799116,0.026439091437953440475171481902
0.522577165987293759500948011727,0.026496912748044037682072868507
0.574850427138289563886472782180,0.026554738452496373577401959428
0.627123688276677863736614668729,0.026612575552753585827325077265
0.679396955072460094702956857839,0.026665050968650068006987654717
0.731670240906621212764785366105,0.026692678353491928158949805535
0.836216811518399022144379336835,0.026726882355675811528419296121
0.783943518708913518809427550542,0.026732715544665578745452697771
0.970761145741287085938892820918,0.032947012306280307392916160613
0.925096825082817286649808343021,0.058670154669265334508553358232
-0.971555551166050937736957586660,0.067004792047099801342911799723
-0.863142380259908703064080780518,0.069534331526868158791570482015
-0.810869248676234571108706181345,0.069664291552231937839371500618
-0.758595989107103411882737294072,0.069723529973381648684652467658
-0.706323088347901851254334948955,0.069926067355036303404462115793
-0.654049795438643053149007365830,0.069930924837560841073887039756
-0.601762730822473872062008377305,0.069959997626153459899786383893
-0.549466563389768489387530575049,0.070008133079378182137091292462
-0.444665860577887027623130885848,0.070015625250873205265731076380
-0.497143759050145599457545069478,0.070043617679956375349852569679
-0.392375587868430927201246919686,0.070134150046881785091625539575
-0.340048559934799825195339912237,0.070172709038134709083257777523
-0.287775430435365824029898411846,0.070303504709719924582750166758
-0.235478284825480575448375307149,0.070346043893374860711228033328
-0.183209126905606446650816299124,0.071003543337908659472675661833
-0.130935857482342372063368473337,0.071053332645473434403555366758
-0.078662586702633636269363959790,0.071101676864894931065526747652
-0.026389319369715253931615055496,0.071153614457739879751775549619
0.025883944224139067217027545146,0.071209188010146019456953890121
0.078173615924283601477367384583,0.071262074281202917083920318499
0.130446869743866237036616505799,0.071326185791807636822773705151
0.182726265870320567122145868233,0.071386350555929767616404395000
0.235013505279464231292167735918,0.071441997349207108054251071219
0.287292008273988458641052564225,0.071503077654072610434383910141
0.339570483374719600768821806705,0.071564141808820089447378031994
0.391843744281986093290612642926,0.071622187421464697707543573127
-0.918863879285000000000000000000,0.071653517436000000000000000000
0.444117005189252585812403479147,0.071680233034109305967709114260
0.496390266289721254451052552274,0.071738104396040148435954986116
0.548663527465781041487396129006,0.071795907438721196728899612093
0.600936788616776845872920899459,0.071853733143173532624228703014
0.653210049755165145723062786008,0.071911570243430744874151820851
0.705483316550947376689404975118,0.071964045659327227053814398303
0.757756602266670938746610768365,0.071991896236226517216569393424
0.862303173048942537967700843932,0.072025877016375313363328424368
0.810029880239457034632749057639,0.072031710205365080580361826018
0.970127818702562906513281022665,0.085216468703246245979979280596
0.902283056637419878918997665690,0.105702368570931628096236388381
-0.889277658707526946065666856033,0.114805121178008152784348992036
-0.837004527123852814110292256860,0.114935081203371931832150010638
-0.784731267554721654884323369587,0.114994319624521642677430977678
-0.732458366795520094255921024470,0.115196857006176297397240625813
-0.680185077167918821634180461152,0.115216005928230080650903878556
-0.627911784478647972666288155346,0.115222831917201015977115358780
-0.470869113752456308214174495734,0.115247104314040347463572441773
-0.575638502998216536145700637390,0.115257738075488931808010873717
-0.523335852997643217452148954486,0.115281559607256309309876332245
-0.418570599661708627182181331508,0.115370402459325776509039767838
-0.366243905255185485051859826296,0.115408768312988124724730134429
-0.313970805128836018158513892272,0.115550818842539989151325016097
-0.261663675222773080177292083974,0.115587866413181510274885480564
-0.209394629265747527082630884287,0.116254207102809045470555564061
-0.157121357730491842671005365753,0.116301727348288622074726534975
-0.104848088307227768083557539967,0.116351516655853397005606239901
-0.052574817527519032289553026420,0.116399860875274893667577620795
-0.000301550194600649951804122126,0.116451798468119842353826422762
0.051982998380310208510506707082,0.116500870991964530069131917108
0.104256249551745884611504834413,0.116567106483216071666943587955
0.156534471749164937384259517757,0.116624466076885102942102079351
0.208821711213887556501482866527,0.116680112902341337806033217311
0.261099866757969015566942654660,0.116740992039874188046937396526
0.313378369752493242915827482967,0.116802072344739690427070235448
0.365656844853224385043596725447,0.116863136499487169440064357301
0.417930105760490877565387561668,0.116921182112131777700229898434
0.470203366667757370087178397888,0.116979227724776385960395439567
0.522476627749865890877272552196,0.117037115668437694981177143264
0.574749888944258876923424354743,0.117094902129403795766848911503
0.627023150095254681308949125196,0.117152727833856131662178002424
0.679300717972461201344449034004,0.117208084536997309329254646738
0.731586219359047035130590309161,0.117253510661281109515461278978
0.783859503568474531307486796822,0.117284057882441189044999151779
0.836170802403803182901455086334,0.117299241213471750943467668550
-0.966560691869586941516282623344,0.119038901588638319051032902802
0.964157834498813284041263538287,0.137147735429364939829151447146
-0.925996967170355863400213497345,0.152009819284348476490937037757
0.914128807346762044242030413371,0.156615779037177377364415897846
-0.810919199316882965462348832046,0.160234671139432370781655457307
-0.758646361274255900834869652680,0.160452795282028571272754968318
-0.497059107403680865456549453662,0.160486262216471732149967639963
-0.706373086388122987916331875405,0.160496474236786174491001147583
-0.601805373358258110243046857557,0.160510274697573227505582667121
-0.654099796760521715294591312087,0.160515623158839957744664400326
-0.549507792606091264210319016827,0.160531164603367058980795913500
-0.444753319201981537604980290540,0.160613770731899313218136003435
-0.392437241779748899745661454136,0.160645990783905531756310639131
-0.340161673519732362887780259217,0.160798861200091566649169487776
-0.287849296626360929672830295930,0.160829555228700593632840051087
-0.235580562346107209678047873367,0.161519911595030514878397965535
-0.183307279452200149509667196291,0.161552632625976097610598289702
-0.131034007916944465098041677757,0.161600152871455674214769260617
-0.078760738493680390510593851970,0.161649942179020449145648965543
-0.026485919919600232782938113309,0.161697394988908842757793960634
0.025798238264201174277931581968,0.161743058304628008463034459635
0.078071486225675496207700785997,0.161811780430055439623990682705
0.130345692069956036089081061437,0.161864326754015371197391404883
0.182630051036090580640650970979,0.161918305973054349029047319171
0.234908157162308754969938071113,0.161979156498977751957809576236
0.287186228236473799841717573402,0.162039986730541268039623721833
0.339464731230998027190602401708,0.162101067035406770419756560755
0.391743202875626116466865981743,0.162162133180422382454156089068
0.444016463782892608988656817964,0.162220178793066990714321630201
0.496289724690159101510447654184,0.162278224405711598974487171334
0.548562985731036941587344399050,0.162336149569031249747122724377
0.600836246965763149963425243487,0.162393899533298370598476559144
0.653109508117558638858594319736,0.162451724514847649770410183798
0.705382769256551083541946904626,0.162509561069075244945147486425
0.757656036059865437380176556433,0.162562028981328086455869964714
0.809929319598377910338339501822,0.162593703491324783462422618139
0.862202600398709913501754946251,0.162629613684086555468334552267
-0.875417099238719886004001353089,0.165207324169385082933028699692
0.955409980989376336214393844875,0.188683860954570405089830704544
-0.953891021297725549065609021292,0.196218629712945996273216577206
-0.840011504358163875500152493803,0.203664326474898296674480197808
-0.523230420361772312618162898179,0.205736229655376451459766359586
-0.732582676367307187678258822123,0.205764841188648109680721691943
-0.784907700469602854616085401414,0.205766738595593003846271644711
-0.627947955651706245534938026177,0.205776846980026806845272151294
-0.575674662966132838307665236994,0.205783701225451354678367706905
-0.680292229061674474348392031159,0.205798638161810103857289723691
-0.470927344202786073657271738650,0.205862169492845116694612283861
-0.418618742365619214999026064106,0.205890064453772781630343790111
-0.366340789687691772163853861383,0.206044314583130937748061419613
-0.314032040392342036956294171310,0.206072909481643423825913552407
-0.261763492620255486299887735474,0.206777245317313240200137612593
-0.209490214307433702444601948583,0.206816610309100043535927355900
-0.157216931413526642276221271507,0.206849331340045626268127680067
-0.104943659878270957864595752973,0.206896851585525202872298650982
-0.052664422923956184085630776326,0.206943203144175879034176390979
-0.000383375441477660753781719626,0.206987066514985684471565714751
0.051889869594361240146764165576,0.207057979105167688849856440963
0.104163138995762000813509329518,0.207107791361506640217759003576
0.156441761597724860339808396900,0.207158450440824178231643367510
0.208722531242256862680079211623,0.207220842700393909013150745123
0.260999384539637287456979588934,0.207280968067927799560833531146
0.313273293019283679882199838945,0.207339388617603563604731608139
0.365551089253399758613871658004,0.207400063716341983433848292522
0.417829564354130900741640900485,0.207461127871089462446842414375
0.470102825261397393263431736705,0.207519173483734070707007955508
0.522376085713583802915325084576,0.207577627484340461418554478402
0.574649347169647683109826696484,0.207635176752701793728313552911
0.626922608215829056555908149614,0.207693097129769279178114184503
0.679195869591683526263205563358,0.207750719208036983816660058265
0.731469130730675970946558148248,0.207808555762264578991397360892
0.783742397533990324784787800055,0.207861023674517420502119839181
0.836015680851861466236707320342,0.207893060245452001774509970514
0.888288961899675227470366553217,0.207928608361819275638490067314
-0.901793055181000000000000000000,0.210665058450000000000000000000
0.932572168056340950000803942924,0.235704404077847748480559218925
-0.941988398254429285934572394020,0.247118774505092662820094306332
-0.863128272904712711354249864964,0.250548355601431278981241377116
-0.549411608876962554850531998321,0.250980483910523294095018959892
-0.654038542106164532912297531293,0.251073408368665794237295802562
-0.601765249420591125685024742109,0.251080262614090342070391358172
-0.758585085377094643599426862713,0.251112078159162936768969066111
-0.497092333660552756969525749607,0.251115793677514137967713858035
-0.706311797730183124676960397541,0.251136031354152620786679663571
-0.444792343617863878300758442658,0.251138708330255966348945938763
-0.810858369005056377838354763425,0.251143604703063725792944281252
-0.392513303746814621902531359134,0.251293587317588442930287098437
-0.340211156560301446232367773475,0.251318362864682794924805484244
-0.287942991052750679679041080591,0.252050516979321874870187296512
-0.235669702316344733620163525083,0.252071961154238807627359646997
-0.183396424003522949764877738192,0.252111326146025610963149390303
-0.131123141109615889596497061116,0.252144047176971193695349714471
-0.078844176922126841363482476913,0.252188287471288919587785055521
-0.026561878445833612056474382643,0.252232874670252720747948145097
0.025711366590005288844071502559,0.252303787260434725126238871308
0.077984645616012000593980088894,0.252353605085415817223260425310
0.130258888136575958956344398187,0.252401729637736587335985171873
0.182534762562529698687208779896,0.252461288617177306771404209255
0.234812812682631211499162727381,0.252522106753311923868070703367
0.287086571888968102771265696416,0.252580440899965280133469243562
0.339360777243588919418068790746,0.252639037312137243669862338885
0.391639662135351811408665272219,0.252700338705752490975763099857
0.443916257222114174406270819075,0.252760314378900422065619409530
0.496190240070000000000000000000,0.252821147159000000000000000000
0.548463788098000000000000000000,0.252879748025000000000000000000
0.600737109745000000000000000000,0.252937420780000000000000000000
0.653010398006000000000000000000,0.252999473301000000000000000000
0.705284073651350818072777514600,0.253050571200624377060503824858
0.757558145290064229705775373699,0.253106022518059323715610867199
0.810362566982000000000000000000,0.253440371940000000000000000000
0.883550999525000000000000000000,0.260035561912000000000000000000
-0.904047560283401030533910457642,0.283076944497856242734590458290
0.930326008537877876503492078728,0.287929416692397879870811111872
0.843620901393000000000000000000,0.293808496222000000000000000000
-0.575502195331420842227891503436,0.296277045299162281487042611160
-0.837233872102000000000000000000,0.296331520952000000000000000000
-0.627932016135171478341883154990,0.296360784942035196753355963337
-0.523229015273120375397540177612,0.296385773238538598120932418423
-0.470955722674825200093740239241,0.296393263587092380349338417380
-0.732478057175199088125720878787,0.296399165210967590639699976012
-0.784759134332332335869496889610,0.296435183662848090841037046302
-0.418682648876216700953129955491,0.296544692836354968412368728520
-0.680204975080028926798774629041,0.296547702896096024452058260833
-0.366383670619424295971045271226,0.296567635599140300107031163068
-0.314115932987760353135245362949,0.297329723546718232052833824079
-0.261842641168843599232874909229,0.297341453281301041053492869560
-0.209569352432437653173997353720,0.297362897456217973810665220045
-0.157295249568680184568268589077,0.297401787264170710652860088421
-0.105021966674773124399887912000,0.297434508295116293385060412589
-0.052741632444004269334326083230,0.297477958997365761301556809639
-0.000468423646123187188522136110,0.297571858653544299242302638937
0.051804862611611059467250847026,0.297598672628903717838066926694
0.104080333319392552353013921601,0.297647507814888387469559137103
0.156353655285791617856727487141,0.297705589881935887744089061219
0.208627772922024649720420039963,0.297764132215350602034348936613
0.260901390733458834358676844537,0.297822384525603921693014965225
0.313175043477290060831430184942,0.297880661092598731558515854352
0.365448698835003438878008801831,0.297938935242030086934687183430
0.417737706393260798400242363346,0.298006094863642232262507486899
0.470015531736000000000000000000,0.298069237387000000000000000000
0.522289893086396429856239628246,0.298129272506061289328407437118
0.574563154090173196304504412591,0.298187231140739999725398888989
0.626836400994096642579366799309,0.298256753034848655404028342675
0.679109677254502830827283458714,0.298298755124766279789929231460
0.731400091659264305919147436869,0.298386431897231490216001652555
0.783673551811403816958401885844,0.298388278616861163064027856826
-0.914704999807997704916409898992,0.334252291667678815692307825687
0.913536418284827291622266862676,0.337433020948118204279299231452
-0.601644874020251893061439936966,0.341543561910724534826964997747
-0.497098855806103563186053069263,0.341659517742396176448255220953
-0.653917832965109341518331411017,0.341730479864785362525667295244
-0.549372044896353718856654040182,0.341763813031142693447866537651
-0.758448379136365266710759111950,0.341764786031206260757871478545
-0.392553015748826375021643867584,0.341818741117906825589112793151
-0.810721593395509721362142581235,0.341855594565383835896769293699
-0.862994863488765678655833842203,0.341904675415161917961110220827
-0.444826211052206570167753170806,0.341919874430783071946605681558
-0.288012560409490363806541154660,0.342618917790073069935507702780
-0.340285853542874786152503435471,0.342619322225008695199868126894
-0.235739268590573609904170700940,0.342630647524655878936166748262
-0.183465979854167663845293145431,0.342652091699572811693339098746
-0.706182805595680619757379331840,0.342663116502462553953860079306
-0.131192710690875586130499303883,0.342702153204945525218373135524
-0.078919422196650552370731518317,0.342724179821193135098832166707
-0.026646267247529298046064319083,0.342844374818854152564067562030
0.025627021569695161454519169390,0.342865621073556680856789693845
0.077900307827429408110292152526,0.342892435048916099452553981602
0.130173568733448831316791426228,0.342950481784604226482213798597
0.182446829639627570170707720029,0.343008528376822465034374865652
0.234720090546704328059625934929,0.343066574160333275196343339773
0.286993351449299464941498731735,0.343124623979637664048593089035
0.339266612356261181924053173460,0.343182669866748728752860552615
0.391539873265830879890525839224,0.343240713405193327693884682884
0.443813085966890291496260260078,0.343332414452644435852712476250
0.496086346510321973428022601904,0.343390786798932021102217936315
0.548359601879071748376021320755,0.343453622503554844605565824650
0.600632877667504145742603875662,0.343496207932869837628735226766
0.705178987437499620256394167394,0.343607564883520730192030090824
0.652905775256450814681464736869,0.343699561879957525286330733733
0.809713127448605430387217178527,0.343714183746342679075737254582
0.757445236578618858949285248364,0.344465688354097698187644543816
0.861943259651562735668121787698,0.345837969336722481335903627127
-0.895401414400184410685879916560,0.382970153209089310997530298933
-0.627403370621989228466824083219,0.387029790903581139410285616139
-0.522787949815002694325596868649,0.387184979015998285706815380405
-0.575130541498091054262038186435,0.387250042023999298031187156043
-0.418171918020938161570467448873,0.387383738885319128596102532682
-0.470515305061105701307296970193,0.387445335704385181205165841010
0.893418869135469420576019918714,0.387572645360251239158108786750
-0.313631462681602150355364735949,0.388183915557485372942497442311
-0.365904755814986572701327016760,0.388184319992420998206857866425
-0.261358170862685396452994282228,0.388195645292068181943156487793
-0.209066720606650979333093541445,0.388227296011747240192131633815
-0.156787554709135898249449501868,0.388280669359524613668930302504
-0.104471883798609392841590152841,0.388326470128289791545927338716
-0.052198728849488138516922953606,0.388446665125950809011162734039
0.000079126327878079813316838950,0.388470469761886332372930515562
0.052399608085257363460079008421,0.388523690651100543751459885377
0.104721911599947267376045952752,0.388609109932315602614561892275
0.156995782248160736362883810391,0.388667496409943974592875358311
0.209271155388923261443504200799,0.388726719522644129044325638877
0.261550196015780976403213037331,0.388787990223905302692473079050
0.313834500939978192751921295078,0.388852187973272154904242353131
0.366173336040792358850991805276,0.388946686366974128465217162606
0.418446548741851770456726226131,0.389038387414425236624044955972
0.470722492784612713936483637349,0.389099440198526940947700488555
0.523002906193066476460074795329,0.389167884777602835551119820949
0.575319516020887147068925252619,0.389258007785961122966965102072
0.627593287107241237498553144161,0.389435489976678459005272648084
0.679868833167000000000000000000,0.389514481713000000000000000000
-0.739016522440556465512574212901,0.390297684777238196061124504164
-0.791289637164968400688950234106,0.390434257764211283659343757076
-0.843669591880663359878702363678,0.390474532862403587159267769200
-0.685459154664170463846459971413,0.390652984883624226650230528690
0.736979534328231497916921021558,0.392566127089838896447414907773
0.789270298434000000000000000000,0.392648474151000000000000000000
0.841537774738426855363986925463,0.393963984761148453568381874711
-0.653722533585458038283179230109,0.432193923089140448721112133447
-0.601449792214138937369714754139,0.432434099481583790486417714029
-0.548902998984235624614771798500,0.432467441206794062424129195661
-0.444290362447274171277810098070,0.432664242812734733779271705309
-0.496630354230338631596471900043,0.432727797895180957922479656266
-0.339749907107938160062707385146,0.433464419484900978125666614939
-0.392023200241322582408669665957,0.433464823919836603390027039053
-0.287475926631389742379805751327,0.433476546440108659928260062305
-0.235192005100399021736630314567,0.433503853801546485359506270393
-0.182909977714227757746408148773,0.433558878152666488590591076183
-0.130626687868199666477829572434,0.433585981827529838444514192547
-0.078351596657576493119851999899,0.433707295706897849539910877130
-0.026066188361114555716506240503,0.433735463907316734083661639109
0.026214155233606917521481110362,0.433765477023063069803437363976
0.078491710543772046754614881955,0.433824966970802962877601771120
0.130808283538078391925234177268,0.433908098599589264094364415631
0.183082182863351229333851980910,0.433966468562919936864837814256
0.235357621545370981209761052738,0.434025653932195203465526554831
0.287636767265099982580092271440,0.434086864113070645188498451032
0.339922217330666589721782650624,0.434150402382797289903602551600
0.392213319400955567154785074420,0.434272357258586155923344841069
0.444531651124265896723093069916,0.434338107158274375483469903689
0.496804904713982059870602428448,0.434402405817116378050266187745
0.549085337006249699594920981228,0.434471556934421684648055853734
0.601360657368274108890048132755,0.434649938023188548132072130667
0.653663466339125394410094467590,0.434745379289352414310389855846
0.706140272472590431961590754297,0.434773201181411562271887926366
-0.871382299945391299921928754640,0.434853097277279562038221922116
-0.712535651588580946051450967893,0.435367193916935911908832055308
-0.819128561000710234915376528557,0.436629001535777888780620815017
-0.766823325623000000000000000000,0.436645973217000000000000000000
0.869812156058000000000000000000,0.437985697780000000000000000000
0.764707110266527143100681906172,0.438922597472807057811290891445
0.816967081617069402181876431193,0.440102669340451103549467934556
-0.680802242676425529704020824804,0.476906186851120508147276873734
-0.627794161757043722677685336888,0.477583533238378275117893307204
-0.575120287207692779523698506838,0.477690786653371512584192251116
-0.470405411616507101566985027920,0.477946705003530510496585520565
-0.522847911479226840944884495243,0.478000481461832445454886241087
-0.418138249410555512697844595807,0.478747286110632380107340854309
-0.365862225554154330718548974612,0.478748456413334173279537242698
-0.313580969662140902890152609491,0.478764777842261392713082409217
-0.261298307361243506862142273753,0.478791359334946409431284043898
-0.209018534373398362668112831640,0.478845084047477116653836075974
-0.156736344546606929519912151645,0.478871553517727210012697329667
-0.104462083847688217553413354849,0.478992388550650683805949222069
-0.052178624950597202249577627392,0.479019432710112172233172743911
0.000116772018784957998874871529,0.479058122833514810973263941681
0.052413672534590654235140525795,0.479128753884967138637505247886
0.104697659290258369396063707321,0.479193112418306993392832332777
0.156971372906107570594373289427,0.479251375304007612653060716248
0.209244633941967767828393457797,0.479309304995209244837324510882
0.261523471857381963440729371311,0.479370337678175560065686384474
0.313803982443484902355906913835,0.479431027174757791378049201073
0.366077156429629725525451786754,0.479542636253845270298148219961
0.418350434482348603001933664412,0.479582345137505449749884630458
0.470640368044705382215835540308,0.479656291794503764356034426212
0.522970518803420293739663276899,0.479754152326089249021723658662
0.575243512140001682652619550257,0.479931191321851003038091043307
0.679895874582412050199692532208,0.479980819505697383034061300151
0.732367046696600318570265849218,0.479991045988247648662146684476
0.627521346935752325380240155797,0.480012218899293021584882493066
-0.738621881109645364577609683139,0.480666264597763900109392993444
-0.846796575542594795587941628300,0.480983773955191399137120904190
-0.794553654160589084956999277396,0.482765441894475582021066455518
0.844918554005128397281164547379,0.484275198886673359650287614352
0.792647937962075061881533771692,0.486374436402667899074049647135
-0.706861330844304853945195825400,0.522220876511659886280708623591
-0.654588618640889762033117562629,0.522467319347306499211802292954
-0.601549165365345256321359013998,0.522790804109025146073478359198
-0.496580290262615055300815459907,0.523194609960929637261708114164
-0.549111003659000000000000000000,0.523308749880000000000000000000
-0.444313128056663466431675027795,0.523995191068031506872463447908
-0.392001250923633961051534800018,0.524017082722357544082288055504
-0.339727959102954830949662474526,0.524028804600320242712310851569
-0.287454670253001815619731988511,0.524049970178044008208721831312
-0.235175527104721021590097823729,0.524103330880798402567774345490
-0.182898297886706636747616486056,0.524126933005725632823142575127
-0.130623823359936276770957487306,0.524247891650998394970693963263
-0.078340331896998998268701289394,0.524274954636424044462192843017
-0.026057904700731899416046653453,0.524306144600229484223776355803
0.026220236146846862557665809379,0.524365918532782126148504433368
0.078511267973337905325197858747,0.524434355603805500870041974582
0.130784682357989265460833660036,0.524492445288142537361935687639
0.183057943393849462694853828405,0.524550374979344169546199482272
0.235331204568559110755499443113,0.524608179242989005383498926401
0.287611178226550316233736804552,0.524668557859197634922130030139
0.339884352212695139403281677470,0.524780166938285113842229049027
0.392158110786921013968273099155,0.524844744317214586006033597691
0.444431388839639891444754976814,0.524884453200874765457770008188
0.496720816713441037842304428432,0.524958690984941208394044725368
0.548993606442104213135195494733,0.525188101436464798612195256285
0.601266840897026996191386227656,0.525266426355719328254882822165
0.653540067065400227270323262121,0.525350099065742772395384648722
0.705813353457190769057387450734,0.525376650415018796729656869839
0.758086204762779811078513158548,0.525591572624389075182819270416
-0.764931903314262359848635258617,0.525835722273995339235746133709
-0.817042735694208305547767009404,0.529953770821727599958712170445
0.814492873665298977369042188006,0.533864392807094253040068301342
-0.733198345154224679327993463425,0.567374601190930598253108634087
-0.628343622249191295676791239739,0.567674590217953370167387344948
-0.680653457484000000000000000000,0.567932614187000000000000000000
-0.575826721424176227612529945206,0.568297430581064570832427588158
-0.522711161735717592048138889013,0.568467943516439978960497961843
-0.418170706396348953845471753476,0.569268124427868478428532438573
-0.470443999529766003178998456901,0.569268524623541848571253295586
-0.365874756457390153994718265955,0.569292942317484331075161601068
-0.313601467607437138664787779940,0.569314107895208096571572580811
-0.261328198353860734032536021329,0.569364075038475745043430040743
-0.209054909568711797224110974565,0.569385400064267217794275657792
-0.156781754621857446113116318580,0.569505596047807009483653961136
-0.104504910715079789926245488144,0.569528816244520436618759886095
-0.052225779740807405501243954274,0.569558100260281304216142070122
0.000047536105950619642136243860,0.569615083693496112753406796777
0.052325865162669852832667000710,0.569676170938906282759261193688
0.104599126119587391988283469630,0.569734171820822469373967733063
0.156872387155447589222303638000,0.569792101512024101558231527696
0.209145648330157237282949252707,0.569849905775668937395530971824
0.261418910937727463548506876353,0.569906399424011080239942572065
0.313692029273141607326233595459,0.570041583239951714092454568924
0.365965306569986427846102989872,0.570082275001654429550114426757
0.418238559455656669594741987279,0.570147143507652030044043896847
0.470511837508375547071223864938,0.570186852391312209495780307343
0.522784492315138424249741084209,0.570445182848890266554215697742
0.575057756833807037216016085062,0.570499879591057232779487479092
0.627330991288729820272206817985,0.570578204510311762422175044973
0.731876975980345596260988874138,0.570819589403840333167953687682
0.679603683660132743598817741368,0.570828818590078324928960065166
-0.787391182435000000000000000000,0.573077183612000000000000000000
0.784642953385892050709513339875,0.576776855268311201039266910591
-0.653873045480364210612232048973,0.613289782036644117620827301048
-0.549357023122475222881994371881,0.613440104306533235535152253758
-0.444307006383437855349064648305,0.614538324318714987743492304534
-0.392033714564330872515979535897,0.614550053205516314206496893121
-0.339756441960408201263607439743,0.614573521189767368422881680468
-0.287483172706831796631355681132,0.614623488333035016894739140401
-0.601616848911752498761069331567,0.614626604895109729248940249442
-0.235209883921682859822930634367,0.614644813358826489645584757450
-0.755320878478981376506551959047,0.614735879620332522609307634552
-0.182936728974828508711935978383,0.614765009342366281334963060794
-0.130663440124875493382005492368,0.614786174920090046831374040536
-0.078390153409055988900302281132,0.614812080479932291117694354678
-0.026116891299249677290600946913,0.614869032844153741007719247316
0.026159211367915077952372791842,0.614928832787219119398378526379
0.078432472324832617107989260762,0.614986833669135306013085065754
0.130705733360692814342009429131,0.615044763360336938197348860387
0.182978994535402462402655043839,0.615102567623981774034648304516
0.235252257142972688668212667485,0.615159061272323916879059904757
0.287563954638728209451270479478,0.615316530960195696741726043129
0.339837231935573029971139873891,0.615357222721898412199385900962
0.392110484821243271719778871298,0.615422091227896012693315371052
0.444383762873962149196260748957,0.615461800111556192145051781549
0.496656417680725026374777968228,0.615720130569134249203487171947
0.548929682199393639341052969081,0.615774827311301215428758953298
0.653250299314807379125057074261,0.615972991068039006091393585273
-0.496697526739000000000000000000,0.616045135440000000000000000000
0.751662492033050267550781053654,0.619203786510958566094172731737
0.601083468434699834514261106347,0.619307497193173659274277772874
-0.704417203501970483969606929082,0.626623396140074471045664757969
0.701879950241465924477299800718,0.635147302683417543537508289640
-0.469068289452722073076184270000,0.660575005736200776874921488009
-0.416794997633615090243099157591,0.660586734623002103337926076596
-0.364521708848466153434674110827,0.660608059648793576088771693645
-0.312248439594889748802422352216,0.660658026792061224560629153577
-0.571745217345055030711587590881,0.660676382045410446211318328714
-0.259975150809740811993997305452,0.660679351817852697311474770626
-0.207701995862886460883002649467,0.660799547801392489000853073970
-0.155428707012933445553072163452,0.660820713379116254497264053713
-0.103155420297113941071368952217,0.660846618938958498783584367854
-0.050881096310264084923926398313,0.660904142546909435858368202601
0.001392164346247200444057016780,0.660962413540825447291285068255
0.053665425303164739599673485700,0.661020414422741633905991607630
0.105938686339024936833693654070,0.661078344113943266090255402263
0.158213240500393048604756712542,0.661136844008538070826227769773
0.210495729032204208795160200166,0.661198299874553566019414454641
0.262768843420252509876788401684,0.661335001543600825000021423658
0.315042120717097330396657796096,0.661375693305303540457681281491
0.367315373602767572145296793504,0.661440561811301140951610751580
0.419599364400033628619249089732,0.661486041196639086069223703416
0.471872019206796505797766309003,0.661744371654217143127659093814
0.524145283725465118764041309856,0.661799068396384109352930875165
-0.646144127788013120678685996063,0.664988534502029246288468132698
0.586589061836100629521352232735,0.669531090777531862202069786660
-0.520397036486444241244725780085,0.670467270548692420804419631907
0.639006987952000000000000000000,0.671206577652000000000000000000
-0.698540585536930259581881037201,0.678565311165083600072083430051
0.690972736459804146186847389850,0.686269996887590996765253563871
-0.606823349381607028790198468584,0.699432308405110932520780748620
-0.442950113074219378429360405092,0.705855664276395689581393670208
-0.390676821255112395596275292684,0.705867393163197016044398258795
-0.338403552001535990964023534073,0.705917360306464664516255718727
-0.286130263216387054155598487309,0.705938685332256137267101335776
-0.233857108269532703044603831324,0.706058881315795928956479639120
-0.129314498527946334859011862034,0.706103660394244695777701099572
-0.077041236371828010895221094283,0.706160570235489328545745921852
-0.024767975715316725527237679190,0.706218841229405339978662787506
0.027505285241600813628378789730,0.706276842111321526593369326881
0.079778546277461010862398958099,0.706334771802523158777633121514
0.132051807509383827756963692945,0.706392524304267102652488122735
0.184325070517807961137697729968,0.706448645819034054646602681418
-0.181585998448444783102060476882,0.706536639878323717476277558162
0.236598184905856262219325931486,0.706585347488081313627209650434
0.288871462202701082739195325898,0.706626039249784029084869508267
0.341144715088371324487834323306,0.706690907755781629578798978357
0.393417993463523699243841762610,0.706730189890776052894395109001
0.445690648270286576422358981881,0.706988520348354109952830499400
0.497963912788955189388633982734,0.707043217090521076178102280750
0.550237180398933303283909818454,0.707094875080373770954210167308
-0.554004374837000000000000000000,0.710823887542000000000000000000
-0.661124596635432497463534399667,0.715069296559767546899130195882
-0.494278860107941546597901915178,0.715747929088887333510891814106
0.600943647304397739005562171658,0.719797291745612813122682471729
0.653154240200905772582721634884,0.722356816030984507233712221875
-0.621803818229026405575046872188,0.749513070462849233131442811804
-0.415073382242998799835412359843,0.752098389119769720757312965679
-0.362800112989422395203160601232,0.752148356263037369229170425612
-0.310526824204273458394735554468,0.752169681288828841980016042661
-0.258253669257419107283740898483,0.752289877272368633669394346005
-0.153711085190417137087180781312,0.752334642802072180531434350865
-0.101437823034298813123390013561,0.752391552643316813299479173146
-0.049164562377787527755406598468,0.752449823637232824732396038800
0.003108698579130011400209870451,0.752507824519149011347102578174
0.055381959614990208634230038821,0.752565754210350643531366372807
0.107655220846913025528794773667,0.752623506712094587406221374028
0.159928483855337158909528810690,0.752679628226861539400335932711
-0.205982572844771550744160753244,0.752769100594011437723395024895
0.212201598243385459991157012208,0.752816329895908798380942901728
0.264474875540230280511026406620,0.752857021657611513838602759561
0.316749704247334451507030700684,0.752922721707193876279992915369
0.369022982622486826263038139989,0.752962003842188299595589046013
0.421295637429249703441555359259,0.753220334299766356654024436412
0.474118181221016248919029916461,0.753560721980208602243270830809
0.526960190723000000000000000000,0.755191800405000000000000000000
-0.466688522053529056753917833070,0.760367277649174214472847902372
-0.518941129144741523054864917713,0.761837729057305506049022334517
-0.571208115081039489382981963356,0.762649736635554143418107465769
0.594140660356752473935346615539,0.771626014899501823205052979592
-0.127721319851108789795625702888,0.797689127395990664221348642908
-0.075366436669725093217631719046,0.797699167767061984109434656487
-0.023078162136510077236144236428,0.797748796005534761611731700049
0.029195098820407461919472232493,0.797806796887450948226438239423
0.081468575097309256590166483349,0.797864602626728015737500633698
-0.388095265633557266273355151113,0.797893874381014995403691863662
-0.335821976848408329464930104349,0.797915199406806468154537480711
0.133832900591853361094552518076,0.797973311112125869794247956057
-0.283548821901553978353935448364,0.798035395390346259843915784055
0.290555394270241169038511541325,0.798159380513921124849820948421
0.342871897653784735865012765473,0.798223664551137393617514173519
0.237838762492838852765746688623,0.798371055056081277164194517617
0.447416227137497978000015954832,0.798499600730061546847998679469
-0.231277725488906421814355303125,0.798514618711989063897916462946
0.395124234435298293061667184974,0.799703690241315793069824247820
0.499673838644769010259435057148,0.799779918943411965725743396416
0.551881720096749341225840944701,0.802394166343385951669536586794
0.185813794405389155452594117146,0.803494529593423163880424330305
-0.439851809894551273252253250563,0.805225811460127918123981458615
-0.179442405217351432856910943473,0.805267155088612520685081569209
-0.492104416985763739553200335206,0.806696262868259209700155890760
-0.544371402922061705881317380849,0.807508270446507847069241022012
-0.101552555404368776920931722117,0.842940568726663640749622847216
-0.049265262272805397060080561062,0.842989628907062384334793121678
0.055281775994827106159690911457,0.843105609776641717205287586359
0.107556812087444743603081975523,0.843162517213592046360242569437
0.264378333499211127568498013027,0.843406023091709177869818095076
-0.310101448212713180491983101090,0.843422908444646292765486354906
0.316658035725662880136122523816,0.843448996147330982180334687893
-0.257828293265858829380988445106,0.843543104428186084454864658250
0.368980706705000000000000000000,0.845013341117000000000000000000
-0.364745776322000000000000000000,0.845459653602000000000000000000
0.426872195723257183139422183599,0.846566636715474564438978376903
0.479129807230528215398841285915,0.847846954928824983316723093851
0.209538929915000000000000000000,0.850075420761000000000000000000
0.002518427226985725692288620636,0.850127322999801665905796517917
-0.204662568356779321021918635491,0.851054058744493701758229208541
-0.416657069227107385525076157433,0.852071314771996895101476544022
-0.468909676318319851826023242076,0.853541766180128186677650976167
0.157895081516000000000000000000,0.860935925777000000000000000000
-0.153410418064284925973408344747,0.861335803030745393637256130509
0.396830865015286331291929880402,0.889345318608055478018471593837
0.242688435404617600822814651861,0.890966989185959731000075090276
-0.289792789324447050276543572567,0.891589863396483882689990529546
-0.237519634377592699165548916582,0.891710059380023674379368832890
0.299007396058530033330205940783,0.892652167737314275489057495436
0.040749697953996827220755977680,0.893318316166434341273267136697
0.093022960668983258321445450636,0.893374710335565793594967777906
-0.088217924311336490258636271439,0.893484458454157301273451829152
-0.035944657800642272403013595485,0.893537217095506057892769806002
-0.385731611530664227118904428512,0.894215273312193463058906807182
0.192086871971096787405648520003,0.904081063810410818245681320732
-0.187014420080222135562006983178,0.905190434150369587287312357101
0.348539712947233273952186956621,0.909356860455511349154755618949
-0.337195142139491480082698575968,0.913624248406516543864302947877
0.140854543257360358693600578776,0.914461124973041820042348769318
-0.135726036099706285792859854286,0.915289881850093952626900011614
0.002503913204627657971009527800,0.928951967734540903883542117205
0.269530972892994668156260155860,0.935822037467701379110768924122
-0.264404022297679231719612407562,0.937283491880472870880595828262
0.070779083919188925195944384587,0.940679119456833355534152382533
-0.065807963189288084946272453841,0.940749721967192036272536631382
0.218929409459473854739094024003,0.948936112092152466356375154578
-0.213731427507365910164598070313,0.950120365035140008912717554086
0.167697080745737426027046082776,0.959316173254783468153042603164
-0.162443043526850060395450941422,0.960219812734864374252305208599
0.115981594029660949605523815741,0.966932314593520566552127617498
-0.110686639136822906327573596875,0.967552737102964767449097939570
0.030013988242488466432792195321,0.973400735395563523675506052527
-0.025093893690748569358248424437,0.973534805771269720748137015062
