0.020775475728549504400512186770,-0.973947771646616807387197865118
-0.030885169558397824529024133278,-0.973679612905860838225371523784
0.072377694037007562857492663103,-0.971476892001576796820413066323
-0.082894222665625988553540028745,-0.970636095627923578663620752757
-0.135413712520000000000000000000,-0.964706345967000000000000000000
0.144434369238189889515144471533,-0.963398032162137172258271316677
-0.186376815044000000000000000000,-0.956168535204000000000000000000
0.195313867176000000000000000000,-0.954384320804000000000000000000
-0.238781374058431925910390901066,-0.944451871558273317797673915236
0.245672355411000000000000000000,-0.942673032963000000000000000000
0.104305326782251067017183858401,-0.930862603286164189724310302666
0.295507176090000000000000000000,-0.928261546247000000000000000000
-0.052543993073407226972298276058,-0.926777698824240322238931136617
-0.104103086841107076918104610615,-0.923529002096693783735727321772
0.011358181421000000000000000000,-0.923009546790000000000000000000
-0.332924606245006149784799591673,-0.915514657907652289949815659895
-0.281265285103485798590050056644,-0.915057799317598895379112608700
0.154514439735000000000000000000,-0.912715891726000000000000000000
0.345508477486000000000000000000,-0.910796418978000000000000000000
-0.202990781483212327866901063976,-0.907196970354691085272230018035
0.059672839994430224429972349986,-0.904580840115989873129371147001
0.205427985565000000000000000000,-0.903709886098000000000000000000
-0.151501822720700293871383843491,-0.902980181751218967977447091218
-0.380990208266323876366145957078,-0.896578130166212087544339390580
0.255755899866000000000000000000,-0.891992389945000000000000000000
0.395739954632000000000000000000,-0.890130318958000000000000000000
-0.023038422206135236766384428500,-0.884371148995582632768430959401
0.113447116403334579780181875351,-0.880016542838004719160010213398
0.305369775750000000000000000000,-0.877537335620000000000000000000
-0.427984349542585858724653961930,-0.875120151084276926976686379607
-0.249799000991154289872958134329,-0.874085038308166412016801947112
-0.111420248108561657327814464484,-0.870386293410218586437910419669
0.443197591209000000000000000000,-0.867509074646000000000000000000
0.025263713172440406962976454084,-0.866046359816882970279517490187
-0.342699521015127981318365516206,-0.861897913177197424698799732064
0.161692249746077013424990286890,-0.861542201460974809271199043444
0.353908010879000000000000000000,-0.859731984468000000000000000000
-0.201575222206179345200141469805,-0.855555026428196190439288058880
0.212561860547607438719776331044,-0.852532380293223688015964404275
-0.063192497912151627597713106541,-0.851866620314650472839813265824
0.073423723297439929740435283224,-0.847351237315706880180946883738
-0.293417025166797186605313949163,-0.846401791612970617200711246276
0.488572011892000000000000000000,-0.842785082984000000000000000000
0.262881635879000000000000000000,-0.840810838057000000000000000000
-0.389836745251708921138351575771,-0.840282607149023618762454978851
-0.152581915701639440511987607070,-0.839167528195511466127761887963
0.400794301470000000000000000000,-0.837976499088000000000000000000
-0.014965712483416291472044123322,-0.833344435028222789600939598412
-0.507105435147682901833594553644,-0.831775185931172845838684095906
-0.455445745339318391877459694063,-0.831362112720231883130821176450
0.121668856640182363385243689766,-0.828876895938676970292135707143
0.312486398726000000000000000000,-0.826356040543000000000000000000
-0.242237183296023226986381578952,-0.822980115906115552077229734870
-0.104964838154382227587675926412,-0.819129861005128996265163856788
0.532575114213000000000000000000,-0.815693767693000000000000000000
0.033270198590453926614927335549,-0.814846027976594761361550456780
-0.331478308025714851938703462191,-0.811469959028528423228671321748
0.169896173335807078455702704062,-0.810356093987520678357160310119
0.360060189150000000000000000000,-0.806186390036000000000000000000
0.441038557038000000000000000000,-0.805451461256000000000000000000
-0.194013404511048282313564906318,-0.804450104026145330499715827678
0.220794225751728980901173782890,-0.801508357506357618409212411455
-0.056737087957972197857574555558,-0.800610187909560882667066691221
-0.556318936909370400391686981098,-0.799696894281318278705778284352
0.081497297986949206967177633315,-0.796324660198414833915179571673
-0.419102749988777721211855785710,-0.794645891924449860121262833525
-0.283609574317615638750806222209,-0.792041152741030386416566100010
0.271101255275193673485118467872,-0.789756891168096299887761621114
0.489384443152000000000000000000,-0.787174378643000000000000000000
-0.145398049920350487700644103687,-0.786973219904690614986894060401
-0.008510302529236861731905584310,-0.782088002623133199428193035173
-0.508505330238682788286449488771,-0.780132815010501208688219268070
0.129741336478990418248333288999,-0.777847459908531004625466070608
-0.370378528885192102438679503087,-0.777474856474514439214912709448
0.320112241402493437170236081242,-0.773422344360680208960165845806
-0.234172754924017410863278562496,-0.771952092471861068711375131926
0.398728908782000000000000000000,-0.771918273801000000000000000000
-0.597930620178517430989731749710,-0.769080526174009629664852984473
-0.097332975944007932991684149005,-0.768035351908985427554479669682
0.551778537292000000000000000000,-0.767720645444000000000000000000
0.603375473671000000000000000000,-0.764803227623000000000000000000
0.039725608544633356355065888261,-0.763589595571505171188803883693
-0.459632115405801846687042411241,-0.762610525226574121084127451412
0.177966793541443319995759821327,-0.759321816284312475545839531328
-0.322509795177092889250782273999,-0.758046050187016402402807490770
0.447252438822000000000000000000,-0.754150917294000000000000000000
-0.185948976139042466190461898109,-0.753422080591890847133861238582
0.228864387293271941177380606486,-0.750471441668068641208453655514
-0.049105225747597903261582789416,-0.749515678813417313956382518355
-0.549090945398302594823643107045,-0.748168741072886872697871470412
0.087952308526317046543912080684,-0.745067187805485456092201360544
-0.411224538038431037420210201811,-0.743588787060979077959324664301
-0.274317047464494681609261212212,-0.739435481993543713009374859746
0.358771501135419590144215553185,-0.739153469014731202927456331301
0.279171383750009492739752506155,-0.738719833774855367013955644830
0.495579361915000000000000000000,-0.735873002406000000000000000000
-0.137485358412758128251070686961,-0.735528731619308448102744468689
-0.639884232452994272413237934236,-0.734543372634151169873157082771
0.643086456186000000000000000000,-0.731737170084000000000000000000
-0.000878440318862567135913809839,-0.730993493526989630717508848184
-0.499881103436090868293065532026,-0.729196414542550077220905061542
0.136193612267159437943796415253,-0.726582848651546979677333326877
-0.362774296622177505841551846986,-0.725659250332976648084942386194
0.407122830286000000000000000000,-0.720929353048000000000000000000
-0.226093268679519736936444549787,-0.720905470113573491431860966051
-0.590950998937477166947427461175,-0.717892841445105777230764307719
-0.089257608216348098520969330573,-0.717009058523740334504647312140
0.543553192805000000000000000000,-0.716672716998000000000000000000
0.595065231992000000000000000000,-0.712662545263000000000000000000
0.047354334861034496864473261971,-0.712486911481145972503851472972
-0.451460834291414515092000726919,-0.711186092043184881354245986856
0.184418126786922809956585385198,-0.708054751611991924343946526520
-0.314581636966679608355944341888,-0.706996677145178821185309118151
0.319143617355324669331707010626,-0.705991944732386569623454574154
0.455620461002000000000000000000,-0.703103375137000000000000000000
-0.177860911690095004908779716218,-0.702397798195724712556992342305
-0.677924488603307240071216797859,-0.699588643446348648232280783179
0.235316595636720271424371329116,-0.699209411069071342345288096846
-0.041030822787612762395300341156,-0.698486873237312651265773649980
-0.540670812951904156932452963513,-0.697198204974478555545407401629
0.095578193320050262433670322284,-0.693957106951716886034883538896
-0.403183845589053435728085555415,-0.692557018078231094831195069053
-0.266367161352598541525564648623,-0.688389488111732400304120919233
0.367489555548000000000000000000,-0.687771365924000000000000000000
-0.129401781178941446294142571205,-0.684492300417750950192021321213
0.503595664072000000000000000000,-0.683907493771000000000000000000
-0.629012192478008648022611150997,-0.682960911540729727187234912965
0.654927922352000000000000000000,-0.681439183770000000000000000000
0.007196188745242471118577299612,-0.679965276675895884557791144910
-0.491887716529211682096123018278,-0.678157214447613543304324168648
0.143819251978585990724300823207,-0.675472128183058477437290598463
-0.354768696364286076185823877409,-0.674532936794638700845231835473
0.279645926973078435107065736365,-0.672680095890472946447197589864
0.705655321579000000000000000000,-0.671598605913000000000000000000
0.415990329920000000000000000000,-0.669940339752000000000000000000
-0.218143382567623596852747974379,-0.669859476231762178726607014579
-0.081174995750206110168473590357,-0.665970115131323266953147649582
0.551943431260000000000000000000,-0.665685152895000000000000000000
-0.580731773223212146018227235372,-0.664578982992421411054837825876
0.603455935660000000000000000000,-0.661680459383000000000000000000
0.055420742924347790575682700517,-0.661437282861114620855103556839
-0.443412723630756816116417415501,-0.660145113597318642730361475269
0.192045709901293280987821169484,-0.656949090181602551845658320285
-0.306568039781076546669450073766,-0.655942861874898949025700210025
0.327988599412612634875536922169,-0.654462516414100746497658759621
-0.169911025578198864825083152674,-0.651351804313913399851738401806
0.463965656294000000000000000000,-0.650746049353000000000000000000
-0.679205308160737209000272554856,-0.647943182059743319590429336314
-0.032949046775681787581002714718,-0.647445752090165454039408906165
-0.532464982007217903338885815265,-0.646122236202015788480178225217
-0.730733179255297948670456267324,-0.644232025766029876867966985827
0.103648127825429637379942781225,-0.642916658514809774914783389934
-0.395112357785571413808254373952,-0.641530110811453912055875244540
0.240483874832031239476012353846,-0.638986953373397786319757133828
-0.258304065658068878129045717679,-0.637361254080023108733066932604
0.376478269737951129139097045939,-0.636637179223897186016022275281
-0.121451895067045306210445999006,-0.633446306535939637486767364628
0.740272941487000000000000000000,-0.633242087758000000000000000000
0.512320313457000000000000000000,-0.632523402562000000000000000000
-0.620815603763844318731327181886,-0.631953950113637532250971443189
0.644851011903000000000000000000,-0.630761754309000000000000000000
0.015275338054301623497256750792,-0.628917317500494826695792216953
-0.483786471748611484688787059110,-0.627135023064071076373242183273
0.151885087982417273283788388337,-0.624420987254019469533709276359
-0.346722354296104155557627212751,-0.623438628206001597535173349123
0.288826447972196789273801938029,-0.620769110395652549686694410750
-0.210080286873093933456229050247,-0.618831242200052887155553045525
0.424453947682000000000000000000,-0.617445270139000000000000000000
-0.073225109638309970084777023910,-0.614924121249511954247893710113
0.561256114024000000000000000000,-0.614851013907000000000000000000
-0.572550148767060004520416870574,-0.613532765718289192653108823068
0.693077687410000000000000000000,-0.612219907117000000000000000000
0.063503954611009793768820585750,-0.610399900682805280223723331322
-0.435336533974176165253499643669,-0.609112371369566240116553474525
0.200111346912277973726048197627,-0.605897431164432671603976102070
-0.298499064323781732970058675762,-0.604907344256438232760408051168
-0.763849352819520336805726555804,-0.604580881658471828421344268416
0.337315518038588379025345469121,-0.602944849831168978204010654959
-0.161847929883669201428564219207,-0.600323570282204108280684418450
-0.661067430441199865479969547675,-0.599570549586358661843398410279
0.472802553116000000000000000000,-0.599224786586000000000000000000
-0.024999183110704117985825906476,-0.596399699770610129792155878433
-0.712595301535760605150153245959,-0.595859393292645219120936052083
-0.524309934179672300394234274693,-0.595045584290693918052408859967
0.608680199898000000000000000000,-0.593866848736000000000000000000
0.772805246740000000000000000000,-0.593102407222000000000000000000
0.111728634107551268317221245016,-0.591872233046810472975196881234
-0.387042157490034864723032056251,-0.590502999902017162990554806770
0.248550977790114838901612900296,-0.587939248043834128521996874790
-0.250239637286063062005942705483,-0.586333230645768625367212344139
0.385281184329071718969659864108,-0.583756597230058389128784155922
-0.113388799372515642813927070211,-0.582418072504230345915713398054
0.521394926728000000000000000000,-0.581651480648000000000000000000
-0.612766775897002589676623039514,-0.580923463632084281062292879116
0.023225207593596260117196668643,-0.577871280470167245577669176746
-0.475706552244668422310247295006,-0.576109450246278647466565568751
0.656930470353000000000000000000,-0.575301564082000000000000000000
0.159967171583414755584576528572,-0.573380675979766308156152465655
-0.338654691330681905557604506744,-0.572404732049774803058364929825
0.296892828064432969837308158180,-0.569719486996294423061227087526
-0.202015858501088117333126037143,-0.567803218765798403789698438554
0.433624183810011183042021645288,-0.565539885623406550722868928249
-0.065162013943780306688258093145,-0.563895887217802662676839731025
-0.794817786395327610630853634047,-0.563230545475620185199530555831
-0.564501320900218275465712719255,-0.562502279236735941464430247038
0.706949508347000000000000000000,-0.562324284289000000000000000000
0.568774983448000000000000000000,-0.561042996527000000000000000000
0.071465900793308565213857341182,-0.559355786491605771124048895122
-0.427262656347812806646451065453,-0.558080698129849284324371139397
0.208193965648118909873716710515,-0.554858513179092806555439249419
-0.290430915237991167711160549654,-0.553874713163220306901494964328
0.803164474768000000000000000000,-0.551295366400000000000000000000
0.345136071079416562570241289786,-0.551240209846706729142997973411
-0.153783501511663385305461208086,-0.549295546847949624914829830397
-0.733329442404111392979239807710,-0.548541430709441969640401498225
-0.653018602574358136425265401023,-0.548540063104805410654719826999
0.482206462638727610311417528384,-0.547971266884789427890388079429
-0.016936305241866898041943700424,-0.545370898667948429893439142454
-0.516261106312830571339530135206,-0.544015097809140666863730294880
0.617005665771651872015413321177,-0.542508636357151357733350496588
0.119696630149485918337892533981,-0.540829062890072060932101606771
-0.378967742898786460186123489849,-0.539476555683527158974052412534
0.753003606396000000000000000000,-0.538891843209000000000000000000
0.256633604342122489504114991922,-0.536900351141500310246137564006
-0.242175208914057245882839688266,-0.535305207211514142001357743063
0.393357815467737223145103553602,-0.532704904380610358996226247114
-0.105324371000509826690824052635,-0.531390049069975862549858794706
-0.604664119804445924632225516352,-0.529901496355039862366862330803
0.529584792589457037268092504752,-0.527370591376472659563304021729
0.031288303337413378724763006168,-0.526843046446245985019103681317
-0.467618603445214350522943303043,-0.525085149518180015979148903106
0.665372788549000000000000000000,-0.524328223863000000000000000000
0.167946967102016007154300448536,-0.522339349154777241469529613896
-0.330583840316801307927278538783,-0.521368763120351281542355320562
0.304975214930575847101721208960,-0.518679954156572366096055966655
-0.825100236961000000000000000000,-0.517886202723000000000000000000
-0.193949013749011177951354282618,-0.516775577272976830909267446858
-0.693171761939023231899710973109,-0.516034402465313020193076449008
-0.773468813432662592689554982929,-0.516018745180624677638350992614
0.441701887174205318901134208104,-0.514491038469884321249119649141
-0.057097629630413111255209042734,-0.512867749067118790831950521745
-0.556398664807661610421315200758,-0.511480311959691522768999709057
0.577819148244208771572111226634,-0.508843951230962641601875690627
0.079527677794395110671745069417,-0.508327344107394305540935035476
-0.419184635286612639729389351687,-0.507049780524099945418052254146
0.713511266031000000000000000000,-0.505560249637000000000000000000
0.216182444881986043361638634608,-0.503818544721969807737170129264
-0.282360065691896750026487642873,-0.502838740413931076985159959149
0.811655853018000000000000000000,-0.500330726108000000000000000000
0.353213651841041675365939525158,-0.500188134748816808694277665149
-0.145716656759586445923689451536,-0.498267905355128052034398819793
-0.644915946481801471380867880743,-0.497518095827760991959289296877
0.489470397058742902305391954107,-0.494817105360694580825306791410
-0.008874836807414103786031455905,-0.494335171455675947818421656924
-0.508158450220273906295132609716,-0.492993130532096248168299751012
0.626188220059000000000000000000,-0.490650814726000000000000000000
0.127762416307316635869413817113,-0.489801254057728657163986511296
-0.370893025869080457551172083254,-0.488450159323758492995798063818
0.761735035774000000000000000000,-0.487011835486000000000000000000
0.264630694339946270332489687242,-0.485861731135266364877160011764
-0.234108364161980306501067941259,-0.484277565718692569120926747848
-0.733314255229320753730094442598,-0.483496413849108024093893283430
0.401439455772127272650509934871,-0.481663394108944787857641488187
-0.097260926661648077923666972161,-0.480353207443921543108222265653
-0.596582614919541220135381046009,-0.478876174608192459509644944402
0.537698453301486262816625731184,-0.476298229271125314828972889215
0.039351631595000000000000000000,-0.475803281035000000000000000000
-0.459534039330697108502379267964,-0.474060312392988747624439107527
0.674326644270000000000000000000,-0.471876714744000000000000000000
0.176008367390000000000000000000,-0.471304400495000000000000000000
-0.322512797675438886133562007966,-0.470332551851876166445313862524
0.853372019378000000000000000000,-0.469846991952000000000000000000
0.312980870633522592308874919425,-0.467642677021718146374002199716
-0.832233814543000000000000000000,-0.466708339876000000000000000000
-0.185876326014353751854832819915,-0.465748859826988316190240994013
-0.685074723441673174285935126204,-0.465007450831064642634047842977
0.449331962795966948952641382335,-0.462293263713268449831361917666
-0.049040196871401673998576796133,-0.461815262599088281543618765104
-0.548317159922756905924470728974,-0.460454990212844119911782313560
0.585936914261883428803900335835,-0.457806472601022941266173864678
0.087592788149000000000000000000,-0.457286773134000000000000000000
-0.411106399444460013537570080118,-0.456019020486816575292741145414
-0.777333841649000000000000000000,-0.454789678359000000000000000000
0.722552092847000000000000000000,-0.453332926608000000000000000000
0.224248832740000000000000000000,-0.452790323585000000000000000000
-0.274288144256179450059681332163,-0.451804816340855229016341788383
0.361227273398821013761690526841,-0.449152107766862861280256402113
-0.137643969024929019827167994443,-0.447241187909139537315372382985
-0.636845741511110866647197615423,-0.446490985657724145632422713445
0.497560019038710309463875157815,-0.443774387623699183835028012908
-0.000814185012000000000000000000,-0.443283118527000000000000000000
-0.500070862661395193228005234683,-0.441968772544449726920405768855
0.634185857073195247557070914718,-0.439342082598512740161140467076
0.135829751257000000000000000000,-0.438762985140000000000000000000
0.778090734301000000000000000000,-0.437998016884000000000000000000
-0.362814594248502921028524339911,-0.437424350921287395120450945980
0.272696225421000000000000000000,-0.434821324488000000000000000000
-0.872180151546000000000000000000,-0.433930590781000000000000000000
-0.226035676427322880404546478377,-0.433250848272704054401900293866
-0.725503549917000000000000000000,-0.432418360049000000000000000000
0.409128364572000000000000000000,-0.429785832135000000000000000000
-0.089200693368124533463754642168,-0.429292839121217820620798285816
-0.588458904543466799172039846938,-0.427857555356984789391371945194
0.545792923920538680494956809481,-0.425268143617025814836805399262
0.047421955074000000000000000000,-0.424751853391000000000000000000
0.877082268553000000000000000000,-0.423941974979000000000000000000
-0.451434146707740319260324491351,-0.423037906333781707507262587552
0.682408421980677565745043143426,-0.420808911949169116919078466005
0.184072597062000000000000000000,-0.420253730214000000000000000000
-0.314438503956031891962831278939,-0.419295697673218266640733814843
-0.813991211070000000000000000000,-0.418364340658000000000000000000
0.825751525367000000000000000000,-0.418030672847000000000000000000
0.321048954936000000000000000000,-0.416605887292000000000000000000
-0.177801258655409553759073724703,-0.414722518906611210730931418407
-0.677088617623000000000000000000,-0.413948895355000000000000000000
0.457367349706862520854251359471,-0.411260659059319566611049301385
-0.040977848501000000000000000000,-0.410760193256000000000000000000
-0.540196301705142501981044292506,-0.409428899740141530654679665975
0.594030843809293540924307506683,-0.406774975543920942682261358747
0.095662782436000000000000000000,-0.406237211597000000000000000000
-0.403022432075139145237808653406,-0.404986349165924006359793798944
0.730642820391000000000000000000,-0.402302483118000000000000000000
0.232317179194000000000000000000,-0.401747005876000000000000000000
-0.266211728450109499090645529902,-0.400773486550476980289194049678
-0.765707392725000000000000000000,-0.399954075359000000000000000000
0.368968214031000000000000000000,-0.397269306204000000000000000000
-0.129568901665984821731408896527,-0.396214846988762431856062790300
-0.628710739883452025566584631115,-0.395474165597159560274630560212
0.505613865678286577709950911383,-0.392744692985378809617799606812
0.007258660887000000000000000000,-0.392227638512000000000000000000
-0.491955332638466164777362697363,-0.390943687161379720270640960463
0.642268338699953078551088851959,-0.388280698936071905253463419357
0.143901979831000000000000000000,-0.387715452190000000000000000000
-0.354731262301430352398057476300,-0.386399318582174927949387685985
0.779788797579000000000000000000,-0.386357783727000000000000000000
-0.854204359434000000000000000000,-0.385485010349000000000000000000
0.280762606868000000000000000000,-0.383777706247000000000000000000
-0.217960609068378682308787383164,-0.382224507352326948942590718260
-0.717255084226000000000000000000,-0.381406687082000000000000000000
0.417203968090000000000000000000,-0.378748419492000000000000000000
-0.081137799750197917549888032198,-0.378233674952526886289138831802
-0.580344621977037084257911994442,-0.376837435805907962307185691976
0.553855838511471136501868837432,-0.374239880969024897402288470026
0.055497700431000000000000000000,-0.373705025335000000000000000000
0.878212956874000000000000000000,-0.372287390092000000000000000000
-0.443338534410342189084560906370,-0.372014820949768979565578825364
0.690500915083781756345187889769,-0.369773598786341013288795815561
0.192146620406000000000000000000,-0.369209020481000000000000000000
-0.306358974223494384257372235800,-0.368260522407146914324881972836
-0.805819773881000000000000000000,-0.367340358263000000000000000000
0.827008248928000000000000000000,-0.365387592428000000000000000000
0.328806550970000000000000000000,-0.364753472756000000000000000000
-0.903436041709000000000000000000,-0.364390366487000000000000000000
-0.169725402010760493054407366307,-0.363696302899257552453876276511
-0.668876952104000000000000000000,-0.362935127533000000000000000000
0.465447866608000000000000000000,-0.360231130590000000000000000000
-0.032906519665000000000000000000,-0.359702268286000000000000000000
-0.532082927573930332846752908573,-0.358406401274032884674423066347
0.602104020596167247868488553830,-0.355748335470897120027067120823
0.103740423555000000000000000000,-0.355188651854000000000000000000
-0.394932781505758891119086748292,-0.353953486272954675933189147106
0.738745033910000000000000000000,-0.351266626150000000000000000000
0.240392005429000000000000000000,-0.350704993159000000000000000000
-0.258131335578159222293061832357,-0.349740558820006373722683304523
-0.757503440848000000000000000000,-0.348936376168000000000000000000
0.377041748364000000000000000000,-0.346230174441000000000000000000
-0.121481516501031621908117738906,-0.345190456921190511870464889571
-0.620596457317022310652456775725,-0.344454046046082733190444288805
0.513690202976052285571842332009,-0.341718553052725118825228675243
0.015333078190000000000000000000,-0.341178453353000000000000000000
-0.483843752611872585712227283514,-0.339916507289641896642537492371
0.650348137033000000000000000000,-0.337250992150000000000000000000
0.151981378932000000000000000000,-0.336670670485000000000000000000
0.914549509568000000000000000000,-0.335558543080000000000000000000
-0.346643189743689804333967750712,-0.335375037471366895661851803046
-0.846000055852000000000000000000,-0.334466643262000000000000000000
0.786972803289000000000000000000,-0.332728315995000000000000000000
0.288648715115000000000000000000,-0.332228384013000000000000000000
-0.209884752423729621604121027634,-0.331198291344973290665535575327
-0.709037588501000000000000000000,-0.330393495325000000000000000000
0.425282465261000000000000000000,-0.327707278482000000000000000000
-0.073064385363937740764411770910,-0.327171700220810452839870894776
-0.572232165091527857534143035710,-0.325817025930498385845151978910
0.561937781599000000000000000000,-0.323211754385000000000000000000
0.063575001638000000000000000000,-0.322659996860000000000000000000
-0.435230589363335225881579990917,-0.320993693877851484048929271905
0.698590056805000000000000000000,-0.318739852526000000000000000000
0.200228592918000000000000000000,-0.318166001813000000000000000000
-0.298275549516129060361737505456,-0.317223851301000928101971115797
-0.797613801993000000000000000000,-0.316325284241000000000000000000
0.837963773091000000000000000000,-0.314889327588000000000000000000
-0.893325553576000000000000000000,-0.313707182619000000000000000000
0.336886724324000000000000000000,-0.313706822549000000000000000000
-0.161639170729683714250420773078,-0.312671729954028775231426419801
-0.660737371198000000000000000000,-0.311908206037000000000000000000
0.473520430198000000000000000000,-0.309195453116000000000000000000
-0.024829207535000000000000000000,-0.308644766628000000000000000000
-0.523972490661812656765374962361,-0.307380702964355437851207233832
0.610181965319000000000000000000,-0.304715861750000000000000000000
0.111822316411000000000000000000,-0.304141690815000000000000000000
-0.386834994879280181726570990334,-0.302917172777016343513966999630
0.746820998763000000000000000000,-0.300210399709000000000000000000
0.248474740239000000000000000000,-0.299661323935000000000000000000
-0.250047624839856161424323715759,-0.298704632581147093709286180976
-0.749240556565000000000000000000,-0.297927128468000000000000000000
0.385126698272000000000000000000,-0.295184638104000000000000000000
-0.113392696640712752980389461867,-0.294166294274054908629652218516
-0.612484000431513083928687819886,-0.293433636170673156728410593929
0.885614432691000000000000000000,-0.292758569770000000000000000000
0.521767194348000000000000000000,-0.290683641923000000000000000000
0.023412176253000000000000000000,-0.290124904337000000000000000000
-0.475722459051000000000000000000,-0.288891251814000000000000000000
0.658427392798000000000000000000,-0.286211749971000000000000000000
0.160065995664000000000000000000,-0.285625157211000000000000000000
-0.338549002296626108980844019103,-0.284351726032909340426365649682
-0.837747385706000000000000000000,-0.283456556859000000000000000000
0.795066083674000000000000000000,-0.281698067917000000000000000000
0.296731952270000000000000000000,-0.281182744275000000000000000000
-0.932909786737000000000000000000,-0.280478655468000000000000000000
-0.201800373784525697859116910548,-0.280173424832732218359524708558
-0.700878722134000000000000000000,-0.279367227689000000000000000000
0.433366616976000000000000000000,-0.276670007393000000000000000000
-0.064990903727851729373392145544,-0.276106376683031590671451676177
0.934359713744000000000000000000,-0.275629108223000000000000000000
-0.564112421615790406789167555057,-0.274797775186663895473335547235
0.570007907530000000000000000000,-0.272178065589000000000000000000
0.071660096923000000000000000000,-0.271608587402000000000000000000
-0.427125916536929890468679285426,-0.269972046913538738057931236890
0.706664706510000000000000000000,-0.267698825171000000000000000000
0.208316943173000000000000000000,-0.267117790585000000000000000000
-0.290187916617947956658020582105,-0.266183083470692756062943304229
-0.789362050808000000000000000000,-0.265313947737000000000000000000
0.843283267793000000000000000000,-0.263133314552000000000000000000
0.344971372472000000000000000000,-0.262660417859000000000000000000
-0.884698909763000000000000000000,-0.261876277220000000000000000000
-0.153550612295680684852557336676,-0.261647525863874115013091180171
-0.652625992904000000000000000000,-0.260877381821000000000000000000
0.481611504494000000000000000000,-0.258156171743000000000000000000
-0.016750957938000000000000000000,-0.257584901674000000000000000000
-0.515853896325800954814650112331,-0.256358444466448327500753658495
0.618250282561000000000000000000,-0.253678302346000000000000000000
0.119907592099000000000000000000,-0.253093880470000000000000000000
-0.378734063468179354151855563059,-0.251885512222048043396550154565
0.754914283299000000000000000000,-0.249180359403000000000000000000
0.256566252089000000000000000000,-0.248618950908000000000000000000
-0.241956898758609427963523770299,-0.247671922058555348373854970677
-0.741080339984000000000000000000,-0.246903373441000000000000000000
0.393214323864000000000000000000,-0.244144007168000000000000000000
-0.105295944715709067147584240052,-0.243143389722873326525904039680
-0.604364256955775633183712336338,-0.242414385426838666356594144064
0.894463166232000000000000000000,-0.241853197301000000000000000000
0.529854215008000000000000000000,-0.239652418948000000000000000000
0.031495783935000000000000000000,-0.239067409111000000000000000000
-0.467599786416749027382881845675,-0.237865706615275644222790027528
0.666491645352000000000000000000,-0.235176835028000000000000000000
0.168158232188000000000000000000,-0.234577556930000000000000000000
-0.330453654119284483862776832349,-0.233328598742810307095567521650
-0.834527372339000000000000000000,-0.231881671298000000000000000000
0.803406835091000000000000000000,-0.230285489512000000000000000000
0.304820317934000000000000000000,-0.230132157243000000000000000000
-0.924906529298000000000000000000,-0.229417735094000000000000000000
-0.193715253779663577552168724955,-0.229148675787969485257499905348
-0.692778570797000000000000000000,-0.228335390584000000000000000000
0.947656282300000000000000000000,-0.225701416898000000000000000000
0.441457624709000000000000000000,-0.225630953687000000000000000000
-0.056906820189000000000000000000,-0.225041523355000000000000000000
-0.555988382656262776680307662800,-0.223779208256985105076084741882
0.578098881491000000000000000000,-0.221144478153000000000000000000
0.079745469095000000000000000000,-0.220552448697000000000000000000
-0.419015430867490017918414063953,-0.218951323645636630054618307913
0.714729180706000000000000000000,-0.216664068370000000000000000000
0.216408432429000000000000000000,-0.216075128886000000000000000000
-0.282097678320363051306207547457,-0.215146360566277644073264004376
-0.781264973658000000000000000000,-0.214281799381000000000000000000
0.353062690591000000000000000000,-0.211615685139000000000000000000
0.852825844157000000000000000000,-0.211260750532000000000000000000
-0.145453056433263194585662211974,-0.210624748894866780985109792617
-0.644525322298000000000000000000,-0.209845616625000000000000000000
0.489702656380000000000000000000,-0.207122108371000000000000000000
-0.008664323659000000000000000000,-0.206524844525000000000000000000
-0.507732021178316866707435809488,-0.205334215508711791434226628562
0.626341981052000000000000000000,-0.202646450832000000000000000000
-0.876768709201000000000000000000,-0.202104472768000000000000000000
0.127999153694000000000000000000,-0.202045858385000000000000000000
-0.370628980709950774295260237866,-0.200850339646803649415828088286
0.762959710353000000000000000000,-0.198135761198000000000000000000
0.264660422732000000000000000000,-0.197572426887000000000000000000
-0.233865189167145871844213009474,-0.196639033080689017709932084297
-0.732981636818722668011431612783,-0.195870822951005755359309112468
0.401306888177000000000000000000,-0.193102666200000000000000000000
-0.097190334487274939674538147338,-0.192121891671573998292912754367
0.908397024393000000000000000000,-0.192101085315000000000000000000
-0.596240217996248003074852450024,-0.191395818497159875959343356999
0.537950603798000000000000000000,-0.188614932343000000000000000000
-0.955844067511000000000000000000,-0.188027079291000000000000000000
0.039585561544000000000000000000,-0.188011059846000000000000000000
-0.459481695571998304186797591047,-0.186836286646767953747503800749
0.674581729774000000000000000000,-0.184140620820000000000000000000
0.176248598210000000000000000000,-0.183533594387000000000000000000
-0.322352787772452343906733854384,-0.182306347273428836888545658088
-0.821509161645000000000000000000,-0.181866500049000000000000000000
0.812173466972000000000000000000,-0.179365651061000000000000000000
0.312914038198000000000000000000,-0.179084457735000000000000000000
-0.185617296221000000000000000000,-0.178125266707000000000000000000
-0.684666652229000000000000000000,-0.177301836144000000000000000000
0.958279979543000000000000000000,-0.175133644033000000000000000000
0.449551912718000000000000000000,-0.174593418665000000000000000000
-0.048813153512000000000000000000,-0.173976415755000000000000000000
-0.547867515793006440350413357586,-0.172760136313609828806072298550
0.586194555268000000000000000000,-0.170113465253000000000000000000
0.087838554490000000000000000000,-0.169501030668000000000000000000
-0.410893460069738216771805601314,-0.167932427431248533324913000746
0.722814829141000000000000000000,-0.165614853773000000000000000000
0.224505302398000000000000000000,-0.165028999965000000000000000000
-0.274003483454542848692391423877,-0.164106376049599516278815128072
-0.773153845680000000000000000000,-0.163248169727000000000000000000
0.866767786664000000000000000000,-0.161485183601000000000000000000
-0.911831858195000000000000000000,-0.160950487170000000000000000000
0.361157856568000000000000000000,-0.160571365022000000000000000000
-0.137345686373380113082762105889,-0.159603530453064075483986378799
-0.636375588118098100393641522603,-0.158822065000785807033275963604
0.497800816041000000000000000000,-0.156087299100000000000000000000
-0.000569010889000000000000000000,-0.155463741426000000000000000000
-0.499614732441908530388905051760,-0.154305785080200255192049963430
0.634435436334000000000000000000,-0.151609653109000000000000000000
0.136091582791000000000000000000,-0.150993086290000000000000000000
-0.362514545945882751714803919719,-0.149811311329566073868654781821
-0.861522922855000000000000000000,-0.149152800572000000000000000000
0.771717514597000000000000000000,-0.147216431001000000000000000000
0.272758756867000000000000000000,-0.146532640354000000000000000000
-0.225768475554921383150552769264,-0.145605614078872691330421426167
-0.724872212001189750130902566588,-0.144849931056578642179254426461
0.409403345596000000000000000000,-0.142061993043000000000000000000
0.918611779861000000000000000000,-0.141452973213000000000000000000
-0.089076343202242946127793622949,-0.141101725795712109298715962551
-0.588119351132991666744958139229,-0.140376746553784599689330897645
0.546048302715000000000000000000,-0.137584344240000000000000000000
-0.964469320829000000000000000000,-0.137070100213000000000000000000
0.047683417973000000000000000000,-0.136953208923000000000000000000
-0.451352076591384235568569026711,-0.135807755764001428221768959603
0.682669434237000000000000000000,-0.133088779413000000000000000000
0.184347365550000000000000000000,-0.132488917529000000000000000000
-0.314228822436906352317951639676,-0.131287768620149165177697322269
-0.813274812914000000000000000000,-0.130650468220000000000000000000
0.826095071138000000000000000000,-0.129603060704000000000000000000
0.321010142866000000000000000000,-0.128038853308000000000000000000
-0.177507436922000000000000000000,-0.127091346800000000000000000000
-0.676510861944000000000000000000,-0.126278952241000000000000000000
0.457650431739000000000000000000,-0.123557476424000000000000000000
-0.040711609128000000000000000000,-0.122910853120000000000000000000
0.966491084747000000000000000000,-0.122032965789000000000000000000
-0.539743591634660371818875144408,-0.121741551103478038848135204836
0.594289748024000000000000000000,-0.119081995750000000000000000000
0.095937550657000000000000000000,-0.118446185779000000000000000000
-0.402742641957941037458671154126,-0.116918131937902394584872464509
0.731557814372000000000000000000,-0.114691441990000000000000000000
0.232603039433000000000000000000,-0.113989633421000000000000000000
-0.265891039910930339810972574414,-0.113057218407786260187525393945
-0.764998016613000000000000000000,-0.112225643208000000000000000000
0.876065423040000000000000000000,-0.110647390081000000000000000000
-0.920448645740000000000000000000,-0.109991911837000000000000000000
0.369255099242000000000000000000,-0.109529347773000000000000000000
-0.129228886537000000000000000000,-0.108576509165000000000000000000
-0.628256681738000000000000000000,-0.107792681932000000000000000000
0.505899549497000000000000000000,-0.105051077062000000000000000000
0.007534086870000000000000000000,-0.104402384206000000000000000000
-0.491491566634777577191898668110,-0.103285217123385380976550397465
0.642525813734000000000000000000,-0.100564599051000000000000000000
0.144194387450000000000000000000,-0.099945199805000000000000000000
-0.354373324220973064208953289589,-0.098771416471067286922518041276
-0.853420471621000000000000000000,-0.098107618256000000000000000000
0.779967575241000000000000000000,-0.096211458974000000000000000000
0.280856569233000000000000000000,-0.095490409832000000000000000000
-0.217651892279605617406971564065,-0.094567253119087216219904510065
-0.716717860117477790453262677825,-0.093836200297785472815471045003
0.417503092105000000000000000000,-0.091026871938000000000000000000
-0.080956871036000000000000000000,-0.090077494519000000000000000000
0.923722697689000000000000000000,-0.090039664302000000000000000000
-0.579995426974645598213419924614,-0.089358161343652809731393820502
0.554143939097000000000000000000,-0.086548280467000000000000000000
0.055787222885000000000000000000,-0.085896479416000000000000000000
-0.970393362755000000000000000000,-0.085115397918000000000000000000
-0.443195345530847510272305308130,-0.084786014761833884156004667868
0.691402484723000000000000000000,-0.082164684493000000000000000000
0.192451100908000000000000000000,-0.081445881374000000000000000000
-0.306109256904579935011940370183,-0.080268489556835325364099041522
-0.805175218641000000000000000000,-0.079598436680000000000000000000
0.828334720983000000000000000000,-0.077977481986000000000000000000
0.329107625965000000000000000000,-0.076996115500000000000000000000
-0.169388947772000000000000000000,-0.076059361410000000000000000000
-0.668397777998738679272585158855,-0.075247027935576269097346215976
0.465751798503000000000000000000,-0.072523294852000000000000000000
-0.032605555819000000000000000000,-0.071845907667000000000000000000
-0.531637940325794589017955340737,-0.070720059578502805930892573682
0.971600680947000000000000000000,-0.070613123134000000000000000000
0.602381612869000000000000000000,-0.068037199585000000000000000000
0.104043445260000000000000000000,-0.067394388222000000000000000000
-0.394619603864517168899863302414,-0.065899405643463978656701513526
-0.893723115157000000000000000000,-0.065762796797000000000000000000
0.739809528850000000000000000000,-0.063687225557000000000000000000
0.240706931310000000000000000000,-0.062947836060000000000000000000
-0.257778966589275577212401832933,-0.062018086311634552660668701825
-0.756892586088759507572037551154,-0.061192352192426861541825975605
0.877151521989000000000000000000,-0.058974848621000000000000000000
0.377355373863000000000000000000,-0.058493621028000000000000000000
-0.121106494728000000000000000000,-0.057546821466000000000000000000
-0.620153194984589034733275798514,-0.056763187021633487780824316837
0.514002513149000000000000000000,-0.054017599792000000000000000000
0.015641802217000000000000000000,-0.053341614895000000000000000000
-0.483337663709120450712373661437,-0.052266966930626788174653536577
0.650826431043000000000000000000,-0.049567414508000000000000000000
0.152300456373000000000000000000,-0.048896013185000000000000000000
-0.346251527168050704044369300294,-0.047749382578498611945611931266
-0.845500335592000000000000000000,-0.047020593968000000000000000000
0.788240376529000000000000000000,-0.045211042630000000000000000000
0.288958777831000000000000000000,-0.044455377820000000000000000000
-0.209538089944044203485518594427,-0.043532632541883394680056955198
-0.940635769643000000000000000000,-0.042835289501000000000000000000
-0.708610427858629175401889924274,-0.042814991739557278490853150834
0.425603246997000000000000000000,-0.039990725972000000000000000000
-0.072836814512000000000000000000,-0.039051634895000000000000000000
0.926108797566000000000000000000,-0.038426951516000000000000000000
-0.571889775665779815412500122195,-0.038336669818677576814151171642
0.562241051231000000000000000000,-0.035507417697000000000000000000
0.063894382837000000000000000000,-0.034840555987000000000000000000
-0.435063593306769473359920423151,-0.033756320872878856310223363745
0.699085069790000000000000000000,-0.031071252827000000000000000000
0.200558141565000000000000000000,-0.030404759893000000000000000000
-0.297912102178148765824004661886,-0.029261619088583852366046332516
-0.797086669088000000000000000000,-0.028554135665000000000000000000
0.836584736894000000000000000000,-0.026966219242000000000000000000
0.337208818400000000000000000000,-0.025959628121000000000000000000
-0.161262627213000000000000000000,-0.025023840632000000000000000000
-0.660300491396043287195490047661,-0.024216342552954151621155657384
0.473853805135000000000000000000,-0.021486160754000000000000000000
-0.024498258230000000000000000000,-0.020782968387000000000000000000
-0.523451190644898370564201918324,-0.019711518036557276964631111278
0.973981002014000000000000000000,-0.018990369032000000000000000000
0.610673613383000000000000000000,-0.017039908119000000000000000000
0.112151157084000000000000000000,-0.016341779247000000000000000000
-0.386383833893818480306565856417,-0.014898755906781458442130939236
-0.886496827403000000000000000000,-0.014588514388000000000000000000
0.747334615038000000000000000000,-0.012570234732000000000000000000
0.248809871336000000000000000000,-0.011912497171000000000000000000
-0.249613175881161946557031159755,-0.010928373354882681175437501162
-0.748803800678176370671420314839,-0.010161077615462903063809510341
0.884555678015000000000000000000,-0.007721151107000000000000000000
0.385457707885000000000000000000,-0.007459597344000000000000000000
-0.112983663864000000000000000000,-0.006514940865000000000000000000
-0.612049823593685511228144555550,-0.005730618265468411172201767145
-0.974147923804000000000000000000,-0.003480333319000000000000000000
0.522100656955000000000000000000,-0.002975312493000000000000000000
0.023750768806000000000000000000,-0.002283309953000000000000000000
-0.475205985438064291178864064216,-0.001237364331326097097439604146
0.658943293179000000000000000000,0.001455285131000000000000000000
0.160410341777000000000000000000,0.002144838353000000000000000000
-0.338029581882196509374241215655,0.003288066052279714319705168312
-0.837226194092000000000000000000,0.003992785079000000000000000000
0.795575966696000000000000000000,0.005933397436000000000000000000
0.297061734611000000000000000000,0.006579420743000000000000000000
-0.201368765433179242096880603109,0.007547855727389879833717582362
-0.700518764548277886099864298569,0.008208720056488605717443804109
0.433709329360000000000000000000,0.011042168908000000000000000000
-0.064714948677000000000000000000,0.011979018492000000000000000000
-0.563703025984883596958746701784,0.012671871723267952152110278251
0.933211826014000000000000000000,0.012750045732000000000000000000
0.570512914064000000000000000000,0.015490834233000000000000000000
0.072003499379000000000000000000,0.016213128801000000000000000000
-0.426824790437011606439490775720,0.017248144635037533139552759933
-0.926872500317000000000000000000,0.017691181153000000000000000000
0.707187404860000000000000000000,0.019957203091000000000000000000
0.208663085007000000000000000000,0.020634352487000000000000000000
-0.289775177213914699556959644893,0.021754894244850269490652446329
-0.789062848076000000000000000000,0.022714177817000000000000000000
0.843913697779000000000000000000,0.024181674788000000000000000000
0.345311432269000000000000000000,0.025075964759000000000000000000
-0.153124298968139678976691116257,0.026023938539439356491413784645
-0.652179651647625138711945174479,0.026813232280156696684179305642
0.481956927790000000000000000000,0.029551564404000000000000000000
-0.016389290373000000000000000000,0.030278041693000000000000000000
-0.515352927377000000000000000000,0.031315473286000000000000000000
0.618803658486000000000000000000,0.033977805054000000000000000000
0.120262814989000000000000000000,0.034699135914000000000000000000
-0.378234612920912183214738374216,0.036115794744074824888166912039
-0.877555285206000000000000000000,0.036307780896000000000000000000
0.755430987661000000000000000000,0.038458948387000000000000000000
0.256916288590000000000000000000,0.039123037373000000000000000000
-0.241483954201706480729098070046,0.040108421441528527079498463962
-0.740694689476581348236802357044,0.040870309490255229750643238648
0.393561780874000000000000000000,0.043576629774000000000000000000
-0.104859720784000000000000000000,0.044515365574000000000000000000
-0.603876878215754343595377477335,0.045280136918349350652255387282
0.973097887440000000000000000000,0.045593230222000000000000000000
0.530356577486000000000000000000,0.048026381166000000000000000000
-0.972966439989000000000000000000,0.048188132826000000000000000000
0.031861437045000000000000000000,0.048773546882000000000000000000
0.896747787442000000000000000000,0.049355331282000000000000000000
-0.466968424934595408580691531529,0.049765567501839827961137401578
0.667041165911000000000000000000,0.052487883621000000000000000000
0.168517793551000000000000000000,0.053183485456000000000000000000
-0.329884760364683012949376117940,0.054314309473715171728494773021
-0.829479305998000000000000000000,0.055294270025000000000000000000
0.803676221881000000000000000000,0.056962008412000000000000000000
0.305168113182000000000000000000,0.057613455295000000000000000000
-0.193239474838829896841284540935,0.058584470574906921049585209161
-0.692405425194442170886723130387,0.059228989607947639101794058894
0.441814485383000000000000000000,0.062080904848000000000000000000
-0.056592907799000000000000000000,0.063004562293000000000000000000
-0.555607937082164790352324546620,0.063695040149298846025631410724
0.578667523628000000000000000000,0.066504622091000000000000000000
0.080117622542000000000000000000,0.067258862235000000000000000000
-0.418669351669719883278479629539,0.068270515748768773357106444164
-0.925822678629000000000000000000,0.069365383152000000000000000000
0.715286689824000000000000000000,0.070985980205000000000000000000
0.216771371986000000000000000000,0.071670053825000000000000000000
-0.281628555108877434670530526214,0.072769859978953779712027389080
-0.781208010646000000000000000000,0.073807865214000000000000000000
0.852014196830000000000000000000,0.075209903540000000000000000000
0.353419555972000000000000000000,0.076108325982000000000000000000
-0.144994782509050893103752686611,0.077059963601589593610335801479
-0.644007822418100884787093306655,0.077835116634778636043085797199
0.490199328809000000000000000000,0.080555659039000000000000000000
-0.008278643187000000000000000000,0.081336940294000000000000000000
-0.507082656553076880134780263113,0.082319255499252017874333505603
0.626899040701000000000000000000,0.085014753628000000000000000000
0.128374329887000000000000000000,0.085738165279000000000000000000
-0.370081601843995541819383865677,0.087129739807691612805148784720
-0.877611874781000000000000000000,0.087989016371000000000000000000
0.763530947514000000000000000000,0.089488091737000000000000000000
0.265025391321000000000000000000,0.090157032528000000000000000000
-0.233348184462990967029220209838,0.091151916198807460919756060367
-0.732820473102000000000000000000,0.091942121644000000000000000000
0.401671855849000000000000000000,0.094609681063000000000000000000
-0.096734570569000000000000000000,0.095546980503000000000000000000
-0.595758944274252554695646219809,0.096299675617708935578361644110
0.917638267810000000000000000000,0.096615390568000000000000000000
0.969309476243000000000000000000,0.097125921636000000000000000000
0.538535320343000000000000000000,0.099036313532000000000000000000
-0.969042122720000000000000000000,0.099720515537000000000000000000
0.039976651508000000000000000000,0.099818374350000000000000000000
-0.458814994385686359315665951166,0.100785459259345643524025148138
0.675135483437000000000000000000,0.103517524409000000000000000000
0.176630201333000000000000000000,0.104220141814000000000000000000
-0.321734035836309532390005046982,0.105334328287151438267866017171
-0.829152756354000000000000000000,0.106995276207000000000000000000
0.812026036638000000000000000000,0.107950757046000000000000000000
0.313276443807000000000000000000,0.108647826625000000000000000000
-0.185103402038828323375608524165,0.109627173962076810373210905577
-0.684241410066772488898622452540,0.110241174795108732549841725428
0.450044557140000000000000000000,0.113083911921000000000000000000
-0.048469720245000000000000000000,0.114036020907000000000000000000
-0.547343779453461354808055405466,0.114691097636735851871513722951
0.586763922004000000000000000000,0.117554062249000000000000000000
0.088234608936000000000000000000,0.118295007240000000000000000000
-0.410510298837392017057339705131,0.119292056888246799382810431278
-0.921902717539000000000000000000,0.120907868561000000000000000000
0.723378566113000000000000000000,0.122016544443000000000000000000
0.224885046249000000000000000000,0.122703093503000000000000000000
-0.273479638656961050623528523174,0.123784459273996013602225411815
0.864644323972000000000000000000,0.125310328537000000000000000000
-0.780136941097000000000000000000,0.125506797054000000000000000000
0.361529342524000000000000000000,0.127138113899000000000000000000
-0.136858123788288479601950017249,0.128101136912727767219616656383
-0.635875303385940095804773491900,0.128860279886976884822360367848
0.498398535466000000000000000000,0.131562298970000000000000000000
-0.000161546870000000000000000000,0.132378379411000000000000000000
-0.498926684692599549600790450179,0.133342278534212215031917133103
0.635005009388000000000000000000,0.136060770843000000000000000000
0.136491427805000000000000000000,0.136772072968000000000000000000
-0.361932685392079157772381855809,0.138144339102733846695346805846
-0.873688572870000000000000000000,0.139514001693000000000000000000
0.771617165536000000000000000000,0.140518884635000000000000000000
0.273139313334000000000000000000,0.141189779597000000000000000000
-0.225209807569668603603168712744,0.142194173757884479338377564567
-0.724410135115362779337523007123,0.142917214086517277808501240165
0.409888490242000000000000000000,0.145613518652000000000000000000
-0.088609032957000000000000000000,0.146577890313000000000000000000
-0.587462353880345731788781835933,0.147290466633438139753067072843
0.911133364112000000000000000000,0.147872049742000000000000000000
0.962798343437000000000000000000,0.148387418901000000000000000000
0.546626778706717188615082231184,0.150082310140448266457719740574
0.048097365175000000000000000000,0.150852574136000000000000000000
-0.450654949933263425004656194034,0.151808224696966012926703759045
-0.961980587402000000000000000000,0.153539434130000000000000000000
0.683252234304000000000000000000,0.154566087691000000000000000000
0.184747805423000000000000000000,0.155252783055000000000000000000
-0.313585119384393148343003031375,0.156348927582193672158064048955
-0.820420388224000000000000000000,0.157940057181000000000000000000
0.819858273985000000000000000000,0.159022236482000000000000000000
0.321390495136000000000000000000,0.159668082391000000000000000000
-0.176964556491364480063640395829,0.160668207669443478675412736637
-0.676114563208809510137631014169,0.161259294524487767713713962737
0.458261272391000000000000000000,0.164087746250000000000000000000
-0.040344171467000000000000000000,0.165061516844000000000000000000
-0.539194611513350620891664459026,0.165705656759185479038854439829
0.594864051473000000000000000000,0.168591942792000000000000000000
0.096355115810000000000000000000,0.169326928687000000000000000000
-0.402354326714515658042277272242,0.170315523311188640131582378447
-0.913761032330000000000000000000,0.172202215860000000000000000000
0.731499721484000000000000000000,0.173078523430000000000000000000
0.233001773395000000000000000000,0.173734254159000000000000000000
-0.265330722205044666576526507212,0.174799058569038247492423445897
-0.764982577187000000000000000000,0.174919039191000000000000000000
0.868352129573000000000000000000,0.176843894103000000000000000000
0.369737020901000000000000000000,0.178143391107000000000000000000
-0.128719380506920949866149797582,0.179142437688692192775490745259
-0.627567940966016619755602719661,0.179854803953391475288784690111
0.506489601259706053913072209539,0.182607702792362214222708923990
0.007963299332000000000000000000,0.183410387730000000000000000000
-0.490773783479961413513008142934,0.184356241156135643756871110330
0.643110755776000000000000000000,0.187095698137000000000000000000
0.144612809503000000000000000000,0.187804443739000000000000000000
-0.353783203002930726526212000338,0.189158847993469986697755658219
-0.861540708082000000000000000000,0.189739450610000000000000000000
0.779914296138000000000000000000,0.191796086508000000000000000000
0.281254101247000000000000000000,0.192211899719000000000000000000
-0.217071191451439107385481536063,0.193235757623257154622005907181
-0.716445832360302271083404438655,0.193968449012704409752005904707
0.418124860760000000000000000000,0.196614168023000000000000000000
-0.080473137008982101777327536798,0.197613879671158816663107571341
-0.579309452667707595700999521296,0.198304429255361568478021051789
0.953566424027000000000000000000,0.199230456367000000000000000000
0.554724285675000000000000000000,0.201122961029000000000000000000
0.056220863990000000000000000000,0.201884016729000000000000000000
-0.442501638136391439539138818436,0.202828406391114965118768180429
0.691355041975090382406633029518,0.205601689113053252341413644018
0.192868258995000000000000000000,0.206284483607000000000000000000
-0.951850289459000000000000000000,0.207200483698000000000000000000
-0.805231024198000000000000000000,0.207339660834000000000000000000
-0.305435839549221129497527899759,0.207363974404702146069953095926
0.828520296566000000000000000000,0.210077201537000000000000000000
0.329585849402000000000000000000,0.210675343619000000000000000000
-0.168825838724704395385137616262,0.211709526076038752322167359932
-0.667811105982826888933197212025,0.212248967779670665478582115460
0.903662365263000000000000000000,0.214563445328000000000000000000
0.466353087825333793940506321748,0.215133914835981621662940960947
-0.032215559556000000000000000000,0.216093026698000000000000000000
-0.531041710300712484803882151746,0.216719619381108907763808404194
0.602972564024000000000000000000,0.219629279597000000000000000000
0.104479346479000000000000000000,0.220358829432000000000000000000
-0.394198189569422235344588495701,0.221338391828091819004942615915
-0.901552562250000000000000000000,0.222456628528000000000000000000
0.739600066335000000000000000000,0.224112163978000000000000000000
0.241121969853000000000000000000,0.224753532373000000000000000000
-0.257186901677585223700736154173,0.225828377314979410848434747982
-0.757036558361000000000000000000,0.226003538818000000000000000000
0.377989134521000000000000000000,0.229141513909000000000000000000
-0.120579496934551643819365183067,0.230180711323385422898157860239
-0.619415039753378483667820409340,0.230868766575314904013738667418
0.514581636634774617958404512927,0.233651508100480687570196486861
0.016089263554000000000000000000,0.234441413944000000000000000000
-0.482624984735239248563995212553,0.235370859253226712397697050681
0.651226464132831895435309867932,0.238137691032954816829723971412
0.152735453127000000000000000000,0.238829894385000000000000000000
-0.846043361346000000000000000000,0.239034974350000000000000000000
-0.345640428378582615050666189169,0.240174427986165449225682501893
0.788427667280000000000000000000,0.242762819036000000000000000000
0.289437558419000000000000000000,0.243221068787000000000000000000
-0.208932095921338281121000380365,0.244277439676002369689363152778
-0.707956290516766390154744733561,0.244927470391267896571897290191
0.426217435814359856595003924021,0.247661189825258556719689390329
-0.072332749996180887831528542801,0.248650838297471150064833263635
-0.571162227992903733690821478691,0.249323173649970016368153005894
0.941653411513000000000000000000,0.249576383962000000000000000000
0.562829360716000000000000000000,0.252157234610000000000000000000
0.064348501565000000000000000000,0.252915596998000000000000000000
-0.434351509831683495157354023124,0.253843853715139608653337439508
0.699578311180000000000000000000,0.256789874778000000000000000000
0.200989936497000000000000000000,0.257303527935000000000000000000
-0.939490814670000000000000000000,0.257555129950000000000000000000
-0.297298489423364747233147988306,0.258393953738062129672238300747
-0.797311456718000000000000000000,0.258485797579000000000000000000
0.836739706633000000000000000000,0.261111767567000000000000000000
0.337854981767000000000000000000,0.261670690218000000000000000000
-0.160685046302700175753174078810,0.262746775984346255273088752978
-0.659658204770188752845414900964,0.263262930401594094203536097311
0.889086889419000000000000000000,0.264132748921000000000000000000
0.474445082656167428768616894095,0.266181132068039045639954734062
-0.024085505035000000000000000000,0.267121195052000000000000000000
-0.522892911555990319854869224612,0.267734237478199976404634362591
0.611084645135301029713444689105,0.270657355055565923428349798120
0.112604950968000000000000000000,0.271389588614000000000000000000
-0.886564103441000000000000000000,0.271919060177000000000000000000
-0.386050081880284107024794308314,0.272360668593705520311125426226
0.748105114569000000000000000000,0.275078972950000000000000000000
0.249292224615000000000000000000,0.275764820013000000000000000000
-0.249049487290831745927914342737,0.276858188728682861826366871700
-0.748475131118145942531001849986,0.276976148006639689175364337592
0.386083302647050560745917249696,0.280190338837839888079315605188
-0.112438284375886044513732278172,0.281216863806318176660977799930
-0.611270600038460678476411726838,0.281884080769232270071381135757
0.522686471312036194115448403339,0.284677466356870231213694495361
0.024219835645000000000000000000,0.285472020305000000000000000000
-0.474475604325944905436686046875,0.286385384434969281086980158567
0.659320589533000000000000000000,0.289176395286000000000000000000
0.160859846704000000000000000000,0.289848504550000000000000000000
-0.838196931843000000000000000000,0.290108874416000000000000000000
-0.337507046549622842618126832123,0.291191506309001460917076404634
0.796676934238000000000000000000,0.293782189273000000000000000000
0.297730978704000000000000000000,0.294212495890000000000000000000
-0.200797679282220201497473670495,0.295315089998238591871528495001
-0.699865952352536378143098459553,0.295958425107858182086765044089
0.434309396634776489407382582145,0.298714324350171248477870880230
0.927096576013000000000000000000,0.299151219839000000000000000000
-0.064191242451356015759570979303,0.299686220213802408098273494227
-0.563013441150257700636212680086,0.300339255093956731593166637670
0.570944599034467841459428778802,0.303179207395139440663868252517
0.072478323326514408294367762145,0.303944865587213330428260337247
-0.426208812497531460111185183166,0.304859446044332753464974689944
-0.924501464231000000000000000000,0.307025540119000000000000000000
0.860373438071000000000000000000,0.307093907635000000000000000000
0.707898893880000000000000000000,0.307793962137000000000000000000
0.209147514276000000000000000000,0.308316840826000000000000000000
-0.289168540077208018684935529965,0.309420136882644322225366170936
-0.788660087463000000000000000000,0.309444975164000000000000000000
0.345959377533826724103198701459,0.312732078405392859083781396471
-0.152548720227894594054869048812,0.313779437556385564783519790319
-0.651513765055270947654006218462,0.314278244595511460261178565650
0.482549821090705111667668817241,0.317205587145840100801757997591
-0.015944157740834346514778005003,0.318155464852113506929378687683
-0.514743531146695976727560055688,0.318748762659942545093917452431
0.619171840350862084013529775791,0.321700205629152455736371513540
0.120743341367000000000000000000,0.322424586454000000000000000000
-0.377915508434362816981644762167,0.323379242928458782046443167575
0.756217779567000000000000000000,0.326110966480000000000000000000
0.257605966293000000000000000000,0.326752913346000000000000000000
-0.240921487642018192706093832671,0.327889465833369104292616653804
-0.740437393471000000000000000000,0.328025191617000000000000000000
0.394183830526159621634303476166,0.331260335586366782021424153113
-0.104301907953552195062453809597,0.332249393862192049435018959523
-0.603122863417194507564379753833,0.332898868512831823519609785011
-0.880866246802000000000000000000,0.334738419735000000000000000000
0.530801626257165223267781204760,0.335697447156460747722834296043
0.032351083658447366657949022669,0.336498415507859784869967906509
-0.466332906991792870390517198322,0.337400976764162425898617393038
0.667611870437000000000000000000,0.340181833874000000000000000000
0.169006778355000000000000000000,0.340863522282000000000000000000
-0.829539843762000000000000000000,0.341052960735000000000000000000
-0.329365287508542067600273580135,0.342207248392117497418281381816
0.804458017701000000000000000000,0.344870421750000000000000000000
0.305834371132246110693011332300,0.345272484700446273644908554113
-0.192670697652097803267265462926,0.346349028285459767032051209333
-0.691666931658806808509640760599,0.346964995667324649545501374169
0.909932204394000000000000000000,0.347883443103000000000000000000
0.442430459157893804996682595090,0.349752952303071002399793379939
-0.056054881092748797679689864045,0.350718789620227897172296154951
-0.554880068264023741656583808276,0.351379314838157420310011274711
0.579022834317737982826037743890,0.354234147881050056828152461097
0.080606871003510553544675043983,0.354962714358372210674321320019
-0.418075447494584893138573073841,0.355876527049647836927529613594
0.854341832730000000000000000000,0.358414076161000000000000000000
0.715805140483000000000000000000,0.358863486649000000000000000000
0.217486881908042332440940433906,0.359300776379414678057221724514
-0.281031795404294160958907968458,0.360449170483351259791116156263
-0.781095475387000000000000000000,0.361267804416000000000000000000
0.354056583275845147818279788450,0.363806573201145914292110521713
-0.144420464843605070872526615584,0.364810047068297528558896417114
-0.643366028434004776741974249035,0.365293032339111013709407217805
0.490686973946454578501677752547,0.368250616749679074225000221741
-0.007807867957688667248697574134,0.369188221233555155729586217460
-0.506600833812543941681391210383,0.369764354989135689905554704948
0.627258798981836253957805895345,0.372732415191744322441340060954
0.128880895097000000000000000000,0.373441099742000000000000000000
-0.369773749393282041963791511792,0.374394985011574818547648160150
0.764125907376000000000000000000,0.377172917597000000000000000000
0.265715363667123542679357660744,0.377820286785801849251044844174
-0.232784323626184466988741728429,0.378917403955845203268952325657
-0.732162841789277395789475241880,0.379042642764312401636191486532
0.402302689060275735581269064641,0.382289950436991504136211985487
-0.096173278104441026101461487099,0.383279025175660974262686119500
-0.595002670619173585960550827456,0.383940176723267315946416350497
-0.895067197697000000000000000000,0.384461102876000000000000000000
0.538904087339211810350323433490,0.386797965795945181603571976050
0.040492871786275705681595489494,0.387516688729771459372058658013
-0.458199541988846303417905097049,0.388418057769477509361172336063
0.675491538510000000000000000000,0.391248843422000000000000000000
-0.840646039909000000000000000000,0.391517019399000000000000000000
0.177364506495957667559059566094,0.391844426633585321942778275487
-0.321229009288841025424343386406,0.393223864874452500816854441782
0.890207802123000000000000000000,0.395638187095000000000000000000
0.313935904946512706421445355455,0.396358721975880939851699914499
-0.184535816715844231943701414096,0.397382932962534604977428033914
-0.683838997024819532346147422221,0.398085893306879788533254473947
0.450558790549192409998420601209,0.400787105155924299282260387994
0.824869350463000000000000000000,0.400859207808000000000000000000
-0.047925599107562004243037309112,0.401746717288866565592817399673
-0.546746703261077174683971692836,0.402396395843472503772566211370
0.587144555118000000000000000000,0.405298622235000000000000000000
0.088742066023495592148464090030,0.405980421722670387084825281770
-0.409933688453504118120719822899,0.406892269132763873428734609595
0.723517145449000000000000000000,0.410302183795000000000000000000
0.225593098678738055879700359172,0.410364073178534537067938944026
-0.272898345496532220937364185840,0.411473279055977556705729400722
-0.770655202082473675529934845378,0.413498881381329255433962021081
0.362188139201936907214095475910,0.414843246279914773054594127138
-0.136284380615375444405089475782,0.415840806480803564622416007831
-0.635261837170336022232262827192,0.416314755796241625737365847967
0.498771417963208637738059588905,0.419346112090867989990251559259
0.000324112385102598297874156392,0.420209098539633392629077836463
-0.498467468809597374708779105861,0.420781435994450773368109629927
0.137265932283000000000000000000,0.424417552153000000000000000000
0.636311085458000000000000000000,0.424938120786000000000000000000
-0.361637471173580999787861316993,0.425411601493909821946221201297
0.771970317331000000000000000000,0.428242108403000000000000000000
0.273812035182921948161824265161,0.428907421349653522603901738151
-0.224651142144662089450848310745,0.429942213765303069011438670299
-0.873388520591000000000000000000,0.431494184780000000000000000000
0.410444441431566248649579774517,0.433340648364663379745880614858
-0.088035599373415405974554630458,0.434305618671549568198503483177
-0.586856739581519691724909935182,0.434955252809693219133665072509
-0.816545071302828316528062706198,0.437226799189531154842799095515
0.547009176771000000000000000000,0.437842457763000000000000000000
0.048626296111755457901188287041,0.438533760277594853956862073416
-0.450057782947765528400051838055,0.439433799852593545862377312689
-0.726295143875413129850950171012,0.439976785687377297006038306983
0.867980072328000000000000000000,0.442279405191000000000000000000
0.185494737059135149188764240860,0.442937307221189768238061726950
0.684342287337000000000000000000,0.443996461075000000000000000000
-0.313108830847575957429274312449,0.444243046391368774325319414041
0.322061674057995263973703705986,0.447381853742836007549939655809
-0.176408066438306431271893901634,0.448421927696121197591280647960
-0.675438528554318410797411476498,0.449059673920545807292735919987
0.458652700827295515096312102460,0.451910998566210953102277827672
-0.039785887880750803433643173555,0.452767999922316395234763916675
0.817403774990000000000000000000,0.452843950698000000000000000000
-0.538608645759160308926787633808,0.453421861136152180960492280628
0.595264336075000000000000000000,0.456328644229000000000000000000
0.097138351392816164852589024067,0.456954891534243419182978210214
-0.401797410233803075944789628119,0.457908885615098876827307650745
0.233713864543069127496766543108,0.461480890491138626800595071109
-0.264778556327748936249645900205,0.462493491465727812921071330591
0.732512710733000000000000000000,0.463653035453000000000000000000
0.370316076356508456176038160104,0.465876912701198991096867771064
-0.128149126909560331715980870077,0.466860174254155513208421766010
-0.627115689518339431959200788388,0.467329797293881393271787938984
-0.769373599861170149715830091667,0.468492409658408200652867147458
0.506893168221000000000000000000,0.470406041222000000000000000000
0.008465815126792079088536124531,0.471225175693433552853479774563
-0.490325709768516599690925850116,0.471797178077566809869314624598
0.145367147200583302634037040414,0.475474527642084422340767513969
-0.353517292732315931792792244286,0.476430783010826095454686191242
0.642723138856000000000000000000,0.476754992579000000000000000000
-0.849278976655000000000000000000,0.477198749409000000000000000000
0.281973148170591165672448355060,0.479967192052403526129099911641
-0.216536745698641859661847328283,0.480976507664373762922553763038
0.418519417675130033236027721365,0.484460025096449334009446949889
-0.079899415416895729175069411386,0.485322555504922340244682198054
-0.578722218792064418502998180175,0.485976461621432199548501112973
0.555165505811000000000000000000,0.488921463285000000000000000000
0.057023688246828001413815991987,0.489508047775350611068664469225
-0.441921504728064486224121650968,0.490450416334928549260950375476
-0.718170746474875060993600658932,0.491014134782516908259611821408
0.784347677953000000000000000000,0.492553220779000000000000000000
0.193587083650797006268592680341,0.494019108570769571504850702111
0.690970393046000000000000000000,0.495243642309000000000000000000
-0.304994857705854981572593064142,0.495263215152648540726401610017
0.330232498912361990479709006741,0.498468337951610329699950098686
-0.168300289508836097377017149117,0.499473493224809994674832436496
-0.667313689187599419873961007317,0.500094548024919519512907614506
0.835268028939000000000000000000,0.501325382316000000000000000000
0.466757034153768623912355079123,0.502953984570661766373040155406
-0.031649579505374001459732153368,0.503784611595327475378719663197
-0.530472367539459266750857440786,0.504438477618487184359065336043
-0.805815170411644197121662175196,0.505138734085871632840278168422
0.105251825389671040595115107041,0.508026872205586819162031710937
-0.393677231792538007949720551456,0.508928067132015150335772640057
0.602629181892000000000000000000,0.509354583418000000000000000000
0.241842183031011299008850448813,0.512500249356319224814576396041
-0.256669270109122075242584407480,0.513526067175389451582890574781
0.738295181559000000000000000000,0.515978447497000000000000000000
0.378431906041702032069059696668,0.517061652151993258414619687196
-0.120028992151437786173900596779,0.517879362723632046085283537912
-0.618984242036513748009484141363,0.518347183961804200936223854477
0.515010357570000000000000000000,0.521438387889000000000000000000
0.017002691157500315074179148630,0.522176288813858667761643145436
-0.482189431548815557514995660142,0.522813794559901813267887667077
-0.757789647077055820503017598448,0.524176677488795816101808761192
0.153470847137594009642106949503,0.526570325884271009525710331068
-0.345403319590594955936110992668,0.527450951772105861855768369132
0.650867058427000000000000000000,0.527882302365000000000000000000
0.290097034336802062013420877695,0.530995844217507984394039188980
-0.208428018414270159074790545944,0.532010542160846415388340661352
0.426684064013000000000000000000,0.535575558316000000000000000000
-0.071779280658773183632989127682,0.536341743974398873121543978211
-0.570555394969784192031521215845,0.537030579308833216931748172190
0.065231147296476844466400178431,0.540695504033916625393909982104
-0.433807098199855722000822726043,0.541470516170865758902011829335
0.562460861356000000000000000000,0.541884007437000000000000000000
-0.710464828507971095141434842970,0.544895165077836929890874242260
0.807511422280000000000000000000,0.544904394694000000000000000000
0.201723555597746408086000589123,0.545048519870202490229538638031
-0.296906355193776689112344883664,0.546287428107736248270124868778
0.698213060711000000000000000000,0.548581901336000000000000000000
0.338291424850162519937950601400,0.549602157759414897915282404934
-0.160192039986894395908193019244,0.550508773582465539843593562180
-0.659179641113015046849546255734,0.551118004818524323940440088818
0.474943962915000000000000000000,0.554069119277000000000000000000
-0.023107573187691370394652387229,0.554734864868914910159361950013
-0.799605495338000000000000000000,0.556439590601000000000000000000
-0.522948548802865545726359189560,0.557092542787350978660036251612
0.113450826308780023031608363161,0.559239762877205732713974443970
-0.385563258650817032093039314761,0.559948235893294916736854819776
0.610702947768000000000000000000,0.560395458852000000000000000000
0.759200447106000000000000000000,0.563230960712000000000000000000
0.249974531586064162214865480899,0.563539337477928979963814331514
-0.248580767597043782782336216108,0.564550280130477159126613845236
0.386528950200425290957834884340,0.568096354921140886893013918424
-0.111914980975048565159203374752,0.568899525436068272753882503998
-0.610847588532073559499403286852,0.569363740591223226198520468810
0.025120635286115325737005255288,0.573253774977575188382715848517
-0.474075025020606793291696738292,0.573833894395839022908949140091
0.522398796252000000000000000000,0.574522377544000000000000000000
-0.751756644028398989944562652530,0.575941584381856308536375608501
0.161715728933872160286961384708,0.577732889012155190187428448173
-0.337314817078516663475862814430,0.578475164727193569399491646392
0.658045788454000000000000000000,0.581089156057000000000000000000
0.298164750764920442668530021230,0.582156452078957502807615489816
-0.200339515902191866614542371778,0.583034755115934122932063925235
0.434942443259000000000000000000,0.586774559805000000000000000000
-0.063221198862973200931326563450,0.587289299524694257628491417202
-0.563146733087501869674539779973,0.589542506744071398554386266710
0.073339659307696778162316124520,0.591797226881412934858806126526
-0.425718595687777429540574548126,0.592494729125953466445735104274
0.570516228923000000000000000000,0.593360694033000000000000000000
-0.704089093163554299566697342797,0.596175394671364990841421022703
0.209978907961528669869560080972,0.596238638257281059291361022393
-0.288842851120937349518705256254,0.597315597608918048734482835143
0.706279862502000000000000000000,0.599622434874000000000000000000
0.346401657829659562043174166605,0.600652261804453662636583630932
-0.152103537474816103447944832181,0.601532986537553247387316831008
-0.652828843712271460069972424172,0.602600424380735559094737043280
-0.014993102593704828072355684656,0.605808071374258665282529519849
-0.515510449575402072970246490193,0.609534471973355040796547721438
0.121600973475104654022602832293,0.610285931497571505794141018602
-0.377474756138738739632791120334,0.610972448848382624280578096766
0.618000388930000000000000000000,0.613744320983000000000000000000
0.755674843323000000000000000000,0.614778917345000000000000000000
0.258164394517325961195913283169,0.614867998577890985898608943970
-0.240517263524204443188696599091,0.615578449631658959590971796983
0.493432469160000000000000000000,0.617314587904000000000000000000
0.394654328365000000000000000000,0.619124142466000000000000000000
-0.103335085971137836212544759433,0.619843412039819902973711771751
-0.604413058946014207831392883022,0.620622798420841631748576685620
0.033225793600111894615088115132,0.624351365766781759900439945769
-0.465986522508528500831448554810,0.624858107350926730452672398986
-0.745386622617806143750552922696,0.627215213079522882562722730094
0.169865600101490632633401425205,0.628793464521597809875091456273
-0.329251313005677323882223186122,0.629503334228375369863849592824
0.666239239649000000000000000000,0.632288177419000000000000000000
0.306400582290996590095049340634,0.633365684098983218856223981443
-0.192276011829352527020902741076,0.634062924617115923396421886443
0.541542531570000000000000000000,0.636173080872000000000000000000
0.445779856559000000000000000000,0.637299378345000000000000000000
-0.055106989701869463353573864711,0.638362183889384310627749866612
-0.556770899556961688893095530693,0.640808898536013189453221932925
0.081483767751206241751191610821,0.642835954316003593091589709015
-0.417820895838331549565359289310,0.643548823160243210379554950180
0.218047901931422310685399855107,0.647431060153636819348586250411
-0.697898344949542275300608333799,0.647556247091487669152833374747
-0.280816717648960883933893333567,0.648349658412111596898985860607
0.354655475763000000000000000000,0.651841983013000000000000000000
-0.143401345263449946166010489015,0.652456125004172479180542537001
0.722010946443000000000000000000,0.653982916810000000000000000000
-0.646719318972056279081916215701,0.654599078948762884958580716560
0.589037850592000000000000000000,0.656539186602000000000000000000
-0.006888146992765442596115773553,0.656905412376767819826488037352
-0.509134616044861892188802250969,0.660800863765296831695383387753
0.129736749848543432078973373892,0.661329130458390566638617042014
-0.369448622666762274047979203558,0.662006509651576172445081123106
-0.232491130052227977603884670062,0.666612510434852507755474836548
0.266885288581000000000000000000,0.666665731984000000000000000000
0.405483238750000000000000000000,0.669649108001000000000000000000
0.502367405327000000000000000000,0.669900682858000000000000000000
-0.095173226562579728051386695711,0.670974924412000608683496682937
-0.598037225415474027049948639675,0.671889190212783422647412368862
0.637272505554000000000000000000,0.675078219796000000000000000000
0.041366317718251294040039553476,0.675385676026448371658844629295
-0.459805635720573362357516504520,0.676148367821005440197745958806
0.177915917404388862370297035181,0.679974826857286698056876591154
-0.321225179533700858297411262581,0.680537395031568918028352630329
-0.183539589120667909961970940952,0.684980201634148332993607706199
0.315150244370000000000000000000,0.685147821281000000000000000000
0.454078536179000000000000000000,0.688313349503000000000000000000
-0.046939742959183794646986583943,0.689536131662692521745161978031
0.686317443425000000000000000000,0.691347816499000000000000000000
0.551124691141000000000000000000,0.691647529713000000000000000000
-0.549881382742608298740805230121,0.692559251385789492647863871479
0.089617567308607507596985694628,0.693876716742189516876190687389
-0.410241481595225348907599011738,0.694651138766343057211416270068
-0.681136397026000000000000000000,0.696447563335000000000000000000
0.226156780720730022052773318651,0.698460315410963793268866754332
-0.273025350909169859488824150072,0.699420088064701316219457189435
0.364033262518000000000000000000,0.702657514229000000000000000000
-0.135311492818888694024166532111,0.703498973399045350895732996931
0.001338128458700516641342303320,0.708045104147216513539554679624
0.599646854347000000000000000000,0.710497361455000000000000000000
0.137796734864452937888309371655,0.712522413141085648294450227604
-0.361997175952431364250821811326,0.713127641509522394812110083452
-0.503189822952140109133508042172,0.714667901840016029319322095337
-0.223669119885383219296768966732,0.717515028223171435036805157242
0.275030953366000000000000000000,0.717714381120000000000000000000
0.412399235874000000000000000000,0.720852063502000000000000000000
0.509013441759000000000000000000,0.721595244103000000000000000000
-0.087092722508555054378611033705,0.722042014420768950952122198190
-0.591520792148394210664648281045,0.723137900226302129427549598841
0.049600186418581713059699351228,0.726549387390250036949080433950
0.648692909114000000000000000000,0.726767640425000000000000000000
-0.450543086612263441285684298804,0.726972568400947513522829058473
0.186007838178839152231759010426,0.731085378900457604714140326492
-0.643226432324000000000000000000,0.731573600297000000000000000000
-0.313773732819369948500253877805,0.731658526889515140395381581169
-0.175441023583604003358964572370,0.736033799988068452938930458480
0.323289028981000000000000000000,0.736191307385000000000000000000
0.460570631033000000000000000000,0.739577750605000000000000000000
-0.038776129248042905708585110615,0.740598759997381991422030728997
0.559222346491000000000000000000,0.742683580071000000000000000000
0.097779353974427143351023016097,0.745195083789146168367339980205
-0.544824351688474296188805582687,0.745304326411861020498011093896
-0.403060660765598563074384064548,0.747327258678375176215242043097
0.234282718434394230479030679516,0.749481849129440542940123305434
-0.263656221908677888360926355256,0.750224749291267697237268869542
0.371902615047000000000000000000,0.753728481526000000000000000000
-0.127222253273270363713409059669,0.754576841009792052995319648125
0.009495568688254154505958379160,0.759114918512562989675763587367
0.607260698419000000000000000000,0.761723635634000000000000000000
0.145983331810165276753314623514,0.763776545017631507187344812674
-0.354233111596046201328718371103,0.764202228979652259212985523680
-0.215428125606898672423121944903,0.768743521056164715139394162981
0.284772302578000000000000000000,0.770652688748000000000000000000
0.420269002292000000000000000000,0.771921226023000000000000000000
0.517112141083000000000000000000,0.772630699913000000000000000000
-0.078965188409332267902997268964,0.773060024672443877923726633015
-0.590514360723948914543390403649,0.774789437244690324810157677120
-0.504517283531645983994010175709,0.777618942875233043381382745045
0.057674736244099584797282052630,0.777760614911459121094023130505
-0.452864914140189664584247936308,0.778581708071209418589553734117
0.194239835144831012956557619029,0.782221166631680188405414719660
-0.304073779306316446670918926786,0.782401064098632286834624248926
-0.167209355296565032777566448123,0.787286562077888315195783360408
0.333395062372000000000000000000,0.788185998639000000000000000000
0.468668425175000000000000000000,0.790613891959000000000000000000
-0.030656795315722683055587232289,0.791621561610031270671023499124
0.564243291886000000000000000000,0.794113082412000000000000000000
0.105842922835451270050412105588,0.796434660565113414690723226367
-0.404769836296843446954643137584,0.798960318819891395139794747734
0.242572785475398138029394130559,0.800473701116103057305176512714
-0.255605581341740659037558940027,0.801254949830125289534811372966
-0.548610462049409774864902352513,0.805004623102930449646391278818
-0.118962722852457441592428939740,0.805756988125416884822361515998
0.017522372240122747235736431682,0.810267258008927402089283046085
0.154130078693235011857421450090,0.814798885562105211688339642704
-0.344241909049712856993107028216,0.814888223615766279075777556865
0.376277332819000000000000000000,0.818580808132000000000000000000
-0.207377485039961443099754542327,0.819773721595022307436936650919
0.428364177440000000000000000000,0.822951038952000000000000000000
-0.070720105179465230218552531122,0.824237897752151621089076217912
0.519216682074000000000000000000,0.824261973861000000000000000000
0.299582040404086656959785920392,0.827249469530380442755997106859
0.065682247540597229097296585314,0.828962727824280666751921707167
-0.453573895659152952970894110371,0.830238184197439763734322036554
-0.505163703317947764830164149551,0.832955890271060174513947759702
-0.296023138739379217347551515825,0.833431264637489879132166750700
0.202854835612000000000000000000,0.837136067236000000000000000000
-0.157294732951750468727672174138,0.840391525545768473350277880447
-0.022540937623619799927228857148,0.842883594151047752507335762704
-0.384399370178561739042121768195,0.847388569710216229845417583713
0.474773830262000000000000000000,0.850630273991000000000000000000
0.253667511567773153366715004100,0.850929634696894227907362287179
-0.247538817258274690609770276537,0.852282604075600267578754014815
0.107466368748361559346655296976,0.859343336696864116409264957351
0.345183057550000000000000000000,0.859862430738000000000000000000
-0.336238587868359892329155026797,0.866081702883747786568669345838
0.158671041125000000000000000000,0.866272048042000000000000000000
-0.114176283092839542126630886383,0.868846638659910567555514397960
-0.199084024713957129728107661360,0.870765021798047426265253782953
0.429005456244096380802048621951,0.874616459558307893971100386945
-0.427987732576550017538144208129,0.875118496576972994308552844815
-0.062778168154238590890647189018,0.875285128988148851571668041925
0.297136732470000000000000000000,0.878884837736000000000000000000
0.060861212034940311807420752252,0.881653003854402235602130957894
0.009237140826026792718413102331,0.883615005992796424050919454781
-0.287956374655913248919762852343,0.884458918882964857176109392550
0.382035319067951337709531831225,0.896126931292515734295194608701
-0.376553272036497227505160884778,0.898450619458724455164969899496
0.243000338836324823421686424746,0.901477687146929157736590354202
0.191551274400393716259701316680,0.906156143007728321298320916975
-0.167131578539177416709150867369,0.911359791954088984787507228633
-0.227875037008377991601207439860,0.913659914170409708196798827067
0.333992220203596041708887507481,0.915120478409466268877433225822
0.141022219098955756641618375172,0.916912943225184324805750640858
-0.328394642435263825888383140495,0.917149297901471233231902494694
-0.116153057026883681484506995567,0.920470146341854466562622454743
0.089939381514972940855212720484,0.924622540162928202489723954414
-0.064769876102921408403652833443,0.926908062651601094196670223490
0.038419987063985559183629931922,0.928449572430574724743992677942
-0.013212326067557376898253223588,0.930181167435284539020970564600
0.285011043126600517351391948985,0.931544195185094289826451175174
-0.275143703604737587148000787095,0.934506192945678824923278440773
0.221492673866382139531143786123,0.948641025488649192060726416143
-0.195932211239497181204513779582,0.954262254773790705406606451859
0.170893441440351321755950197216,0.959062726811876054689861093493
-0.145068847832933878420955647011,0.963307277910627571854214111662
0.119808325825789025698136769707,0.966773938079621363271454373683
-0.093797506550795360145784822222,0.969643186977566242607236459810
0.066354910835895203721639429519,0.971906841263666784745658799000
-0.041951321837114694045182004982,0.973256824898207759059676072404
0.014042585797210936672684515312,0.974068112644740032685217890139
