-0.020354263749000000000000000000,-0.974109656139000000000000000000
0.031898954451122577767412559173,-0.973838759240408148320873323839
-0.071839210791327915489919933857,-0.971677788089423145160301850047
0.083144655641162692178910456319,-0.970807106758229748648355564047
-0.130545986238636351007187139221,-0.965576106669460927827958491920
0.142481878953212951589482696859,-0.963887123300199706398344716804
-0.218797283708792344052200366819,-0.949477340927958455048475164499
0.235460610313451402647968326930,-0.945482825483778633062437861219
-0.268445311712277783435939131662,-0.936651795980593012128058417547
0.185168809370237078525407204611,-0.935475026239195813954645428106
-0.170211980220132379477863939054,-0.933079488240896910957596108822
0.284875415441975462445227896796,-0.931786171806994733874744903074
0.005639563315169510461500573327,-0.929794853135240828548616679049
-0.045581779047358483962965629688,-0.927387494746371252517361300523
-0.096857505791703197664896342422,-0.926917245162577823147776254303
0.056829703119440192862505806841,-0.926796374412456901915873618859
0.108098755195291468049532333039,-0.925844751022971504261491652934
-0.317349847953160280069902194530,-0.921232080584517243070559470660
0.361365281561527482652115454590,-0.904872441865006467244759542769
-0.226330337456000000000000000000,-0.898504102611000000000000000000
0.149005818141000000000000000000,-0.892859346974000000000000000000
-0.357219581051435741656016536079,-0.888985752568694359476377098176
0.312699866840711564070030051265,-0.888713893109540866474890673761
0.205969331925017811192283634033,-0.888605424691072710154286793884
0.257247211906864838027265321763,-0.888587749876856285561981556440
-0.276061642017000000000000000000,-0.885934994380000000000000000000
-0.408316301226508242738479866427,-0.884679190693821961850568113299
0.408469090838000000000000000000,-0.884606410596000000000000000000
-0.123462255183000000000000000000,-0.882708658379000000000000000000
0.030366944018770039679392209920,-0.882616575097552130230570100600
-0.020910616416134757012041326113,-0.882434685910265409284610025544
-0.174834713611374864328500311969,-0.882010401467925755920092745247
-0.072188525673672346270648540836,-0.881963238580650510053251096044
0.081640099127236022825891040105,-0.881920261192079690095534455378
-0.455166327625000000000000000000,-0.861490385195000000000000000000
0.466088039987000000000000000000,-0.855652207406000000000000000000
0.366737800802000000000000000000,-0.846389926948000000000000000000
0.158758988520012426796734530001,-0.842511370203686719514025042271
-0.303172232627000000000000000000,-0.842392644258000000000000000000
-0.251942875847832484901370382506,-0.839899103915075240268876847444
0.004685826795156760202995817965,-0.838002227248124125207722725889
-0.354283830976411714803222767684,-0.837791976977039058642383422870
0.107700828838035187228309979316,-0.837758516946947848528141861102
-0.200710467684144824648777898605,-0.837740020410188129560465074604
-0.149179003471079206565306790272,-0.837612137706502650165427885583
-0.097901122420916535203650700214,-0.837597895616289542756678874930
0.055961582843317505908695564170,-0.837535183865479286988541422292
-0.046589900493032758538429706586,-0.837532036968575123142529639569
0.209788445501724188479207868624,-0.837469960878567961853256038231
0.261067900889121757526410910863,-0.837452403749811968752306213102
0.312364187151297262239468749785,-0.837437108820957788986687502716
-0.499884872079000000000000000000,-0.836318746774000000000000000000
0.419375087707964231800698991222,-0.834501205122513950367445460788
-0.411893476998281127554723221713,-0.833526232799584734347985492205
0.504283555056000000000000000000,-0.821438211402000000000000000000
-0.545280700275453138319745656046,-0.807495158004729994533749294148
0.552081014653738580866057770596,-0.802861149609863054024049497535
0.457416238471000000000000000000,-0.799470338559000000000000000000
-0.450045176937104612316310402252,-0.799264459938132545108377345656
-0.277428762835263317740953272880,-0.794949168903352885329003174682
-0.379959959337834251903617058737,-0.793405518228908240380410024389
-0.328682094297211662336357067876,-0.793362568171151619779779352800
-0.174878361308688450643352400275,-0.793239124572771491018544864900
-0.226179558048982670103519661557,-0.793234439593626599705207108112
-0.123580378290439618833087966181,-0.793180936094427263254706446991
-0.072302497240276947471431866932,-0.793166694004214155845957436325
0.030283956402461459686617473370,-0.793132641423653945498778376582
0.081564295038849283966018349926,-0.793106337199551372231712337209
-0.020993915795261539839093765076,-0.793099314171257972454804193323
0.184125333476363763981624123576,-0.793075975148453946812157001791
0.132847153580654769550466198437,-0.793069775190544773187625256437
0.235412968898723208597402763336,-0.793053690340527339180887135133
0.286702804560580923015885831854,-0.793042123390566599270573293985
0.337995886826941425063619435594,-0.793024979176351141903721245204
0.389274121551366294463365545510,-0.792987916596174444932730801290
-0.499262322534649473594136160719,-0.784873703632022844809724942659
-0.587007074843249356777311833635,-0.777690276638421311144113683753
0.512100431994676753192611626987,-0.770752361123317967575573629965
0.610688194795708343090736154994,-0.759236064100706033488741630165
-0.540988697102445692051702326486,-0.755068822265714161420089336082
0.559897749838297010188153892513,-0.752182555125739365729099178715
-0.406396132194346808661321078523,-0.749467493096543058582762144454
-0.354466338590805383677727961808,-0.748913984325946152496161297036
-0.303188473550182794110467987627,-0.748871034268189531895530636928
-0.251910596731745915374429210824,-0.748845798876783946164914706771
-0.200632764791293058120386893505,-0.748773415740361252204950159994
-0.149354882501872409650206222408,-0.748764712632535810926123184786
-0.098077046905110434643416889400,-0.748694967788883446295137901518
-0.046799165854947763281760802257,-0.748680725698670338886388889744
0.055756518912667952326137544940,-0.748629047782292933125279724106
0.107034394451435626006422668535,-0.748601333843246201626043982545
0.004478646714944952800426316856,-0.748595720529896960081305531075
-0.457768142611249238197811303833,-0.748571491105879787902497538885
0.209590145002461765398029843724,-0.748567945965259685740473782927
0.158312262329012540598426604723,-0.748561916061329423548259127701
0.260868020458030925131350856211,-0.748540078512854318784291878147
0.312145900184139916488289269702,-0.748521676706798939442470551291
0.363423776706133235483558070335,-0.748495845969837225716585678907
0.414701646188917660415844868154,-0.748458574824276626975134489209
0.465979394317730682914069513463,-0.748340953951221730383933508333
-0.627104360665411835021727389056,-0.745727345647544183241220179021
0.649785131368030951184903919733,-0.726056991803675959072332448305
-0.586242905123000000000000000000,-0.714539214377000000000000000000
-0.665471602480106133830885981177,-0.711707115734086235608796490211
0.595334137006000000000000000000,-0.707861260457000000000000000000
-0.431308230332354012703908394259,-0.704647757999221659715622022393
-0.380030679980753441236774077582,-0.704463048035132724426049961158
-0.328752814940130851669514085196,-0.704420097977376103825419301003
-0.277474938121693972933475311801,-0.704394862585970518094803372832
-0.226197106181241115679433009968,-0.704322479449547824134838813104
-0.174919223891820467209252319854,-0.704313776341722382856011846845
-0.123641388295058492202463005182,-0.704244031498070018225026557545
-0.072363507244895820840806899580,-0.704229789407856910816277551739
-0.483467972679079814802152588020,-0.704198751475376950912263110921
-0.534750292926120132309182316786,-0.704171832166450241973061458213
0.030202828376417094078670758709,-0.704171581161919929198937599284
-0.021085694675003104758619799337,-0.704144784239083532011194184101
0.081480704133246482485116224782,-0.704144273673304104394313474649
0.184044510759865872033329295100,-0.704106256175337420980906750622
0.132758572010823397077120173105,-0.704104855891387326316528626702
0.235322602643832222575374049320,-0.704078264373867758443807685448
0.286601460722156869835661420166,-0.704059300472449420543571598791
0.337880094932690840491591105191,-0.704033034438301431382627518120
0.389160326914258502458464184924,-0.703994406131477587853043098889
0.491716909932030524794248165745,-0.703894496848476197640704217340
0.440438943140166085672508892446,-0.703876286613230717315921448438
0.542994643558143958867677096049,-0.703770714777394663471968850361
0.667668695237245536246492099951,-0.677998699791084747074741357152
-0.611180375320795190124249145613,-0.669730291154505515906416107208
-0.712956874072703922967990540344,-0.664132492810320959004904201499
0.715995873454585661965200858811,-0.660855038181579860014078592485
-0.661633977760660113742165598692,-0.660573037817842723064728409621
-0.457008060400184589308249686053,-0.660275018368718822725387576309
-0.405730510048584017841115356660,-0.660090308404629887435815528040
-0.354423879608103823139445226197,-0.660030710432102229227924779481
-0.560830032673802202445330195381,-0.660021311642622467072885077438
-0.303133426265663927138283054095,-0.659998204220756600557377727024
-0.251855594325211069884240740168,-0.659925821084333906597413180259
-0.200554185323150282906004545255,-0.659903529323202001368141807533
-0.149276349726388307899215219616,-0.659833784479549636737156529222
-0.097990876784619168715547213069,-0.659815160980882250971721106603
-0.509085822691068673394853649279,-0.659778631612920387929133338051
0.004564817072541758186449545582,-0.659743516972024266155330362877
0.055842699517352596551573595444,-0.659735783413589471480652616730
-0.046713064214726452633360098384,-0.659730155812108872166637751957
0.158398450411503129748549597938,-0.659697447461823205442252009829
0.107120567394929511143577527667,-0.659696365631672693402867754837
0.209676328326950783573915961550,-0.659674549422356853295443992070
0.260954208054131162598816130912,-0.659656150602038043746637140072
0.312232084577308992148271029792,-0.659630322216613991992001382191
0.363509949807069777798426014471,-0.659587598566776042271711688301
0.414787710165645710037091016742,-0.659475436005177675329840325411
0.466065591229117571752311154480,-0.659461241914876480799152994892
0.517343392857218411570420949153,-0.659369874410234581478748492260
0.619899156908198291220085035679,-0.659357549191900914296332664511
0.568621273915019398325527876076,-0.659355659847969710516625819118
-0.746908370939369075374557116265,-0.625689824213113538901493698484
0.751210956452138914217728207215,-0.620533295803081844113648306608
-0.690364551553145216899238541133,-0.618099806043155106495727836780
-0.482625910412173447900950741640,-0.615854898506262259742257819665
0.647393420953000000000000000000,-0.615785776963000000000000000000
-0.431348360060572876433816423808,-0.615670188542173324452685757333
-0.380070495058478002664852841886,-0.615627192510969065401339647310
-0.328792618242248723419185870336,-0.615601952634158300877688926800
-0.277514786301795866165143567350,-0.615529569497735606917724361155
-0.226211385441059018610778528109,-0.615506126584513000610356666520
-0.174933549844297043603989213975,-0.615436381740860635979371384267
-0.534803670703696571615537442147,-0.615416332512996172075103753868
-0.123639163093594917615398449487,-0.615412608157372511003093830823
-0.637361982549559922644091281280,-0.615403451409462858245334946043
-0.586084100512969247035040173182,-0.615393368093692113233705909957
-0.072361350523702201533211350328,-0.615327602988599132198010473262
-0.021048909011625064032849039435,-0.615321019024283441548735521119
0.030253672503245969295308894702,-0.615299053287452974953253446219
0.132816756736067782521955259119,-0.615256495215860284560770824287
0.081538873719494163916983208361,-0.615255413385709772521386577281
0.184094634651515436347321640023,-0.615233597176393932413962814502
0.235372514378695815372221793309,-0.615215198356075122865155952489
0.286650390901873644921676707179,-0.615189369970651071110520204588
0.337928256131634430571831676937,-0.615146646320813121390230504664
0.389206016490210362810496695316,-0.615034483759214754448359143875
0.440483897553682224525716818177,-0.615020289668913559917671807209
0.491761699181783064343826628968,-0.614928922164271660597267314603
0.594317463232762943993490711260,-0.614916596945937993414851489053
0.543039580239584051098933538691,-0.614914707602006789635144635449
0.700660996629588759617220749308,-0.611923832999263549628748276995
-0.778799137235733408954004974468,-0.585535119471795388940586240399
0.784441661913000000000000000000,-0.577935330480000000000000000000
-0.714250307488024260568335842332,-0.572724791428819650958229266684
0.733391990041907680688722536818,-0.572451015034561548668419681739
-0.508343758424801346121634540102,-0.571492599406338043888228219306
-0.457066208073200774654500211284,-0.571307889442249108598656169968
-0.405746663214810236318127132100,-0.571240756782928046995835713824
-0.354457858870425085571501636389,-0.571204066153966592917285766778
-0.303180019948712265165370583545,-0.571136810294449357659071239188
-0.251883374561736119014468519418,-0.571117273677284115749825856663
-0.200605253724619295406632454743,-0.571047363868048749827993578426
-0.149302042234084537009322569985,-0.571018487802843709955751436533
-0.560423999157438637880279715984,-0.570997642102830539973641779310
-0.663001579171131941826126164393,-0.570995880287920550609675363436
-0.611723697134541266217075049350,-0.570985796972149805598046315214
-0.098024229664191820927135461634,-0.570933482634070331150668078972
-0.046709366991762637915659854598,-0.570925499159308782957660778042
0.004599937045168017197317827949,-0.570899648506772416470647588951
0.055891120498405087073873931625,-0.570852552638434935368823513641
0.107183318559659697492846240218,-0.570845368962543648202773195137
0.158461196475107351318212602690,-0.570822470923077296055965175377
0.209739076202287730343112772110,-0.570804072102758486507158323344
0.261016952725465559892567672141,-0.570778243717334434752522567436
0.312294817955226345542722656921,-0.570735520067496485032232875521
0.363572578313802277781387660308,-0.570623357505898118090361511017
0.414850459377274139496607798193,-0.570609163415596923559674178065
0.466128261005374979314717593924,-0.570517795910955024239269677724
0.619961907690609125346880111103,-0.570511825172172418751057133627
0.568684025056354858964381676826,-0.570505470692621357056853848973
0.517406142063175966069824517519,-0.570503581348690153277147006320
0.671236471289789224719036729759,-0.569928373764255049824475940936
-0.808821454055940260262667152656,-0.543311446366452819199409623222
-0.754180591460312125155976825410,-0.540553473306550919458595835204
0.813985950762989475086224535806,-0.535543036790176643208515776131
0.762951680705804129349594209606,-0.530550585732625765799704045772
0.705501523983420462578796533782,-0.529421453209321704767202084101
-0.533964086878543412386376811048,-0.527073908996172411786766259699
-0.482686536526942840919242492116,-0.526889199032083476497194197387
-0.431408671583529260085587995906,-0.526846133073344017963225252235
-0.380127918420882369359521141811,-0.526814097348979328997516522283
-0.328847292454661445505476486290,-0.526745229899771912583131303397
-0.277538941627775001819277798997,-0.526718927240150371330591877375
-0.226257201140133921515420931838,-0.526646926014087916165253713945
-0.174951114174393275777650983565,-0.526616388793532984163142876256
-0.688756713539000000000000000000,-0.526595889115000000000000000000
-0.586074230655895146506815755847,-0.526583925872019637208883874732
-0.637419569224311528266273772429,-0.526555110099808969596815400065
-0.123673301604500559695463884417,-0.526531383624759605358059518765
-0.072355268836864477253007712612,-0.526521569081182053039516310631
-0.021047047139548818247084766342,-0.526496343561524814487059196110
0.030248775382982974869503423627,-0.526446568528032051861063289032
0.081561569366326812648702160177,-0.526427498053350901405119850355
0.132861527860546493009214347607,-0.526391870492108175834472303845
0.184161495544145397951151340589,-0.526360752520306177560898517234
0.235457011899437707468297521586,-0.526324776891880649326949869774
0.286734877129198493118452491349,-0.526282053242042699606660169849
0.338012637487774425357117509753,-0.526169890680444332664788809410
0.389290518551246287072337632616,-0.526155696590143138134101472372
0.440568320179347126890447443431,-0.526064329085501238813696980077
0.543124084230327006540111525181,-0.526052003867167571631281153262
0.491846201237148113645554353160,-0.526050114523236367851574300681
0.594530754719062995231890306633,-0.525984555478538764941133911492
0.649482486252808739078426835113,-0.523493630060401199813488886218
-0.836430224874305546123592977863,-0.499763895465339788146221119340
-0.783687411990401082593861258059,-0.498615795378023612368071355892
-0.729564506336437843256715528446,-0.495513951360397820807333441368
0.792573843854148918597609304255,-0.488694299009546644221692382637
0.735350521996406906640822760516,-0.487334878799492860429802973536
0.843828989648143359175284850592,-0.487167433767248020860994213480
0.682001108311531905960931093164,-0.483845672896964787905728691553
-0.559603906494845353424850131435,-0.482666466625830210201222740053
-0.508326356143244781957715800888,-0.482481756661741274911650689626
-0.457048491199831201124061319156,-0.482438690703001816377681733521
-0.405770617167291622714275974980,-0.482408317445540329351044629940
-0.354492197909632772377072709979,-0.482340724362187694275004877035
-0.303184589005701002184939268939,-0.482314850193117371565537275951
-0.251900878157512464155363260276,-0.482241711040392122136516257043
-0.200595440133335072743031376546,-0.482211548585022949352950043684
-0.611727123630915215134140364464,-0.482178094345455500482367566663
-0.663082318911000000000000000000,-0.482129023262000000000000000000
-0.149317627563442356660844268195,-0.482126543416249570547866686210
-0.097999805625678115826463645958,-0.482116850630110330242090443884
-0.046690138370308765211754708508,-0.482090790305623498843266842652
0.004605551122631752510656796503,-0.482041092093642789346051262305
0.055919810287920830361106738097,-0.482021175539583224899530813340
0.107220830043157279423239317333,-0.481984935186132627744318742000
0.158522543260506438482852994305,-0.481952809383643675620048039666
0.209824247859561117963531858436,-0.481913261543856605475435226103
0.261102113089321903613686842067,-0.481870537894018655755145536153
0.312379873447897835852351845456,-0.481758375332420288813274172016
0.363657754511369697567571983358,-0.481744181242119094282586838685
0.414935556139470537385681777954,-0.481652813737477194962182336694
0.568769202722340028618256637641,-0.481647621365410187473138964826
0.517491320190450417035345862018,-0.481640488519143527779766509619
0.466213437197271524140788702706,-0.481638599175212324000059667009
0.620046889988587740414965444004,-0.481505929951898657379366133036
-0.811015795387770410834446956707,-0.455227078541521589821524386972
-0.759048698653000000000000000000,-0.453477741488000000000000000000
-0.862696870740827779615201083446,-0.452916748981483246811517341498
-0.703930144798811620796180768927,-0.451103358070169925024193944006
0.764591292634000000000000000000,-0.445094397502000000000000000000
0.816659061396933950271718620866,-0.443424843703032453878068686928
0.868284851673935946173098117037,-0.442097132010912267111931322711
0.711531669498009591585083929826,-0.441924708644654664659322855282
0.653839728507732398333306023823,-0.440496968667293208807108742153
-0.585251767728551200763629682749,-0.438263668268425590462671739549
-0.533974217376950629296495364409,-0.438078958304336655173099676105
-0.482696352433537048462840868188,-0.438035892345597196639130730990
-0.431418399954423751048218081658,-0.438005473776065121501489078352
-0.380140561035342115786016847200,-0.437938215910485116326820330057
-0.328834116961350208416481252319,-0.437913014606239485403441944821
-0.277552314014896989285461709899,-0.437840977642324776041922077351
-0.226246748097178299593540620141,-0.437810741299841312988684135776
-0.174968935527285583511353511789,-0.437725736131067934183600778331
-0.123650771228482549190874324860,-0.437715845557302469097601518792
-0.072341355548567116927279483151,-0.437689930571767114081649756579
-0.637226486221866522687592654989,-0.437689851007614449628339739755
-0.021044385771728526557890097680,-0.437639492740161151631539722244
0.030272152920437194365769650981,-0.437618259425977262848938326552
0.081578486440382571451855093645,-0.437578950202247801908283764570
0.132885776317011149928576881446,-0.437543604611246851417353210149
0.184191347607773789158445559651,-0.437501824812833292162523992633
0.235487429566887345636261919734,-0.437448592012762112451698726712
0.286780880000863747944004627533,-0.437327385895649116992256581973
0.338078441009443008961891000543,-0.437301858973791163976317347678
0.389359554130742383048370764245,-0.437208585663617041117794560164
0.491933380071856465244761131682,-0.437185871382943474755037348623
0.440653585391394847942594233476,-0.437185081164897454874172482007
0.543328482703269856611653425515,-0.437125817125880004062620529294
0.595853224483202185922726510025,-0.436294340317765212453689946414
-0.834879017101534596141702792361,-0.409840208884411515834493154351
-0.783619664458419824912369088431,-0.408455026246579892340343068531
-0.732320643472303381500052553401,-0.408396341489911659959935301020
-0.678142337243483971656045536472,-0.406781689900738939105730280250
-0.886126310336000000000000000000,-0.405139641721000000000000000000
0.789987577455477054996489959641,-0.399629259083206078225691916263
0.683763759113000000000000000000,-0.398786687305000000000000000000
0.738723253209379784714073323230,-0.398450129140083113026465676632
0.841251408280566190531886006125,-0.398428868743188887143804780368
0.627900006388839917209499884941,-0.396264038578654430098796460749
-0.610741268092836658143048779351,-0.393769773642186619676794922378
-0.559463717741236086675914443521,-0.393585063678097684387222869688
-0.508185852797822505842259962951,-0.393541997719358225853253919554
-0.456907978765503075948907937680,-0.393511624090231669943362472850
-0.405630139846421440686706714729,-0.393444366224651664768693712624
-0.354352257578121817744134402044,-0.393435539550943948807729006959
-0.303074422002686801637099632209,-0.393365779029037380382555302943
-0.251796540979223661330017930414,-0.393351441130851363013862046811
-0.149238250786193220719683090970,-0.393278224359543647979927163807
-0.200518728409330945247830831266,-0.393266435962077984208778681459
-0.097938813501795561472876724030,-0.393258056492853140404567791924
-0.046648111221301724358964256830,-0.393211229990705784519516240271
0.004665715494150485138481796492,-0.393191559681730797867357562640
0.055958405081642664072942954851,-0.393160117270671205524945519784
0.107251608795263869112411292934,-0.393132899333141184999556071869
0.158554606055186894781911886908,-0.393092605382656069797945495207
0.209846094215555979036179697040,-0.393042024826901753844406403147
0.261133585224847889528223059834,-0.392924260346833127307376335866
0.312430257289154794688731421447,-0.392899246892044123555404286171
0.363709756501997090346608900473,-0.392806905859400421976435206181
0.415010225319660938558585410460,-0.392779683158988660902855682747
0.517588307693556745596771403050,-0.392776469010027091657852774008
0.466308788210512437376466735335,-0.392769640343251385235644532500
0.568893776576576531350704017046,-0.392675428634852911280380475089
0.892103060859086340511373532382,-0.391831087459662537322995437743
-0.856326190464198963207474432370,-0.363262960762784733192165119395
-0.651239334196841913254434692568,-0.362316189908891835644995982544
-0.753790705875155428939608731472,-0.361829639778824105275605833366
-0.805068588161012672714210336618,-0.361820915701021018953207819390
-0.702513086166248438017674436104,-0.361665308343976873918469120191
-0.907062810205584033124993227250,-0.355832166387358884603647304189
0.698087398667367591972941826963,-0.349505767205717004579084444888
0.800713926686663960023998142578,-0.349485797694881660741792124139
-0.585273951777000000000000000000,-0.349241246851000000000000000000
-0.533883555627498597889092777124,-0.349143229849297653241674986982
-0.482603426341988949623509513314,-0.349101467294265041802547776425
-0.431325553548909539768814975895,-0.349069069014494835603116079927
-0.380033007787805351119790654611,-0.349012304397570828086129683189
-0.328755133731123372057337658782,-0.348981971926078017394052347833
-0.277467037554020635908495879298,-0.348939625138226892648317975729
-0.226189193133226620794110296890,-0.348876701465338838421728860165
-0.174868281235170762069639480319,-0.348865131391182958538378665449
-0.123590398788613032606802069743,-0.348857409424314881730761439780
-0.072306521056267653180289329335,-0.348814526367883860832342854250
-0.020991542107366047079507123946,-0.348794190162792091370972782515
0.030304573002183721828416846397,-0.348760768317441171597222356558
0.081602682109471838331961365811,-0.348730716417223289125823094950
0.132905445887092114209929426455,-0.348690557338639161479305948720
0.184199866363267052664743995516,-0.348638283038846939631643442631
0.646817458734286963511159763148,-0.348603244579923086334210637064
0.595486465171000000000000000000,-0.348598449376000000000000000000
0.235477856568810615828120865113,-0.348526007284808789455595617153
0.286790031192508739449241818003,-0.348492039216435468818676088857
0.338067832832502539041910292680,-0.348400678386673348275563876565
0.389381290313690664471412987797,-0.348365958047357717081609164053
0.440699692993208954695433786762,-0.348344472589118486346370138022
0.491998483750110208196714046798,-0.348340197807605348267979660711
0.749449602440566689741581496075,-0.348306667751758695542565892481
0.852040205256709298634379558755,-0.348298806428851685103783340218
0.543433404261928097246125912400,-0.348164859896279718744146620296
0.911481495394686390985253766891,-0.344355856414608855747969658148
-0.866646377247013865738675206898,-0.313031998171160164422903679034
-0.661395359299020664475835018252,-0.312054112335877797807640802049
-0.764110592659858245830091267935,-0.311600950520764804588642588238
-0.815388709683239370647493660114,-0.311592274672239054411270943902
-0.712832972950951254908156961249,-0.311436619085917573231505889590
-0.924526662322844682429162323643,-0.307619770086633317341582625866
-0.610653178179823780884972949486,-0.304661390029556199713689504345
-0.559375296283138579040383116644,-0.304650618707925456516928070884
-0.508097429222328635914484243523,-0.304610152355627889792880050552
-0.456819556429249226059789710700,-0.304577754075857683593448342086
-0.405541696192552823259692619837,-0.304529407642736307853344317185
-0.354263822135870844197239628603,-0.304499075171243497161266969859
-0.302985952084902377742708001477,-0.304462594110995338954857157500
-0.200411040716555073644740250990,-0.304401790019802450461909651820
-0.251708107664108362628322432882,-0.304399670438107284728268037979
-0.149111293134000000000000000000,-0.304381293193000000000000000000
-0.097826763670472417500756939980,-0.304338257361323825379018041472
-0.046528575124941383963051675559,-0.304327559612557765009527665986
0.004758873294774440298901216021,-0.304299116140642399668413705910
0.056051379920237036081630755620,-0.304272283648330384436412497500
0.107345221094494458047745360137,-0.304237253790042891475177967635
0.158623086301397573294961452032,-0.304194502714728228393933208897
0.569757030414000000000000000000,-0.304135307364000000000000000000
0.621050101300000000000000000000,-0.304130498209000000000000000000
0.672331097674879582960766628855,-0.304123187072756556757754314010
0.209900846701656776657861334300,-0.304082359211239482417573411760
0.261201078397754484283927055500,-0.304055266350940341595008463578
0.723608868332820673537557237378,-0.304015836323521346115952558256
0.312478880037748283876595518708,-0.303963905521178221051896247565
0.363786185558727290649187238713,-0.303932728360396890466577624701
0.415086658053935139666688151229,-0.303921576138849685523511694613
0.466386288408821219811970608276,-0.303916817278525616084980043214
0.826376319613456187231905541312,-0.303905267917917546473319539669
0.775098436592294168379447957470,-0.303904431383655075241862119437
0.877679871227212744226411999569,-0.303891275347369872648490025556
0.517711465691406603703644553757,-0.303804932439101834720399876670
0.928335471673711246900775500788,-0.295926890171069926596736649303
-0.891653542986507954004861387137,-0.268265236511316611296319849326
-0.686579827183844486590005914024,-0.267386855142380421102759400104
-0.789127998724078777240288761753,-0.266839910746764163010530980430
-0.737850921318928335720402532491,-0.266552472722182011891371522713
-0.840404957806911221280232418458,-0.266532087665607233546655615841
-0.584586228344474139939373853436,-0.259977528575946935609711809995
-0.533308371694191166109463647273,-0.259925517184927075502604127665
-0.482030495951262189166726189816,-0.259898183606646008500366808880
-0.430752619976044001437894770043,-0.259871289333891032679490308681
-0.379474744026117412222156006797,-0.259844346882148068866157605697
-0.635863858220001468091215050467,-0.259816400737902620481784735262
-0.328196872326590444187146684800,-0.259810261715038590325349698719
-0.225641146514881147532759652448,-0.259760295317708988277023738973
-0.174363264229663785868277165297,-0.259751567479654043507880820348
-0.276919027905796429072761093639,-0.259747338042150536098760583355
0.544089158744000000000000000000,-0.259720158535000000000000000000
-0.071807512761389702649374342954,-0.259713698539968202404021573642
-0.123085395783109923889854439137,-0.259712896952356785115865260658
0.595400220420639214757666871511,-0.259712063895272658696497271258
0.646678103448451277552809155649,-0.259711930519032319879666006519
-0.020529634900225945136982802106,-0.259690679258106782468505495653
0.030748244777076146768171598614,-0.259672141947224747840160875952
0.082026121229352957871229194024,-0.259646173181352129518676479490
0.697955896724757199628391331033,-0.259615990203206301359521767794
0.749257702484548152175423698261,-0.259613599955417725815248808250
0.133303986436256073118445294793,-0.259603422106037466437431728861
0.852015985583959632823937980281,-0.259497736836435734018026243382
0.800738102562797613971480392432,-0.259496900302173262786568820193
0.184581746836515276481345179244,-0.259491278602548720461071928013
0.235859627844096134950826450822,-0.259476884015235801515395022838
0.287137429484089934543494925462,-0.259385523185473680972282802941
0.440971075937020405891669986132,-0.259380447165493436141148931624
0.389693193478900132633093915142,-0.259372802365509887838825735793
0.338415310479645469394080107332,-0.259371085823867891731884280221
0.492250115967220800309634973405,-0.259294922800207471303120658239
-0.940784415715577956633809685726,-0.253582640258892752647943538885
0.919008143743725522296674728407,-0.245504452293491319340904278685
-0.763850756649021003299875767127,-0.222060883704147089874970609209
-0.712472436164171883360203674829,-0.221995163792203172868005196921
-0.866712289094000000000000000000,-0.221935255430000000000000000000
-0.815203542819315957594802738459,-0.221874389891821643539445372122
-0.661611254811367773011576414754,-0.215471244783743834719950474952
-0.559028061712425773521104367622,-0.215442154424127849195039941657
-0.507750182937840149271480699168,-0.215421268767165603038028204158
-0.456472304579903706604322390484,-0.215399384059284974227291083027
-0.405194425676133248997112534028,-0.215378818018871732743274407514
-0.610305881788147462193488190052,-0.215361804479016624349229801918
-0.353916546743744537752020634731,-0.215358323457359241154062786889
-0.302638667700124937932238787243,-0.215338109113850208284957279280
-0.200081356238853624853323061829,-0.215303350166104522281883186821
0.569747559902000000000000000000,-0.215298936092000000000000000000
-0.251359238374571178047721378226,-0.215293784225259431563191679964
0.621043562395477943330213674900,-0.215288012143520435832034997010
-0.148803476102631532806885966145,-0.215286129045193585979617093226
-0.097525600068836539626219196365,-0.215259346690579294948342750874
-0.046247717043386200036939084545,-0.215258836791026373120753609560
0.005030161389889387694635139247,-0.215237129327425519779835634534
0.518456625858337966316244445705,-0.215219531399125804106037494597
0.056308041067191479599789526518,-0.215218592016543485151491014929
0.723604730876484678266257784709,-0.215213753835102681058818000817
0.774897368455051597767456138407,-0.215206068873935913359955491998
0.672321379016721127732308211014,-0.215205487056899225528059350192
0.107585917519468290702847136882,-0.215192623250670866830006618575
0.158863758531603469969506220420,-0.215126980536276653784164237481
0.877703473706987136753028326955,-0.215117851282717971535988501986
0.826377768533301059563512826262,-0.215089369220691450331275508966
0.210141563906532321398599870070,-0.215037740619852327306460402768
0.261419444902087856249185055262,-0.215023303258246538066061885727
0.312763866859953466390337443810,-0.214970356910284411497160141112
0.415338755298952872950825235534,-0.214968675904497068994401741785
0.364055738547941423495428167640,-0.214963994765048168205314942294
0.466618178333794839877850658519,-0.214882930489707285849678734725
0.952238170521372044938016159573,-0.206450814714020432245638406003
-0.936449687540693161553711735498,-0.202488301830045026156748391438
-0.789365956951576999646974196584,-0.177581721826339499842201332799
-0.738088074540379502617515872095,-0.177573768514576817007574601292
-0.840643325617354986639422512208,-0.177352046956892508811484682302
-0.891920381049202389997726101181,-0.177060715408627765361415719029
0.910926893251000000000000000000,-0.174625751016000000000000000000
-0.533400067168353402850053153889,-0.171016836121563197316604197348
-0.687233654379948271998146925701,-0.170997353231301951126618130701
-0.482122188196188212774525179694,-0.170996441324563568422961652547
-0.430844309075810883318947619163,-0.170976422639882914872037565051
-0.635955784822054688426633659207,-0.170960185565029687409498763522
-0.379566430060942619918470101898,-0.170956135493740520775973974357
-0.584677903356432770055088305465,-0.170947527390051952390653415897
-0.328288550809574194568971428873,-0.170936455202961061088045473081
-0.277010686145672920991964250073,-0.170893057710052441651174604506
-0.174454922356529254624223406105,-0.170883504351786496361268936085
0.595392925653000000000000000000,-0.170880276630000000000000000000
-0.225732805151467484629956162682,-0.170878615554032110942799435409
-0.123177045367144944943138694513,-0.170858618746775747064386143106
-0.071899164908403620983207008775,-0.170842386347067333778096737338
-0.020621282229802615309107558768,-0.170836400413842039545111503389
0.030656597447499476596046839992,-0.170817863102960004916766887766
0.544098645088970199644640118715,-0.170813359107341271655361516684
0.697972756370411600785971541214,-0.170801782805302782726125352869
0.800537034425555043359488571658,-0.170798537792454100904662193714
0.646681121959453992280480703470,-0.170798297257622031436180974598
0.749259151404393024507030980917,-0.170797701258191629673204771508
0.081934473899776287699104437715,-0.170791894337087386595282487432
0.492806718971000000000000000000,-0.170787133639000000000000000000
0.133212314911911466965763531604,-0.170726251622693173549440112324
0.852097982289598632818766255581,-0.170690606296045555883373358306
0.184490120286840318394857169769,-0.170637011706268847071736271790
0.235768001282395853245442386918,-0.170622574344663057831337746722
0.287045882277951388096027578997,-0.170608136983057268590939225972
0.338404294928249420491685504102,-0.170563265851464687970590795224
0.389685462694186914084322689611,-0.170550725036068221318485779543
0.440963327028764935980492795786,-0.170484170458051322235504208488
-0.961506441950549460749200886490,-0.157749276960520740450178897079
0.961780664933391222981122246128,-0.156068654297575918807270851282
-0.763733903516008952059580235725,-0.133169796350089881659810941535
-0.815011272181786939052028563264,-0.132940121480642890629094296704
-0.866288327613634342410332135604,-0.132648789932378147179025321243
-0.917549617008645268279088293014,-0.131344375353838788783931036184
0.883923421214733505994839291735,-0.130484105266308142601730803332
-0.507773650188902925418066472163,-0.126574867316566812507657585311
-0.661607278020672160854648634922,-0.126559485294504142696312508228
-0.456495770685153051990684861957,-0.126555855986411856404911048102
-0.712885160101905652741150458779,-0.126549631621138496285154004392
-0.610329397041269705523036760853,-0.126544990674760436838400231142
-0.405217890118980530187387120105,-0.126539966583904491590447478000
-0.559051515575647787151491418635,-0.126532332499782701819554887453
-0.353940009410867778789473816550,-0.126524542047485541145449844353
-0.302662136498774080287800757768,-0.126492332686533377088778373013
-0.251384255505408573621272810409,-0.126477887548591996588518979613
-0.200106374511203137259264727201,-0.126463445392571665880143795503
-0.148828491853631678331185152887,-0.126457281944037047269247188397
-0.097550611494050991348274031808,-0.126440739263031173296337182223
-0.046272730501025000593056065394,-0.126426292919914020728276251798
0.826224722041775273828471853502,-0.126418767707839518261949792942
0.005005151599190056261887746942,-0.126416538525525020912457986216
0.569737906453208729513843250101,-0.126405594419980221975221828251
0.621015822384171722192981102670,-0.126405576170232250290744804104
0.056283026980934120114401907971,-0.126388535559758800982692045530
0.467139304386897728447255035850,-0.126385453792079841018075789706
0.518455722115000000000000000000,-0.126384151904000000000000000000
0.672358562823730947869846404974,-0.126379554396712688436713956040
0.723645760205296311425384139492,-0.126375010219559124641324723013
0.774933785569038861702749953629,-0.126370000388854278342392112170
0.107560871292219463962020861545,-0.126325522709109693314715962357
0.158838676667148315391114508157,-0.126236282792685366837012128960
0.210116557662703850241699688826,-0.126221845431079577596613611699
0.261394438658259385092284910527,-0.126207408069473788356215070686
0.312686310346247342197375640295,-0.126201045924237545064369889971
0.364032940671048710307552544405,-0.126149373821809580693117872208
0.415310782125829241046155602035,-0.126084077802352578479800820156
-0.968473964038379857731568193848,-0.106946964771139427093907519988
0.948444284135757537109401746794,-0.106555401172253269302104093232
-0.789485756256967446715713004337,-0.088463115460090003265711213187
-0.840762832863403250433392376665,-0.088175534985301352520447462110
-0.898575496809619709338635710755,-0.083706112890723114083596595673
-0.738594005294582189234284427265,-0.082182114599214019815423153398
0.903333522835253993307517196588,-0.082174250610379503461441362669
-0.482182106719015865697272811406,-0.082129236541226388080235938200
0.852055666198433099184301456010,-0.082122225948833199938272413782
-0.636015955677787311011377297913,-0.082121978918531778927814887806
-0.430904225710491555467940850540,-0.082114845315166906902390577045
-0.687293838119241960467623478967,-0.082114223138584859557701138745
-0.584738074152966640830120049646,-0.082109562871632422027550277974
-0.379626344941381266489402541023,-0.082099624911925707538851110434
-0.533459979643703305468971004362,-0.082097047235977315558699468149
-0.328348464090014865383665652619,-0.082084684201213108626083276562
-0.277070588505859308463717208956,-0.082057054368983642851961520926
-0.225792707548291788417895140257,-0.082042482708133221364225973852
-0.174514826518607956724468358665,-0.082028167074837869876921576958
-0.123236944027363954179927393115,-0.082020747779898755895648448421
-0.071959063472420754662343138347,-0.082004822179635816451068640373
0.646668204230460016853232335162,-0.082001330421649016938234310162
0.595376848613958391406973955042,-0.081997645438863124172932493173
-0.020681182377252394114384220804,-0.081990743062444638849877200878
0.800626366164380272528392135745,-0.081987410940281739581060431862
0.441484688602440471338539207265,-0.081986557670851306799268111630
0.544098969822106465505909606577,-0.081976802216749007861476041773
0.492785134665097306261014253669,-0.081976507269801200109389401763
0.030596698187821597283708681821,-0.081974850115182948120548517336
0.698030029185293630064794206130,-0.081953668365190992374807110719
0.749314783525760653850379263407,-0.081950544942639354743903730365
0.081874571032444117319970307725,-0.081942533517435484118234763354
0.133152380551206159806232917863,-0.081855707315615440064371094004
0.184465114043011847237957029384,-0.081821116517496097361889464905
0.235742995038567382088542212332,-0.081806679155890308121490951600
0.287034866726555339193632969903,-0.081800317010654064829645738877
0.338314956089046632013242682640,-0.081787153894582437786896955223
0.389696926869491137578192081396,-0.081661654334703646819265647110
0.972434910764981800447485235409,-0.061235746255551605535515223264
-0.972759180333774911312908826462,-0.055848450026252308025375966332
-0.866409135062483278885438087133,-0.043771836137736541538287073765
-0.815131252738958336224683320115,-0.043763336343982928568393074019
-0.924223756254083289363352823055,-0.039303544549452015988998006861
0.877750132478383979421672171566,-0.037734275073935111649412007894
-0.712937861162499813911438110119,-0.037709207994024601823300926372
-0.456548452913883559474681041456,-0.037707950710717761855427606311
-0.610382095456412960668983031710,-0.037704544777293142307383563604
-0.661659978470248976737791497351,-0.037703340155609898995275610088
-0.405270572083727058250268415673,-0.037692937382171597085548340765
-0.559104213925459883876533576804,-0.037692154082923267348311123251
0.826457310321038097884221755195,-0.037690869181275421257383045617
-0.507826331261703107595899861863,-0.037686042310849306652921812866
-0.764215734694225969567089449390,-0.037678000686165984056908490027
-0.353992691585485952387639097336,-0.037676830244930515734916452119
-0.302714814493757277147435468198,-0.037652156426150984221494709467
-0.251436933536189757101613390319,-0.037637584765300562733759172377
-0.200159052506505925408186616795,-0.037623269132005211246454765519
-0.148881170297615230108865730097,-0.037614103822586882372400244915
-0.097603289495495244049907005444,-0.037598995039042156014853169271
0.621025716593189244378649764546,-0.037595428611144354889989643533
0.672309678361012963659824499698,-0.037592820297241587238745652625
-0.046325409683318463329346812480,-0.037580834650318622909030628133
0.518440979888000000000000000000,-0.037571026380000000000000000000
0.467146358030203849703884124624,-0.037568462722694569036277965350
0.775007012682272138132085996326,-0.037568158188906470241512782022
0.569747841007416178788477263817,-0.037567801780993001533378788112
0.415868475088152113123181262172,-0.037565494052088685968167870099
0.004952470181205029727503827416,-0.037562822674809545554575563568
0.056230343304345838448842636719,-0.037530951075553944456294138484
0.723711603317003902849769644649,-0.037521967978823686765160180815
0.107508163697705855884880186453,-0.037450804097587629592543024484
0.158786044691129804217401485803,-0.037436359167106110384033490534
0.210063906773316645400217861283,-0.037390011438028854345079375248
0.261341787768872180250803052180,-0.037375574076423065104680861861
0.312619668769344702797695669804,-0.037361154189297418199284263754
0.363897549765717717853152520323,-0.037346719731467939693276900305
0.928921409591845700956604695554,-0.034106490764712036245984503605
0.974302443790962733979216246701,-0.009991882152337881123109114180
-0.892057394506946858910155200310,0.000630732203534556556311540385
-0.840777554938038364676729023556,0.000640362503581882413767318308
-0.958423590077000000000000000000,0.001798665608000000000000000000
0.852152052314695612607549668809,0.006697240540155184447863401170
-0.687308950767213789335701514626,0.006704531319189789737870822157
-0.584753185048506462959390467491,0.006710003163779153810676677887
-0.636031068074962952162054917885,0.006710399157604492565896132388
-0.430919538107051243302527067502,0.006720752065061443198812771793
-0.533475303328507570568680603416,0.006721585113919763667829753918
-0.482197420664750794288046870631,0.006727696885993724363219069339
0.800833336470409498035370260234,0.006731077554185711852048451653
-0.738586824298939944991352870273,0.006735738627048407504263250669
-0.379641658038802632744578312478,0.006738174409263555726706035779
-0.789864705863890341249847142430,0.006747987818284019574970173960
0.390069097984378693398141706300,0.006749440551147021157820898208
-0.328363778122251313729514624265,0.006756037653888166910630680399
-0.277085898277131827816918383513,0.006774104785769948611206479682
-0.225808019149192471176423371545,0.006794104090930668309800597985
-0.174530137987799894145670719872,0.006807939909153009778828898485
0.646665438968005455453494291325,0.006812069904017637734235754752
0.697949478518333400740913655418,0.006814633308256178525209155738
-0.123252258067782726100918027806,0.006825793202007214063344602745
0.595387563647273749139378315048,0.006840184371109040402707222334
-0.071974378834161640170044446650,0.006845519680076531294107368725
0.492794810472000000000000000000,0.006849073656000000000000000000
0.544109681395874699478808277044,0.006849108687326893799883121109
0.441495567050000000000000000000,0.006866956021000000000000000000
-0.020696500431136094661969497432,0.006867298483807611973617311686
0.749421065778350416267677110966,0.006870345485963862654628344355
0.030581371110152622163446626077,0.006901620879678864965696071348
0.081859230000538654747555348357,0.006951374768207756920648423256
0.133137110993962603080076629268,0.006965819698689276129157967190
0.184414973076149444262893022050,0.007012167427766532168112072475
0.235692854071704979113478203833,0.007026604789372321408510595846
0.286971190053874336788065474453,0.007041287493720749240483193951
0.338263491656339002345632157349,0.007064048700037058751306726626
0.914494568013000000000000000000,0.015114897236000000000000000000
-0.924354068125886608326871518226,0.040459693538013853468755205717
0.973471237896006646266134047303,0.041279263578881699996571043544
-0.866425814382501944701446145086,0.045042930844852980508365922287
0.877901636445000000000000000000,0.051057111283000000000000000000
-0.661679810866615358284670095745,0.051118138195768943225320140449
0.826525048791000000000000000000,0.051122954457000000000000000000
-0.559124045146546884874120826112,0.051123874818205588438866251253
-0.610401928174364521111023483573,0.051124006034183646053345459764
-0.507846163367419473448035673555,0.051135191955592990217495419143
-0.456568280703662697167401959198,0.051141303727666950912884724573
-0.405290397769543387756151284029,0.051144406391250044358910194786
-0.712957684398341513940321434005,0.051149345503627560991712579146
-0.815513448511859684002295545439,0.051154582772574874746916886082
-0.354012517459291664940488298051,0.051161101278620294286947138153
-0.764235565963291910198815722510,0.051161594694863173062419490338
0.775234250276988474187611722678,0.051177238785664277337466029798
-0.302734637509530996507396101455,0.051178868937398379501479738087
0.723637266275267242980911864720,0.051194345429747969790572663063
-0.251456758515339089276818789180,0.051199208278046068282340263451
0.672305239125325892534583442994,0.051219523509515403498190548166
-0.200178879589128168105275406493,0.051219718290711402880830575876
-0.148900998965513886241923074623,0.051235421224469589955970023654
0.415571629645513303557871795415,0.051235867320495359184769231725
0.621027363804594186220467480522,0.051247637976606806166662023724
-0.097623119248632689570803285276,0.051253848726459598909208051106
0.569749483414509366246212668399,0.051264085831187181301377078516
0.364271899565000000000000000000,0.051265636851000000000000000000
-0.046345238959583169500327692210,0.051270608609285389901104762679
0.518469673029000000000000000000,0.051272427252000000000000000000
0.467168276146000000000000000000,0.051283758807000000000000000000
0.004932632624207144379176092808,0.051304867448662594725038295676
0.056210492431756390342259584442,0.051353666927053598229012620365
0.107488373425180338674780881964,0.051368111857535117437522153299
0.158766235507367179857597259147,0.051414459586612373476476269424
0.210044116502922714708182456400,0.051428896948218162716874781875
0.261321997503396231868950124858,0.051443316831806909663409859146
0.312599878501613823731261946799,0.051457744735357010377308086944
-0.972651958925668596954648416829,0.057685692264476710291494790196
0.927760546911000000000000000000,0.064661846620000000000000000000
-0.898722488001441694118162458643,0.084871892179332277420809586072
-0.846262477275676110649408381986,0.092190159019457964705560536941
0.969799848347000000000000000000,0.094054352949000000000000000000
0.852269402557000000000000000000,0.095486586046000000000000000000
0.749449987842365444738291079866,0.095501508430003684442468047665
-0.636063621627060700480865133455,0.095539215812989012063859499567
-0.533506820622891021322133162230,0.095544355404713995112987805357
-0.584784703650708657559035830072,0.095544486620692052727467007897
-0.482227106515980916723356109562,0.095554615791056286000652346591
-0.430949223852224140442722383664,0.095560727563130246696041663999
-0.379671341391256812513708429874,0.095568353242438935654159314234
-0.687341736905269058038584947573,0.095570562527296786302426485619
0.800951952312144085043982682342,0.095583195831008401838450357410
-0.328393460548542547580322825805,0.095583323618620348207605160030
-0.789918035026958317691938428424,0.095587634618792853398511069876
-0.738640152478390543888458603650,0.095594646541081151714013685275
0.697993026882259734774581657467,0.095599235631007194763554078384
-0.277115586520245491824392667045,0.095613704037707421521066609243
0.441227896683913213751514933626,0.095633809271514664595078857516
-0.225837706041000000000000000000,0.095635031146000000000000000000
-0.174559096771000000000000000000,0.095652612503000000000000000000
0.338599567612987899911420143870,0.095655453430985813609139581608
0.646715174893940738842457602623,0.095655656334788889367508107743
-0.123280568091000000000000000000,0.095667788690000000000000000000
0.389896264458000000000000000000,0.095682841548000000000000000000
0.595437299573209032528341640728,0.095683770801880292035979578316
-0.072002600993228626125329607312,0.095684373373418487692479045817
0.544152110049821841222594747943,0.095696008641938364009488513427
-0.020724723314625618793761938557,0.095707795798422790681067183259
0.492852469583000000000000000000,0.095709279862000000000000000000
0.030553141527217456382778036385,0.095750982526007559914186686561
0.081835299651860180785615242019,0.095769773721371830974476034723
0.133113163393464734196833778993,0.095814247637352957324361608126
0.184392672883230711704439782038,0.095829625861801642951598934586
0.235672166340554547240555338547,0.095844977264154270458788275557
0.286951047051190660589137247316,0.095859982663861799239844550300
-0.968270235697877481405138041967,0.108776021969684147267014475388
0.923271473184000000000000000000,0.115759116986000000000000000000
-0.917630775228612127051044122711,0.132536322963372792248240206461
-0.866785359143827124977401743660,0.139181994562003905548779999534
0.877988877610000000000000000000,0.139866333230000000000000000000
0.775130637529693908978908331129,0.139885351430227111220667413056
0.723798315315033748574155529153,0.139910728234316161937953600126
0.826691252433280502239157596471,0.139953053508332764917241147080
-0.610402837251919533677985610446,0.139964442931141930227336046539
-0.559124954224386673240510976281,0.139964658391191967313862289889
-0.661680720263003926343250492194,0.139965759482791392739457838670
-0.507847071961348722437933130706,0.139973515579433814418187097175
-0.456569189297591946157299398689,0.139979627351507775113576403543
-0.712958596953608390017451343809,0.139991253304180950199682089509
-0.405291307643691841842708797864,0.139991498340545290423887956043
-0.354013426446581050555941736689,0.140005201141616187072058731645
-0.815514327046077210147146481783,0.140020180378672020127248575408
0.466883342994348500011732937444,0.140032225487007510524109119949
-0.302735552159064481118840014747,0.140035140837885564533178991257
-0.764236450594844795772960618619,0.140046151206726584067474027572
-0.251457672909097558782995486257,0.140054824780005188163593116766
0.672452964171448571118952854019,0.140064126101575080115973583021
-0.200179792735178810612891211053,0.140071933286550155055077359390
0.364209020077647924662783005780,0.140080415246299557443751269687
0.312908697638000000000000000000,0.140084059687000000000000000000
-0.148901911816433713882954584384,0.140086640929568013206447341261
0.415536649873000000000000000000,0.140090800125000000000000000000
-0.097624031322719154266221213506,0.140102762470855928046531657164
0.621156124233152918207102603037,0.140109634977324894612563391154
0.569849958879171755720800295744,0.140121471957982298432568580700
-0.046346153492564347179948097056,0.140125850725093952238520273126
0.518551020553000000000000000000,0.140138997519000000000000000000
0.004931711349278727996591863448,0.140169037452678721471639787368
0.056209591779119453938376860794,0.140185360893587842986350229797
0.107487455520724007349595385643,0.140229834809568969336235816045
0.158765336515925288172901944875,0.140244273429341233689670455929
0.210043217516092585431228808988,0.140258694401823297723356447045
0.261321098514142279069926929531,0.140273122902084283592925506672
0.963014002804000000000000000000,0.148195808207000000000000000000
-0.961206770927933533000391172794,0.159565083324227079106140221080
0.904864635732648452587218958417,0.183548105664770713085884043018
-0.892495800060644377163655368839,0.183548586900097834025367575735
0.800852742398662778556929202418,0.184245182459453694592893067353
0.749485666581903657256065778536,0.184290693001361691035020960441
-0.841224767962894462333400089107,0.184386772716765948603836140257
0.698207927240107615529161600842,0.184412084214338873288770974233
-0.636113484611499497280504164627,0.184415031118805930688884537033
-0.584835601592751621887284097802,0.184416004450149349069534004831
-0.533557718573037376017490549026,0.184416925464285819668300297585
-0.482279835888035442352841124333,0.184422856311148500684806844548
-0.431001953464882167503829715758,0.184430732162471116882114565569
0.492528511535997670663948026133,0.184436579083272971485409159119
-0.379718051947000000000000000000,0.184438511161000000000000000000
-0.687391359581411149287829921667,0.184443778325169680206109500504
-0.328433060786000000000000000000,0.184448101461000000000000000000
-0.277150512728000000000000000000,0.184475029639000000000000000000
0.389853203482897755509152655788,0.184485337780965405187776775513
-0.225869062370000000000000000000,0.184492633282000000000000000000
0.338542288403000000000000000000,0.184495939304000000000000000000
0.441171793296000000000000000000,0.184501784925000000000000000000
0.646868366513000000000000000000,0.184503807338000000000000000000
-0.174584135537000000000000000000,0.184505643474000000000000000000
-0.789947022983622771365622458940,0.184505758735030766162504063808
0.287248652513519405619973176184,0.184513186548525263778551632851
-0.123302309177000000000000000000,0.184518068635000000000000000000
-0.072018464767511954064114738685,0.184533317765987189329611860213
-0.738669151636075854161685355485,0.184540369372016118009003143139
0.595559290090748504629532950333,0.184541868431406463384523004823
-0.020740587541637048756989690844,0.184557711204968845566430349339
0.544264855945000000000000000000,0.184569524058000000000000000000
0.030552378355528441123962736128,0.184587532586875163409224664858
0.081830246015743788150178074111,0.184627232123480494633319722506
0.133113891806806282544987601231,0.184645001713534683380860298012
0.184391788087492193018881816561,0.184659431513962543962759238369
0.235669669085541886657579923319,0.184673860014223529832328311882
0.853396517349000000000000000000,0.184889738673000000000000000000
0.953879397607000000000000000000,0.198675771036000000000000000000
-0.938757685142841929577474812487,0.205667792954414367413827552326
-0.867770751497468146052537263796,0.228471779811781467109130364002
0.826515115304377888441612416091,0.228639595448925519054930775262
0.775193888425809470295576261052,0.228658571218110907410551348547
0.723916212463613021361488268654,0.228804296122455055949846066440
-0.559213719775066133227088588074,0.228833798856809427916736681901
-0.507934429288201459543209266453,0.228833907960369212819881079008
-0.610493565544989158368618093541,0.228833957657582457392641826646
-0.456652787165221292207961992903,0.228837669848866693632857175059
0.518178206812266652404387101235,0.228838318013930972356927069948
-0.405370573951000000000000000000,0.228843226984000000000000000000
-0.354085352737000000000000000000,0.228851484233000000000000000000
-0.815688940387771108067629594024,0.228854095526727595080666370604
0.672621384163000000000000000000,0.228864782778000000000000000000
-0.302803690226000000000000000000,0.228879743427000000000000000000
0.415486336322750037201001206333,0.228896640268578309318818394815
-0.661830531793093570138373733433,0.228896735151546679730243319163
-0.251519449896000000000000000000,0.228898720156000000000000000000
0.364189187510751205978822971278,0.228900117061368501287331951040
-0.200237108877000000000000000000,0.228911767251000000000000000000
0.466811029594000000000000000000,0.228912252428000000000000000000
0.312881591886167100216651502300,0.228924600700181516112871073854
-0.148953012718000000000000000000,0.228925472150000000000000000000
0.261569410146156356984907253463,0.228930212109994894457570720700
-0.097670037720195134287137777774,0.228941906031612132568804985396
0.621276373371000000000000000000,0.228955617850000000000000000000
-0.046392157334390559459164837966,0.228958367224888880507617281441
0.004886529687019202860388422037,0.228979936215840200422622691253
0.569981748349000000000000000000,0.228997161844000000000000000000
0.056164962086274785618966700246,0.229019962256369435742615521742
0.107456682301826063345570285695,0.229042399027446208677944201461
-0.713133693256874896017248684943,0.229052304894793194110706998758
0.158740343378373187390967475847,0.229060159798155993653949073477
0.210018233138752515672140463043,0.229074593360639416624045182598
-0.764411567236806915660573861327,0.229082766837875705799305669657
0.893114582436315208666056093673,0.233461606196842132760639149579
0.942104902570740544610014735847,0.248606566446320675389426576050
-0.939874803249899998082960836121,0.256933506008722396067404773991
0.857004303850544409476738207575,0.269868598221586342286377432407
0.800870916853728318016521185270,0.273044509294754201148657493195
0.749593243005937040728742505981,0.273190976326225892675577857564
0.543833664392686759135891993010,0.273236727717106491715537056356
0.698315409583830101844358404964,0.273262302102900301015106720597
-0.636061292397179376924653105960,0.273282946751189039484130433978
-0.584783409491692457458457633738,0.273286491174694842315923449659
-0.533505526497260796929229301040,0.273288346206216406939946783807
-0.482227643574856767016316178050,0.273291636797465867968712727756
-0.430949760699721505715089659727,0.273295596049356605371937046012
-0.379671877703868926237724699433,0.273297411378118803036059798841
0.441122635419494529025400210744,0.273306115118592277693521591672
0.389824899121406410800631345091,0.273309931044846112229005864771
0.647028458127000000000000000000,0.273316056186000000000000000000
0.492458582566000000000000000000,0.273324307324000000000000000000
-0.328394001896567615651830667935,0.273324623925750206488317528931
0.338531838892694642592116975512,0.273326020906475486386673402665
0.287211155103259791030407355709,0.273336542777892081519544955963
-0.277116120810244963153225417366,0.273338735223323921992737384357
0.235895205692213960099405548799,0.273344262201722571025249577902
-0.225838238651944928586535242724,0.273348179335808162326416836286
-0.841168877791987014876344615087,0.273353467181943186260489090500
-0.174560356448055530796100106653,0.273357372583799094991006874649
-0.123282474964774483600910691657,0.273369959018891583855220421157
-0.687339084127302616616017424631,0.273379709935666995267433009129
-0.072004593260196776628858665930,0.273381609044664220373052290983
-0.020726714574568027891045392116,0.273402711975894123698520545085
0.595713939219000000000000000000,0.273420248630000000000000000000
0.030551153084964450340777987931,0.273442412394516467841104606134
0.081829034075760586194494583515,0.273456866650426995999855146202
0.133106915074767074776394407243,0.273471291749904878096034503087
0.184384796072815435402110774280,0.273485720254903298112540439916
-0.738615623553830330897619101350,0.273750913749648603553985514262
-0.789893408841174534139731689624,0.273851032962549994258800610369
-0.892366038372741547846549126058,0.276229581974540971043637626788
0.927701691487000000000000000000,0.297844995256000000000000000000
0.879644390410833111951975152378,0.315877812172428846270263178043
0.828368467956530300149610792227,0.316326214103836746372178436494
0.775353529624790002861451985063,0.317556490133595563457455473666
0.569485347700963601360301634335,0.317637318155563916189104649967
0.724068919184000000000000000000,0.317665751315000000000000000000
0.466764264093475919547677671471,0.317712512932166629613046587609
0.415465850715317771935927403368,0.317716719818528679143258559719
0.518113748127000000000000000000,0.317730948932000000000000000000
0.364172639172468540634882505267,0.317732897050204763778928192659
0.672762828321000000000000000000,0.317737103157000000000000000000
0.312861627897866476502473342120,0.317737832547952904848737265440
0.261539201074824788826733637414,0.317749293320373981359004648009
0.210231754860643256394686651615,0.317772919412810041998012606269
0.621467532205000000000000000000,0.317785738405000000000000000000
-0.046488175020000000000000000000,0.317860618435000000000000000000
0.004821294103314253941526445358,0.317863037440589242685581541336
-0.354299707749000000000000000000,0.317868501435000000000000000000
-0.097792973475000000000000000000,0.317868742952000000000000000000
-0.149094772272000000000000000000,0.317870992275000000000000000000
0.056148556288588626219832887738,0.317874318014947113554148671808
-0.200394512991000000000000000000,0.317874864548000000000000000000
-0.302990283022000000000000000000,0.317875125354000000000000000000
-0.405597719977000000000000000000,0.317877727027000000000000000000
-0.251693671183000000000000000000,0.317878126714000000000000000000
0.107437411281812514273819332060,0.317882448297765342042955261228
-0.456897059962000000000000000000,0.317886964318000000000000000000
0.158719913749256008527967929431,0.317894209109443453868204856697
-0.508193106772000000000000000000,0.317894957691000000000000000000
-0.559504303825000000000000000000,0.317912891655000000000000000000
-0.610810760106000000000000000000,0.317931018592000000000000000000
-0.662113979970816492078618394115,0.318081487236770418439421865048
-0.713390845585445617770447324210,0.318404505148086249579817839984
-0.815946522291727774388133973559,0.318466099606850158456728500445
-0.764668647737133119216802448567,0.318495578328322108069493914794
-0.920664852124337637502290908310,0.318991696376009026561015974804
-0.867167145871340677089550414588,0.320888703154145575898853689557
0.905308958575330575432387069654,0.360270956111123128891893267861
0.854033036121027763630022713162,0.360719358042531028993808528481
0.802708352075827019308631437389,0.360928543076752483178819462837
0.595209234190994295969354508725,0.361996116061726589127995381340
0.492412773802056288651441659451,0.362114936712413403162124701685
0.543810751506000000000000000000,0.362115250438000000000000000000
0.441114613333295106029985759845,0.362118997507836624342430913791
0.389814558108019143512847273296,0.362139127256499207382329634876
0.338509984853475196866355674800,0.362140344563709889494396866386
0.287189910326178413129337815285,0.362150446489343446953334681158
0.235877929809479035689097651309,0.362176691756221065971558780786
0.184556594147496606470356158011,0.362187405357072001853866005122
0.030441216479223879815117689403,0.362281962070572473483881058183
-0.020862375084000000000000000000,0.362282290796000000000000000000
-0.328665484339000000000000000000,0.362283513512000000000000000000
0.081774779315885127026519492804,0.362289607963196063288006256333
-0.277354384821000000000000000000,0.362290441152000000000000000000
-0.123467257450000000000000000000,0.362292347944000000000000000000
-0.072168555047000000000000000000,0.362292470904000000000000000000
-0.379965788819000000000000000000,0.362294701581000000000000000000
-0.174767200758000000000000000000,0.362295771903000000000000000000
-0.226062614232000000000000000000,0.362296623446000000000000000000
0.133063629077098692301485737950,0.362297741264719006428428984008
-0.431261876234000000000000000000,0.362303333304000000000000000000
-0.482553036417000000000000000000,0.362307569473000000000000000000
-0.533843412806000000000000000000,0.362312992660000000000000000000
-0.585166024827000000000000000000,0.362340780210000000000000000000
0.751340127512000000000000000000,0.362889631208000000000000000000
0.700025048513000000000000000000,0.362979790461000000000000000000
0.648700489112000000000000000000,0.363040368765000000000000000000
-0.646345999042706907675844272741,0.366895063369156727027427925979
-0.902608082603252656767429506747,0.366985178874096015265424388427
-0.697622855297227326454951897103,0.367219563731276457001248200426
-0.800178542944120804189674822907,0.367303560447928500070793433980
-0.748900660211878889189986586232,0.367309067735106817725742426823
-0.851401202731771184447608425693,0.369682722508484763967752970244
-0.612705801929000000000000000000,0.405605723239000000000000000000
0.620908865133368639483193594869,0.406368971021234444064872915249
0.569542577139000000000000000000,0.406478272878000000000000000000
0.518103709217175014809344929328,0.406492826762842389639160032383
0.466766969783881858907708110882,0.406519199043007676264168323496
0.415463223243125608418661432434,0.406541461256176968607623772533
0.364153045623423511261575761743,0.406545915409950605146077570223
0.312837950372749348084977900622,0.406553141560715626207704234799
0.261528919070927778076465900606,0.406577683161152633420660254935
0.210207159240247189617831650669,0.406588641806683750183107383085
0.158880199876344478172705749705,0.406602661533232022128091188849
-0.303029818547000000000000000000,0.406701364811000000000000000000
0.004763743209000000000000000000,0.406707544800000000000000000000
0.056064203102000000000000000000,0.406710299246000000000000000000
0.107388461145548020010666408141,0.406712131427769331281151951287
-0.354329314345000000000000000000,0.406713677224000000000000000000
-0.251726946899000000000000000000,0.406714802641000000000000000000
-0.097840385241000000000000000000,0.406717202500000000000000000000
-0.149135489047000000000000000000,0.406717716811000000000000000000
-0.200433167266000000000000000000,0.406719957182000000000000000000
-0.046536219199000000000000000000,0.406720904360000000000000000000
-0.405623938089000000000000000000,0.406721767088000000000000000000
-0.456912106098000000000000000000,0.406723556465000000000000000000
-0.508201151473000000000000000000,0.406728941764000000000000000000
-0.559488496852000000000000000000,0.406733322209000000000000000000
0.885044392990597147691963981479,0.407524103250197771697434744157
0.833767379327279495775011809653,0.407822695955568256788221882662
0.782451683224983467803062083996,0.408035746930293081717556817467
0.676334445498000000000000000000,0.408481885202000000000000000000
0.730884594404000000000000000000,0.409945825409000000000000000000
-0.674979572862000000000000000000,0.413230607345000000000000000000
-0.882051430815668544429658636297,0.413962251527846807967370714618
-0.728343068883590606594739542000,0.414298837943121348403682589823
-0.779620951868385450609671846437,0.414300942569702294119471043947
-0.830844550944187072109837537796,0.416659795162235556669699306793
-0.638905895305000000000000000000,0.449699942614000000000000000000
-0.587020835645000000000000000000,0.450003697344000000000000000000
0.646928559471485758980448183558,0.450554905371236838701042518142
0.595331616430932596836459812686,0.450812481645908316681980934969
0.543829408036235911101004625953,0.450850573640955286325752515318
0.492458107861526801973761822662,0.450896971768857130792281201356
0.441116665337575600880042160209,0.450941035539479131935345062550
0.389802698326710642503731161178,0.450947678933852679848504907183
0.338490109359174658639394404731,0.450953457180842976943634865969
0.287178127908205538434876378831,0.450979703091032828757397894673
0.235857876991393183028333562336,0.450989790065290863110064876329
0.184535598776465275088405347783,0.451001105144550721484614300327
0.133149938503371159675187575271,0.451049108909033560251171601074
0.081727796617000000000000000000,0.451117114977000000000000000000
0.030405164115000000000000000000,0.451123724637000000000000000000
-0.277405352235000000000000000000,0.451126257142000000000000000000
-0.072197610100000000000000000000,0.451139465835000000000000000000
-0.226092940302000000000000000000,0.451139473998000000000000000000
-0.328707537016000000000000000000,0.451141434972000000000000000000
-0.123498144233000000000000000000,0.451142260063000000000000000000
-0.174794715990000000000000000000,0.451143730728000000000000000000
-0.020894584338000000000000000000,0.451144097990000000000000000000
-0.380007346791000000000000000000,0.451155915513000000000000000000
-0.431298996541000000000000000000,0.451156311848000000000000000000
-0.482593924697000000000000000000,0.451163851158000000000000000000
-0.533914556968000000000000000000,0.451188665531000000000000000000
0.702426119384324963320961624181,0.452626498677535880181671198764
0.862379352706157099574203408115,0.453521029633777744648612775507
0.811102339042839447657251245574,0.453819622339148229739399913709
0.759824980491356280072683047972,0.454051544339833140412810447321
-0.700839549083393302294799318333,0.457576750166701640480020498650
-0.754619650499571621397776568615,0.459070979622373061102309635852
-0.859049937747532192338808074035,0.459791855546082018661693903555
-0.805925251839138422877277380713,0.461475526997662357113260240316
-0.664748018970000000000000000000,0.494015187775000000000000000000
0.672315662312827808903449334367,0.495107304825754302903645085965
0.569611929628990813853970080071,0.495175316935766287619340019912
0.621002690556000000000000000000,0.495207076343000000000000000000
0.518183842428683772585780206064,0.495254697914501145083680349706
-0.611131803866000000000000000000,0.495271011618000000000000000000
0.466806542178681076725005063234,0.495319538395260535188658249813
0.415456488224973503409541382716,0.495347052259244920332081788453
0.364139687197972279938440603165,0.495355263951775481113448602474
0.312830676797258305907217836239,0.495379793443717058983296110448
0.261506896364726316761036579580,0.495391919440109670396426081201
0.210189484197156240596596821560,0.495400423277308404071975605034
-0.559841074517000000000000000000,0.495439195136000000000000000000
0.158774923318587197653119272938,0.495465113243639268930664644913
0.107399404972000000000000000000,0.495521773136000000000000000000
0.056064351331000000000000000000,0.495531653818000000000000000000
-0.251774818628000000000000000000,0.495548963939000000000000000000
-0.046557031792000000000000000000,0.495562039069000000000000000000
0.004760828340000000000000000000,0.495562042233000000000000000000
-0.200455437651000000000000000000,0.495565033686000000000000000000
-0.097857476321000000000000000000,0.495565267140000000000000000000
-0.303076949254000000000000000000,0.495568027141000000000000000000
-0.149156890925000000000000000000,0.495568453508000000000000000000
-0.405668361110000000000000000000,0.495578722151000000000000000000
-0.456956507636000000000000000000,0.495582585703000000000000000000
-0.354376244533000000000000000000,0.495584989552000000000000000000
-0.508248624504000000000000000000,0.495588589644000000000000000000
0.730071014610661343354459739772,0.495814240639308431895008621432
0.837254342569997953798805636462,0.498382020283289244362717014915
0.785976645092426564167989230899,0.498519966759990795047972277583
-0.726522176692000000000000000000,0.501977426574000000000000000000
-0.778336025327041747257731823832,0.504698852509427269542803235809
-0.833428694093872896093488963204,0.504753488502015261909186120106
0.700674737947057192315937070494,0.537829478424528779598470168531
-0.638962753239000000000000000000,0.538355364665000000000000000000
-0.690422156806000000000000000000,0.538423908721000000000000000000
0.595277758862741606724071608361,0.539567731801097829017171501012
0.543966364021438675338745664852,0.539579441209312146377267846384
0.646862907707156348750888357749,0.539622230084764183658969696130
0.492532890774449818759791357992,0.539676908422807854837442861974
0.441146863497472785424448877808,0.539725266578772503906255761952
0.389794873431053996035242450125,0.539753830450905382780467665042
0.338485155963530427534662025879,0.539778768505525358495123103567
-0.585629600960000000000000000000,0.539779075040000000000000000000
0.287160740268002281090427156175,0.539791261561565887545293895517
0.235840866212678356322773816122,0.539801187781149035421013695175
-0.534161556969000000000000000000,0.539847659421000000000000000000
0.184411870299032153841517528899,0.539874214082922424466795253106
0.081720996725000000000000000000,0.539943325513000000000000000000
0.133030458006000000000000000000,0.539948402898000000000000000000
-0.226144320436000000000000000000,0.539970800483000000000000000000
0.030409039229000000000000000000,0.539981439447000000000000000000
-0.020919190609000000000000000000,0.539986963715000000000000000000
-0.277445690946000000000000000000,0.539994731340000000000000000000
-0.072230671242000000000000000000,0.539996356900000000000000000000
-0.380031020257000000000000000000,0.540000351286000000000000000000
-0.431319169547000000000000000000,0.540000743089000000000000000000
-0.482605707212000000000000000000,0.540004169178000000000000000000
-0.174843929128000000000000000000,0.540005283813000000000000000000
-0.123544285647000000000000000000,0.540007919224000000000000000000
-0.328737845948000000000000000000,0.540021662633000000000000000000
0.755948614614940926263115131245,0.540086042753220650075237596966
0.807694611819000000000000000000,0.544981057270000000000000000000
-0.750227857500594901833719232386,0.547586521941002402028812209442
-0.805539101028439111758414404767,0.548166242127574457191494610045
0.726550391198900942583542655064,0.582099918411297756576896130763
0.674407560129432753237401832125,0.582873974682730960115315775933
-0.662547245822000000000000000000,0.583901881970000000000000000000
0.621023511633304189499758948118,0.583913842139083895946271217529
-0.714069887043784706336830391791,0.583946148730564017778544688861
0.569632193255189468208847186253,0.583971856074643687775099331471
0.518333695648209138976876282029,0.583991011772621477514662980825
0.466880385239550896487340649232,0.584078475556046727353148267699
0.415481317722292021412285414629,0.584134320167726794646477497831
0.364147770831562131343332149656,0.584173041626805807764558132903
0.312819831123516540690333708205,0.584187571591795090453409041469
-0.559942813401000000000000000000,0.584188313957000000000000000000
0.261496596070996357781593347423,0.584199440148430067928251154862
-0.611254207530000000000000000000,0.584220586814000000000000000000
-0.508503672488000000000000000000,0.584271420731000000000000000000
0.210049930372300321809679422108,0.584282672325820907780185974866
0.107351313955000000000000000000,0.584370038746000000000000000000
0.158658608998503194369182977469,0.584375473406129307777693172127
0.004706158294000000000000000000,0.584418372760000000000000000000
0.056025592598000000000000000000,0.584418757926000000000000000000
-0.200570384440000000000000000000,0.584426114336000000000000000000
-0.046614793938000000000000000000,0.584433265130000000000000000000
-0.097927088059000000000000000000,0.584444719580000000000000000000
-0.149234282897000000000000000000,0.584446916766000000000000000000
-0.251888770451000000000000000000,0.584466664891000000000000000000
-0.354497673741000000000000000000,0.584486030009000000000000000000
-0.405805719639000000000000000000,0.584490798224000000000000000000
-0.457106467079000000000000000000,0.584500685156000000000000000000
-0.303194819819000000000000000000,0.584501550981000000000000000000
0.777888599093000000000000000000,0.586716011588000000000000000000
-0.772556100998011764313960875678,0.593747878400186172675305370501
-0.688295168872984079749120929216,0.628275430148691761077715902680
-0.534274135573000000000000000000,0.628616275482000000000000000000
-0.585566930118000000000000000000,0.628621862277000000000000000000
0.235538769142813972423122772487,0.628776945956958272353839888156
0.286816650514596951805503542220,0.628789978727873885173568505793
0.132983011446407749744723528922,0.628794849148810043025020335855
-0.482950275758000000000000000000,0.628799993406000000000000000000
0.338094531670952394919527349965,0.628803833201988423154027186424
0.184260893553655489539035789823,0.628804566502756610751722390156
0.440650295350556804311552557845,0.628810307599228210652607832651
0.389372412844509105233448715970,0.628817623864188610531252800936
0.491928176924531725448893659310,0.628822518953325552978670009300
0.594483941365686529322034103721,0.628825082309599979701473224958
0.645761824182845408044503419550,0.628829732200764484686872283261
0.543206058919931959399297148304,0.628832809608025214843288789073
0.081659830936000000000000000000,0.628846220104000000000000000000
0.030324220663000000000000000000,0.628854512603000000000000000000
-0.174954406314000000000000000000,0.628856766137000000000000000000
-0.020988415577000000000000000000,0.628864858518000000000000000000
-0.072308334253000000000000000000,0.628880378491000000000000000000
-0.123609172340000000000000000000,0.628884301903000000000000000000
-0.226265335149000000000000000000,0.628897979756000000000000000000
-0.380166962756000000000000000000,0.628908695216000000000000000000
-0.328872976313000000000000000000,0.628915684201000000000000000000
-0.431466296427000000000000000000,0.628917850940000000000000000000
-0.277564911002000000000000000000,0.628939177858000000000000000000
-0.636962926413000000000000000000,0.629340079558000000000000000000
0.742613415298294399488753253561,0.630796946499406692518442461670
-0.740237289406620278629087240072,0.633558878201144512470557960166
0.693845756581602906688061623894,0.646644241256685295234830081218
0.261165711394452430172523122796,0.673191820927658721681337769506
0.312443592766235409554903876976,0.673204853698574334501066376228
0.363721529193930378008056422268,0.673218676281628431552303818097
0.158609962650059350239822468482,0.673219466532275943538444762647
0.466278660794681359232982891413,0.673224361371589139236297308072
0.415000778288633660154879036873,0.673231677636549539114942262390
0.209887844137134688234916808193,0.673232037499698919365627875425
0.517558205953840361526578277525,0.673235612740952668025553508115
0.568851692179548121481246046355,0.673236894809108177043467944081
0.055994565267000000000000000000,0.673259960415000000000000000000
0.107304516511000000000000000000,0.673266951344000000000000000000
-0.457211542551000000000000000000,0.673274588705000000000000000000
-0.149327467540000000000000000000,0.673281546847000000000000000000
0.004641177667000000000000000000,0.673293431188000000000000000000
-0.046674747874000000000000000000,0.673307886627000000000000000000
-0.097983479574000000000000000000,0.673318167815000000000000000000
-0.200639709046000000000000000000,0.673330257635000000000000000000
-0.354541621083000000000000000000,0.673335632029000000000000000000
-0.405829819947000000000000000000,0.673336042781000000000000000000
-0.303247378739000000000000000000,0.673348181110000000000000000000
-0.251938300770000000000000000000,0.673378934341000000000000000000
-0.558448528418000000000000000000,0.673854696182000000000000000000
-0.609740708895000000000000000000,0.673860302709000000000000000000
-0.699471667516237091673371738021,0.678320481511530117245037095925
0.633383952458801817033163617281,0.678591259301677372227517569768
-0.507783570116000000000000000000,0.681865819679000000000000000000
0.681467884857559315676721821311,0.696405768357598182775475365644
-0.653381155989000000000000000000,0.700812152780000000000000000000
0.286785354002881936293106268216,0.717610906920597714144259304797
0.338063235374664915675487035639,0.717623939691513326963987914511
0.389341116531023655024506947406,0.717637794153427905608868664513
0.184229619960567726985941360185,0.717643316397173957469547738347
0.491896880210724979585225182304,0.717644268190302877885346527584
0.440618997704677280507121340996,0.717651584455263277763991488778
0.543174761784840303828339396234,0.717656478954805685164194509150
0.235507498717019105480999130638,0.717664246529472995497082195396
0.594452643782971320847974029538,0.717666755993124369551623238102
0.081638667315000000000000000000,0.717680875884000000000000000000
0.030337560363000000000000000000,0.717684823184000000000000000000
0.132945912543000000000000000000,0.717690282829000000000000000000
-0.123713714856000000000000000000,0.717714960060000000000000000000
-0.431525602518000000000000000000,0.717722994146000000000000000000
-0.021038471111000000000000000000,0.717733117524000000000000000000
-0.072349864845000000000000000000,0.717745989803000000000000000000
-0.380211006698000000000000000000,0.717765509803000000000000000000
-0.175028924383000000000000000000,0.717769068686000000000000000000
-0.328919571162000000000000000000,0.717769857333000000000000000000
-0.277627173803000000000000000000,0.717780620927000000000000000000
-0.226324793607000000000000000000,0.717841070986000000000000000000
-0.584046045774000000000000000000,0.718301614007000000000000000000
-0.482095679722000000000000000000,0.726299311007000000000000000000
-0.533388063462000000000000000000,0.726338773054000000000000000000
0.643886993870663751475955186215,0.731292698868361627881999473765
-0.627708260527000000000000000000,0.745216502878000000000000000000
0.312413007978078802303918592542,0.762025371226264419974482773933
0.209857292004402935906278265711,0.762072706854562118071839027244
0.261135170673808914942027605735,0.762093849168648499925544171730
0.107280191333000000000000000000,0.762102978435000000000000000000
0.055984548629000000000000000000,0.762102987014000000000000000000
0.004691274051000000000000000000,0.762105156422000000000000000000
0.158579424819287031628365516813,0.762113015381937273981498069883
-0.098109408508000000000000000000,0.762152788860000000000000000000
-0.046696752980000000000000000000,0.762162097583000000000000000000
0.363909702459392837426914973957,0.762164914722234324512886452095
0.415187583633046462909529349593,0.762178705024069696668009281120
-0.406017696968000000000000000000,0.762223096194000000000000000000
-0.149445230426000000000000000000,0.762225402198000000000000000000
-0.303383545176000000000000000000,0.762249121532000000000000000000
-0.354689792841000000000000000000,0.762250574247000000000000000000
-0.252086767642000000000000000000,0.762262091493000000000000000000
-0.200769011559000000000000000000,0.762322234625000000000000000000
0.467915070554606666147532546695,0.762968589403636851512044271142
0.519212543323413602331671176084,0.762991160758460456032799235932
0.570859004386186985575931067925,0.763194346175850620830271617597
-0.559336011514000000000000000000,0.770712552380000000000000000000
-0.456593960766000000000000000000,0.770807380105000000000000000000
-0.507893716312000000000000000000,0.770846814501000000000000000000
0.338041192735467272354040992173,0.806439529260307201013066112938
0.235485506265452700516754916242,0.806498865783200807858843763114
0.081631664226000000000000000000,0.806523068758000000000000000000
0.030338287882000000000000000000,0.806523782572000000000000000000
0.132922985622000000000000000000,0.806524437791000000000000000000
0.286763382233851431442643645972,0.806525773055108961378178521425
-0.020953386994000000000000000000,0.806526467845000000000000000000
0.440892562157093870986675821712,0.806548462369699018471719950501
-0.072420887452000000000000000000,0.806548623238000000000000000000
0.184207658137693752057444163103,0.806558692351326770602017909260
0.389614735874003970834987135790,0.806624748102442837909475157822
-0.123835889529000000000000000000,0.806665210416000000000000000000
-0.277800259984000000000000000000,0.806705077688000000000000000000
-0.380472424384000000000000000000,0.806710446594000000000000000000
-0.329128273369000000000000000000,0.806713028682000000000000000000
-0.226502193097000000000000000000,0.806715323155000000000000000000
-0.175153104778000000000000000000,0.806776550209000000000000000000
0.493544269528622174444346537566,0.807382162191491782685057864524
0.545167245494669165964350307144,0.807571759494924105142523702111
-0.533704983930000000000000000000,0.815179095226000000000000000000
-0.431066527907000000000000000000,0.815303340355000000000000000000
-0.482395264426000000000000000000,0.815987150918000000000000000000
0.363643744034168257525060491750,0.850868468644779908948228220758
-0.046672740848000000000000000000,0.850903387820000000000000000000
0.261091433591930825913738439212,0.850932581333623982394932923238
0.107277815719000000000000000000,0.850942006106000000000000000000
0.055985553166000000000000000000,0.850943906050000000000000000000
-0.098027728164000000000000000000,0.850991508611000000000000000000
0.209813587157337513052845433309,0.850993841941125853967693338165
-0.303466700292000000000000000000,0.851122529562000000000000000000
-0.252174421485000000000000000000,0.851133759451000000000000000000
-0.200881070523000000000000000000,0.851150425588000000000000000000
-0.354882298446000000000000000000,0.851171671747000000000000000000
-0.149578027259000000000000000000,0.851312338592000000000000000000
0.312367851210407235223762798152,0.851320246198381812694096813411
0.436953821017310011516655325985,0.857674850918720743499765642443
-0.405629010852000000000000000000,0.859852380243000000000000000000
-0.456945735712000000000000000000,0.860547886060000000000000000000
0.004637773627000000000000000000,0.861170679733000000000000000000
0.158032457476000000000000000000,0.861816134252000000000000000000
0.396998768265235981552581965290,0.889815402367175188313132299012
-0.227970484002000000000000000000,0.896354822372000000000000000000
-0.279318576948000000000000000000,0.896369046870000000000000000000
-0.176680976529000000000000000000,0.896372395330000000000000000000
0.344747278860818977014354923057,0.898537587493193326755849356991
-0.030523156052000000000000000000,0.899586228193000000000000000000
-0.081814529830000000000000000000,0.899652153539000000000000000000
-0.373562511530000000000000000000,0.899893892158000000000000000000
0.256662908533626283133828084727,0.902018922500303174886811268036
0.205385079590613651769284907675,0.902093398824740616794068794848
0.105150925930000000000000000000,0.902190017538000000000000000000
0.053861174855000000000000000000,0.902190523497000000000000000000
0.155282721396000000000000000000,0.913038052911000000000000000000
-0.129916243318000000000000000000,0.917443339324000000000000000000
-0.325682065938000000000000000000,0.918308340484000000000000000000
0.301739960310685013125675430600,0.926462340651620146921241702426
0.010767263011000000000000000000,0.930006655962000000000000000000
-0.253631614044000000000000000000,0.940763679606000000000000000000
-0.202341100304000000000000000000,0.940784422530000000000000000000
-0.058914624556000000000000000000,0.945619954523000000000000000000
0.231181647665000000000000000000,0.946530687448000000000000000000
0.082216636123000000000000000000,0.948065475848000000000000000000
0.181053427807000000000000000000,0.957384433114000000000000000000
-0.155576962449000000000000000000,0.961852954072000000000000000000
0.130421122359000000000000000000,0.965585639563000000000000000000
-0.104740222124000000000000000000,0.968696053781000000000000000000
0.037747760716000000000000000000,0.973622637846000000000000000000
-0.016297996294000000000000000000,0.974205545514000000000000000000
