-0.022006937645000000000000000000,-0.974182163887000000000000000000
0.029542166929606997769840591856,-0.974026487115504414519929647800
-0.073083327116000000000000000000,-0.971686174440000000000000000000
0.080511872455476128340812795075,-0.971142716403299704469375519878
-0.131472824320000000000000000000,-0.965563868976000000000000000000
0.140830467280801521945589938851,-0.964244324180825937912174226702
-0.219912180286000000000000000000,-0.949335199794000000000000000000
0.231021580797218005823364271773,-0.946693913804995962658019128630
-0.269328492736000000000000000000,-0.936512432925000000000000000000
-0.171326437853000000000000000000,-0.933656493793000000000000000000
0.181673717997721960240681971198,-0.933616626164338281089941921872
0.280283380722198113407380673187,-0.933296075058928979500430242314
0.003981422314772717559336650895,-0.929835137852898682343210432711
-0.046994211456231385662056817309,-0.927058129289921276662329052027
-0.098045368835446027257369496634,-0.926978472795884120903802167157
0.054951127840641848130308852257,-0.926951367140693972292656294522
0.106007345199585048095606564831,-0.926913677475590874657863509339
-0.318007080645000000000000000000,-0.921124365283000000000000000000
0.328775928478628065529717574844,-0.917336757184886108566192331669
-0.226421084950000000000000000000,-0.898693009277000000000000000000
0.232997478872000000000000000000,-0.895676654379000000000000000000
0.370924375436242661186333945936,-0.888531628579453138201809986939
-0.357217482609000000000000000000,-0.888429738976000000000000000000
-0.276718583839000000000000000000,-0.885991873255000000000000000000
-0.408146887983000000000000000000,-0.884881238605000000000000000000
-0.123739998429000000000000000000,-0.882864289018000000000000000000
-0.021511055808922857562627615920,-0.882810649599476065656706990902
-0.072562225594160020851956917193,-0.882739386191811459334998814141
-0.174817045279000000000000000000,-0.882723073973000000000000000000
0.029539980364434081780189643488,-0.882673826571497905985566178915
0.080610466641595080035075768364,-0.882627950944065017287818377616
0.131685151691000000000000000000,-0.882623953469000000000000000000
0.182745501618754950370369090004,-0.882576658543031258393669313265
0.284961934341817967943266672019,-0.882459688966458501822096512222
0.421043169693602147058613450677,-0.878819086321997901481996739864
-0.454965621060000000000000000000,-0.861696859343000000000000000000
0.468718723457718156586466543967,-0.854343663586050004053075595150
-0.304978040151000000000000000000,-0.843465678787000000000000000000
-0.254024008428000000000000000000,-0.840240715147000000000000000000
-0.202967699812000000000000000000,-0.840132718707000000000000000000
-0.149157325381000000000000000000,-0.838587222493000000000000000000
-0.098104919743090215140809713819,-0.838535373131109365672418133583
-0.047053704798228369857602326773,-0.838513749812714076363666448044
0.003997497588586271445566720293,-0.838471919502233329033758543872
0.055064732261150745132417081047,-0.838427923004275565865151148923
0.106138059374000000000000000000,-0.838406926240000000000000000000
0.157190501417133107345435665455,-0.838381987149191351179164334859
0.208245939435808329788302558742,-0.838350482062885727704869065702
0.361631876262344021959319030201,-0.838333257350722250699490592614
0.259297154304028030483689168177,-0.838328678548315536067432328105
0.310580666349389596818280257491,-0.838301931038336644076645876739
-0.355669373891000000000000000000,-0.837400310005000000000000000000
-0.499545299290000000000000000000,-0.836641911277000000000000000000
-0.411838694046000000000000000000,-0.833962092241000000000000000000
0.512817909397921792406377598177,-0.828624238741669641949206297861
0.425035330197006254893796875046,-0.827924197880923152377887369830
-0.543866862916614528803202488008,-0.808584364645278949712845437391
0.469246979605045335979958767416,-0.802019707325036598030740139084
0.555509640183776829211857871955,-0.800630612013029047203955596617
-0.449421327887000000000000000000,-0.799410085657000000000000000000
-0.276992546797000000000000000000,-0.794636546132000000000000000000
-0.225818601771000000000000000000,-0.794477179778000000000000000000
-0.328054696863000000000000000000,-0.794447524046000000000000000000
-0.174762317086000000000000000000,-0.794419579242000000000000000000
-0.123649178481000000000000000000,-0.794332787359000000000000000000
-0.072597012586095410138374118283,-0.794307783487761276548031906589
-0.021545806685569997026827763103,-0.794270487153583653725880482635
0.029521126116632305649930997983,-0.794226665103078866232777265622
0.080591905444409633898966256698,-0.794205209931636985985661945916
0.131643120098685535853771432929,-0.794182911110384613827490442352
0.182694331351025790236693815748,-0.794153849394818589019272513857
0.233752664472408610031933348653,-0.794127931335664527792018804016
0.284803879340628310727319965285,-0.794106127821094336154582068678
0.386906057854978207352401047250,-0.793977392352540385045945901139
0.335854847942023782211362253479,-0.793946066040154778423101193453
-0.381151037353000000000000000000,-0.793162049006000000000000000000
-0.498466608568000000000000000000,-0.785238090580000000000000000000
-0.585466566160330818093712094927,-0.778992276091932055473551485004
0.513735619275000000000000000000,-0.768534868870000000000000000000
-0.540066816570528762087529624097,-0.755645118832478563451270103085
0.615315852041818664275923939957,-0.755636645124836024518588333896
0.464106010301522101975596103985,-0.751228000821566804895654268939
0.564535610982207819910510061037,-0.750383633337090183655000341951
-0.302385665931000000000000000000,-0.750307911725000000000000000000
-0.251326129140000000000000000000,-0.750247998671000000000000000000
-0.353553465083000000000000000000,-0.750207877665000000000000000000
-0.200265586430000000000000000000,-0.750193093309000000000000000000
0.413066421188337132356635302772,-0.750138341208827959128991058032
-0.149201294213000000000000000000,-0.750134502049000000000000000000
-0.098139581396259571915929679592,-0.750103743385439048480253616454
-0.047088373948367438118314415338,-0.750068628905995778331380294825
0.003977460934911471757840275663,-0.750025441319132266064252769039
0.055047366350638327292692906881,-0.750003859416031332997883036926
0.106098581276892274050871061522,-0.749982192210164441493186533475
0.157149792529232528433793457719,-0.749953130494598416684968609080
0.208201056387626070480324609891,-0.749931298667597389106422241156
0.259259389509008890275564144494,-0.749905380608443327879168529772
0.361406868100080894326946705659,-0.749749671608520122282750740732
0.310310358110404361759606436530,-0.749745318827503770147687659593
-0.457798276619000000000000000000,-0.749050269381000000000000000000
-0.406746254929000000000000000000,-0.748989998118000000000000000000
-0.625459433478759043199042855395,-0.747262202367388340949643880091
0.654044531261682087243610627866,-0.722375309902098754909124549641
-0.583763691409457778254481036320,-0.717805588369770004483948795451
-0.663735631881170920120064393596,-0.713481147754283285823147445385
0.594546123290000000000000000000,-0.708194038397000000000000000000
0.488953701031807223020003062922,-0.706631820712879393765153605988
-0.327883782891000000000000000000,-0.706072779399000000000000000000
-0.276825916309000000000000000000,-0.706015043526000000000000000000
-0.225768793657000000000000000000,-0.705965601638000000000000000000
-0.174712394177000000000000000000,-0.705911155780000000000000000000
-0.123658671839657162337275905135,-0.705886712372982991088969977437
-0.379380813558000000000000000000,-0.705868215028000000000000000000
-0.072607463307061177874308493410,-0.705853211988167356943527453686
-0.021547532134118964781877592546,-0.705813432274752344094008551207
0.029503686128134756400178257601,-0.705802080882062754546652904952
0.080554901290359637079644243413,-0.705780976981847518352178164222
0.131606112542699891462566626804,-0.705751915266281493543960236006
0.182657327410919080898774118787,-0.705730111750514228773815462682
0.233708542279068979624186071875,-0.705708308072508825790381760565
0.539994849311842243665839551798,-0.705617820136024578340472955160
0.284760484755304769948648247409,-0.705547683297390218919924081580
0.437914111918622253401042274648,-0.705542161100140547998490386880
0.335811696659954938021600266287,-0.705519661714289617746631278945
0.386862911557678211417553712330,-0.705497927389796939005778148055
-0.534367363450310849880644665151,-0.704912574793930440712334611954
-0.483315626470666335389057788746,-0.704833549359743117408657370754
-0.432264019544000000000000000000,-0.704773180586000000000000000000
-0.609303371721839295507187091477,-0.673602061989448990890222518014
0.666378123654720661745700785063,-0.672836340256003320055228659140
-0.710250364595977008927235888860,-0.667191694208454892071769096110
-0.659162712572607368010096554569,-0.662635150626566825931806830351
-0.353456643004000000000000000000,-0.661881422738000000000000000000
-0.302396534222000000000000000000,-0.661821745547000000000000000000
-0.251334510444000000000000000000,-0.661770371716000000000000000000
-0.200270031665000000000000000000,-0.661715216388000000000000000000
-0.149198166867000000000000000000,-0.661678922696000000000000000000
-0.404941201881000000000000000000,-0.661647281790000000000000000000
-0.098139111369013358958290373119,-0.661645045749846667236280335268
-0.047064131153608098112083253464,-0.661596578142046452956691661932
0.003987087019308290707582711125,-0.661584831837295933089567476723
0.055038302343240234571537681077,-0.661564122807378606410556561114
0.106089513595580488954460081359,-0.661535061091812581602338636790
0.157140728463799678390667558824,-0.661513257576045316832193856807
0.208192577759890722288922290085,-0.661491087789338377178206282486
0.616608845045713183671402962158,-0.661467702621995694021268301075
0.565557641229232777685232161864,-0.661427655118199887825724068419
0.514506440623271689023110425212,-0.661383705097699112260393127383
0.463455240262327647039621867959,-0.661339471387355503267680888727
0.259246124156592279588472287315,-0.661329537495544892614489476940
0.310297335990470943695101862420,-0.661301515953280234308179047502
0.412404039901383605056133328043,-0.661295237677011894274968638270
0.361348550888194217091055312872,-0.661279781628787555567325916848
0.716033741310045840109238901184,-0.660981103009008122077071524581
-0.559907043762692367133350702436,-0.660709048413609427118608338718
-0.508855884886761633069249062143,-0.660630356998178809674332254559
-0.457804700845008507685678971905,-0.660570166887405776617910222607
-0.744216712840944495527717929988,-0.629079829890161854943454035985
0.750182673337000000000000000000,-0.621798407562000000000000000000
-0.688628061281779072369363963849,-0.620945580703607711523346046034
0.644757813410000000000000000000,-0.618437626694000000000000000000
-0.379006084723000000000000000000,-0.617672665825000000000000000000
-0.327951089612000000000000000000,-0.617620455402000000000000000000
-0.276889904093000000000000000000,-0.617568730057000000000000000000
-0.225824395511000000000000000000,-0.617516586557000000000000000000
-0.174759578562000000000000000000,-0.617484389390000000000000000000
-0.123688567372309498679610214673,-0.617447168958647537381823313140
-0.430539723804000000000000000000,-0.617409428793000000000000000000
-0.072610510407154909657034912369,-0.617396922917731219656164724384
-0.021531448659000000000000000000,-0.617367848799000000000000000000
0.029529853792357642998130628435,-0.617342566215130978262229226319
0.080590388250987022044621824761,-0.617308127877140156700829317600
0.131643004711460997301449009986,-0.617285516300192129830264499032
0.182695631239923560698595757414,-0.617262898440549540593764925753
0.591121552382102370557930007993,-0.617233949360557045578909946379
0.540070348565621964571759210542,-0.617193901856761239383365720455
0.489019147959660875909637472972,-0.617149951836260463818034774929
0.437967947598716833926148918003,-0.617105718125916854825322534479
0.233749404026580079380922081015,-0.617101166918625542885716407714
0.284800615888263516380905305475,-0.617073196078520402752691144937
0.386907685386436476999227551123,-0.617066707050701019247961479991
0.335851830785986789776858762790,-0.617051461754027724011838018256
-0.636732161726620451402273424633,-0.616774917237296482599883077826
-0.585669478473008372514957703854,-0.616634703253121991784679708375
-0.534466525521647296243911678216,-0.616448376858136651428019462494
-0.483400334308260851478466934190,-0.616378329251873529562355218768
0.698900401765025816579538585213,-0.612890816142017643519377405699
-0.776140824174025302951149542891,-0.589241680704896666502843883426
0.781815767040000000000000000000,-0.581617829984000000000000000000
-0.713054455233777023330743263748,-0.576117260487295994722993956932
-0.404564573205000000000000000000,-0.573459733665000000000000000000
-0.353512392638000000000000000000,-0.573424871811000000000000000000
-0.302459358246000000000000000000,-0.573375768019000000000000000000
-0.251393016659000000000000000000,-0.573326964320000000000000000000
-0.200314307671000000000000000000,-0.573285988056000000000000000000
-0.149247467073251507009377019256,-0.573254752629693874226688428624
-0.098167016260944364926916162757,-0.573203122182112098765894865579
-0.456164860677000000000000000000,-0.573198506622000000000000000000
-0.047085044726000000000000000000,-0.573171744193000000000000000000
0.003986609364067311839191166778,-0.573141099282561887359092309877
0.055051300511303541044148829544,-0.573104259128589054907333815212
0.106120490012792954810108665223,-0.573072076506723701199414306763
0.157173378935273485006639108780,-0.573049307179352857016276562703
0.616685215292678641443120094070,-0.573043380081909134419290180342
0.565634013913372344742254284993,-0.573000337731848827066308283626
0.514582810096891938756083492924,-0.572960290228053020870764058411
0.463530384612030641335401634556,-0.572915347807772335814220907341
0.208227509514311311542299898212,-0.572886837385825972515503405573
0.412471593083769705869243145132,-0.572877187499605979798315380104
0.259278721664474149354188855078,-0.572859398117430351338931517453
0.361412032213538681535501216483,-0.572837772130202533207473344659
0.310338082639595730509713470845,-0.572832962566053120929518075100
-0.662132188749514081073433657395,-0.572490996429054387416502856763
0.667733076831576488563293195843,-0.572457848511541004391718301758
0.730035236784575838207677075283,-0.572432824802607509017910878051
-0.611081143873652374971433566355,-0.572357459927909249551028145440
-0.560030020034475304769718493777,-0.572258618279852970745390123146
-0.508978837387659527060885674934,-0.572197256436338862926901660905
-0.806661603354412607402881245566,-0.546715094819189128478890931049
-0.752663370474623266182110713161,-0.543909173795319986188666821613
0.814423855721082609079816560598,-0.535083283668880718042446056171
0.763389175968956501758210137630,-0.533783869373009932362107087663
0.700768842226352567309774073570,-0.530603347582867083949195169448
-0.430142264408000000000000000000,-0.529276882117000000000000000000
-0.379083768276000000000000000000,-0.529221587554000000000000000000
-0.328030104666000000000000000000,-0.529182904340000000000000000000
-0.276960379867000000000000000000,-0.529135852894000000000000000000
-0.225880020589000000000000000000,-0.529095143050000000000000000000
-0.174798958067000000000000000000,-0.529057640430000000000000000000
-0.123716723793742563802635530175,-0.529005390793466608490921492579
-0.481808704019090535703381572828,-0.528976765142873009043925745868
-0.072630527030000000000000000000,-0.528970913117000000000000000000
-0.021541722023672433731515179986,-0.528931017723350468495511609596
0.029523739711687728797952733032,-0.528893732615819474939526668117
0.080591778786838772703465950655,-0.528862214280561711436717358696
-0.689168527558000000000000000000,-0.528842470537000000000000000000
0.131646447816849441712612131692,-0.528838417088905480150797560239
0.591211875688000000000000000000,-0.528799722922000000000000000000
0.540146721202634728462763930265,-0.528766584497564433859146438245
0.489095517386154322476593128848,-0.528726536993768627663602201356
0.438034030097083513278495861959,-0.528686817181461460787213732757
0.182700832918355831958071761425,-0.528675242231395455629705206666
0.233752045365351532984979370188,-0.528648360897815207699195474606
0.386975939910871910405516808012,-0.528648252579107493757827228055
0.335887935726000000000000000000,-0.528625029240000000000000000000
0.284812757630954190258664174884,-0.528621145162585045469982676727
-0.636723039745599208744205018822,-0.528212308984514709687269499232
-0.585671994869737502642204944537,-0.528078772483369571821794797171
-0.534620871030560432440489862623,-0.527979930835313293016156767020
0.646719114238845248211696091172,-0.525932152481651500206220749733
-0.834463438083934491508012384031,-0.503260477020206982069819625370
-0.781909711468661111207020228506,-0.502065673064921659730887754309
-0.730199196196090975147194079854,-0.498065515999232390944650052498
0.734090386320576328614408055446,-0.491926458952949017340447735411
0.841313747738374647508751707027,-0.491687883887190058373323063846
0.790031799538427727474333728830,-0.490236221626549043085009913078
0.677467573964306113902063218838,-0.485179738572459630729634296569
-0.455727255387000000000000000000,-0.485090647445000000000000000000
-0.404662032505000000000000000000,-0.485037425288000000000000000000
-0.353597714531000000000000000000,-0.484985534961000000000000000000
-0.302524241589008707770073967881,-0.484943759889161004774515592515
-0.251443773062558397392152145293,-0.484904837173290714045802232298
-0.200355041642000000000000000000,-0.484861849760000000000000000000
-0.149268124230068291628032984357,-0.484808638077266776232222112986
-0.507390787519289177857226285242,-0.484797184664144683700911388959
-0.098166842112000000000000000000,-0.484764838365000000000000000000
-0.047072138903563028802112492791,-0.484722140460368758417803699931
0.004019842072707400806409035902,-0.484669551219949664037399692632
0.055083809414564218688902735447,-0.484640381285789919191058412393
0.106139438379406459334645746535,-0.484616030399892657530841661586
0.616757529968599674609843179330,-0.484597778373273412130929505126
0.565706315719700463770303739883,-0.484574570026196792369578427254
0.514654733233570964553007678373,-0.484534303511180877515600174751
0.463599162871207194419687353883,-0.484498006367457752636595047765
0.412538660021948642360804375039,-0.484457719071209414056593051950
0.157193968855577928475169398065,-0.484452031576221485736379486056
0.361463398707108332464474163585,-0.484429057016087020259497007677
0.208245181686807853033569960231,-0.484425890136916139450238278255
0.310380059869000000000000000000,-0.484402676730000000000000000000
0.259305807691823099170520818466,-0.484398724155622476941884703432
-0.662364208185854240968895210980,-0.484067575482851647062459623149
-0.611313163309992534866895137879,-0.483934038981706509196984907144
-0.560262118941801494610438693918,-0.483800308538748609159096360731
-0.809181316372450720500526026861,-0.458909137280802212175803109969
-0.860264545347959680502821203193,-0.457761126840992118560097329485
-0.758259278213954921216720659749,-0.455279668352834706936535748962
-0.703861864725284980661039573915,-0.454332553763508225492050290698
0.761826892113239060027929388894,-0.447683780896892641641833632582
0.710789329022505989656194965600,-0.446503031696670492008983448057
0.816323293580129474171402448104,-0.446475687397982484177570348310
0.867325425560884860798817061628,-0.444237485366888671712322829722
0.649270691844862495834284877867,-0.442621979542447434586872206499
-0.481311904274000000000000000000,-0.440909395862000000000000000000
-0.430251449417000000000000000000,-0.440849619512000000000000000000
-0.379174226647000000000000000000,-0.440799561675000000000000000000
-0.328093525271125911065536768040,-0.440757350814675230726840862080
-0.277005829712916069998387968625,-0.440714246831926310324088591758
-0.225918672550293923376887604737,-0.440671153842483221978240112832
-0.533003300370850051452696861363,-0.440635695427655668806299938113
-0.174825095815852714831240027056,-0.440615106669629849649309997290
-0.123729789589000000000000000000,-0.440574106962000000000000000000
-0.072625012519376494085321661641,-0.440526239463911542561807772188
-0.021531037610377963316062971715,-0.440472497445575976635571505587
0.029574295936549738511834088699,-0.440419438995633081966994411105
0.080637723831925561298560254020,-0.440390590096225979613232228430
0.540269716968919372180599098368,-0.440311645824262893754902722895
0.489199338439223313846148886340,-0.440282186151914526017644769161
0.438124447873440240239951395355,-0.440257008292177723343053786052
0.387047168314958763825661651947,-0.440226385545451340961654594041
0.131691946992000000000000000000,-0.440224957782000000000000000000
0.335965287528567826574233941903,-0.440201539097474726303446086349
0.182745886527940892020743023306,-0.440199054829431523879487079645
0.284881190736000000000000000000,-0.440174763903000000000000000000
0.233806876040038031262600205272,-0.440171679267545481738865421221
0.591990746543207538281869678838,-0.439956615152831841706777404975
-0.636952982783456596910412350773,-0.439788521969414571231049189446
-0.585901939298335948894520917602,-0.439654454841808713424283383499
-0.833729889883966371301112404114,-0.414147607442512547274303607960
-0.731812612272869641528501510797,-0.411612737209061577084643423760
-0.678451430210303456249202034096,-0.410054604029196684031485459786
-0.782872319856176478388586145095,-0.409705244807288921607058908751
-0.884727429791688492669324686235,-0.408482205492062483277104557666
0.787440107224913095152340145174,-0.403522446030881876604028624721
0.681727205105000000000000000000,-0.403201780723000000000000000000
0.736402535536095289783315763030,-0.402342068539073821516511265070
0.838398425792411572028500593711,-0.400444007516354775577142035059
0.622593967585174649531021657611,-0.399095020999264053102230290074
0.889400513679548981333760236637,-0.398204800945469588776300013267
-0.506926374632000000000000000000,-0.396746188918000000000000000000
-0.455836187496000000000000000000,-0.396668337214000000000000000000
-0.404760564121000000000000000000,-0.396617091780000000000000000000
-0.353661548071075616027924168426,-0.396565171139857751570934773209
-0.302586971077366293234094015942,-0.396534701548997043671663188466
-0.558642842582994948114515459275,-0.396490017382505837585449105763
-0.251488109190776744907621927905,-0.396484833280540995398380579724
-0.200390619699457171067575716100,-0.396426522131638208222422163231
-0.149272058980444541097298730566,-0.396371612303984758798703028572
-0.098167502321810358738338886271,-0.396324336455025761348233000385
-0.047064975780444593035795262144,-0.396265653897980336773346012728
0.004035815108615990307560063789,-0.396215219605221444254071339918
0.055124901982324328866760622619,-0.396171556454762332243613446727
0.565828096497180068872169194074,-0.396118928654985234911387227971
0.514766237322323742500967099473,-0.396087223376591897622392924088
0.463697342906341941430948016234,-0.396056907874041786656122424685
0.412623158409139907926901216085,-0.396031322875529303523171197853
0.106178768529000000000000000000,-0.396004315291000000000000000000
0.361543395355235819159764161349,-0.396002132247817376321400572024
0.157234557734196161392595184845,-0.395979159781027859988262643237
0.310461658991961594784726365925,-0.395977202512499388532726488519
0.259375473399000000000000000000,-0.395949683565000000000000000000
0.208299741748385370722595264768,-0.395949364593367912497246477492
-0.611984987327000000000000000000,-0.395255643455000000000000000000
-0.854355460003290208193858781849,-0.367448433229607673579640115144
-0.752204038754069533690679887426,-0.364810848988860422162338046239
-0.701115199450761452042562088083,-0.364309871231532931088503343323
-0.803235339495000000000000000000,-0.362779685390000000000000000000
-0.649641486991000000000000000000,-0.360764287048000000000000000000
-0.905283512993000000000000000000,-0.360600473685000000000000000000
0.694136988748000000000000000000,-0.353678514246000000000000000000
0.797667224968000000000000000000,-0.353505574483000000000000000000
-0.532569655276000000000000000000,-0.352597359892000000000000000000
-0.481449542254000000000000000000,-0.352505007138000000000000000000
-0.430345073281823813573121727824,-0.352436435085702509523771175597
-0.379253306526653094523947838001,-0.352391775141069493618076175014
-0.584295843643852186753900811734,-0.352352158899271275090020513685
0.643102820113949798579423423919,-0.352344470383604594123311516488
-0.328147846032000000000000000000,-0.352341350595000000000000000000
-0.277080673597826228237136028502,-0.352311904217760839155955965126
-0.225989802357744238121806037070,-0.352257428161509745376572631302
0.592045396494713621915674039961,-0.352206147054672834199825155801
-0.174874068892137081091706473035,-0.352204157052453900590931042472
-0.123758335924044943478763828667,-0.352150404657447168261900017672
-0.072653693153689491042654263028,-0.352090496194735195195824357560
0.745165629819930268961990213493,-0.352048577971337298997909481288
-0.021546164248373843535539845756,-0.352036159553054989722690285839
0.029597764519736933863773457867,-0.351960785506038185194111798972
0.489276096781208861696755103936,-0.351855111171672320478597089969
0.540399075404958426915130288362,-0.351851650658639777479844892958
0.438208061321643537576721741890,-0.351824300679684153236890443482
0.387130102973864303326285755222,-0.351800890597646818432027151714
0.080650995958000000000000000000,-0.351791975351000000000000000000
0.336048296753751569169187436169,-0.351772877650718640170955601606
0.131719632388000000000000000000,-0.351760767809000000000000000000
0.284965043423035812446390170884,-0.351748822376609319408044967805
0.182791851115665320515752482067,-0.351727486180261390982445276592
0.233869463500827414231976650631,-0.351725832677835790685846763640
0.909034074294589605923298375942,-0.351079963412700211005866456316
0.849677303655842928425025609479,-0.350654310499239056179302127933
-0.872472690234118327723308637452,-0.319720108477134415129018229847
-0.768793740031165035120766780552,-0.316530326762489260698606500458
-0.717744845643926812584904796049,-0.316043092983917059405425555476
-0.820171201511000000000000000000,-0.314378866317000000000000000000
-0.666808605649495726304359404397,-0.312618699585940872401255406360
-0.923009995912248724269485724972,-0.312494615434469919912882435453
-0.615759543331495935282821637649,-0.312149390127952171749694091621
-0.558222531547000000000000000000,-0.308457248317000000000000000000
-0.507092643084000000000000000000,-0.308355753622000000000000000000
-0.455957671671000000000000000000,-0.308271959611000000000000000000
-0.404837825599851240959351506670,-0.308214185814494145693310832721
-0.353743339904000000000000000000,-0.308169888951000000000000000000
-0.302640464510000000000000000000,-0.308116088691000000000000000000
-0.251582366764793721451320135432,-0.308084499098729589134148001164
-0.200473508970435091795489509816,-0.308034787336455545799478970455
0.668390534584000000000000000000,-0.307996222487000000000000000000
-0.149362674960628168571623416713,-0.307984299583373857473120013722
0.719444538608415984052449393384,-0.307950363928098014315401101495
-0.098254354773796354622759671921,-0.307922259422964791369196485185
0.821779025635911196570259776449,-0.307900210129368357053560970085
-0.047146019057390416365794451944,-0.307867455149692025625787308640
0.617338298403409882736670570800,-0.307860954215409490986951102702
0.770727823506455851327882107115,-0.307858066898857773965064459945
0.566287082116852271906274899584,-0.307842772425101911578145905718
0.003961555400982634453116371013,-0.307813171788716127063099690913
0.514834594811020559192703188430,-0.307662462536695762623779483472
0.463780581133734094538285701093,-0.307626096975290403502256915563
0.055050408542000000000000000000,-0.307621777487000000000000000000
0.412700337535000000000000000000,-0.307602308723000000000000000000
0.361620020916217297032401821082,-0.307580276306046344033144651531
0.106167516613000000000000000000,-0.307562657606000000000000000000
0.310527783261132460248074162206,-0.307558282707561806411055413746
0.259437140072052179672812018358,-0.307538493657889952058105308402
0.157258580431000000000000000000,-0.307520089471000000000000000000
0.208340448053000000000000000000,-0.307515113909000000000000000000
0.875239993050386050284345670109,-0.306464086174932934291345671365
0.926172981123751659992707442949,-0.302991660389868492969978433771
-0.887816334328572407009276615529,-0.271029251010695109239555220426
-0.786484325282996219525309586886,-0.268642225856710204793030648831
-0.735435430895757996989447594294,-0.268154992078138003499849712237
-0.633552394753902808305696765750,-0.264299192080561212594421725788
0.745008212153809389310331688840,-0.263758989734100651655486928208
0.693956813565736110884236032901,-0.263716859804378253306008971689
0.847341715030454318429579838221,-0.263709985805062235165604500342
-0.837295039427627817701370616509,-0.263692645770791977799732642283
0.642901631437707431681657388655,-0.263671102223215904164907906129
0.796289921679403232342763088729,-0.263667500576270506061187201833
0.591849391452757133416245031813,-0.263627675267985405896436765458
0.540798177176963877649548688757,-0.263604526155114089852943027728
-0.684597288628450294740786002280,-0.263495560168198131428517267786
-0.582507595309108529089490294227,-0.263489584425512491434845072490
-0.531456378932770273681585803424,-0.263471656495443144833018600530
-0.480405162720506975793556577358,-0.263453267283147316803741285651
-0.429353946509967098101011340398,-0.263434873287000337804295411367
-0.378302731289771064394793292429,-0.263413910090472171025871705254
-0.327251518700762795332694986032,-0.263387299824267741924945261817
-0.276200305908992273408431586408,-0.263361081438549363233379057936
-0.225149089535029471568857137982,-0.263343146745461395602041526663
-0.174097873016806261144610357099,-0.263325627502399177471736026986
0.489567379271505961082417113551,-0.263302628973052899677867667303
-0.123046662849754294268408796610,-0.263294718056048052540037353314
-0.071995448741426192994244895575,-0.263271202528716684022988023342
0.438516173863883396702520269178,-0.263264663948194682174571627996
-0.020944233867610838512635876325,-0.263249412119868638273241779411
0.387464970640665204567607120478,-0.263223867182877870285648432759
0.336413765327326127105758530842,-0.263185775586904603637369526457
-0.938261249053052553881496204861,-0.263184660941462051311794673885
0.285362565874046890509635558419,-0.263140506437524266688576490428
0.234311363718437899698145505224,-0.263098394900770370903782662284
0.183260172235916831398759463636,-0.263044886683156873272447747115
0.081157734852064685754015964740,-0.263044562356608522313361501781
0.132208953573269105284744780316,-0.263035507295524431961912179310
0.030106517206583641911134072621,-0.263030712154128019293588734511
0.910177447526515480842897697976,-0.254511046533873719032103094785
-0.761229642938057777754477879256,-0.222780485806993664644598986951
0.948999745530019381725232962642,-0.221359030114935928026533186140
-0.865405597457000000000000000000,-0.220939465491000000000000000000
0.770571249789021283511014810862,-0.219567875508598317978498768449
0.872969117936885552116438818527,-0.219557259556439446402032950506
0.719520047654155903109090932084,-0.219525738832171822293755747737
0.668468845607308010755425207557,-0.219483495651687737533952085965
0.821852611073946354202083152481,-0.219477276251964384173230750575
0.617413119271196860938788749974,-0.219438051656337448635537116405
0.566361926863232545647171651731,-0.219385433794441509153227252501
-0.710291682161968639701096057342,-0.219381785042291320142667977172
-0.659068071026514101675179535276,-0.219285990349578824978363229089
-0.608016854499943785699065752300,-0.219268495446958708718769768405
-0.812159209476141397447688657353,-0.219258232670534402451754356665
-0.556965638123605530291161247747,-0.219250567516889362116943305705
-0.505914421911342232403132030077,-0.219232178304593534087665979769
0.515310983373569485013723609852,-0.219217553689567197678364735545
-0.454863205700802354710586782034,-0.219213784308446555088220114995
-0.403811990480606321004368741368,-0.219192821111918388309796398469
-0.352760777891598051942270422385,-0.219166210845713959208869963710
-0.301706863347199595843167166046,-0.219138434044190276109376005766
-0.250655646973236794003592703558,-0.219120499351102308478038479775
-0.199604430455013583579345938329,-0.219102980108040090347732968366
-0.148553220287961616703144359467,-0.219072070661688965416034306330
0.464066950024447923467532144138,-0.219067550326294990237465974067
-0.097502006179633515428980465844,-0.219048555134357596898984968688
-0.046450734074825525885362935299,-0.219026731716101376860253237212
0.413014395593653749018920027403,-0.219025972442449450667776572778
0.361961293210723321680096991968,-0.218986784264008707666350178956
0.310910039722968216103283828659,-0.218941483882120795021257416809
0.259858542233097860293780424116,-0.218899201640548071521677741765
0.208807353411505551121014853238,-0.218843212208399674831110549529
0.157756070981000000000000000000,-0.218818654401000000000000000000
0.055652606039000000000000000000,-0.218813245982000000000000000000
0.004600511082175304427106581234,-0.218807746779833768731829086319
0.106704283119000000000000000000,-0.218804567897000000000000000000
-0.919837845462980663795026860140,-0.215573683057451833929904202690
0.909524743077000000000000000000,-0.183783911029000000000000000000
-0.957497180475423402675523897719,-0.181106285399157578816089521781
0.796133939183564405370334873414,-0.175377651184292196090542302471
0.745082737622510712768146177597,-0.175334824941719862449127990641
0.847480013980377587888942132909,-0.175324550003341595409659177915
0.694031535487645332366222279206,-0.175292688265293366764384960978
0.642980333440797440012556567888,-0.175250445084809282004581312095
0.591927734836000000000000000000,-0.175172152675000000000000000000
-0.837721200519768407740063319335,-0.175067604379007290990426115588
-0.888772419775866916130428772798,-0.175062371775381523936470768834
-0.684567568468083751033067215799,-0.175059271670235602063645175759
-0.735618787894957243031989258485,-0.175056118323059677356967671484
-0.633516351941513435056953430465,-0.175041776767615485804051718964
0.540874444872347074316022552189,-0.175027776012881612293903563710
-0.786669998288297097748509049452,-0.175025584909679560888102133233
-0.582465135565175179649048933369,-0.175023848837546139202225243187
-0.531411537313357246458944405155,-0.175004086314426101668597866909
0.489817538546980436649889178948,-0.174986554356857087295168857009
-0.480359024908702837773397324375,-0.174984945098803751834215941487
-0.429307809688506804067179271475,-0.174963981902275585055792237995
-0.378256561929212457264596139368,-0.174937351362095004639844509944
-0.327200176688460217078588001327,-0.174908150416355748454379222758
-0.276148960314497415239013553597,-0.174890215723267780823041686234
-0.225097743796274204814766769863,-0.174872696480205562692736184306
-0.174046533629222237938565210042,-0.174841787033854437761037514744
0.438573993165665210802428154212,-0.174833959737988821717457377084
-0.122995319568862827195758742649,-0.174818167598098017506262847213
-0.071943929005274732194189510986,-0.174796379839222726688666724678
0.387520947592994596599984918860,-0.174794804417285109481913484484
0.336469657843212634226571940159,-0.174749483062270410670511582731
0.285418023322917222374473942720,-0.174707121565793157586039207315
0.234366835183045100853894224089,-0.174650513953549910471657393132
0.183315579597000000000000000000,-0.174610208506000000000000000000
0.132263484635000000000000000000,-0.174585263630000000000000000000
-0.020892543201666697514458711758,-0.174577313838300528543074524918
0.030159303478000000000000000000,-0.174576085293000000000000000000
0.081211255890000000000000000000,-0.174569206561000000000000000000
0.959290137327945237404904897159,-0.171355681711458345311370657682
0.924041512745357631809103505128,-0.134426540373618054389914405192
0.821761342089995639057193852324,-0.131224924935669407326970751431
0.873094624111993841709572018567,-0.131164400969176348325079113745
0.770710259107128696489623244496,-0.131106852115693264821730682612
0.719659057167562395794856447597,-0.131064479482947318742821380761
0.668607855032697015392932567730,-0.131022342806520823058078362298
-0.914568253835392673117215468393,-0.131007745922460361554665256721
0.617556652985849123039266843689,-0.130980099626036738298274700225
0.566503904389304064788950906219,-0.130876243539103914513130271801
-0.863262749001116029733572429302,-0.130841520224577978197485972804
-0.659057883124284673140802810353,-0.130838428523878177980456910545
-0.812211532789258973857737810630,-0.130823129884527869534013124997
-0.710109100307995257741744632465,-0.130822969675377344288797259996
-0.608006666597714357164689007893,-0.130820933621258061720863443881
-0.761160316577357553158502553730,-0.130804739667634035805723238613
-0.556955450221376101756784521123,-0.130803005691188715119036981976
0.515380746491123891864319697061,-0.130796630001650675755121363840
-0.505894536512994195979526139112,-0.130779010406485739155540577414
-0.454840450870003177862266899426,-0.130756389237538237903333662318
0.464327254164666495961620486155,-0.130754525045246865311845343416
-0.403788006496377551446882145755,-0.130729067599567422874990005071
-0.965667855438538076849230786127,-0.130713160019186206548052383172
-0.352729241257812623990855274232,-0.130698492228034280146085947329
-0.301676009496120426203222266868,-0.130679393801555176103103282120
-0.250622328694829192169736103291,-0.130660451788595043530342457490
-0.199571118842934536614794104970,-0.130629026127139703636086711027
-0.148519559707000000000000000000,-0.130605213854000000000000000000
0.413056022322402982796504750078,-0.130588617367530263233953091098
-0.097467408248397500142197943273,-0.130583496849756126407348626527
0.362004822869165421020004145951,-0.130543348171152170563027346501
0.310953605339922838074053786543,-0.130501227547380146236757495936
0.259902419462612380682240812671,-0.130442614966127060010195489619
0.208850363286000000000000000000,-0.130401564801000000000000000000
0.157796442247000000000000000000,-0.130373539909000000000000000000
-0.046416113095000000000000000000,-0.130357211020000000000000000000
0.106742479392000000000000000000,-0.130348057602000000000000000000
0.004636165805000000000000000000,-0.130342869026000000000000000000
0.055689073759000000000000000000,-0.130331045807000000000000000000
0.968351070994652226853201386147,-0.109071263552673007838020534285
0.901431172809185931335221070644,-0.088655352377626990231176616047
0.847375952221611892877823738274,-0.087064775901504160242390666817
0.796325017654095873564197472483,-0.086894204222782776729758965017
0.745273822978541235262819729127,-0.086843834459972203800339487534
0.694222621038974934568052949461,-0.086801461827226257721430187707
0.643171418904109554166129051924,-0.086759325150799762036687161154
0.592120216857261661812463338298,-0.086717081970315677276883512035
-0.939863263529391463796262341718,-0.086663755354460157602484058644
0.541010919399472402762808437336,-0.086645511651120279715276166222
-0.888812048002568245151623063840,-0.086643552675732740907418310842
-0.837753067396855130284595415615,-0.086620674920992736711614962734
-0.633548201532601836480150320079,-0.086617583213037028684132566060
-0.786701851184998074408760813942,-0.086602284580942628048142122264
-0.582496985006031520504036534862,-0.086600088310416912424539109188
-0.684599417724712612738042305612,-0.086599138139159742327378512694
-0.735650634973096653709525540639,-0.086583894364048794319852230516
-0.531445768629693265096132033268,-0.086582160380347565822712637311
0.489886761429559290298863892215,-0.086562460109443330126482436785
-0.480378940804663744024825497030,-0.086552175108434836368062358218
0.438834407209999812422329329908,-0.086523870829040980390433122686
-0.429322314003005921618841243454,-0.086522437383373315072340887436
-0.378263110835071551968741610682,-0.086491609061202502031346969231
-0.327206177880794006784128215475,-0.086470373034695869631645160467
-0.276147324876151728380603620679,-0.086448444541040066805909783189
-0.225094465509000000000000000000,-0.086415820343000000000000000000
-0.174042655517000000000000000000,-0.086391700420000000000000000000
-0.122990368725493343490685052849,-0.086370314387972317768189830220
0.387552292708916574069304950819,-0.086344323298408778339579478111
0.336500538347319168698745602197,-0.086301892384620200952269297327
0.285449352470008711306932636383,-0.086243279803367114725707288921
0.234395611869000000000000000000,-0.086198932639000000000000000000
0.183337953802000000000000000000,-0.086165490248000000000000000000
0.132280234386000000000000000000,-0.086137246490000000000000000000
-0.071939327920000000000000000000,-0.086129946076000000000000000000
0.081222764920000000000000000000,-0.086112472260000000000000000000
-0.020887215818000000000000000000,-0.086110001122000000000000000000
0.030165964493000000000000000000,-0.086098839026000000000000000000
0.972734341952882820529020640114,-0.058208566508364434347070995413
-0.973287755373690605729293985464,-0.048075799204065718886417713150
0.872959200534118877048274545762,-0.042886450665083162663693467018
0.924037968725722641791529863470,-0.042882436878366480943360039364
0.821908424118050990104393377226,-0.042673748452986820437046230490
0.770840332024000000000000000000,-0.042652115485000000000000000000
0.719782862874330455458850129463,-0.042609821755460135525819316601
0.668731635829769890642272145164,-0.042567670671389617395011198416
0.617680433782921998288606436096,-0.042525427490905532635207540905
0.566627455833794035004189126575,-0.042486480003863156008921598526
-0.914355151798982292806397875135,-0.042442004474792967594965950972
-0.863302366398307345702646051656,-0.042422707372147499421547306433
0.515520628181103970660430002368,-0.042413486279030963211512574275
-0.812245654289815360396346949937,-0.042398521066830458952128786184
-0.608040788734605726283741317793,-0.042395429180617846970442997655
-0.761194438077958304520512336161,-0.042380130726780350288655932742
-0.556989572208035410307627516315,-0.042377934277997730710849530937
-0.659092003887231889823018459784,-0.042374302073465125744387230480
-0.710143221866056883821277079235,-0.042361740509886516560366050198
-0.505938355831697154899723031806,-0.042360006347928384109023069070
0.464382786077863513506824488243,-0.042325371395932628357312023797
-0.454868209714824963547279492962,-0.042322502686642717641268956094
-0.403809964537461375406965987141,-0.042292228060750977435329200000
0.413320331334252867736367025131,-0.042273525707287731126125041741
-0.352749916428747100349076998377,-0.042269191648807561816868904757
-0.301683623414963528051643075224,-0.042242964429960375130715324580
-0.250628642533000000000000000000,-0.042209045585000000000000000000
-0.199572845519677445702585304926,-0.042182422035734750946828572572
-0.148519701833000000000000000000,-0.042160628983000000000000000000
0.362059154638674622096646767025,-0.042109312145561478911669261648
0.311007968761364164704833790267,-0.042050699564308392685107259471
0.259956778315935295226687077230,-0.041996210859644472092696556266
0.208894627797000000000000000000,-0.041956162625000000000000000000
0.157831794796000000000000000000,-0.041926401100000000000000000000
-0.097468791205000000000000000000,-0.041906324681000000000000000000
0.106768101950000000000000000000,-0.041899099189000000000000000000
-0.046416580657000000000000000000,-0.041887481202000000000000000000
0.055704087971000000000000000000,-0.041882479750000000000000000000
0.004640805017000000000000000000,-0.041871225491000000000000000000
-0.947779643643281434739429519019,-0.003854048324398528878899620946
0.898495111088574584410813455578,0.001319253571691772499888278442
0.796393182385890038707606034215,0.001543888913382903516697261825
0.847444401782769554066111616136,0.001547495304456667081802462405
0.745341977440358719887183800162,0.001582470304525004476861135547
0.694290775305494023587520196456,0.001624606981780332556290838161
0.643239573951819031496588499122,0.001667679721610762377774191173
0.592188368492718456393647750236,0.001705575461258955380781868532
0.541137164615425602901810694215,0.001745545368226160494841977117
-0.888845470194721393357420864553,0.001778840828792273890905042224
-0.837794254993480718514625172175,0.001799850136179429937186816078
0.490027844308621295974362052565,0.001817102518149558716105535746
-0.786743042373946895121481501172,0.001826401775193670596740193409
-0.582538178737897675440483351986,0.001829494768103539561785350828
-0.735691826162089839245646898899,0.001844792115243779260213038770
-0.531486962211327359464369569015,0.001846989670723655821378807899
-0.633589390785345883546458774308,0.001857124477888125951169394837
-0.684640609950188418546411626550,0.001863182332137612988502930381
-0.480435745834989104056465069620,0.001864917600793002423205281449
-0.429356863337366212365329274549,0.001907126873702586894837797451
0.438881324077904586558603217343,0.001917680034051438862476008583
-0.378295937737345820771852549991,0.001930670457481909780117159950
-0.327227590547313214996647765591,0.001958084856858854809370068746
0.387808062113047427022292058863,0.001972665790898814918733679520
-0.276171771065000000000000000000,0.001992554966000000000000000000
0.954403052799000000000000000000,0.002017961880000000000000000000
-0.225110170424256955170082592117,0.002022465155981132816346466643
-0.174056884974405197560558064817,0.002044453515081913560892507813
0.336573630784250789818614074782,0.002137805052230922836786997279
0.285518791771169152780462969172,0.002197218098587741433934128531
0.234454294324000000000000000000,0.002247848810000000000000000000
0.183383808921000000000000000000,0.002282987074000000000000000000
-0.123006110028000000000000000000,0.002308346092000000000000000000
0.132316312552000000000000000000,0.002311941978000000000000000000
-0.071953901278000000000000000000,0.002329734236000000000000000000
0.081245967036000000000000000000,0.002332764707000000000000000000
-0.020896169056000000000000000000,0.002346327855000000000000000000
0.030175399218000000000000000000,0.002347611537000000000000000000
-0.973646552250226885731784240697,0.040158791325348170834878044952
-0.922269962039020535290452513024,0.040366796979186712606971393256
0.924053175009030442851212782837,0.045512153267822556717982483579
0.770900398552030135850487269169,0.045775163424461163291951754835
0.873002681094608547244770454551,0.045784340717858092380078386789
0.719849196417165439550823647630,0.045817300101716491371381452319
0.668797996839235786238719074986,0.045862428460638928596766297599
0.821951531799623246723673370087,0.045869019968596973837177081550
0.617746789895499280251497359282,0.045898268412834772976327714137
0.566695587785283158855563987593,0.045940434942794903303695319284
0.515644380742942928215742740073,0.045976134165406682422460104609
-0.812294266115143174037070531704,0.046026285467540303533098920269
0.464540945282817993475454299311,0.046051690213670762508047466212
-0.761243053495609350643926876018,0.046052837106554544192652286637
-0.557038194374867396588367229678,0.046055932702890861844715510859
-0.710191837283752294768092259324,0.046071227446604652856125140993
-0.505986977848297080612253444423,0.046073427605510978104308967936
-0.659140621071850874068857003506,0.046089617663498486584415025483
-0.454932832473980538447064158506,0.046089666610994005852108880641
-0.608089401578709699127181093050,0.046091400219629967133051640926
-0.403843134814373056100795132598,0.046129852988631905340165183742
-0.352773370309898839059274219721,0.046158086567671656784682083321
0.413376271550249610102207768098,0.046159696479662560691739831397
-0.301713508016000000000000000000,0.046194962189000000000000000000
-0.250654211928083141501299458468,0.046223471463136505881554508353
0.362300285157917587329285044121,0.046232773808907402462765834872
-0.199593617588038848396429060432,0.046249682870149887159929662812
0.311083011054628370426382038047,0.046386557393734435553958835967
0.260011242625000000000000000000,0.046454335623000000000000000000
0.208929860390000000000000000000,0.046495929137000000000000000000
-0.864229148856358986120413367158,0.046503148969677667228920729213
-0.148543033655000000000000000000,0.046524600344000000000000000000
0.157855658406000000000000000000,0.046528649702000000000000000000
-0.097490816770000000000000000000,0.046544920395000000000000000000
0.106786151311000000000000000000,0.046548776452000000000000000000
0.055717909564000000000000000000,0.046562371942000000000000000000
-0.046432953572000000000000000000,0.046566106138000000000000000000
0.004636589721000000000000000000,0.046566766545000000000000000000
0.972530717718344718186552961143,0.061516992154265437562886298520
-0.948136870645965986282807230450,0.084379636628933412320749038028
-0.896882838344355939154111519927,0.085745518645015331934570561522
0.745448812307827281628969519632,0.090029471379374297305933301235
0.847550257678257463866016627973,0.090038378672396677888007552199
0.694362818827288027207033530336,0.090051580611978871666902242218
0.643311629595315350414385549025,0.090107194600334854828124880997
0.592260416368262668670117793134,0.090132551263860589994619421542
0.541209214258046547274184404296,0.090174717793820720321987032753
0.490158007215706316634363162520,0.090210417016432499440751804132
-0.837858128670290267386371239311,0.090215831133635719595428290538
-0.786791953459234169882749333055,0.090251380878569631005763629327
0.796499523240750733940999403240,0.090260928229907512226686156188
-0.735733390807085675961619461549,0.090273693322056827594893655572
-0.531528257986442947305221718555,0.090276631028142601471687379320
0.439051792651714590580897826468,0.090284458587606104373169654986
-0.684682155572812750178085763714,0.090292072688650177938504035705
-0.480473967476853076948887962552,0.090292352475988941219006680780
-0.429422751100827870120640855231,0.090310281297467023227695663604
-0.633630666217245853977574733322,0.090310305336016624540650031810
-0.582579450257185725990313032346,0.090329381857867042421691889507
-0.378317631130278539051512067240,0.090358966129675832598445262988
-0.327263110604000000000000000000,0.090392818365000000000000000000
0.387880237177356924328245125436,0.090413007733113431158581195661
-0.276199129496664822409781781911,0.090423971475339431508044766075
-0.225136360494940198088505808338,0.090451439619246688561978802401
0.336798437235705517784714293572,0.090488075182127567518960093450
0.285589543717000000000000000000,0.090647963835000000000000000000
0.234506879145000000000000000000,0.090697761371000000000000000000
-0.174085935123499559296538023928,0.090736192686576544774895295332
0.183417701732000000000000000000,0.090737465017000000000000000000
-0.123033648753000000000000000000,0.090758095468000000000000000000
0.132335789361000000000000000000,0.090764152900000000000000000000
0.030176081589000000000000000000,0.090785239792000000000000000000
0.081247024284000000000000000000,0.090785498018000000000000000000
-0.071974490542000000000000000000,0.090785953758000000000000000000
-0.020900050999000000000000000000,0.090790446135000000000000000000
0.900789531215273509033153602180,0.091374926820239296835191201799
0.967974462312697267377286007490,0.112364485225142513284686060468
-0.965436608839468724296651810396,0.132410315089170120364838017281
0.719924926659803630007728758595,0.134242141346973266121011947630
0.873076770485181745683917697343,0.134249510289132235812041681603
0.668873737427830953215080761959,0.134297755335329249282234578692
0.617822551309922042097305873307,0.134356157980888554489405528377
0.566771332599289518468542788146,0.134365272450021558006312617406
-0.914424398366302080993657368651,0.134405659058447416317637623689
0.515720145006626826773174717063,0.134422371426778503664408528885
-0.863373186474368649225717863621,0.134433574632924811066782970788
0.464668929707620016670987349274,0.134443141810425836945768005672
-0.812321974043722152238698444461,0.134460486997897623414355955971
-0.761270757717207256460412927547,0.134478556246990903280732200152
-0.506014726812033904854327884249,0.134495255406642231498775738261
0.770975511021520078385436250265,0.134496800416428586683534980900
-0.710219541497444837670809596160,0.134496924628802480483932128852
-0.659168325172935560994637052166,0.134514999543501706380148618867
-0.454963511506203900056220614240,0.134516009012885351423855775344
0.413575199861857363396443271080,0.134526451347917680926506638847
-0.403912294089793961923529508438,0.134530679283041223207286189420
-0.608117109231936119237127231184,0.134534127006175235024656998357
-0.557065898936165403535574055675,0.134564823119576104781042793189
0.822026654142236023243850802373,0.134585123587572423736799388716
-0.352808867029000000000000000000,0.134592902748000000000000000000
-0.301748367080155658897886961643,0.134621974527702817293456377062
-0.250680335783056027996246406268,0.134652484192814309728019926153
0.362384319384353420246780238914,0.134664875084224193227834530977
0.311296858865000000000000000000,0.134767100671000000000000000000
0.260087752490000000000000000000,0.134892945680000000000000000000
0.208994284225000000000000000000,0.134936770491000000000000000000
-0.199629966763551059463462244603,0.134947166881059076750421320431
-0.148577720144000000000000000000,0.134968279115000000000000000000
0.157898869420000000000000000000,0.134972884507000000000000000000
0.106802954640000000000000000000,0.134996102059000000000000000000
-0.097522758907000000000000000000,0.135004371814000000000000000000
-0.046441743280000000000000000000,0.135013533808000000000000000000
0.055700171473000000000000000000,0.135013995116000000000000000000
0.004631588436000000000000000000,0.135018354875000000000000000000
0.923971188518451496116276392409,0.138247663358884652528481946054
0.958471534696253762313664472756,0.175876816000502672444548860187
0.643398758652527574811998472449,0.178538601521995098671381358984
0.694661065747385805473181034883,0.178603885527205749978228456549
0.541296535676324830231909137850,0.178606223351286018699308654890
-0.888926440675921853390855146191,0.178633265465916085184863119193
-0.837875228783988421622915631574,0.178661181040393479934008472423
0.490245348083662138536541049492,0.178663322328042964357404572340
0.592347713020573052948947055928,0.178671848655101136873952486616
0.439194132784655328434353688351,0.178684092711690297638764035749
-0.786824016567717133193675441989,0.178688497036018896827979830344
-0.735772800118321279675718477691,0.178706215707472139052935374813
-0.480516855586230698616466280932,0.178722911662278712441614475730
-0.684721583879512778071619809610,0.178724531078038734555431441321
-0.633670367555003501395447248206,0.178742605992737960451647935969
-0.429465640280400693818359000572,0.178743665268521832366694520162
-0.378414422863990755685667893817,0.178758335538677704150124931832
-0.582619151918760158697413852694,0.178762530253504151983723092376
0.388097253101334389905759269461,0.178767846124512704163743332465
-0.327293602796450743402027556370,0.178822290670387880736812758060
-0.531567971535828076620645017785,0.178825747527365007514581929736
-0.276228662286760182213850853489,0.178851013894315825988473034950
0.745711649687000000000000000000,0.178859021074000000000000000000
0.336900291828995339812731444810,0.178940364893207801084770115690
0.796762954058734368425454936461,0.178946959358934076485771495995
0.847835320111000000000000000000,0.179019606844000000000000000000
0.285791713553000000000000000000,0.179021365725000000000000000000
0.234577744406000000000000000000,0.179135112698000000000000000000
-0.225178345512555296572670203503,0.179154612589502620148153847155
0.183476369999000000000000000000,0.179173737177000000000000000000
-0.174125874951000000000000000000,0.179176070862000000000000000000
0.132370072787000000000000000000,0.179203407333000000000000000000
-0.123072003340000000000000000000,0.179218251428000000000000000000
0.081255007218000000000000000000,0.179226888639000000000000000000
-0.071990688280000000000000000000,0.179231546358000000000000000000
-0.020919209104000000000000000000,0.179245947094000000000000000000
0.030150201969000000000000000000,0.179252031131000000000000000000
-0.957176801409804937625262322768,0.182791980328354375402251675213
0.908633559496829107368040135815,0.186940415909027784593016902623
-0.920745752491953674838829072699,0.218555169359249147936728111753
0.668973685281711707668373677437,0.222721744719669844597636844324
0.515820391044395096524885508107,0.222846398188275323457771802875
0.617922639649757185805322250782,0.222854991852775882800207971875
-0.812374235877672103900904617431,0.222887037456141820849601613460
0.413718138963298271782204943550,0.222924354394105343211591192146
-0.710269383824685175788687245572,0.222930674689667504497170862250
-0.455013529530359632469703274669,0.222947422682778552603080516572
-0.659217912362972748059208505781,0.222948842876989417722972610068
0.566871507055904980115666912535,0.222949203313356906746034731485
-0.608166523138745930269864272668,0.222966818081883328920484942437
-0.403960516390004821277559981525,0.222967139467751606995080999721
0.464769333403575099937642000018,0.222974962055897953402196635295
-0.352909298973594883144868874411,0.222981809737907478778511410830
0.362645258451786095780993179900,0.223024644500634457795282215222
-0.506064644511118763656785706716,0.223050738391625065207647710655
-0.301774371983500448616459936868,0.223051056100226152145443831410
0.720023817687895995554233818413,0.223054905679922774011503218994
-0.557115751232417707050398490873,0.223180599939001454213998857222
0.311407484032000000000000000000,0.223193658317000000000000000000
0.771074704599289471019802968936,0.223239189359336280094052443137
0.822125922487143459164596526521,0.223252115350239507647495655820
0.260281453048000000000000000000,0.223261285138000000000000000000
0.209060102719000000000000000000,0.223369772112000000000000000000
-0.250724174702653188208190114861,0.223374123432153761961151231255
-0.199671743772000000000000000000,0.223383160915000000000000000000
0.157946221463000000000000000000,0.223402565810000000000000000000
0.106829025969000000000000000000,0.223425974676000000000000000000
-0.148618428963000000000000000000,0.223433898990000000000000000000
-0.097549704793000000000000000000,0.223450833786000000000000000000
0.055711156269000000000000000000,0.223462488060000000000000000000
-0.046478309635000000000000000000,0.223470711415000000000000000000
0.004594070555000000000000000000,0.223484591606000000000000000000
0.873175444264293437679687546504,0.223668458044031465672376673742
-0.761328108161000000000000000000,0.223872067983000000000000000000
-0.865116190278000000000000000000,0.223898123168000000000000000000
0.947945492223582153157647217742,0.225831089539189001748427222239
0.909555847695760421562451190675,0.259483165373257110887686656344
-0.937218009959338761259522928539,0.266875886953698840705149989259
0.643563557867985722313741864375,0.266999870693254081324447315710
0.490406349206370756270263168513,0.267122277540011887901082833902
0.592508608189980298933191054382,0.267138685846224594064918876402
-0.429504097395288063939426706453,0.267168411896731714026760911275
-0.633709908457777930755612366932,0.267170655952517537623726284950
0.388268503145726822374176327719,0.267179784023331271998066193037
-0.327401673586475900654921522718,0.267203841147882156958558195441
-0.378452892967022539420540875261,0.267207671772258065662025668641
0.541457463346704337850581502752,0.267226007694819843976728967897
0.439319697586003650529613376560,0.267230391685123882188671641823
0.337172234691562678182993347212,0.267271540638937068738404107114
-0.480557118141220848831466150816,0.267274247696383989313677823079
0.694613687261757176634756528703,0.267333492925090646032068884847
-0.531608432635089474873275920972,0.267402808306390538630380578019
0.285899796912000000000000000000,0.267436618843000000000000000000
-0.582659600155768308795557527087,0.267475675925882092126300026497
0.234764315337000000000000000000,0.267498436025000000000000000000
0.745664431201317615749589844991,0.267553852022513333770551720688
0.796715650723829612677557424743,0.267554274720752251261677224264
-0.276327081503000000000000000000,0.267590566872000000000000000000
0.183530944717000000000000000000,0.267600348543000000000000000000
-0.225267666578000000000000000000,0.267626676085000000000000000000
0.132405728804000000000000000000,0.267627437211000000000000000000
-0.174203119383000000000000000000,0.267630868544000000000000000000
-0.734905340817331855734622451498,0.267644186597049607726633756389
0.081285743973000000000000000000,0.267664778204000000000000000000
-0.123127511326000000000000000000,0.267679209193000000000000000000
0.030160707410000000000000000000,0.267691971656000000000000000000
-0.072058499861000000000000000000,0.267701685568000000000000000000
-0.020968438650000000000000000000,0.267710985495000000000000000000
0.847765362649630101274517892691,0.267946610300539777826167384414
-0.836128944268880041416852613751,0.268074877016836233913121645592
-0.684275926579000000000000000000,0.274194768050000000000000000000
-0.785488719257309206382336395629,0.274539753325928269858853360355
-0.886758271484192787053580383566,0.274624551866718171847621894426
0.924411100174476388918466104143,0.308325242404316989357518026834
0.618156288174263212238750127427,0.311279636519473550095861885335
0.464956566118189276953198637120,0.311377622479113829224053288272
0.567058843512421739963928419277,0.311406418275361673481039126275
0.362799738882383319545347370613,0.311424208099282590979151549416
0.516007679518486124163679202328,0.311481716208106134938325498016
0.413850907816586924846267605731,0.311496078578539175976685625527
0.311683661346000000000000000000,0.311507389539000000000000000000
0.669206412224919800728717457253,0.311614075343412390323081290159
0.260388051643000000000000000000,0.311670209074000000000000000000
0.209234684584000000000000000000,0.311726106306000000000000000000
0.157988595250000000000000000000,0.311819647697000000000000000000
0.771308275958813880084946583939,0.311843260154294279785846737243
-0.302642651861765778347548575295,0.311849309654212293188512554052
0.720257058049172433918385468791,0.311856099807260636131799675989
0.106877053715000000000000000000,0.311857159445000000000000000000
-0.353740918935118831975645120535,0.311879657250228644560781152729
0.055744252835000000000000000000,0.311890018482000000000000000000
0.004604069786000000000000000000,0.311915419653000000000000000000
-0.404957773049837782118971000924,0.311931175172051733512011330553
-0.046550585874000000000000000000,0.311943425000000000000000000000
-0.148868615227000000000000000000,0.311960077160000000000000000000
-0.097690895964000000000000000000,0.311961980012000000000000000000
-0.200002021069000000000000000000,0.311988289989000000000000000000
-0.251149191654000000000000000000,0.312003448052000000000000000000
-0.456008885027642341296641396782,0.312035964217489293082993229358
0.873495192776539096553190561694,0.312039726050674629015592822562
-0.507059943030707192879422661738,0.312164384161781497786566323582
0.822358058058334774975281966675,0.312226356102876169254066546397
-0.558111110551386026801704281112,0.312237251781273051282485762952
-0.610370844140000000000000000000,0.313069332311000000000000000000
-0.921948031551378317213349259326,0.315589896995316289830385140326
-0.817850677419000000000000000000,0.316248958609000000000000000000
-0.712829805182000000000000000000,0.316514233341000000000000000000
-0.660999015978000000000000000000,0.319630997323000000000000000000
-0.763708505267000000000000000000,0.320711885534000000000000000000
-0.868540571568026343950272675526,0.322314618176998062427442022340
0.592717229158611231358920763534,0.355541146788696848645017400105
0.439506176863431261518134462391,0.355632618826370277647721337037
0.337313741008591302984701713952,0.355658707387637293185213392048
0.286186135127000000000000000000,0.355737197500000000000000000000
0.388364897189401976318664524173,0.355739128260922967159441399128
0.490564053459177242108676936627,0.355745054088005590675684479656
0.541624896571030044072052359121,0.355745800503340894555566269681
0.643767273964892285975197250469,0.355887470612712127231454717193
0.234859953161000000000000000000,0.355893059969000000000000000000
0.183688700486000000000000000000,0.355943040231000000000000000000
-0.277032465949820582956136859854,0.356012024612307744110475809391
0.132463840316000000000000000000,0.356053632028000000000000000000
-0.328164480395666174930874801181,0.356063145533952148420952915718
-0.379304922680225627401694282580,0.356069121236959119298522967685
0.081337177387000000000000000000,0.356083112456000000000000000000
0.030185925500000000000000000000,0.356114344123000000000000000000
-0.020960559087000000000000000000,0.356137381237000000000000000000
-0.123301531843000000000000000000,0.356155277770000000000000000000
0.745868880581483687586821543931,0.356162544943929775239726277498
-0.072117903208000000000000000000,0.356165394826000000000000000000
0.694817663570826687003046742985,0.356178565093403046091072355766
-0.225562286714000000000000000000,0.356180049673000000000000000000
-0.174424798066000000000000000000,0.356188150217000000000000000000
-0.430398051584145135120901787284,0.356207606559174096031066569801
0.906995334003254614568319878278,0.356313971326676571928228602743
0.848087888185243770253954636923,0.356319471853011020443491992947
-0.481450255158000000000000000000,0.356354748264000000000000000000
-0.532506629582901533015636597826,0.356421509672017197808775284171
0.796919063312279076020863897449,0.356487903310633540977879193516
-0.583557770444000000000000000000,0.356512905952000000000000000000
-0.904154549676424521385365324028,0.363439860607424445699700776571
-0.802966994616000000000000000000,0.365082961628000000000000000000
-0.700503597598000000000000000000,0.366055405607000000000000000000
-0.649109604958000000000000000000,0.369278801366000000000000000000
-0.752197920510000000000000000000,0.370448861512000000000000000000
-0.853656998522000000000000000000,0.371148171139000000000000000000
0.567380900439500800294013979196,0.399861542341439423737013220641
0.414027559992270728419751815730,0.399871369907825975672548782564
0.311823782280996438559578977945,0.399890924367796610596147707102
0.260672193310000000000000000000,0.399956991691000000000000000000
0.516129883444161642796119817428,0.399975104370519176757579900142
0.362877938712000000000000000000,0.399979313710000000000000000000
0.465078664145520280566459440066,0.399979903996711321373974345829
0.209317609103000000000000000000,0.400108071002000000000000000000
0.158168418373000000000000000000,0.400178692155000000000000000000
-0.251441724906985373486936176661,0.400186010031250116697362000827
-0.302562266272692490151071540629,0.400230730877971563583060904674
-0.353729538469313693800543541672,0.400251999565318628930614574773
0.106929075001000000000000000000,0.400277445871000000000000000000
0.055790694245000000000000000000,0.400302592231000000000000000000
0.004630363020000000000000000000,0.400331157867000000000000000000
-0.097721634554000000000000000000,0.400345149308000000000000000000
-0.046522281800000000000000000000,0.400356655873000000000000000000
-0.404780630429292970665603434188,0.400366124970566893139296984053
-0.148827396358000000000000000000,0.400377974141000000000000000000
-0.199977277412000000000000000000,0.400384746096000000000000000000
-0.455831406372891741487387438522,0.400578940550026845786756186167
-0.506882591226088164619331395683,0.400638438442022663177588083346
-0.557933774181846054051738198580,0.400699542714532927337012764327
-0.608985267283000000000000000000,0.400843072553000000000000000000
0.621023833221000000000000000000,0.401607988971000000000000000000
0.887090252813844116564549033530,0.403324765382482098163068916519
0.680463907361000000000000000000,0.405200610390000000000000000000
0.733963799460000000000000000000,0.405827725845000000000000000000
0.836106237676009775888889978234,0.405944738260245114085121165068
0.785055135923354091073286258977,0.406141445398028468676168034605
-0.677566156872000000000000000000,0.411663919295000000000000000000
-0.780726289379000000000000000000,0.412919102109000000000000000000
-0.882500588401000000000000000000,0.413270738677000000000000000000
-0.729505973392000000000000000000,0.416180018570000000000000000000
-0.831599091012000000000000000000,0.417188504270000000000000000000
-0.636723243797000000000000000000,0.443956044478000000000000000000
0.541853227689947813877041488821,0.444072004213106334826427036753
0.388547085938140884684033993735,0.444109051321878404399127367077
0.286315876576421789468644829531,0.444112794087211595091416429310
0.235135008378200661221473274592,0.444163426449912544057912025408
0.337373238534000000000000000000,0.444204985263000000000000000000
0.592904241225835803777521198543,0.444217027911049394167932417644
0.439603773284000000000000000000,0.444222162449000000000000000000
0.490655301766528999667828171454,0.444229871642413951626786320128
0.183804922127000000000000000000,0.444339037402000000000000000000
-0.225880370162337773894419257240,0.444377006382686519827085304741
-0.276963963246948166972346882782,0.444400729235177308414114166170
0.132633619827000000000000000000,0.444404234972000000000000000000
-0.328127538872969549120877979763,0.444419460796220027636390687254
0.081386743986000000000000000000,0.444498379429000000000000000000
0.030242491880000000000000000000,0.444520499780000000000000000000
-0.072135119517000000000000000000,0.444529751216000000000000000000
-0.379178612304184624951671058097,0.444541593654493421752461161593
-0.020923679286000000000000000000,0.444545898012000000000000000000
-0.123234040905000000000000000000,0.444565929428000000000000000000
-0.174378608306000000000000000000,0.444575415635000000000000000000
-0.430229454857000000000000000000,0.444776455920000000000000000000
-0.481281210041565022364851854973,0.444834273653963232927710832249
0.648178896921000000000000000000,0.444871156753000000000000000000
-0.532332954782000000000000000000,0.444893842240000000000000000000
-0.583384596315000000000000000000,0.445011972188000000000000000000
0.706764243985000000000000000000,0.449086676714000000000000000000
0.864724652567543129808444667504,0.449216016624271584648039077276
0.760056885671164409467587659060,0.450653404456727315893297203521
0.813077224084717784340418884195,0.451506691114863544880915326503
-0.699734092690000000000000000000,0.457651659770000000000000000000
-0.756504723143000000000000000000,0.459508206889000000000000000000
-0.858865952567000000000000000000,0.460361635519000000000000000000
-0.807486040365000000000000000000,0.462186525196000000000000000000
0.260769143197363336748376625895,0.488312244633272510293452536027
0.516390458470714260688183532079,0.488319878722538267007149237414
0.363047727235945033579345435745,0.488335849992945843132990894571
0.209643738375000000000000000000,0.488396257403000000000000000000
0.311849690336000000000000000000,0.488418582559000000000000000000
0.618575026750000000000000000000,0.488431248912000000000000000000
0.414099384335000000000000000000,0.488446677593000000000000000000
0.465150874940619312268829875907,0.488463337784744294211506294216
0.567441425739259283078399866747,0.488480365046966925307437306645
-0.200299906771872248417561459107,0.488556944223786260761663791919
0.158275903803000000000000000000,0.488561683610000000000000000000
-0.302529576569541098346817043071,0.488589262027679512748038024020
-0.251401654173000000000000000000,0.488592028468000000000000000000
0.107092215917000000000000000000,0.488624511858000000000000000000
0.674449871024000000000000000000,0.488679192154000000000000000000
-0.353580840017000000000000000000,0.488713505598000000000000000000
0.055838044960000000000000000000,0.488715424630000000000000000000
-0.046545558268000000000000000000,0.488717336494000000000000000000
0.004682813712000000000000000000,0.488731891772000000000000000000
-0.097637572184000000000000000000,0.488756152241000000000000000000
-0.148773590428000000000000000000,0.488770189998000000000000000000
-0.404631630521000000000000000000,0.488982512288000000000000000000
-0.455683333264000000000000000000,0.489035880940000000000000000000
-0.506735049628000000000000000000,0.489092083254000000000000000000
-0.557786759373000000000000000000,0.489182496079000000000000000000
-0.608838440096000000000000000000,0.489265626309000000000000000000
-0.659889332096000000000000000000,0.489568085683000000000000000000
0.732317355365476720240245383687,0.493510673074013440132534005668
0.785984524888000000000000000000,0.494775836252000000000000000000
0.839157011191000000000000000000,0.495394077553000000000000000000
-0.726732718791000000000000000000,0.500980015719000000000000000000
-0.779802888942000000000000000000,0.505080655294000000000000000000
-0.832325767476000000000000000000,0.506787549554000000000000000000
0.646334833754000000000000000000,0.531336676666000000000000000000
0.337521424419913834718669750041,0.532547102853034093880319777221
0.490894295914054392721646343015,0.532548520006199233543698455803
0.235290634260379254717467106445,0.532551057877553895594068538418
0.184149378856000000000000000000,0.532626596257000000000000000000
0.286368029923000000000000000000,0.532656238746000000000000000000
0.388583485939532661000422276106,0.532663963053149168939173463185
0.439634698776341805176702004004,0.532690093594611197305412322141
0.593098197687000000000000000000,0.532697005709000000000000000000
0.541945200404127469553026235822,0.532727867879954146005766208022
-0.174719943061077747242809366555,0.532737171378802341080023137461
-0.225820572144000000000000000000,0.532772100179000000000000000000
0.132741462313000000000000000000,0.532775751592000000000000000000
-0.276968241317813213549761868160,0.532780269654380640020354253989
0.081547265334000000000000000000,0.532837700225000000000000000000
-0.020948885154000000000000000000,0.532895406113000000000000000000
-0.328019306045661948206498994534,0.532905987860630349424740975052
0.030284305845000000000000000000,0.532928182086000000000000000000
-0.072046585637000000000000000000,0.532955161507000000000000000000
-0.123165072719000000000000000000,0.532967370703000000000000000000
0.699953984301767528895864148778,0.532992811165903226358367874372
-0.379070000159000000000000000000,0.533180311182000000000000000000
-0.430121709123000000000000000000,0.533233482922000000000000000000
-0.481173467513000000000000000000,0.533290119481000000000000000000
-0.532225316384000000000000000000,0.533374374743000000000000000000
-0.583277038921000000000000000000,0.533457250334000000000000000000
-0.687438730540000000000000000000,0.533572476664000000000000000000
-0.634327920061000000000000000000,0.533759696666000000000000000000
0.758147920634000000000000000000,0.537570744155000000000000000000
0.812053858702000000000000000000,0.538669738720000000000000000000
-0.749911759437000000000000000000,0.546466487134000000000000000000
-0.804642537850000000000000000000,0.549681878714000000000000000000
0.465386438045035143425324233017,0.576770417317919098363576422177
0.669710574597000000000000000000,0.576771719223000000000000000000
0.209805164512370900963583798735,0.576785861444855230029514986417
0.312050928347490190013553031629,0.576790529989039680829086625236
0.158624863965884855341540496257,0.576839347661197541986561356546
0.260884004941000000000000000000,0.576892513435000000000000000000
0.363110484681725735459135524218,0.576905947884688436511741224741
0.567544127091000000000000000000,0.576911936168000000000000000000
-0.149140047432616963292199014856,0.576917437952821976794604841984
-0.200239856557000000000000000000,0.576952319057000000000000000000
0.414161681855741312137916859894,0.576953718316629568477703355046
-0.251387543072881942555594370139,0.576960071512426065580867050005
0.516437277970668355169197967233,0.576967287330256824448955697950
0.107201084746864974727322478404,0.576984334122951769412935588626
0.055989827091506059730007242057,0.577036820613600216205014538079
0.618615432639000000000000000000,0.577047207131000000000000000000
0.725785865152000000000000000000,0.577054699484000000000000000000
0.004635740158000000000000000000,0.577081508671000000000000000000
-0.302438803586000000000000000000,0.577088180615000000000000000000
-0.046448838290000000000000000000,0.577151990599000000000000000000
-0.097563007531000000000000000000,0.577178748069000000000000000000
-0.353489424041000000000000000000,0.577388773708000000000000000000
-0.404541193414000000000000000000,0.577428545610000000000000000000
-0.455592949494000000000000000000,0.577483549357000000000000000000
-0.506645721802000000000000000000,0.577556420455000000000000000000
-0.557697614752000000000000000000,0.577639198867000000000000000000
-0.608748515243000000000000000000,0.577940857306000000000000000000
-0.659800751709000000000000000000,0.578002418825000000000000000000
-0.710835552624000000000000000000,0.579319635328000000000000000000
0.780480362955000000000000000000,0.583478781131000000000000000000
-0.774750291824000000000000000000,0.591068326696000000000000000000
0.697595697691000000000000000000,0.619617573933000000000000000000
0.184275931474471530302204566484,0.620995422349833817195262616671
0.439932084469499083067652963243,0.621023133607046237371423248577
0.286575033674264341395373073497,0.621030848766294063048103660149
0.133097428373741520019673012617,0.621049946469666054834061367256
-0.123583174056939439749854485566,0.621111026154890036380298739181
0.235371266300304358776796795650,0.621111688373153721786129418157
-0.174659688820464951784360547557,0.621132536260413919053487575853
-0.225807325052278747498874110561,0.621140151423317935789534966497
0.542033615982792436419936674621,0.621143357611055546120529335778
0.337635341010258678321917950418,0.621146699119635790118022583629
0.081640721024816682702324097312,0.621175903695789770479628831047
0.030346706207072376289180468639,0.621187765197891174066859527349
0.388686517575308627965416083485,0.621212927802837779213350631928
-0.276858702330000000000000000000,0.621270393399000000000000000000
0.593085633000000000000000000000,0.621276636886000000000000000000
0.490982606860304509404330039346,0.621289926673406032839082833492
-0.020852327904000000000000000000,0.621334445441000000000000000000
-0.071954359744000000000000000000,0.621394572354000000000000000000
-0.327909276621000000000000000000,0.621585441915000000000000000000
-0.378961035493000000000000000000,0.621637614857000000000000000000
-0.430012909796000000000000000000,0.621675501221000000000000000000
-0.481065540069000000000000000000,0.621738600881000000000000000000
-0.532118328470000000000000000000,0.621821357630000000000000000000
-0.583169229360000000000000000000,0.622122142230000000000000000000
-0.634221323990000000000000000000,0.622183613067000000000000000000
-0.685256105134000000000000000000,0.623500822355000000000000000000
0.748796393776000000000000000000,0.623554440358000000000000000000
0.644106854586000000000000000000,0.624198362024000000000000000000
-0.742731799310000000000000000000,0.630831390934000000000000000000
0.158733742513853243838918442462,0.665197499201656664364712988562
0.107476901694834948905104271099,0.665206788121389926008312676883
0.261061548277968589603778947190,0.665249499558096691837063624960
0.414472834449268958780396134010,0.665273033079494717283877091579
-0.098046410808596511380274682660,0.665316237812707780326803922615
-0.200226928592991685204363448523,0.665320128017925563212797887917
0.209867509020096760539589023221,0.665335950713035003024586258096
0.056000984044000000000000000000,0.665337658245000000000000000000
-0.149124966450983244260254374929,0.665338926843992152836994075772
0.312134269562397727195478925355,0.665372510247589959259650420937
0.004873950862808489797609949621,0.665429891617014152907431836450
-0.251279269252963409172998750402,0.665452141666167705160771759829
0.363185421638013918288544031177,0.665455496190330334106220903291
0.465523271756393320158937386788,0.665555638220546728279407916625
-0.046304775978818409432823802820,0.665598158134839790467449948841
-0.302329498081000000000000000000,0.665791809180000000000000000000
-0.353381272788000000000000000000,0.665829179095000000000000000000
-0.404433422110000000000000000000,0.665882310311000000000000000000
-0.455486231944000000000000000000,0.665921127484000000000000000000
-0.506538740482000000000000000000,0.666003933705000000000000000000
-0.557590397981000000000000000000,0.666303672363000000000000000000
-0.608642968958000000000000000000,0.666365422552000000000000000000
0.564797300069000000000000000000,0.666846584818000000000000000000
0.616049081087000000000000000000,0.666890946532000000000000000000
-0.708675237625000000000000000000,0.668864103598000000000000000000
0.707935285213000000000000000000,0.669616286615000000000000000000
-0.658406018770000000000000000000,0.677769753683000000000000000000
0.515003451952307469547587708658,0.678123007980932115055026147736
0.661329833688000000000000000000,0.690564707816000000000000000000
0.133113323487740418097381685157,0.709354278339641578884074821459
0.081853921337960960475145081518,0.709364485483901763310979018647
0.184180981979556331654630201719,0.709454306796528970862959668409
-0.072439021339118108761571725504,0.709480574323888727292352244384
0.235581654422682395191386783105,0.709487515155970571573972975140
0.388986173365071483210323582826,0.709507150248187457046601851106
-0.174699152663470207203999848379,0.709530530312029692803927294180
-0.123566053377293108956764356268,0.709531335438748960061332016857
0.030526127221000000000000000000,0.709586112624000000000000000000
0.286638188761812836200236427615,0.709601198660479057147555160381
-0.225750986869086351266022060211,0.709662251521758610741213543836
-0.020570174804100868081946068098,0.709688489470548874538946797935
0.337689307433285563287212500887,0.709702674300868981876958716445
0.440036444271309307777170776926,0.709818366112358560685050526412
-0.276801061867083125803056564889,0.710004095950246870653817727156
-0.327852928003000000000000000000,0.710041518649000000000000000000
-0.378905769556000000000000000000,0.710094752134000000000000000000
-0.429958612421000000000000000000,0.710133649266000000000000000000
-0.481011426078000000000000000000,0.710217164713000000000000000000
-0.532063388889000000000000000000,0.710515658648000000000000000000
0.590379834662000000000000000000,0.711045166691000000000000000000
-0.589293796625000000000000000000,0.713608864948000000000000000000
0.540574174970000000000000000000,0.722333351136000000000000000000
0.489518434266887131803027669373,0.722378608187729559657760193793
-0.648045902398000000000000000000,0.727760398064000000000000000000
0.107492414158348119775271613011,0.753510772992743771604942833832
-0.046680861343499953675124115977,0.753557146429197919196437306506
0.209852819921668596286466875080,0.753581211872551569374944896379
0.158560562953443505913093434292,0.753611085934513885382321488410
0.056405129608906399895743201057,0.753620400506027201608013118243
-0.097958663907814706338061397422,0.753695671949929907026880327646
-0.149136930024192695024862271245,0.753721024636651046424463158240
0.363505985534650485301429894682,0.753744996523078027540726202922
0.261148416239829772684126495447,0.753833522945914714305006128643
-0.200188890311541636441519631321,0.753852818778777890654601031350
0.005093473574000000000000000000,0.753857751944000000000000000000
0.312199513062308486512224396477,0.753945452103365367599880314287
0.414556035604689868931677276510,0.754090543568870300672406760243
-0.302291440737000000000000000000,0.754237541761000000000000000000
-0.558398238931000000000000000000,0.754252008409000000000000000000
-0.353345470437000000000000000000,0.754301181081000000000000000000
-0.404399682749000000000000000000,0.754328004128000000000000000000
-0.251237692729601318214456845781,0.754349594982201355780099842005
-0.455469170592000000000000000000,0.754421688138000000000000000000
0.615383872110000000000000000000,0.755570148883000000000000000000
-0.507436875350000000000000000000,0.757307671416000000000000000000
-0.609042142823000000000000000000,0.760701227074000000000000000000
0.565582402556000000000000000000,0.766872154788000000000000000000
0.514513840340000000000000000000,0.766901170773000000000000000000
0.463487057294267689601719715565,0.768650149721800699242646101257
0.184232400895555770544930105637,0.797737991010536483894306735488
-0.021149284852887565140881174337,0.797765354002208529047091916762
0.082043829585612038292270308108,0.797766807136786580966484108452
-0.072200503912196551251613789404,0.797772244055239098930965412728
0.235283502891405845692694864340,0.797847535173759900901272460403
0.133094968467630157255660624007,0.797857547223196322939249888987
-0.123528028333849028695961485769,0.797884484296518016070231070555
0.030992776709412569551161346178,0.797897249253718938828953729882
0.338025194642500907042415268235,0.797982495440002918994822165961
-0.174579079096402474224248906271,0.798015751023357351236243048267
0.389074959185885868925152784520,0.798367923746357575572510731067
0.286577970445000000000000000000,0.798401168024000000000000000000
-0.225832623105000000000000000000,0.798654367276000000000000000000
-0.290048027901000000000000000000,0.803800634792000000000000000000
-0.341101557543000000000000000000,0.803865588952000000000000000000
-0.549783133864000000000000000000,0.804572678087000000000000000000
-0.396793189057000000000000000000,0.804812230859000000000000000000
-0.447846004842000000000000000000,0.804904118248000000000000000000
-0.498824106801000000000000000000,0.807666533624000000000000000000
0.540073104551000000000000000000,0.811113186724000000000000000000
0.438011910686000000000000000000,0.812912045753000000000000000000
0.489068292132000000000000000000,0.813657528277000000000000000000
-0.254992324216505519391273304558,0.840914236048774598832699215619
0.004810719393075543099886582878,0.841723347524023889958156309199
-0.097767761841915395647388085337,0.841959825306871471070562862045
0.158767255246828511095106604846,0.841984497900950906407432194850
-0.046716564981353357518667516337,0.842007929553300938107156581009
0.056665989753808903432002857327,0.842063446517057067582142757863
0.107716809286349576123161582627,0.842265535532957432162031128782
0.312682436343978469074722417476,0.842299214821485298186541872538
0.260183559459357995809601040932,0.842414498249867822255167863149
0.363729246092837435778762857401,0.842970206161355643644309815648
-0.155091220904737330046997517501,0.845201028367206180006259458992
-0.368220550040000000000000000000,0.847121953081000000000000000000
0.209533778752261362188385245724,0.848804077988583466572259379876
-0.422255956517000000000000000000,0.849081104804000000000000000000
-0.473236616988000000000000000000,0.851844354057000000000000000000
-0.304986772088000000000000000000,0.852861990780000000000000000000
-0.205484351647418400679188044114,0.853371670255420092628493706206
0.462853934180000000000000000000,0.857531581973000000000000000000
0.411861607759414820711581193671,0.859984987244642485287757389929
-0.124150921152572098467368828145,0.885807984251149856314072583030
0.030449933905446658295237709429,0.885869215893589373480525952146
-0.020709513269108257468223873502,0.885938104560361780164237126601
0.286529147722107892970727097619,0.886142486929934490746406929536
-0.073106804218099550422126156284,0.886659536536260224087261850662
0.138403261715450715707050755754,0.888798329002115732470529328190
0.087352841529505200944284519080,0.889084010210441654233748283668
-0.267873471243000000000000000000,0.890316219698000000000000000000
-0.342645489216000000000000000000,0.891308108550000000000000000000
-0.393699610597000000000000000000,0.891402223960000000000000000000
0.235880904824928967449077070877,0.892544244996493111143776356239
0.377803589937000000000000000000,0.898209129979000000000000000000
-0.218362028399000000000000000000,0.902772162447000000000000000000
0.187819116082407742243479705700,0.909757364347257047295041928690
-0.168111706878000000000000000000,0.912248122934000000000000000000
0.330161344441000000000000000000,0.916792604888000000000000000000
-0.304801592252000000000000000000,0.925577278041000000000000000000
0.056512162474510185391543428120,0.929766678883245993744893568108
0.004929701243262857727127255922,0.930083972929927263686606749049
-0.046304953333089778791083349604,0.930109367422606430509311272280
0.273148797217873187952897395451,0.935409039836528330498588804269
-0.112445189601650016235319252385,0.935499058537908148818625541771
0.126966219805828723956263311302,0.938551932763772374794029898093
-0.255907737123000000000000000000,0.940270462326000000000000000000
0.223786130905577027973847362335,0.948430337370003466900718875647
-0.206312449889000000000000000000,0.952382717621000000000000000000
0.173809272035566616840213636620,0.958848619013414991431769897392
-0.156151054301323130676879189064,0.961881332999528234594450895541
0.087199581047153562252413736876,0.970565077825628109918549889554
-0.076236805345609826937369791753,0.971487666797763444203344118808
0.030991929812326384823432973299,0.973981435919583883950974385045
-0.020665738820718663595732218778,0.974255235792171914031680905540
