0.004149917333687256581444408534,-0.974688776540323864574182191352
-0.048165353001000000000000000000,-0.973472935659000000000000000000
0.058245053082667903826625966958,-0.972955798051865450860764895055
-0.098630120614667161195793129865,-0.969694575873703336059213271494
0.109505959187647348710010544186,-0.968526672876766208766985459878
-0.170742838979267996561581584107,-0.959626153305882420186233101303
0.190531756700932262083069921539,-0.955893885773835223664606875952
-0.221765626562411236002220899116,-0.949134067477680600923682991931
0.239885588537680825214851805537,-0.944711807954718430881780317632
-0.270727652858254724214341541945,-0.936345026765884793742004085493
0.145449923167984804815661073031,-0.932905456801187832229328587720
0.029828334044128171635407431510,-0.931083018583486075842587621181
0.288593771329407216550721737691,-0.930987650040638279061725619024
-0.020774532762080777417337676705,-0.930647757379246215208713684243
-0.129826133160436167148627453324,-0.929849270220878151566719402076
0.080284744553360707648220583494,-0.927211298055523305470208636997
-0.071257012028460757912334406819,-0.927132239146843600602295155647
-0.321637064959283831040841633467,-0.920100575815341298775143367096
-0.187836911211786212487588702255,-0.911588337281304053356421365450
0.362908199676000000000000000000,-0.904598364403000000000000000000
0.206066301515000000000000000000,-0.903406887353000000000000000000
0.255525244441000000000000000000,-0.892316090609000000000000000000
0.315124592569000000000000000000,-0.887890063913000000000000000000
-0.232516540057867148817693478009,-0.887827648160420119797679076864
-0.283118322622076489737235780702,-0.887280672249324067964986565741
0.004982541126385272869566326744,-0.886997577045360628246158093776
-0.358030302704855797058144034776,-0.884938496415551590917956426689
-0.408635028806450205290608756237,-0.884902754207317855752998431248
0.409402983398000000000000000000,-0.884524087896000000000000000000
0.156646832343675579867698631633,-0.883554987641977485915600190473
0.106042101431026766894356934575,-0.883526870365340978628795531014
-0.045485302622227356655357306339,-0.883277855457867694965886397309
0.055438951635617808882379469993,-0.883125856517397857873779104436
-0.096089479009582093047311008779,-0.883039289994463710583680634659
-0.146686150923077894352990737237,-0.882135756596683116136320623253
-0.474645718256412345284195624711,-0.851320687703640631210807596821
0.282718385388000000000000000000,-0.848713911677000000000000000000
0.232082837876875076748827227185,-0.847424525413452674992188157805
-0.324621879235000000000000000000,-0.846244181105000000000000000000
0.489057187207000000000000000000,-0.843099479609000000000000000000
0.438408911218000000000000000000,-0.843011313905000000000000000000
0.383803029830000000000000000000,-0.840834350099000000000000000000
0.333179210804000000000000000000,-0.840603219453000000000000000000
0.182056945072961493197703474723,-0.839792380859384863372798467407
0.131186209426031788544781024682,-0.839610889054907252108556404666
0.029915285366726130130192728107,-0.839285002863999097878505845023
0.080582542171904296486937915259,-0.839209578939870816332889746327
-0.020689309607994286661531086842,-0.839164384592825295658968291647
-0.071294773484344421977280642037,-0.838925095462095919390982702819
-0.172730699942000000000000000000,-0.838310993488000000000000000000
-0.223409624234332106912438896940,-0.838049101923051085047044935348
-0.121916764217253317061685104723,-0.838007340994713442508873323464
-0.274176888784256101919146451247,-0.837472135408269196559570572983
-0.375396274611988447469413293674,-0.837406795404084313594263932286
-0.426001570728324696609605913184,-0.837371261457787932464028382638
-0.499917023376554378498157211085,-0.807477778141802437969082730887
-0.550428263365642444369032763003,-0.804403007241785582293590135458
0.257517930725881319159578724508,-0.803591337485899096551827419373
0.510428722009000000000000000000,-0.797182837287000000000000000000
0.459791973950000000000000000000,-0.797098108478000000000000000000
0.561046756560307425429767043353,-0.797008548739109108435609638321
0.409148144339000000000000000000,-0.796992690665000000000000000000
0.307705599426000000000000000000,-0.796859870676000000000000000000
0.358520535661000000000000000000,-0.796787119715000000000000000000
0.207480170350213273741224369977,-0.796037390311734805129463900873
0.156777655662668806703325479005,-0.795954074456952938947705626194
0.055101647563000000000000000000,-0.795383480661000000000000000000
0.105849845559856121483953041800,-0.795364362999884410060356763037
0.004470256509654309833632523043,-0.795257257448197527983961586859
-0.046137477509891972173342729543,-0.795016667562925600979966366219
-0.197996563163219029032873634740,-0.794288207184498071312232084812
-0.147391824759967490621910680703,-0.794282509700952145088986299098
-0.096735662488586223048328022201,-0.794112561156407396995888205955
-0.248674790833213246688361570083,-0.793763067911715856998162315402
-0.299457990244879428252598393325,-0.793634873971672715968492644069
-0.350062716833133535605238436825,-0.793599827561191333905512166054
-0.400668149832020165846757394851,-0.793564214456038079721408104184
-0.451272875848466729823567503306,-0.793528351895949739222303508624
0.601668941887255516165964458848,-0.766831112787956415184384146881
-0.576670756833590991234465059072,-0.761134414499387342059707082320
-0.526077809598696850278491996297,-0.760042044868695828230544818366
0.485203011376802084465021796756,-0.753270534224995313394320630044
0.434575059813344953498485701623,-0.753187193212035451195311468340
0.535848294231000000000000000000,-0.753077004430000000000000000000
0.383948698051000000000000000000,-0.752999137684000000000000000000
0.333319280361000000000000000000,-0.752876599500000000000000000000
0.282703644041000000000000000000,-0.752842762876000000000000000000
0.232108381607776517214852109225,-0.751830029029074256142862739085
0.181484573087000000000000000000,-0.751775982785000000000000000000
0.080246462523000000000000000000,-0.751409578211000000000000000000
0.130881001461491329618622693960,-0.751383903525808053976482175061
0.029641490902669919977568756582,-0.751356818493049165073117302453
-0.020964332796099259429803592232,-0.751117323985358409526692251149
-0.172815327474480914156569710845,-0.750393504195286927832251288838
-0.122210589088904776589118536798,-0.750387651825098063778365728339
-0.071563643027498159802071798684,-0.750212572345777346592001068210
-0.223486970815632318809265694444,-0.749872142835058047694866906367
-0.274091721515019784828941839955,-0.749846839167089573431283319325
-0.324730002457218147845016824454,-0.749792371989438143305788794785
-0.375334728935715635083908885536,-0.749757167454288226978787840238
-0.425939454952162199060718979901,-0.749721304894199886479683238235
-0.476544180968608763037529093431,-0.749685442334111545980578634487
-0.625426655167075459876684214640,-0.747580744921823993815054527657
0.610830006872784161756724179370,-0.717062503508072364419604293265
0.661422080051198975718207094203,-0.715930375938952964692795714362
-0.553266858038967364580474391008,-0.715416803448515237911569487973
-0.663383844271096319401004855295,-0.714112978688559486371796422912
0.510254880794560086842161617170,-0.709301870156156001609556170610
0.459650190594812767597747820397,-0.709231790840823728341775309223
0.560859124816648666450260823569,-0.709078110741265649368922451186
0.409045793889452944225498482512,-0.709045738672312659629522293861
0.358441184272658063989654508428,-0.708931428328813298339483262006
0.307836452657348976062279719066,-0.708904605477050556300359770193
0.257241532825712060263559773673,-0.707907776227342592841657394615
0.206624267069000000000000000000,-0.707842292830000000000000000000
0.105395585301526152220565181026,-0.707479684405350306104928875096
0.156019883403742316166893910457,-0.707464930450195196658690613665
0.054790859265541087266253509129,-0.707443849426138480488554449818
0.004186682810355784531263623343,-0.707205298351294400491883692493
-0.503401830862500534097295070718,-0.706795977153254194140163958868
-0.147665297370627119401764601046,-0.706480914120251639619132905901
-0.097060559253576104700312922663,-0.706473076548947939975865124483
-0.046409994281323794753620643111,-0.706302054971497632799137813845
-0.198308625443723292282468755648,-0.705975781873633157364399268394
-0.248913357846713222809106630079,-0.705950488700230259100443068886
-0.299518084325769521098757910165,-0.705915284968351934890479182273
-0.350122810804267008337649956029,-0.705880080433202018563478218799
-0.400727536820713572314460067294,-0.705844217873113678064373623419
-0.451332262837160136291270162812,-0.705808355313025337565269015697
-0.612302531048731289096708018762,-0.698707470553830839478107358703
0.697688073299421716355407511510,-0.680637071828361357927172364434
-0.699632108442000000000000000000,-0.678630125667000000000000000000
0.592641364411127592698134485653,-0.669575258739823324289699897603
0.644639622368000000000000000000,-0.667982629742000000000000000000
0.485081796177081638934816002195,-0.665396201148423907011962735198
-0.650259720152752148621028650923,-0.665239704320566332034849264297
0.434440890468947653143533792156,-0.665227912907766113964648967227
0.535686067557809850168604441154,-0.665178717014631312188645655231
0.383788965641190829089891485985,-0.665128699212673928660998105912
0.333153765379976305857839396257,-0.665070154115115784898621110684
0.282545028869977324530708880094,-0.664083437450120957037359528896
0.231888829025183898369889792290,-0.663980248019593879256404853088
0.181284362690613405317239678433,-0.663618087146644808459141667657
0.130617569583000000000000000000,-0.663597453557000000000000000000
0.080004637547883481357017646466,-0.663566101558431338810555652830
0.029400452989919595778385895446,-0.663329275575124515394053654805
-0.122445616387009982346699717145,-0.662608288573022078219209096065
-0.071840909489534733098965395871,-0.662551533454655968710831512721
-0.021196224101759983506498357544,-0.662426032195327747701307765526
-0.527287656783022673379657865081,-0.662183121366862840160928264978
-0.173054864245222638100465955310,-0.662122764569781160959695292993
-0.223659596648212568627103845349,-0.662097471396378262695739103607
-0.274264323127268866916755108498,-0.662062267664499938485775206491
-0.324869049605766354155647170056,-0.662027063129350022158774253603
-0.476683209255644209389346866746,-0.662011447922092021068938358889
-0.375473775622212918132457265009,-0.661991200569261681659669648080
-0.426078501638659482109267375604,-0.661955338009173341160565052440
-0.577889098952310937939375536563,-0.661605512752821127636924976603
0.732073434415752412490814969236,-0.643509096900789926483550964936
0.679076800303000000000000000000,-0.630768569364000000000000000000
-0.706852974458000000000000000000,-0.628541319616000000000000000000
0.617309965251937173064525553535,-0.625390422948800532687685654569
0.566683785497074417586142056718,-0.625178953716823718319908304978
0.510214951421944967375953076639,-0.621451587859882044346288204316
0.459592308422210399355105479386,-0.621316117723976004793231571884
0.408941969548706320787905486259,-0.621217812456069363098472131505
0.358319325755999723727528084156,-0.621166462330898368036343238206
0.307721109507812395505006279796,-0.620185777546202777183298809355
0.257063675840812047553719211791,-0.620081880519964726711107923487
0.206460228883831622152769549820,-0.619720304255660303653498732910
0.155769944368140544796707050738,-0.619679777920915977530640144144
0.105165216716797411976965765028,-0.619646301717015984689374548970
0.054560972022039526811963597269,-0.619422694481202267866648059235
-0.097363187231072762267213160896,-0.618657050490799294367249192360
-0.046756893141445301669980290269,-0.618601201201399657730255242074
0.003964294930359947527079330182,-0.618519451101405500173902180112
-0.147967399837978384368281873774,-0.618174400425730332111382576976
-0.198751902111310686749666700004,-0.618046973848913172053936214906
-0.249458985564123028188781313972,-0.617954050632962312744052902790
-0.502714650383812228558928603921,-0.617945050230937368546787630970
-0.300158502589076202312852583503,-0.617865672215353832062463119759
-0.350804290379846415470292301194,-0.617806858555381910012378399442
-0.452098313791772212595884585216,-0.617779982918620499912282200294
-0.401448605047199094306713267286,-0.617748915679190474877335283276
-0.605763055304000000000000000000,-0.617672167509000000000000000000
-0.554294479595769289569000842982,-0.616837962912085483591960678465
-0.658005430753162859868717488193,-0.615231269545845328410171060185
0.734492357051954400097198995057,-0.592962203874581980888261430736
-0.732370241247387420186387064854,-0.584839312134326471326935670888
-0.782807857295871989566231635233,-0.580729997268257964461561294195
0.783392996805976481666657958077,-0.579940413944998758218485116521
0.635560135514658607502757304541,-0.578191155298713862448072725770
0.584955804020010063502414067590,-0.577988139775757428697346196517
0.686164319438950810148853165966,-0.577954193953244972077464749860
0.534361126157772973180493965640,-0.576979103929369447537562316216
0.483756543450435768365745495778,-0.576853444313310222862323086315
0.433151858050378742775981461394,-0.576779980825133214688308588350
0.382547136409891023431342688308,-0.576738399439950364763513586258
0.331951869918259439749390144120,-0.575759323363426137255935726976
0.281347186898869152592103388964,-0.575684237879661648154986500690
0.180139001618919433207717711649,-0.575329032380044844363896984613
0.230743739941888727191153738620,-0.575322661615357225097377294141
0.129534273967576300387976439822,-0.575295556176144851522631383338
0.078930029272818415222974255668,-0.575071948940331134699904897822
-0.072875882713277304426871617093,-0.574371482878138011266797412072
-0.022271175784115202805260558428,-0.574314756019834414639943380021
0.028333352181138835938090002248,-0.574168705560534367007159005901
-0.477808625656125990676908034164,-0.573893608556609370707680044341
-0.123575835692282061457590018741,-0.573836029009436505560225503198
-0.174180566639822909742933527235,-0.573807974600846468519731051184
-0.224785292618065842531957625981,-0.573772058173063815134643497158
-0.275390019024142669897643881304,-0.573736749690365106582106524219
-0.427204178515167686876937484366,-0.573721821243932415722291492537
-0.325994745126163581394701378549,-0.573701008085990625666375346697
-0.376599471292138635030128353866,-0.573665357146037157126750760742
-0.528536272442371547728462917865,-0.573279331786148006324069757595
-0.579692263205504316200667758312,-0.573068199729770746993053044965
-0.630296676361367136194621214135,-0.572886677076700215466312244015
-0.683543477276927179869275803887,-0.571543196103853302884951435789
-0.811893230202232684460914540148,-0.539318879627933656962277310421
0.812939119409163734021123163119,-0.537741070874820399429716226453
-0.758571181212000000000000000000,-0.536206842108000000000000000000
0.610333766042650344215644916248,-0.534184034534575314367947194977
0.711539763988591485676023103291,-0.534171475955946641358899344678
0.762147042721009460030652412473,-0.534011675487010246383963791671
0.660936712951803308701111854992,-0.533758187810640216184395705474
0.559738642736329734937106585720,-0.533197586897316794760013084790
0.509132888254731136860748350939,-0.533027056272136328617075319150
0.458518000972714552188505737720,-0.532991666477441535496731697270
0.407913315572657526598741702803,-0.532918202989264527322717192367
0.357317444469759615142952617418,-0.531970886430885070662723463625
0.306712784327127423608605878098,-0.531881705875085715866626260346
0.256109238920523023500922549139,-0.531534180905383485609984791063
0.205481569602667853422831542598,-0.531474487980928288473944677032
0.154876844617544937909557630971,-0.531437198533139996367893292845
0.104272381881380963390277718212,-0.531270068323328822846012529043
-0.047646332160748301935551073721,-0.530504532217757897234715162061
0.002958267225398792733570171457,-0.530385779152951523172557334690
0.053675704789701384105393450578,-0.530366824943532055153266649203
-0.098264467594296113436501743088,-0.530016236377212662167840399994
-0.148876891948147220508681590959,-0.529983738972364697692960750166
-0.452651500039767706341617944610,-0.529980840361624022312289443154
-0.199487033558899026315431099115,-0.529944696058762161304651057234
-0.250093443751384195343249361226,-0.529908415695191341522303596456
-0.300706735239641874528076324731,-0.529867731488158925039223323808
-0.401959283606000000000000000000,-0.529862913366000000000000000000
-0.351318893169029224684297760459,-0.529827793903035138039720012106
-0.503310359421407124297397903992,-0.529410289243808683302456646632
-0.554238506347065422318314002640,-0.529330963384588684392793553528
-0.655946295550939489705030477939,-0.529125804127145789709584288916
-0.604906608448336108952598975010,-0.529112437703588178782664813404
-0.708686133637437359150928524589,-0.527626383691519266967926094882
-0.838790969950368099097057649462,-0.496452595824682810924673259537
-0.787761134182866814674040245514,-0.494838754593993545976622263244
0.790745400942722973414417136082,-0.492262741508459477764471054449
0.841351791928414815680882415942,-0.492100226976365629028873411880
0.736705022270369800426473673591,-0.490267611012934758967314508426
0.686101971233581623451562418578,-0.489854322867628333792810872551
0.635497269055205932199931939602,-0.489793505429846181247860952638
0.584895048734276372456672574019,-0.489288649098853550018089036971
0.534290594837228545358269228598,-0.489118863633042125281971116750
0.483685864751754884392159081182,-0.489089295082236589166652755145
0.433081179351697858802395036196,-0.489015831594059580992638260367
0.382485308248799947346605967021,-0.488068515035680124332644523743
0.331880648106167755812259211774,-0.487979334479880769536547326561
0.281277102699563355704575895599,-0.487631809510178539279905851374
0.230672385364774725671584401429,-0.487585282217296295191716774238
0.180067660379651810158310498984,-0.487547992769508003085665386113
0.129463197643487835639030572417,-0.487380862559696829563784626398
-0.022377188728086472076810701299,-0.486579909078818217940673860764
0.028261851332422911811752014910,-0.486561491221924095789979489238
0.078866520551808256354146320047,-0.486477619179900061871038732928
-0.737883044337598181668931882626,-0.486293830094025749823130182816
-0.072982070716578628487001204901,-0.486179722037675799467359725782
-0.123586808262355614209675447649,-0.486151658842755322067161189978
-0.174196294738632991963172295194,-0.486112993932927161803553428148
-0.427360314203000000000000000000,-0.486092873845000000000000000000
-0.224808649330679836432755032903,-0.486073284208841747813511273129
-0.275423725827557134271317103443,-0.486031570429151097565064259791
-0.376684936862000000000000000000,-0.486019845257000000000000000000
-0.326033932530246026989267288964,-0.485992758294312014696604205707
-0.477993171106539772001496583445,-0.485593859024627388020957604039
-0.528789732975722671914114380692,-0.485590827179761018594438384758
-0.579411124407340725756293885132,-0.485399511985464602890789986102
-0.630492515517067586700357958998,-0.485388581269377329403158073640
-0.681113217114919174047153708056,-0.485193214404214276746335445839
-0.814657207976398403439257448657,-0.451973374672479458114152095970
-0.865168997711387038183774188011,-0.448907648153179896383461963164
0.765303380492083313810238396975,-0.448518677034383990347821781178
0.815907861816736885394741725288,-0.448357273237564577146419965066
0.866606398295037162863667671550,-0.446104651065432651670667222629
0.711797426816963941339677855062,-0.446026065790106684380479115892
0.661079929212502119877440516026,-0.445868677545339706837092403842
0.610476229573660903774863366313,-0.445544387266760171764941725267
0.559870359678326248549091945487,-0.445304509696384278631760241589
0.458524775292452914224853083646,-0.445183040874620072110716852300
0.509255503318128307109249751148,-0.445140644319919462849953786745
0.407927671887007312816110689912,-0.444304002592470231754298372770
0.357322773022850145583407672974,-0.444163089376364678217386098185
0.306718796419165338301287744415,-0.443885360702007033781708840532
-0.710452927287950352774889429312,-0.443768211227682848542480622105
0.256076322045235048813041454424,-0.443748324738168101664679669593
0.205471637255737041070793775791,-0.443674441868781529243952265873
0.154866933968690874287442859333,-0.443614554033132706837138687931
-0.764779118131129770434149102291,-0.443428450172511661960660010257
0.002908358529917475433120820077,-0.442745211849498966384878711508
0.104270256877011295002558591770,-0.442711310653335939144392808254
0.053513057983966336262064207883,-0.442682168307190937438131386422
-0.047694805637985920284959084222,-0.442346015758514034607393774364
-0.098299536582766651917774180492,-0.442317956371648710794304123151
-0.148904262559698006570670630912,-0.442282038095955536019827223852
-0.199513940825345751957085239201,-0.442243872817026099297513099578
-0.402053848283000000000000000000,-0.442231118615000000000000000000
-0.250128261149806773401681436893,-0.442202595446161549564972720718
-0.351397686042828435675171590299,-0.442185521637263429770356535633
-0.300740159026363591830414240865,-0.442162807310342905352467650341
-0.503430790862000000000000000000,-0.441797262933000000000000000000
-0.452684779790665358665675468426,-0.441772347066167848825004216748
-0.604964169047304033246892120602,-0.441694839064771524601193356378
-0.554051063275643977081464583707,-0.441607881726710320698156429147
-0.655681141008618245534325843315,-0.441443367704526776920630994724
-0.837257740243964605442528865070,-0.406695835842000402084147184837
0.787436905138098010931852745828,-0.403011021985292526597971752548
0.838049513406063961450329956245,-0.402853571781312805710722636574
-0.887691608693077881289706450592,-0.402540779334517468522079715565
0.736841239167117104609293942858,-0.402052812052258768441745168496
0.686236585768743588020411832880,-0.401959883298239810253722544889
0.635632906037045589658990987890,-0.401632501358333202012617503051
0.585028716741938903874959146822,-0.401396689764365209773421632311
0.483819616255100824631708671428,-0.401353705926469317051936586549
0.534424224442242260961628150402,-0.401238764425096965071066732598
0.888600862005359166329351549390,-0.400529623392175356474519112040
0.433223034444310864628211456438,-0.400445140911251149248905276183
-0.736536780570000000000000000000,-0.400402552267000000000000000000
0.382618417288958202153846514153,-0.400334218041531580355052127874
-0.684872819231000000000000000000,-0.400104730093000000000000000000
0.332014554846990599818391588335,-0.400036413949450044250030535971
0.281408809703644044845713141018,-0.399940738062349086415995049409
0.230784909269772295377708309180,-0.399829838749443213170482610305
0.180170539622544765804662978517,-0.399790278542976646612842511338
0.078916794309169374910476487104,-0.398915859780626814711485446929
0.129573862530865186519778727038,-0.398887035163179878920096627917
0.028182580005902807861267035414,-0.398873419560785517653485944223
-0.022420815072300613342429056868,-0.398504654212498040513128693546
-0.073025546017081344975244167033,-0.398476594825632716700039049427
-0.123630271994012699628140602946,-0.398440676549939541925562139692
-0.174234998398876502550304065251,-0.398405366328756077548590583582
-0.376757808420506222219474290321,-0.398392461410724647568759907000
-0.224841124176902355582190375976,-0.398368815264246937352213880954
-0.326097451766107249373544508493,-0.398359299727704967255067379491
-0.275453213794625343567283099804,-0.398328916516005356753059242262
-0.787379650398695972437420506298,-0.398150911342032605930655097984
-0.478092498834885511336367342036,-0.397983378576418238859064166856
-0.427376331739316737510318504396,-0.397950867874394461152471869642
-0.579520953846000000000000000000,-0.397869658190000000000000000000
-0.528706222515108497499341415374,-0.397807440768359922483375607286
-0.630127138963195682853527960566,-0.397764625039640241747966178883
-0.858876289978881176408449245482,-0.360941296300204350077629259604
0.812606882544518086865321004286,-0.359109862334514020936856451163
0.762011253565286953925000932872,-0.358149701140324939969021509514
0.711406596586864477739533988964,-0.358058742803504172950047263407
0.660802916855166479378113159284,-0.357731360863597564708942176398
0.610198727560059793594081301928,-0.357495549269629572469746350914
0.508989627073221714350830826646,-0.357452565431733679748261305108
0.559594235260363150680750323972,-0.357337623930361327767391443190
0.458393048931602780968845584652,-0.356543796109029078794517997113
0.407788431324794148691204209416,-0.356433079391621128811468141452
0.357184568905212901885645708778,-0.356135271495599852777173311448
0.306579919435164377766049955654,-0.356040227630161601301777758038
0.255975279221085438851218201598,-0.355940377109559548778521003076
0.205370551935464821442318599760,-0.355906352547784313487063909854
0.053564442072201774861953014690,-0.355094421635179530220409763114
0.104169170438913927661026492880,-0.355062044882436402654256222493
0.154773874843785242157434348356,-0.355003109167987545794318022435
0.002960864308876716684947972940,-0.354725550371579169934913633630
-0.047698880402850993329418491718,-0.354665641969208768085474220177
-0.098303606379782347982314941406,-0.354629723693515593310997318450
-0.148913262069489960890915698298,-0.354591564272921370414954797796
-0.351457494122466605693394721302,-0.354566285696395522870029403208
-0.199532572877798686274610076438,-0.354547395701851679523938235198
-0.300814115249308304624009552779,-0.354523327331724735945243366512
-0.250150869719289157943634258814,-0.354503912629911522851363559119
-0.706682337739000000000000000000,-0.354438860892000000000000000000
-0.656068802675000000000000000000,-0.354313021116000000000000000000
-0.757377101711000000000000000000,-0.354263384529000000000000000000
-0.452771152626492145996981978773,-0.354169351056484365992341697319
-0.402061882037665669560638032165,-0.354132855395216243930546539134
-0.554155755250000000000000000000,-0.354054830474000000000000000000
-0.503377010281251533748084326422,-0.353997960185556038505911953911
-0.604762910859936737150244368733,-0.353975408170087882475535240765
0.870577981900576998484017858169,-0.353243099159033765461058607325
-0.908757369322028406637928082093,-0.352413840355698362756555063008
-0.808998200133612543403340889417,-0.352396371800236553924137171771
0.916454260688109958050871464134,-0.331884105130021228121380386721
0.837426276734056534911851355119,-0.315009553340277427933726765215
0.736241511961040233932929597090,-0.313967172637764231621640761689
0.786844085707837996194250943341,-0.313499079139909692264152422176
0.533832033181380728537309540345,-0.313365215317668721128503331123
0.635036915030275804441188058203,-0.313334615553444445424436534746
0.685641609347052479623610514415,-0.313267575055010370189261584531
0.584434328372246163388235990327,-0.312867919893039958039830106413
0.432633123614842119364500286623,-0.312347017576851704567645347939
0.483237859863752735618758974418,-0.312331190352467459721404942135
0.382029399562099777771534769092,-0.312026559597163227268465643929
0.331424712539197318625823520384,-0.311954222629247342400671078045
0.280820072325118379710991748916,-0.311854372108645289877414329796
0.230215345039497762302092165750,-0.311820347546870054585957230581
0.078409235176234715721726569170,-0.311008416634265271319303092804
0.129013963542946868520800057148,-0.310976039881522143753149544835
0.179618667947818183017207894798,-0.310917104167073286893211347428
0.027805840119528963396910543744,-0.310639648335997040385301039499
-0.022798890375321489762611598427,-0.310610788911324542636646622144
-0.326427203169808207907941542781,-0.310585333954213919929278622370
-0.073403616352252844415508032634,-0.310574870635631367862169710039
-0.124008342713287365510690771355,-0.310539497656428959599675972919
-0.275822506127165554261183743776,-0.310520383625548996911475094690
-0.174613068689121361697772534378,-0.310503577834716987939941560074
-0.225217794748369308482797984147,-0.310467775721489027060512156490
-0.731365678456375045664605616452,-0.310261129253178340481429788236
-0.427634740257052676407695061460,-0.310248964508591481495702938223
-0.528843709515739885463429711965,-0.310227823876051002550877278123
-0.630154473463000000000000000000,-0.310199128549000000000000000000
-0.579448399280895008358099126021,-0.310157431438643491693501957819
-0.377030092987266997359841533990,-0.310152756279148065631920706861
-0.680761020955000000000000000000,-0.310139247702000000000000000000
-0.836763017884894518770927349008,-0.310088518196432246417491219988
-0.478239191462177176237742464173,-0.310078378603507344181027707470
-0.781966311332250428633076606401,-0.309616510075896755545595866271
-0.888988774056958509963202707710,-0.305830128367829728769625453072
0.883195016400599273911868207342,-0.293421083022557437471681821933
0.932712698676224583492639370629,-0.282988503122405084477692560717
-0.933232942850985782068074435297,-0.281268102615696352671440423397
0.812833093341000000000000000000,-0.269639976947000000000000000000
0.761918593968890272170355721167,-0.269458649499697409451153341737
0.711313857254221817416757434108,-0.269444388997379957210883158733
0.660709569062275611311393277821,-0.269230852327710337914536187909
0.610105004423654651652834246489,-0.269098115526208418046176375444
0.559473548106608601864824056307,-0.268847481119063632747111295788
0.508869031085422478723388783794,-0.268697686675495923331469935030
0.458220341293299076780189902116,-0.268342972090075356603102077856
0.407615658773648763089082748278,-0.268267550553112786254060822073
0.357005471385317020394482538478,-0.268041987302709143288356798844
0.306399880024161502646926419792,-0.267970164847850614900898606382
0.255771854499057211285146093793,-0.267883627686233797901493889293
0.205171240540801227346930742627,-0.267237525240495118747053587089
0.103796744176393461094131513533,-0.267101999393530117666281141662
0.154401448581264775590539367231,-0.267043063679081260806342947915
0.053192585242831581642207831283,-0.266859759946599513861070860918
0.002528467867008723270980984830,-0.266800236463455232079542637903
-0.048076258109922631381915459266,-0.266764318187762057305065738059
-0.098680984470957152477098180773,-0.266728945208559649042571991036
-0.149285710446791148664179962316,-0.266693025386847677382837587916
-0.301099873012934946475847526671,-0.266680968658592049669081302971
-0.199890436506039095449205394371,-0.266657223273619716503408173277
-0.250495165068868155702227477363,-0.266625154515731524089831295411
-0.554122281265624157839160603276,-0.266346162025404469536056536040
-0.351703474955938169334812749597,-0.266341775915567872210636366733
-0.604727012557168733689379582371,-0.266318735151556696396285341127
-0.402308205399103319221283440250,-0.266312826003061782400721427692
-0.808232530226000000000000000000,-0.266291915603000000000000000000
-0.655331740836725770921019284230,-0.266286222461110039399434651314
-0.452912923550785564624999362139,-0.266267195841531431140059516241
-0.503517654748195398517890889620,-0.266239595828203595594810755657
-0.705936445469623313597388202861,-0.266227482865965043805456497842
-0.756539874351964462610747740902,-0.265863385801047695311098454143
-0.859357411442555429096641186011,-0.264807915714968166750307633260
0.885217365970618585529025205170,-0.242856770671458638781138830267
0.946142984068406486445120966798,-0.234198473243264969252541117509
-0.935059332888052323828556778211,-0.230696333012929396562336345742
0.787224869006668484079969045071,-0.225635915387878653866862782785
0.736620132292000029326370774096,-0.225621654885561201626592595832
0.686015844100053823221006601055,-0.225408118215891582330245627878
0.635411279461432863562447584249,-0.225275381414389662461885812594
0.837826865412188609169974492953,-0.225109093692645667486383677569
0.584807085832515041188137130085,-0.225040501679562043067682956946
0.534202568811328918046701862140,-0.224890707235994333652041596238
0.483598897297120998268002938138,-0.224562057566921387652585518287
0.432994238531775804783846710556,-0.224472098877448411742003216998
0.382389925663580811424581511248,-0.224264492373035803955391423165
0.331785289657456555773607414836,-0.224162531544712562755833513772
0.281160764531342832366271844885,-0.224108716736063421106115289664
0.230560150573086848428056482190,-0.223462614290324741951674999363
0.179954021174247819920262205001,-0.223363484752503092660185189697
0.129148040700464316994162108321,-0.223189842911060525745473259791
0.078543481579979178853259272665,-0.223055018787980716271481526741
0.027911994786204029248530877975,-0.223022203816186498564017357091
-0.022735889196387522126665060022,-0.222953322735165756710054596772
-0.073347987391843067763472609569,-0.222921653117944905478952814948
-0.123952713367677063950554380048,-0.222885733296232933819218400822
-0.174557439426925010735579820624,-0.222849931183004972939788999199
-0.225162165787959531830762548438,-0.222814558203802564677295250799
-0.275766892540314009225147077320,-0.222779749550009511864356959251
-0.326371035333310714324524161781,-0.222534161462270208284123423618
-0.579394569695402358011216199844,-0.222503819263584148091320443742
-0.376975762140374561710277130418,-0.222499432435888185946432749100
-0.629999299716065932421471862950,-0.222474140001622143030209592076
-0.427580485172513459791226401399,-0.222459580668665807676594660009
-0.478185211980563764797054954628,-0.222424853079711109695323426919
-0.680604008656589552287130652990,-0.222419236743716695513105415664
-0.528789943177973598689946463821,-0.222397253066383274150074670344
-0.782250902267395694933351301844,-0.222276889900886648782861092406
-0.731207442049509208221576674391,-0.222055767114746548724241268885
-0.832852348820946290251826953985,-0.221699665498247262347825561276
-0.885321151092844660495291537152,-0.221371481645228525684822611961
0.910027447774939963184837936191,-0.198751222016150867956326431585
0.957633013684428051339109929097,-0.181588772431076323720517401356
0.812256393983903168647692328340,-0.181439990515936419192112218685
0.711047718317889840807177122025,-0.181236468259808277161711856626
0.761652405717218997219081926760,-0.181164395109351830355006593806
0.609839093126705741649556571609,-0.181060526780223783163851455351
0.660443732750665714209894129925,-0.180960377631549895667518299170
0.559234593567496157260419161541,-0.180904945017806728821986847978
0.458027566449499718813499591888,-0.180486727529250557248107785533
0.862851279542274212011476446297,-0.180441423213158557824125977236
0.508632250761730449878570987300,-0.180412518484594540301007830800
0.407423396798101158429186116836,-0.180246737497556069841017665157
0.306214126038778990050029666670,-0.180140902843392386077399638343
0.356818852934695463805885231281,-0.180106303529126519326886694444
0.255613573379650464680232182086,-0.179490017359147317271025747033
0.205008920977959411552721505687,-0.179396547434231620129938102985
0.154404215873120598892309787020,-0.179338215837815680789476655077
0.103799671024379460467396424151,-0.179198137379134379435966461928
0.053194933755438594898734835601,-0.179186002128531122775275347124
0.002590214768846531316854499989,-0.179141307488041161150126128420
-0.048014516925824094367049844212,-0.179114634782178383735469858714
-0.098619242901658090554131620700,-0.179078714960466412075735358512
-0.149223968877492086741213383160,-0.179042795138754440416000956190
-0.199828694936740033526238833298,-0.179006993025526479536571541434
-0.250433419607550317600462588679,-0.178969279442763718618096496167
-0.301037578995593145416013008233,-0.178727134956151382704313523531
-0.351642304983009092350112561846,-0.178691231455083491572637801337
-0.604665839436232250711789358707,-0.178660889308926062246694798802
-0.402247028918922317353533613888,-0.178652544340291420606800758117
-0.452851754913343352491799566656,-0.178616650714007721831969006125
-0.655270553749137048472825465477,-0.178611183855220058116405541583
-0.503456481721393657497628113570,-0.178581923125053023850697782024
-0.554061212918803491390519643342,-0.178554323111725188305449013608
-0.858816088471235521650477303842,-0.178263231428507621282340530054
-0.705873994467584163186573443000,-0.178248735545183473544520705126
-0.756533461802128130444708736346,-0.178244440898654938573211690462
-0.807138035254573535407041478078,-0.178115107921817764866320066756
-0.910432121534158426856149094511,-0.177436544012197724631842319844
-0.960128829410541101993590204879,-0.167893127036484885274637397276
0.895447595584266832212217464258,-0.141733287610763880098450438023
0.787320708730686894346224732595,-0.136974350048769705219017062195
0.736716006988084506715104828421,-0.136913171089194618432973678907
0.686111318312382760296845133528,-0.136841999759691483505671786789
0.635506633006823636170606304438,-0.136768471206269880381644922311
0.584901927345878987793496581396,-0.136710624062896367746920098395
0.534297349858106775168782982506,-0.136582879760097397090930744503
0.837922222087315495386503445739,-0.136403011846146156797529526456
0.483693018346502185587974103720,-0.136379868463705863234928270766
0.433088346761943504876576108366,-0.136297435813626901308142289386
0.382483717709305248716814016652,-0.136192080378456396862781345137
0.331879121144668611775928763744,-0.136072131000776892912766294006
0.281274779627132858320924235019,-0.135871629381214719355554627336
0.230550858115068164408025818546,-0.135527534662087166185275181124
0.179945565597350626083652308115,-0.135434429669181351114753057483
0.129339529054165072977025266684,-0.135376857169201752965822849930
0.078733670411166525686356773381,-0.135237527799861612088166928246
0.028128933142225660117695168739,-0.135225392549258355427475807018
-0.022481500175037981074465820724,-0.135183808342850556839641298316
-0.073086251952715535091502610990,-0.135157295417014519605886000665
-0.123696816288516973508828329685,-0.135124706106329490338360628678
-0.174305060943834071613352327901,-0.135090794022963171349673791272
-0.224910362448638579094216437094,-0.135055320291199144950052840428
-0.275515082539982863428766632433,-0.135011894497758559032399638733
-0.326239585565858262464911360611,-0.134844354208400748740012544490
-0.376844311553274209399010928477,-0.134808450707332857608336813395
-0.629867846000411164612204737899,-0.134778108557680104396856564768
-0.427449035407907305592736061710,-0.134769657419667488874749351626
-0.478053761477522266392214941665,-0.134733869962761763982130721423
-0.528658488285572571398043494381,-0.134699142373807066000859544965
-0.833101140031616304007858156821,-0.134678294368575409351599836438
-0.579263219482982405290935004721,-0.134671542360479230455610786623
-0.680471714939969253431935240711,-0.134481410612173357117580199897
-0.731147118689599395024998522837,-0.134406874574400917130545318714
-0.781751811409212623727699550483,-0.134338639126401329814881549873
-0.884389985433303667104500104236,-0.134047066847481887647027320422
0.945231326796461929794857390689,-0.132527201485419793582265900710
-0.967542198051724749749080535692,-0.117834346121317217424528897740
0.762131858162335933871588649733,-0.093081688245157430158637646990
0.711527153656811032509730626176,-0.093022839019609715158851850485
0.660922464981109286091470915169,-0.092951667690106580231549954343
0.610317779675550161965232102136,-0.092878139136684977107523093922
0.559713120067496470766946872839,-0.092788655753540092666099359576
0.913956032704768731569513612142,-0.092744095010422892650828086792
0.863351378752841271258816702580,-0.092651468186487863305463604018
0.509108692082051030934145940713,-0.092611315434643905460563089702
0.812733397584148372782075412142,-0.092512663231997654268168953725
0.458502724619689657215118479001,-0.092490363074834719137541235841
0.407898053035130976503720497547,-0.092407930424755757210755266718
0.357293428148505551613637072255,-0.092300592608630588310349108687
0.306687870669000000000000000000,-0.092105841386000000000000000000
0.256082934926075621047377193711,-0.091835972146657998705365473416
0.205350766240341366145674213110,-0.091643654354755998964190079852
0.154746113843541248047525240538,-0.091550181781923749409738751340
0.104141433132119534829438246564,-0.091473556603927046183107540693
0.053520474172893031565910848927,-0.091361175207911228512836024139
0.002902154720437895389308599447,-0.091356847647690637350127019935
-0.047708462644093181643551561593,-0.091315369278897983190289813394
-0.098316937712042484979144309149,-0.091290997676756839277082645059
-0.148921663668671136946578956754,-0.091255050808267602618241742515
-0.199526389633639542928816758333,-0.091219115682106011418610118571
-0.250131115691167104632167247240,-0.091183311137271322099819004058
-0.300735832534552558471033943815,-0.091136252412040329214952452163
-0.910952032633000000000000000000,-0.090973316397000000000000000000
-0.351434416995500473638803170358,-0.090957453536847820874083386587
-0.402039142982916420572902722720,-0.090921550035779929742407670210
-0.452643866837549516766627872650,-0.090882756748114561008820201410
-0.503248592907164477566106741705,-0.090846969291208836116201582203
-0.807621110533183062335024216089,-0.090845893246687295425631278223
-0.553853319715214782571935290967,-0.090812241702254138134930403764
-0.604458050912624616464826819686,-0.090784641688926302589681635588
-0.858225719115352702793397306570,-0.090731125793798469998081847653
-0.655062745940025836401918696614,-0.090718139759976371824890031721
-0.705752111180377869644956097405,-0.090635500653430351427337500965
-0.756390371417999754704977522664,-0.090547807404510634404458168538
0.970647071425686102570350090312,-0.088767865267134872780902083474
-0.972354917964000000000000000000,-0.067457424377000000000000000000
0.736868346245567206888745636139,-0.049201260534954400001166585821
0.686263657726563989475819243308,-0.049129977875746344636039195279
0.635658969820011365726852468695,-0.049058261746134883093038599663
0.939371777333992904345006311063,-0.048984758792137971849464261867
0.585054299150893309684735790497,-0.048975269017883935379815952869
0.888767208201601608965085567682,-0.048853746396274390121467501026
0.534449870801213870658132972964,-0.048798032664390345923853104188
0.838162554249674148654388672394,-0.048761119572339360776103021446
0.483845250438819322218920545917,-0.048688582672326122942457946276
0.787470244095885254914541258182,-0.048665056032159498479484414211
0.433240595394356084446324897458,-0.048596554667234193605533808609
0.382634355095000000000000000000,-0.048488769390000000000000000000
0.332028186121000000000000000000,-0.048294802879000000000000000000
0.281422295123275303591763075845,-0.048032360353571663267748035981
0.230816594539240686340576311603,-0.047913445455485710052566048742
0.180137606041140762689829450305,-0.047767281053259367589934789483
0.129532285356090894298833499447,-0.047674192512982167812290003181
0.078927605754886401340498389773,-0.047596837601840747684429961223
0.028308919219582895595726936337,-0.047483879505474609850010517586
-0.022299244713494118148887603372,-0.047473718225391559420351133387
-0.072906358286564370413692635412,-0.047430227869601245065694844876
-0.123511769141684696153036117320,-0.047404097005203911411153498629
-0.174116495098313348120470753361,-0.047368150136714674752312599428
-0.224721221063281754102708570586,-0.047332215010553083552680966448
-0.275325947120809315806059042768,-0.047296410465718394233889860931
-0.325930663964194769644925753158,-0.047249351740487401349023313033
-0.376679172149329775766795685895,-0.047099251127879339465790425322
-0.427283898136745722700895255521,-0.047063347626811448334114698931
-0.477888621991378818894620387030,-0.047024554339146079600527240119
-0.528493348060993779694099268720,-0.046988766882240354707908606936
-0.579098074869044084699927822015,-0.046954039293285656726637429503
-0.629702806066453918592819331788,-0.046926439279957821181388672336
-0.781991506580824712290862274411,-0.046896673860264531402819241786
-0.680336847080358997528787281201,-0.046875885343773757876880445038
-0.832626779039793312075773089235,-0.046850937582880107767900359515
-0.730998885272312045647192301025,-0.046774390669736674719247023289
-0.883243051982000000000000000000,-0.046741709812000000000000000000
-0.932700023437000000000000000000,-0.036016196673000000000000000000
0.974604931698000000000000000000,-0.011955649641000000000000000000
-0.974661158486000000000000000000,-0.007714182662000000000000000000
0.711642826623812039970473485156,-0.005299967151171176841115955800
0.661038124136448919789537220738,-0.005239407360016856769891541575
0.610433439233359726842002951562,-0.005165602333788719304398483884
0.559828946834424394168173235435,-0.005007708797075031401843613849
0.863545098408237482704794835749,-0.004982517112217107740451004468
0.914429407779666467529117920345,-0.004953885733132550361617511142
0.812899400761411030786854519828,-0.004913512372501204987418497532
0.509224306423717941322250202995,-0.004907957977854009915156480172
0.458619668388592535657236118284,-0.004807009194904735667259661435
0.762245051813466344825828176593,-0.004795599053096795760786226522
0.408015044319251171346677108002,-0.004699286757703957920715942465
0.357409661429000000000000000000,-0.004506373335000000000000000000
0.306803802039000000000000000000,-0.004251033199000000000000000000
0.256197285232000000000000000000,-0.004133436687000000000000000000
0.205591253330671077943336748642,-0.004029980942449762963566286873
0.154925124690375158100101559503,-0.003890517664648575345753341797
0.104319095947737292308458918469,-0.003797835996273472904825857481
0.053714419265147121771383746453,-0.003718594761083012104717238057
0.003065059743274320150762345230,-0.003625161557235111036078215002
-0.047545166834206223300398346886,-0.003616187542534150961735734691
-0.098151345067690017287332773644,-0.003572158785980712647844439455
-0.148756524295513998281028636371,-0.003545894596235430002860531666
-0.199361250252142650248463283964,-0.003509947727746193344019628481
-0.249965976217111056230701086123,-0.003474012601584602144388003201
-0.300570702274638617934051573300,-0.003438208056749912825596891663
-0.351175419118024071772918268780,-0.003391149331518919940730349801
-0.401945262398536051187684775513,-0.003253336097607666634225576878
-0.452549988385951998121784327890,-0.003217432596539775502549860303
-0.503154712240585094315509476674,-0.003178639308874406768962391489
-0.553759438310200055114988345723,-0.003142851851968681876343768305
-0.756583460626000000000000000000,-0.003111037833000000000000000000
-0.604364355360715344756005392603,-0.003108233890270967359450812162
-0.654971379447048401114734067569,-0.003081955241114899217545939161
-0.807226006780810728113996363321,-0.003032570301890680316365131828
-0.705580102020548897195443527927,-0.003016819446887421630573067766
-0.857834742816787904446543458221,-0.002971578613763793404238326069
-0.929169109731000000000000000000,0.018299502416000000000000000000
0.949194886531707202003240630667,0.031818400957583925028257122233
0.686419819192211827877803329597,0.038599469858254396430068815685
0.635815110294173762171422428679,0.038654412261431133197947079242
0.888962639408368722435780903371,0.038775775711309351619492788894
0.585210559743475544832233668153,0.038792415466714799370737871638
0.838281944919974364837260686677,0.038865090087621048048233536356
0.534605899319413077790319603111,0.038881436184335535364097885517
0.787674208478992120698141432484,0.038955944606561497731279708227
0.484001258010679031398045439426,0.038980730379571499917519772419
0.737022321032454065369493645419,0.039075273211669213843202526462
0.433396634488314858018108068775,0.039088709463779597451403157033
0.382792264226358202606237166754,0.039281820089164944925716941604
0.332186893019086813170436962049,0.039529119584464933943767382196
0.281580561882000000000000000000,0.039646919268000000000000000000
0.230974014998000000000000000000,0.039749557319000000000000000000
0.180364091927082821327631364233,0.039855322449041707907909189747
0.129702372090766910288539503835,0.039980342055919873921665864137
0.079092589892883210608273617041,0.040070865529840223684985011101
0.028473228398000000000000000000,0.040143065937000000000000000000
-0.072804941649708050947332692044,0.040233366133563618717134613948
-0.022182848587000000000000000000,0.040234559144000000000000000000
-0.123413766134713012768959493011,0.040275870396130455025699385908
-0.174022613918802155759902808972,0.040300020794719863747202818704
-0.224627339875430807727337445019,0.040335967663209100406043718512
-0.275232065840399213709575263373,0.040371902789370691605675351832
-0.325836787547704240010969547230,0.040413402777940345928500020831
-0.376441509367230347193807360671,0.040454765698752752890834500661
-0.883676737907000000000000000000,0.040539527634000000000000000000
-0.427195703546399883089161797496,0.040601592965852290907423629809
-0.477800429533815830023261367065,0.040637496466920182039099356425
-0.731132853335000000000000000000,0.040663669975000000000000000000
-0.528405153388448926216986498563,0.040676289754585550772686815272
-0.579009879458063887016465375625,0.040712077211491275665305440480
-0.781838036703000000000000000000,0.040744841014000000000000000000
-0.629614606266177021042901103824,0.040746804708891975508091935433
-0.680219337464282956652341823908,0.040774403445885109726298284768
-0.832463762316546603448318459266,0.040829660339531023348134237071
-0.973741015053000000000000000000,0.042893973292000000000000000000
0.971637579431452460242160818810,0.077174383106916372150716964591
0.921038281893970558264355592479,0.077916454556453239855686372100
0.661186449760916777548226803177,0.082491278869912622897760954230
0.610581839514864838667982479649,0.082605310304240808827707822313
0.863699485920105604568246752075,0.082623382911147507408177312347
0.559977176541920933933499410925,0.082692870098667147917964922912
0.813056752637555454748547599767,0.082734547066683750766931722953
0.509372525240471747508570345373,0.082786933808869223578640550909
0.762451477697979841241806905149,0.082826816871327507335268445582
0.458767877129542349358763094043,0.082882698582400583888868398021
0.711789197504702806587320780955,0.082940168724551558864190260896
0.408163564514688761169323030572,0.083090366829876738313297255159
0.357559318113047030039083482940,0.083313587448928214385060223162
0.306953385784394940837239074005,0.083431447351477639147655318088
0.256347727123000000000000000000,0.083535469068000000000000000000
0.205741215096000000000000000000,0.083638683987000000000000000000
0.155126476946000000000000000000,0.083735007270000000000000000000
0.104477835247900433327451490143,0.083850175910012728514758502572
0.053855286049904721402708582915,0.083933356066288595744614447892
0.003228860856000000000000000000,0.084003619578000000000000000000
-0.098054995589644549296896377146,0.084088518138238475779025771988
-0.047421489951000000000000000000,0.084098443830000000000000000000
-0.148666819471382770802750726038,0.084129295330770990099207217522
-0.199273055066665987661379834462,0.084154949858179821288852031035
-0.249877781023294639628814483190,0.084190896726669057947692936876
-0.300482506988263045611052284200,0.084226831852830649147324560505
-0.351087228695568071912446584165,0.084268331841400303470149233531
-0.401691950515094179095284382704,0.084309694762212710432483709364
-0.858281978999174338034772243499,0.084352749253941989742152276578
-0.908938992561000000000000000000,0.084397280923000000000000000000
-0.452462967309957191542370493890,0.084446831740725710199981859422
-0.705743490349806866816661066648,0.084470595508801087210462278690
-0.503067693297373138476470045686,0.084482735241793601331657579065
-0.553672417152006234670195190427,0.084521528529458970065245048882
-0.756366504082000000000000000000,0.084529389606000000000000000000
-0.604278436513212467733729936438,0.084556570659055939071006057857
-0.654886995663689252686141045605,0.084589089269158120000849448125
-0.807085173029000000000000000000,0.084614879679000000000000000000
-0.970200403394000000000000000000,0.093393990171000000000000000000
0.946598015585000000000000000000,0.121611576879000000000000000000
0.895775128405707440396821442975,0.121764061756291395644370913043
0.635939369628664854780785390735,0.126407698656816177916999328031
0.838474293637686694479533665513,0.126492839890210210126875518755
0.585334722283549363397830703988,0.126503867255305846272245279602
0.534730064819789273399883031360,0.126594555172637942587848551681
0.787834021856543175292213073576,0.126605419331449760370920477247
0.737218354170228582459634036047,0.126691712384209852356256196112
0.484125420498711204238227932229,0.126692302090855051214457472287
0.686542608458232588169733071916,0.126797315494963901832500310870
0.433521086875364250453038930868,0.126894786312059522243811410735
0.382916791927647611979268400428,0.127106715940332954733380492319
0.332311950550916289593260153420,0.127223944132375869526331387312
0.281707164995000000000000000000,0.127329565759000000000000000000
0.231100725329000000000000000000,0.127432765034000000000000000000
0.180493732111000000000000000000,0.127524627442000000000000000000
0.129881121390000000000000000000,0.127618029037000000000000000000
0.079242172825000000000000000000,0.127713891863000000000000000000
0.028612178532012657156565397205,0.127792506812318562219954850288
-0.022010256766000000000000000000,0.127867175428000000000000000000
-0.123297384252581693043938286850,0.127948082612957808927047662154
-0.072659285486000000000000000000,0.127962815181000000000000000000
-0.173908923242000000000000000000,0.127990153844000000000000000000
-0.224540318822430880081649679606,0.128000188637543877118484592441
-0.275145044779059532049084314631,0.128036135506033113777325494843
-0.325749770043771808136114931538,0.128073043578739181621780548131
-0.376354490493531600120510575505,0.128116049677178053500505231129
-0.426959214278651487548493072541,0.128154933537086129725041939824
-0.477731200186809375735917339299,0.128291512017858604452925934388
-0.528335926174225322670016903770,0.128327415518926495584601660031
-0.680319821610000000000000000000,0.128338821500000000000000000000
-0.730969525220109968439742799946,0.128339567984174747326922862499
-0.578942794305288390002699360801,0.128364972963646791854688887324
-0.832486505678000000000000000000,0.128396329623000000000000000000
-0.629552918761277852628412370769,0.128397648752723612302966415905
-0.781592132689533329955806024052,0.128399150234611101354672365212
-0.883116111706000000000000000000,0.128453311795000000000000000000
-0.933739393470000000000000000000,0.128520099326000000000000000000
0.914558582512360996783907974710,0.168753650317440550118224143254
0.863974601776365834930800438950,0.170202951605410094855735898850
0.610717852539733268609722350283,0.170305993102859576699557229227
0.813251562856674415023199137767,0.170363712154976219730864255262
0.560113203624285273575027748189,0.170401331799556549442046906333
0.762600898328791916510040203778,0.170470314844332105391908210578
0.509508563543345399913282931520,0.170501249772781962355588093204
0.711971765123758364042046330886,0.170548859154622195324566230429
0.661321289259283079056441314781,0.170668999292004798054155543344
0.458904206128265840754550764484,0.170697698060436131146110028191
0.408299814185751190269923548387,0.170885041198015644425147103410
0.357695210924542627248364576644,0.171002131327913451936414864204
0.307090584250110328281291667679,0.171108622943427817772993620041
0.256485962119881708879242412027,0.171217252495648581689093508164
0.205876947092000000000000000000,0.171312350989000000000000000000
0.155260254971000000000000000000,0.171402199228000000000000000000
0.104637308573000000000000000000,0.171487382276000000000000000000
0.054000806301000000000000000000,0.171576211405000000000000000000
0.003372762905000000000000000000,0.171655293990000000000000000000
-0.047251046094000000000000000000,0.171729812217000000000000000000
-0.148534025737728909391538382648,0.171810954245729258377818089698
-0.097890249135000000000000000000,0.171831116618000000000000000000
-0.249797992847883974038195062085,0.171850952418198734920135996419
-0.199148829096000000000000000000,0.171853298251000000000000000000
-0.300407947307105972595734732850,0.171883887297673065322328562959
-0.351014059474666336161827851504,0.171919996276444764165986713665
-0.401622720521297062935926671553,0.171964633819077754787582931555
-0.452227447155503671742039922493,0.171999613814219023977986010836
-0.502996805453983687210649174775,0.172137706514144978363303715878
-0.959365059337000000000000000000,0.172170164087000000000000000000
-0.553603120125613979779756287967,0.172172694525288723065161396465
-0.806978719256455225973883910016,0.172175408683718199056920956767
-0.654936943283000000000000000000,0.172176234653000000000000000000
-0.705558318569000000000000000000,0.172204768838000000000000000000
-0.604217271664162802806663100845,0.172206053875943930426523804817
-0.756197430685258628438012599538,0.172207464755781682785047495186
-0.857771076427000000000000000000,0.172273988342000000000000000000
-0.908512283142000000000000000000,0.172415996300000000000000000000
0.953812828176697538177958093319,0.200690208971227211035626073001
0.889438581932867812547479212644,0.213934236698717304194508727584
0.838751870995353555474465907776,0.214073823870176104459724653464
0.585497187026641094366492681216,0.214205233305396709101678212099
0.788018439328923156241026269452,0.214228607667858564751852006433
0.534892570915118771300481058248,0.214316631367745821238905079043
0.737354309282321698092452497344,0.214327461614744448360218261813
0.686749657009850574259159551606,0.214421001473216331742593227574
0.484288185850484604402413033411,0.214505823209721847185973431845
0.636100810714134078488392943601,0.214541166360392459011478218616
0.433683690819980880653286384062,0.214662871070464184777001732179
0.383079087558772317631727393872,0.214779961200361992288269483049
0.332474474816294852075614573635,0.214892879342071550126674956074
0.281869860162045101980773221509,0.215004937441873675741394994878
0.231265211211888124472335007024,0.215100257713674230129758585331
0.180647326375000000000000000000,0.215193035650000000000000000000
0.130019437735000000000000000000,0.215276183331000000000000000000
0.079387467195000000000000000000,0.215354582665000000000000000000
0.028761962787000000000000000000,0.215439937483000000000000000000
-0.021866299758000000000000000000,0.215518936264000000000000000000
-0.072489767364000000000000000000,0.215601482431000000000000000000
-0.173768647449220185996029601358,0.215674987899746679252907930747
-0.123118666495000000000000000000,0.215700882460000000000000000000
-0.275039521886210990643625185281,0.215711011619368696562026193701
-0.224387400736000000000000000000,0.215717223055000000000000000000
-0.325659558508939411315501784710,0.215738142656010639243592788151
-0.376270352569717771728093981746,0.215771555432530617015793518392
-0.426886859511000000000000000000,0.215819359054000000000000000000
-0.477493052422677983216771757748,0.215845808310505397888363800128
-0.781588395541108399029618618125,0.215981183869101739542842831897
-0.528259443779412887494621444863,0.215985610525185181660663836110
-0.629595083674000000000000000000,0.215987678197000000000000000000
-0.578877221483420695788965979405,0.216013992200861152814050541469
-0.680224244288000000000000000000,0.216026491368000000000000000000
-0.832233544878923926922333114406,0.216027812997524508406309941825
-0.730880713390000000000000000000,0.216036534142000000000000000000
-0.883013022050000000000000000000,0.216146922559000000000000000000
-0.949140563573000000000000000000,0.221733700103000000000000000000
0.929380676650988829914810269344,0.245006228119472571641376824009
-0.912860958062332129181051970328,0.257013294478353901919454533871
0.813518747467602296692293042507,0.257938719383058449480712386875
0.864566774914824362408583286931,0.258005007023049557670279908843
0.762771850282452937823438563240,0.258085754438270907720162038859
0.560279851876104319298137602150,0.258121058133892828363964304944
0.712132991039789188226194461760,0.258199145961618305823562189681
0.661528340569026401059687322596,0.258293655510169976995508954878
0.509675456583116785962181064175,0.258307494058277045744248020719
0.610883735217237218695224850078,0.258415289539171129724433275040
0.459070888147527603214413986263,0.258438775323546660257283189071
0.408466284886319040192855016241,0.258555865453444467768550948837
0.357861693439736653804736133988,0.258677954958810801749837689904
0.307257079360701999848910407385,0.258790272521139669609496557111
0.256652438394218094168369790753,0.258889740989000886174644788021
0.206038566075000000000000000000,0.258984847542000000000000000000
0.155414445413000000000000000000,0.259072940519000000000000000000
0.104785849359000000000000000000,0.259166881085000000000000000000
0.054159885174000000000000000000,0.259246946291000000000000000000
0.003532210645000000000000000000,0.259331216463000000000000000000
-0.047095543397000000000000000000,0.259409563284000000000000000000
-0.097723636791000000000000000000,0.259477940669000000000000000000
-0.199000714130599026641529439687,0.259540491342763169917532044696
-0.300287176419472102452654833679,0.259567545019672230446585258853
-0.148347373233000000000000000000,0.259570481888000000000000000000
-0.249630141411000000000000000000,0.259578740931000000000000000000
-0.350910376550440404666501666363,0.259592854712502901155094603515
-0.401520919139000000000000000000,0.259628159709000000000000000000
-0.452146275700000000000000000000,0.259681608695000000000000000000
-0.502755690748107183500744032344,0.259693712321545601185723912345
-0.604232195612000000000000000000,0.259809675301000000000000000000
-0.553528164871324741383325381277,0.259830009434304791394160282545
-0.654875213548000000000000000000,0.259852631954000000000000000000
-0.705494894741000000000000000000,0.259887952816000000000000000000
-0.806718605798026448801354965048,0.259905119414154287399515400283
-0.756111532476000000000000000000,0.259916541872000000000000000000
-0.857323629588553385853919217256,0.259974681265769264494661666015
0.928790429893257300234208318440,0.295607524447608545932561835057
-0.887343537579078144445687021193,0.300713418427876628571959287460
0.838885297126415147558756805419,0.301726591445192519993622694280
0.788271578986671298476189031462,0.301796204188120222477598131776
0.737550532039920427957180527367,0.301957438785144765183505983619
0.686915915532538038941316937300,0.302073269134445748774391419277
0.535084330706927715178645529582,0.302104512124800927513039161754
0.636311265061797580553654158997,0.302167778694953248692769047441
0.484479690358126332423382668641,0.302204294344173339511480749500
0.585688683826059762442366888283,0.302302063933272671437904974510
0.433869989543947242825443009452,0.302322192361135030572951114216
0.383265399949839559036617033145,0.302445047294972238610188333181
0.332660836034444218400810263148,0.302578059533159592289387249980
0.282056234943156227436488088967,0.302696083744464271057539654977
0.231440630973000000000000000000,0.302795579557000000000000000000
0.180811150589000000000000000000,0.302895214272000000000000000000
0.130185937089000000000000000000,0.302988528011000000000000000000
0.079556440784000000000000000000,0.303079714198000000000000000000
0.028930574830000000000000000000,0.303163467205000000000000000000
-0.021698939481000000000000000000,0.303244038214000000000000000000
-0.072325417564000000000000000000,0.303324651881000000000000000000
-0.122954962685000000000000000000,0.303382719444000000000000000000
-0.224238655714084159511378335214,0.303402614934210857159223551458
-0.325535091576916879792227379673,0.303423928380881007642047791199
-0.173580728983000000000000000000,0.303437407414000000000000000000
-0.274873109147000000000000000000,0.303440136000000000000000000000
-0.376160146401503636737373087231,0.303448170283037541475145853659
-0.426774066828103486657989439767,0.303481597921658233727475790550
-0.528024411840019037389447968585,0.303538111230665210919220358676
-0.477412735622000000000000000000,0.303540791460000000000000000000
-0.578869306438215277783991946655,0.303632590698536839698642425107
-0.629482804106000000000000000000,0.303675998558000000000000000000
-0.680099242191000000000000000000,0.303745433920000000000000000000
-0.831925317015709543325376963571,0.303785197934038103391236807730
-0.730715854288000000000000000000,0.303785923330000000000000000000
-0.781320586760628063330469245989,0.303814474772680725434290891343
0.885402236640718366977452293430,0.321651799588283411744673311795
-0.911537144069670269420578367940,0.345160116688841057830637396335
-0.860932487193072682878071256299,0.345251131658293418953512807695
0.813638710123300754436877736693,0.345583739391872947330338340104
0.763034057957360414216736718929,0.345677336865286767317983796035
0.712333456532669278672303004837,0.345831561957972208134335195346
0.661720864141360582688458985304,0.345960043528547290487863105029
0.509881636292913207592858938719,0.346030319599499395873705791260
0.611116213670620124300796200143,0.346054553089054790406240729257
0.459276928911483780782696806792,0.346086641555625778580166587917
0.560486140031012856119244204650,0.346184536146920599618470139379
0.408669251105694035771415778377,0.346211289168978635686806121987
0.358064687190298695135609019315,0.346344301407165989366005045750
0.307460134010065955406623019200,0.346481336993187741738018757408
0.256845273847000000000000000000,0.346611979227000000000000000000
0.206218382761000000000000000000,0.346712480993000000000000000000
0.155589377269000000000000000000,0.346817445266000000000000000000
0.104961752953000000000000000000,0.346908196929000000000000000000
0.054333018033000000000000000000,0.347001388951000000000000000000
0.003704716061000000000000000000,0.347081182625000000000000000000
-0.046923655284000000000000000000,0.347163104479000000000000000000
-0.097552579186000000000000000000,0.347240262614000000000000000000
-0.249475898017793008838035467011,0.347265140878651497287389139268
-0.350780497553094445872839382197,0.347281756170465136215893066536
-0.148180489852000000000000000000,0.347298373434000000000000000000
-0.401412231105407237492711173471,0.347302152991905816095592590345
-0.300111649372000000000000000000,0.347304076209000000000000000000
-0.198818184644000000000000000000,0.347312861049000000000000000000
-0.452032429944087455008922863860,0.347331964784706716716164499792
-0.553325541561904794151605267198,0.347363816200684221283770729078
-0.502679292941000000000000000000,0.347399947386000000000000000000
-0.605872217742000000000000000000,0.348458229010000000000000000000
-0.658570464748000000000000000000,0.349564807975000000000000000000
-0.810450220805000000000000000000,0.349608482000000000000000000000
-0.709214851085000000000000000000,0.349612791225000000000000000000
-0.759843599328000000000000000000,0.349645560141000000000000000000
0.860155649637603973855573223045,0.365508947534963839081388955974
0.788417441830036991042762579663,0.389455452453959408202264956439
0.737812798863831445519271104671,0.389553898305590772863611296615
0.687138405141491822419445046834,0.389718336352073749847806895931
0.636518320346313676365336291195,0.389842515742195218668428283540
0.484685752286115244120384300883,0.389933129553437685211531872735
0.585913669875573217977673512959,0.389937025302702718586805912072
0.434081029212746937325313438018,0.389972928932140466605844354013
0.535290303580364631574087669405,0.390070859835229536117483702366
0.383473300775656543334794711482,0.390107778611254884889222803967
0.332867955840124509085907118680,0.390245273872481860216297924462
0.282250305936319172829553212605,0.390395132026602559856038196523
0.231631636026000000000000000000,0.390526112884000000000000000000
0.181002358062000000000000000000,0.390632295851000000000000000000
0.130373973518000000000000000000,0.390734226006000000000000000000
0.079744568565000000000000000000,0.390827245286000000000000000000
0.029115436811000000000000000000,0.390917616022000000000000000000
-0.021522072767000000000000000000,0.390998905533000000000000000000
-0.072151588934000000000000000000,0.391078301146000000000000000000
-0.274708723138936801495764509471,0.391130208047511669487196659463
-0.376024223088484244147039261754,0.391140551211103779597531793952
-0.426666855083545834023578739843,0.391154673433103570201814750701
-0.122780313756000000000000000000,0.391156588017000000000000000000
-0.578660725347933701820476824255,0.391169843683794097101552186059
-0.325346971226000000000000000000,0.391181324719000000000000000000
-0.477280386613010505456553030564,0.391188324247925091334026451648
-0.224040871465000000000000000000,0.391197535188000000000000000000
-0.173409865994000000000000000000,0.391208077596000000000000000000
-0.527968701682000000000000000000,0.391280478929000000000000000000
-0.892382477882145251807683777867,0.392031866485707675065455914735
-0.841777773251118035476357982201,0.392090607692134020298663598461
-0.631305344056000000000000000000,0.392221577467000000000000000000
-0.687798665946000000000000000000,0.395489660166000000000000000000
-0.790594312315000000000000000000,0.396157086502000000000000000000
-0.739985050025379996203732019727,0.396201222878353887182102830777
0.884272347198660448736969157234,0.409997423346924092093095861136
0.833708407378567626357941224868,0.412029065833404244118429676827
0.712649406947588550028965124854,0.433458832978044181692277844060
0.661935861346444916096322359335,0.433600808565721678028372058593
0.611322483895665451820179765413,0.433728839430504155167441831852
0.560717833424924993432516977459,0.433823348991011655085819459470
0.459498674148379161880905892942,0.433846657108407221679408861089
0.408893938490340326654827286229,0.433864272523606183508962278930
0.510103280869018045584044432066,0.433962242454838947204576805851
0.358281704254455326676097350808,0.434005769446183235657022146934
0.307663056126223579982148100550,0.434156207300278746521730682053
0.257053593236941230486614134459,0.434331107982331899487899866229
0.765175381971022439735483852683,0.434407051255701981070281081289
0.206426383904000000000000000000,0.434450676120000000000000000000
0.155797699673000000000000000000,0.434555491149000000000000000000
0.105164729790000000000000000000,0.434658415021000000000000000000
0.054531740326000000000000000000,0.434749263629000000000000000000
0.003883534574000000000000000000,0.434840579310000000000000000000
-0.046746550253000000000000000000,0.434919818303000000000000000000
-0.097375659561000000000000000000,0.434999976344000000000000000000
-0.299932854266482241419958200878,0.435000275179705951450968628901
-0.401256356350588553758416534288,0.435006016355864859046364138287
-0.451901729857315336332543571932,0.435018561501479490531379530419
-0.502528796901307152947964944598,0.435044422560892648564475460113
-0.350574794011000000000000000000,0.435061742829000000000000000000
-0.603830758791163232918823100414,0.435070971206780870298421386982
-0.148005180129000000000000000000,0.435076513880000000000000000000
-0.249259105041000000000000000000,0.435091268493000000000000000000
-0.198633519735000000000000000000,0.435127994122000000000000000000
-0.553205832220952357337524254190,0.435151152753666393417420321000
-0.657120713077227346409060979319,0.435749354267784118530934560418
-0.870828929741047134439807237085,0.437826959308592121963146868343
-0.820224214584612534314337627296,0.437875798421586545098925129703
-0.713326485190693233902332787871,0.439214714974179380332780927787
-0.765844097950000000000000000000,0.440298347671000000000000000000
0.861784049813000000000000000000,0.455332483285000000000000000000
0.810469954179553958020198099160,0.456982529262155662424029455906
0.738135965168111331282424588902,0.477182155233147649318540282266
0.687415236110146454584900739833,0.477323126013149930595538627559
0.636740024895796691551165824697,0.477487132254030614527385624752
0.586135461184318865830136520055,0.477620222050113566254534949131
0.535530810713578407442473742433,0.477714731610621066172912574771
0.383710336465828534768714995961,0.477757617923493914036618569392
0.434315074993317518365787777907,0.477762077442740828700180450092
0.484919727268863081358197401318,0.477855615637939853167965863823
0.333081846328300516064027259838,0.477913774485688373364672504245
0.282468974453355083691247358800,0.478090655271434396610601207619
0.231856628791000000000000000000,0.478258256751000000000000000000
0.181227986111000000000000000000,0.478374547893000000000000000000
-0.629911038218251313203971608112,0.478437532130237160115752927195
0.130585844393000000000000000000,0.478481326977000000000000000000
0.079952275149000000000000000000,0.478582853602000000000000000000
0.029304294243000000000000000000,0.478675195384000000000000000000
-0.021328893856000000000000000000,0.478765817533000000000000000000
-0.071964091205000000000000000000,0.478845920603000000000000000000
-0.325146464904794072644900782723,0.478876389637374696440481206785
-0.426479583864133541921807445488,0.478876603029885836075614569785
-0.477145282883414620511421236104,0.478877455832519728120901927169
-0.527750006799255836502397543009,0.478916169193622638070908528836
-0.122593606998000000000000000000,0.478925554910000000000000000000
-0.578587697723370560664985605431,0.478930148687104525939056998459
-0.375797232396000000000000000000,0.478946497146000000000000000000
-0.173222223425000000000000000000,0.479002927126000000000000000000
-0.274475909201000000000000000000,0.479012183314000000000000000000
-0.223851779920000000000000000000,0.479050044685000000000000000000
-0.682636025104909247903751524372,0.479450709320606806833644755779
-0.846924602011176230077822389531,0.482446048465065092121311453029
-0.796319873844505570892040169752,0.482478736386520001819455328718
-0.738745882178000000000000000000,0.483040087538000000000000000000
0.783435142058983690815504229421,0.499760543649552218976756256741
0.836427919026066300968276189889,0.500422414648170083321843501938
0.712888374720242889326637757066,0.521049077011083115562617247764
0.662219399659498230039744207137,0.521209449701458867094552171907
0.611556471295641727325318804572,0.521380505437131520490774665961
0.560951907584163901604289492517,0.521513595233214472217923993385
0.510347257113423443216626717172,0.521608104793721972136301615058
0.358531241491871247677900515965,0.521653548915048002518372713481
0.409135975308937312747281530557,0.521675834038561626781603552052
0.459740657372438152750530564269,0.521751561014179191572464956231
0.307897948015142408090553835660,0.521842305353651422566539327296
0.257293628361454799149326044290,0.522048251245200178045738940848
-0.655443684257194513174406120756,0.522128762000462579739057687208
0.206665344786000000000000000000,0.522189603074000000000000000000
0.156020866824000000000000000000,0.522308738289000000000000000000
0.105388900466000000000000000000,0.522422110921000000000000000000
0.054741158904000000000000000000,0.522518376915000000000000000000
0.004109428636000000000000000000,0.522623889361000000000000000000
-0.553156602109042601024019102768,0.522680818125009726216883398776
-0.451769168983786856038760970251,0.522708970816701203225410036547
-0.046538129904000000000000000000,0.522709415983000000000000000000
-0.502375925744803539596781534048,0.522743778246461430638396990462
-0.350372318241770784665403702468,0.522745466499603980193591999129
-0.097169655723000000000000000000,0.522796367890000000000000000000
-0.603802733550744809312798562978,0.522805444122543736864216832594
-0.400983057441000000000000000000,0.522851180526000000000000000000
-0.147798923943000000000000000000,0.522872269525000000000000000000
-0.299683115643000000000000000000,0.522931729360000000000000000000
-0.198428430082000000000000000000,0.522957821703000000000000000000
-0.249057220957000000000000000000,0.522987390501000000000000000000
-0.707977274098130025314090161147,0.523253228435224253145787654589
-0.768063931379539355656080674262,0.524460176294404995443625396149
-0.819705828112000000000000000000,0.527367043472000000000000000000
0.809227851697000000000000000000,0.543301399858000000000000000000
0.758183330154273395500978030919,0.543614683441047060529126975542
-0.737202894068588365619179187810,0.564565487132434049464965427399
0.687692538269594664781481226050,0.564935400699392052061630811690
0.637055184656890809062682038843,0.565113912625236757368919892415
0.586404027873478224829300160173,0.565291713245818629898396860594
0.535796547459964721530407963748,0.565423132219439795305906865810
0.485191896989224263142745173473,0.565517641779947295224284497461
0.333377938181574691885814475653,0.565564264166602083139997620914
0.383982663884363771352698247711,0.565600566622691509337349790480
0.434587364974986168111624484698,0.565662282516918405938367208806
0.282748124652601539590835930898,0.565810766479278986035914447425
0.232120643068000000000000000000,0.565994216777000000000000000000
0.181491343158000000000000000000,0.566153697399000000000000000000
0.130864828780000000000000000000,0.566309124390000000000000000000
0.080235704332000000000000000000,0.566411151117000000000000000000
0.029607990459000000000000000000,0.566521369985000000000000000000
-0.021020709444000000000000000000,0.566624170992000000000000000000
-0.375414844615085994362445083257,0.566719452606899870729139684335
-0.071649203169000000000000000000,0.566723469036000000000000000000
-0.476624136021153764338106602198,0.566789240721662586875126103514
-0.122277375121000000000000000000,0.566808685152000000000000000000
-0.527228861973814791662239983132,0.566825193175199139922790501904
-0.426019427888830137995727650519,0.566844883916923596602256047304
-0.577833588049935459810683702384,0.566860971431622595036251029992
-0.172906389360000000000000000000,0.566891077637000000000000000000
-0.679042719260433370158213425215,0.566893984307949750519521039927
-0.324780508816000000000000000000,0.566916635917000000000000000000
-0.274163194297000000000000000000,0.566985945475000000000000000000
-0.223533814533000000000000000000,0.566990679071000000000000000000
-0.628438110815857364263325969005,0.567008812414206933035697279054
-0.790943224069000000000000000000,0.569598507267000000000000000000
0.774756552897860697403599013562,0.591428571268897667169769528495
0.724778244432997043433729417980,0.599366345787853080856479323928
-0.709778906192843256522979241038,0.607095058848051232202434164026
0.612026128767559523009065834808,0.609095567239536691444743364829
0.561376355537205496450007585175,0.609274155182925857864506447146
0.510762717468268254606684825270,0.609402069647141232306801224066
0.460158066997527796219022048818,0.609496579207648732225178851725
0.308344106677522785412736470960,0.609543200733435734576686474112
0.358948811907445679469037329745,0.609601423713901455189213324544
0.409553534983289701187901345071,0.609641219944619842939261566969
0.257644179851796513323732986606,0.609749718865071869292423230829
-0.760311887343000000000000000000,0.609881848970000000000000000000
0.207031181218657917642439145993,0.609951613594022630707423301055
0.156419610554000000000000000000,0.610167721419000000000000000000
0.105790655100000000000000000000,0.610408894310000000000000000000
0.055161388707000000000000000000,0.610531120250000000000000000000
0.004521461980000000000000000000,0.610624287135000000000000000000
-0.400555164003447739610155159428,0.610637602868198471336509896151
-0.501798363357476227086654410988,0.610687963474631091203600034942
-0.552403089310137254410787774844,0.610723915928167644251264433956
-0.046108006245000000000000000000,0.610729919881000000000000000000
0.666180336081018574212460744285,0.610740037345922301298136636695
-0.603007815386257922559231509621,0.610759694184591099364724969117
-0.451178845995000000000000000000,0.610786278515000000000000000000
-0.096754719720000000000000000000,0.610811683135000000000000000000
-0.349894618454878270278004894003,0.610862774089845657643713372096
-0.147384848467000000000000000000,0.610894031278000000000000000000
-0.654105463044000000000000000000,0.610932012988000000000000000000
-0.198023077828000000000000000000,0.610962864424000000000000000000
-0.299281613656000000000000000000,0.610967857319000000000000000000
-0.248652593288000000000000000000,0.611042709888000000000000000000
0.726364499492194410324729546140,0.649946217043225119175089451816
0.637548472888000000000000000000,0.652793171567000000000000000000
0.586855385680906590657191979858,0.652996673457371244802578707583
0.536201314388871111237527877997,0.653172411236014234926568800989
0.485591141782938548220465540467,0.653302312913443961756703606768
0.434986491312198089832802751317,0.653396822473951461675081238420
0.283172543380431167360406194994,0.653443451102919391634964577687
0.333777225496334716206236959201,0.653519143052235947198148465438
0.384381959297959994801682064853,0.653541463210922572389163949623
0.232494329174889541745941167761,0.653683383252726096922312538497
0.181890272017374216966030759892,0.653946024684647729568614822518
0.131261820248391881486897760368,0.654363898386380901955936833817
0.080645888601109308648939923570,0.654457256106732248324062410374
-0.425674834782609667205260705032,0.654567566688686170605457885084
0.030027154376551698472573175077,0.654591894772810107848083269993
-0.526958279229657542973454020661,0.654594890201829824990622440953
-0.577615785415758177912916995620,0.654600555913568159595118069368
-0.628220511491878846061360718454,0.654636334169991614708578602697
-0.476300018285000000000000000000,0.654729079545000000000000000000
-0.020607599691333419561590548069,0.654743614155827334992902424418
-0.374992996694779308207135348245,0.654804906389606691143348696439
-0.071228571819933434399655083066,0.654822970750914778339230363002
-0.121857466151656924165803596174,0.654914580754515012530399726867
-0.324384766575142255851733432000,0.654952333922432488315557328520
-0.172484846430082039131038194767,0.655000443529314869475505015969
-0.223114316457809813607824867729,0.655083537067175502395877421453
-0.273752670878000000000000000000,0.655203799953000000000000000000
-0.720375559146222713533598465843,0.656577889481600019199679957084
0.682736866896000000000000000000,0.675590307057000000000000000000
-0.673857830096236823668807484517,0.676501254291665076528023560451
0.612343442076208536995851681941,0.696713930490638409411413231816
0.511063979777530086994297640802,0.697092269955735959631754855599
0.561728029073000000000000000000,0.697193059080000000000000000000
0.460459416123033543044257515946,0.697225381415975887543880657288
0.409854765652293084656594739486,0.697319890976483387462258284924
0.258040818736531521395193450380,0.697366520186785184615507240828
0.308645499427451457045219590831,0.697443158903337862665955388988
0.359250233638054989625474035735,0.697464531713454498176340999985
0.207401496140862114364163641243,0.697691555687558247459712724225
0.156798048488816420039080720781,0.698053034662757253467726546938
0.106158804508011806347196555007,0.698314011855755291272349383913
0.055545921324494821679151641543,0.698398480760077104224946977998
-0.552282132488329751217618405761,0.698407468731928653186055216714
-0.450823101804096013892865413002,0.698481166485774794734835794565
0.004913413476983606563116330550,0.698525248837258688977155625742
-0.045710342746978065614142041542,0.698683253121175290113970516692
-0.400087944989425540515066661217,0.698748997589810979522578302624
-0.096337414601580654868843860698,0.698759124377391483036541885554
-0.146960674702587632846250731983,0.698853953778846153602636880738
-0.349473424256931888866045092556,0.698900016876700030165793694297
-0.197588906780290737021311992810,0.698939329897268249435170498468
-0.501425136818371948534325135306,0.699004266607006025674196834615
-0.248211879990174476726351349428,0.699026134692506656581485864675
-0.298845910983000000000000000000,0.699148922863000000000000000000
-0.605516075613000000000000000000,0.701265853745000000000000000000
0.657540509182000000000000000000,0.719488958406000000000000000000
-0.653752495136417826817862257760,0.722940624307593585824194669948
0.384898402136446910696798173679,0.741342833874338158347802036508
0.233084455220685347435396898460,0.741389463084639955501050990481
0.283689135911605283085423029868,0.741466101801192633551499138691
0.334293870122208815665677488283,0.741487474611309269061884749485
0.588450681875000000000000000000,0.741512692159000000000000000000
0.487071075338983680852426546116,0.741647630103821621592662890356
0.436429920131186204602472878275,0.741761017750271510966259051691
0.537738017199000000000000000000,0.741765018192000000000000000000
0.131880920798351368795147908790,0.742098197041614475691036133566
0.182485618868805925308878111084,0.742162341573514726650331770496
0.081276961809564323685484361667,0.742379116930548378753741645734
0.030672301544495572536705766586,0.742468227983800431614570750651
-0.019932236422150011838418963786,0.742610770977894853106623328632
-0.475372899028188576935445803212,0.742732121702343588069913731670
-0.070536693364492924379517898907,0.742779646356212772126303038692
-0.121141354735287303576524508822,0.742868127258507900485103759927
-0.424768536070620893859596667063,0.742927137039154703519000658387
-0.171745983901205653543649834272,0.742973428268596603781029782306
-0.222350626528643052618705457263,0.743072048105270107722477631928
-0.374164006336347405956772018557,0.743072573265282354749572041977
-0.272955272127895586959419347058,0.743169131043477225513732986482
-0.323559818431354342879270161625,0.743308682983408490153767232608
-0.565488053851716154992184873055,0.747258704358746675402757847401
-0.615350124019300303200530896385,0.755896617296821169082552051966
-0.519280404733962344744715057035,0.767891027163835426217863752433
0.410310730059996263045572739361,0.785104154362056918220855893980
0.359644221310971546281768541744,0.785284726533424608879428435580
0.258230069551176203028118465819,0.785304581907945588653332177911
0.308971234046038913875273339159,0.785316082586918187867926196759
0.461887006171478552101430844411,0.785540707479293455201005072144
0.512549331088000000000000000000,0.785699404785000000000000000000
0.156987683891196178460699375671,0.786035539113280639971261251560
0.207613444541334544044927614684,0.786087641325410005970521341380
0.106371679075256588931294280131,0.786323340062580265158803558775
0.055743407827451024681292542111,0.786425925956642361015516791023
0.005128926121331708723495664010,0.786574138834464129321457309865
-0.045501105181081479001354528665,0.786757582933927159269678884164
-0.096122905079983120373508609376,0.786855815969871786080938176112
-0.146748109287597608584921753523,0.786972812879351903007641454086
-0.399859530423457276775048523022,0.786976893213195109336620700281
-0.197375883467149024847693470398,0.787084566669142315812391164695
-0.248004235242753930390980408073,0.787195093153113629889245344498
-0.349255339900778225822905112887,0.787212441227917240845407939641
-0.298622732443530583024668554428,0.787342548629734883429920979941
0.571189316445000000000000000000,0.789745696544000000000000000000
-0.475671792708000000000000000000,0.793705554678000000000000000000
-0.560252344981127117124684760146,0.797591863746423454528725122476
-0.516700938462000000000000000000,0.823377449275000000000000000000
-0.429766868017232304372758632376,0.827798342714343531440190926420
0.435738158169339915991377648332,0.828865957963092046579882890600
0.385133600197424360938395769610,0.829001212500456465999650463078
0.283590727639837765620282754331,0.829095866459016303691609403149
0.334467602741000000000000000000,0.829579054137000000000000000000
0.181967872191964459892821814122,0.830044967350659494809437650699
0.232720036249000000000000000000,0.830101934734000000000000000000
0.131327377709000000000000000000,0.830491373021000000000000000000
0.080618181433328015148678427339,0.830495021923988971004150782216
-0.019284891911834047169602353839,0.830900260595411255519639039668
-0.120809134804039958353554059583,0.831030804858766059015492860309
-0.171570571123330312428505513847,0.831071395279883025113122517239
-0.222260818877058321706615139398,0.831147925267500228921981271168
-0.272958264011072460169130302575,0.831219359524658891758170874425
-0.374312187007000000000000000000,0.831271680257000000000000000000
-0.323673049767453441878825396952,0.831312096993274053592720581043
-0.070025412577000000000000000000,0.831631592956000000000000000000
0.030719757757000000000000000000,0.839210901128000000000000000000
0.484399788587000000000000000000,0.845761399715000000000000000000
-0.474545063658000000000000000000,0.851375725364000000000000000000
0.307330255588758955856902154528,0.873786742419163129661756662600
0.206964308991621442556445800041,0.874045168812057305093659834410
0.105788623317264463510578929657,0.874395915271279952910134904492
-0.044011678448000000000000000000,0.875087389969000000000000000000
-0.145267340052000000000000000000,0.875402518407000000000000000000
-0.195910355858000000000000000000,0.875483591195000000000000000000
0.156380958132557343865855111576,0.875516289878339453908563050183
-0.246558039283000000000000000000,0.875574186905000000000000000000
-0.347849754062000000000000000000,0.875797021143000000000000000000
-0.297201769960000000000000000000,0.875873533057000000000000000000
-0.094632118464000000000000000000,0.876529518648000000000000000000
0.423386840981084102810594967243,0.877940233760478362473870617084
0.372782283009168547757613085916,0.878075488297842781893638192688
0.257164066581821086547066770757,0.880434528655424483103543453895
0.055953734694000000000000000000,0.883223958388000000000000000000
0.005409264480000000000000000000,0.886104515429000000000000000000
-0.396326460671000000000000000000,0.890459994297000000000000000000
0.337536408490302817452638739118,0.914387578718571953152444709661
-0.322452160404000000000000000000,0.919778547052000000000000000000
0.131948639819000000000000000000,0.919835983045000000000000000000
-0.120555192244000000000000000000,0.920041734347000000000000000000
-0.174661635891000000000000000000,0.921575857125000000000000000000
-0.225347506879000000000000000000,0.921743683867000000000000000000
0.285660009361000000000000000000,0.922305116232000000000000000000
0.194254795841176627831370540958,0.923027899001395568823905121498
-0.069962505736000000000000000000,0.923844270085000000000000000000
0.081787179210000000000000000000,0.926798973246000000000000000000
-0.019693372970000000000000000000,0.930085586127000000000000000000
0.031331310391000000000000000000,0.931201188151000000000000000000
-0.274189311459000000000000000000,0.935294457332000000000000000000
0.240105931990000000000000000000,0.944618781242000000000000000000
0.161059083322000000000000000000,0.961277086253000000000000000000
-0.146363616836000000000000000000,0.963620268170000000000000000000
-0.095862065895000000000000000000,0.967459698885000000000000000000
0.110837316378000000000000000000,0.968333924703000000000000000000
0.060347480699000000000000000000,0.972786555213000000000000000000
-0.045589282899000000000000000000,0.973609409444000000000000000000
0.005230839697000000000000000000,0.974642569738000000000000000000
