0.016824694899321086660043547125,-0.974694236250440207577120531602
-0.036370548329000000000000000000,-0.974134558359000000000000000000
0.069628765262000000000000000000,-0.972349441980000000000000000000
-0.086753003079007841532179945963,-0.970971596389440140968034369689
0.120087567234082042787559731649,-0.967414544409005676171462448666
-0.142058792579348198481797949278,-0.964433110168446008566530168663
0.198465283263643328219847748801,-0.954423101081153633487287260793
-0.223432401473316249129410221312,-0.948888764034094260522534071203
0.247451693922880825634980688398,-0.942910167361123058166093321465
-0.272099961403060262220459857175,-0.936094832558505958023048714977
-0.008988718541378418575876177822,-0.931498359610918371169809784820
0.041326714687536033160904277589,-0.930741226132642844641852345198
0.154225028084090696399206604206,-0.930443612058963425436440121351
0.295778740913995772787068712648,-0.928884740407342225014560500780
-0.059239486319954412634630684509,-0.928838207400817824474061107354
-0.177384471433786749870691069841,-0.928595804388151263264616411232
-0.109484829911159589781696501609,-0.926077497434339817207332903395
0.091428844583639573375929855271,-0.926051593738601492239342924627
-0.320042479504225640525654000928,-0.920806568097269548052973248616
0.210193252168000000000000000000,-0.904613956803000000000000000000
0.368879475673238310051708300761,-0.902352401761817762854321408050
-0.235818387018254279414996929430,-0.900115785509117335214239010297
0.259428256058000000000000000000,-0.893955722773000000000000000000
0.013957891557834784375823786661,-0.886713661810531676945206959060
-0.356369309306168826698030401193,-0.885984484462628634436318213175
-0.406690429664278536051806810701,-0.885954185586234872991479860354
-0.284021049013727727745341689412,-0.885668659543465417770392922619
0.321431178089167076471191531555,-0.885593072166315020714170008805
-0.036292876220741209682930720027,-0.884053509600431130249458281595
0.064151007498956355114965576553,-0.883126576052091850642154199807
-0.138365064608000000000000000000,-0.882229628035000000000000000000
0.414951852478232776798392928725,-0.882115006483376369026239591838
0.114438956627760713602760968856,-0.881299489700531221755301418973
0.164760048076028038241284700605,-0.881237622323091282351265731602
-0.087386775119759019809753578506,-0.880868073123102094040756152754
-0.189770456978724780156277777959,-0.879822825863174337956321350326
0.239199454041530478396442756936,-0.847858263154688600066699772555
-0.320945102214000000000000000000,-0.847473259455000000000000000000
0.289507132881481519171710379489,-0.846694853573493536975993636215
-0.483272734103264737169679636106,-0.846616435589718144058492004406
-0.433074313192104705008450301730,-0.843104369225982206011217515846
0.490171877551502738539118705328,-0.842640762719154713623485424849
-0.381503629888560559323369825631,-0.842389966447414456795231931028
-0.221454634432472272260533582756,-0.840728977610582047836584705241
-0.011378517848330810656697931247,-0.840332910119083919191340828865
0.038936950693833925234781152628,-0.839578127037857905689771489525
0.389644214301526027210249885734,-0.838598635147750026070629985227
0.339313494016033007883780786164,-0.838556502890813738549732510727
0.440022728451860285141042537810,-0.838483971083878214286147372032
0.089224829805264118077188197067,-0.837749114574407465950762188453
0.139545923631365868129509442187,-0.837689212471451879702121848472
0.189922683569046795810973485583,-0.837659441461991230748947958526
-0.061627533820079803707600254722,-0.837639869831938409852064674610
-0.112563568585056475995799415086,-0.837298070335369460299766253972
-0.162884696644085328211182653228,-0.837286112739737049119322329095
-0.271629652565469644509685941852,-0.836897055446620590621300823221
-0.508407054685656469795019060544,-0.803021917574503966417405722259
0.264548397153320077709253261024,-0.802999572558616521675522848357
-0.407887513416386728280013316661,-0.799540150087161789814969586520
-0.458208633774496437633789726168,-0.799509851210768028370131233700
-0.305141398412287212323283295382,-0.799358022928246070551110807857
-0.355462520623090207910305309282,-0.799330975512406372441144070465
0.515323341646380735600956771254,-0.799056133249566044149105980589
-0.558563070928607945362499836044,-0.798948822098816965388186095684
0.013593897074000000000000000000,-0.796053563783000000000000000000
0.364532013913906613226154187104,-0.794991371259616417076903673595
0.414853077347407594122416728677,-0.794909841885494942418285924696
0.465174205698274419589303247878,-0.794899182952097358170833817480
0.314210996343636114958813167048,-0.794885244873632691224817837474
0.063884242061000000000000000000,-0.794272088800000000000000000000
0.114336281461344009397640968476,-0.794138207732448099087257790076
0.565402144382166675765949588521,-0.794123629963453321994083876037
0.164708559124384625699198227165,-0.794111031610351828099804075396
0.215029650572651950337721958914,-0.794049164232911888695768388025
-0.188411236739437135865437527265,-0.793920091215072480295865510870
-0.036714598078814207997884703579,-0.793918459689208047420493663534
-0.087116200342394515230122835835,-0.793885543092191902133681019991
-0.137713777032985052170948941963,-0.793712716291344347582840967539
-0.238736192602100809235672621518,-0.793468382826480786605933831101
0.605627793546490392007084605919,-0.763889324589821585835370129475
-0.616582578712012650501720718055,-0.755074730187104669002319730638
-0.515738744836709571444948884110,-0.753237759535563254456533106644
0.492019025249000000000000000000,-0.751152821685000000000000000000
0.038841698208950722549575272693,-0.750623647882883593340683307561
0.340843347075108543269775328080,-0.750585021702250541953820868545
0.089162795004118194149833873396,-0.750566294167570751130447521859
0.139538040054809234387903287082,-0.750537403784734464832814885378
0.391166529758368537350168686357,-0.750512054379477683510464787645
0.441487658109235362817055205558,-0.750501395446080099263012680429
0.290522306913849811205077426814,-0.750488600121845368677125849147
0.240201178981830296702134877422,-0.750476119472840306163648930181
0.189862470423090431498264891536,-0.750473607834435565694564816169
-0.011483200810127692045753416651,-0.750380055216983840861017451897
-0.061886953311728239844834804178,-0.750345892583915068994537189206
-0.112344042837583716742811817382,-0.750254775026577118350863395533
-0.162898702569209755878409580343,-0.750147413608451267651121648242
-0.213219806177094753652080233319,-0.750096386147436359035182515157
-0.263890199150923975531672736922,-0.749885220634425063414020028036
-0.314211322815006279286115118572,-0.749861027631094594427147391599
-0.364536195374212892720777283317,-0.749834667583146508789791455587
-0.415003368964540741573262397373,-0.749724683895073615051194861200
-0.465329088844088185938217998224,-0.749695042250789075755865469076
-0.566597002942669169521552428037,-0.749273153925044845203164410881
0.547046601165530139766027748130,-0.747269706911701693700917641773
-0.654725010362292898299053466987,-0.722251400375506123929573163557
0.620996139227206546820938669225,-0.715972417102429546545780889781
-0.596265621008939176793654163940,-0.708628484235710782389286779953
0.670604378055025257999311759732,-0.707532114233493255079194261029
0.064030721104209438823406438792,-0.706970480909795649802476946330
0.114389454109888293532195599920,-0.706951113542409423892032522121
0.366014649074104071730755631997,-0.706927665314563646969638046987
0.466656905905743380841079663152,-0.706927033288094924148440430092
0.516978034896487582766179815224,-0.706920018007802194968058414187
0.416335777424970897197642151198,-0.706917006381166062722185939771
0.315693521095521448450193282852,-0.706915373838522179147170757794
0.265372393163501933947250733459,-0.706902893189517116633693838829
0.215036871235841970551560070968,-0.706898904236177166493712461936
0.164713818253824316551907907941,-0.706887355802555824144787672186
0.013706241669548144336649425553,-0.706817364073295568729908393645
-0.036670137405454904309280788327,-0.706799041174583598670305060587
-0.087036871759179850758708863873,-0.706760371201192029224098674064
-0.137598770785268954853931405642,-0.706648798413881955876923091430
-0.188015063295622723829651723324,-0.706542545807046635750728436286
-0.238373812725917919948080348723,-0.706513223955380635843268712093
-0.289029809227487099735564847727,-0.706293752692686281035791643899
-0.339350932891569403490007229377,-0.706269559689355812048919007462
-0.389674901493450868071096923163,-0.706242678333195304700859579661
-0.440140561615333007925339353371,-0.706131821890449171702837104071
-0.490467424143717948633763185893,-0.706102839158026462127632712417
-0.540788545539672416874133829616,-0.706074315993973409011391114803
0.572198196473718078441973585280,-0.703685153161887842499265511779
-0.665442116214336691031158232543,-0.673084747913971152561372732159
0.706221507765439383528195130777,-0.671984454067051785645900286592
0.605155312306230342237520405771,-0.665658260202829990476003503269
0.089257874500027584975937534015,-0.663355015340500257583873883310
0.340864893667188415594974663225,-0.663342049853845521563006842098
0.441507150498827724705298694380,-0.663341417827376798741809225203
0.491828279489571926630398846452,-0.663334402547084069561427209298
0.391186022018055241061861182427,-0.663331390920447937315554734882
0.290543765688605792314412314080,-0.663329758377804053740539552906
0.542149407112962076359523080497,-0.663320734052105139427598058878
0.240221711952352119090976830805,-0.663317811949115718824032514137
0.189900428237887166755574525002,-0.663305609963687927562288812248
0.139579237342875814741490842627,-0.663292987880216849731125363778
0.038927392801208589600831745247,-0.663273023365102302883559800702
-0.011468736965604694233805680160,-0.663243266724028919020596306357
-0.061820513448969569023869699365,-0.663213254813440669499203872559
-0.112225010045874744646678338157,-0.663193208001861879967828420959
-0.162726664473891775337483027529,-0.663037224785930713593441593528
-0.213169069844445890125651838728,-0.662959383614990912558814633222
-0.714727942657990377690695147954,-0.662929779480572594672943551672
-0.263513422802481044151972459528,-0.662921756013641853465040327955
-0.314168515346725075085884487574,-0.662701763442735076946859767972
-0.364489639010807378840326869224,-0.662677570439404607959987131536
-0.414812094144243134423173879162,-0.662649816328570861352501822532
-0.465278896914962770620884541040,-0.662539618797686558074604347412
-0.515603283057028927643363775676,-0.662509208100182712270518666678
-0.565932963412146408990848006064,-0.662485621106747379016841751787
-0.616257766146249569415041141695,-0.662449157638996635518879915940
0.655116896493193202539473426892,-0.659653580557228833751259048524
0.739956828559999484727777142095,-0.634646213575494139270028384157
-0.748065979427000000000000000000,-0.625026735241000000000000000000
0.690734026203607328068356797937,-0.624105920390787364317965074087
0.573685142062000000000000000000,-0.623841596617000000000000000000
-0.643444028746000000000000000000,-0.620102822189000000000000000000
0.064163623065692553319190231521,-0.619737420071301287515712396472
0.315769226286297063391198961267,-0.619725269243340349312510806817
0.416411483154488409271776997327,-0.619724452067056289737071833253
0.466732612170698929751530777161,-0.619717621900895566436915080558
0.366090354637163888858085480469,-0.619714610309942765065058699602
0.265448098307714440110636612122,-0.619712977767298881490043517625
0.215126970375308987081702487893,-0.619700498674468724038071439930
0.013752705203363736092089088629,-0.619699094587741206510248793913
0.517064515764059817111935505185,-0.619697755037243685787791515885
0.164805842396753222623711177614,-0.619688207088468110716371682197
0.114484714509116782855736697503,-0.619675548754756713016264321027
-0.036619296372243838557010401291,-0.619657374269373814462216153039
-0.087009363949379757790720888389,-0.619645679207984364468345114159
-0.137341565100140808550322146323,-0.619588256997247143514514629785
-0.187889043739376258591147074672,-0.619449196850920683820401883278
-0.238308679921009014329543949533,-0.619367915673252130180586249084
-0.288652128921719019502292099375,-0.619329766763690649376108452029
0.624307434582315035281126404919,-0.619124269567605348864037487734
-0.339305707997517341437961443573,-0.619108901438110633598502010843
-0.389626831661599645192403825222,-0.619084708434780164611629374407
-0.439950429443872897118719066831,-0.619057613235808247724269065873
-0.490414755828273749630485130823,-0.618945987739842808217490301674
-0.540742669318118284029218237853,-0.618917611082718143606444176999
-0.591063790714072752269588881575,-0.618889087918665090490202579386
-0.694864374214018502751346781595,-0.616695001220166511972846312927
0.771720448773339453955949607671,-0.595616884820569661379780389117
-0.779355370291000000000000000000,-0.585557742713000000000000000000
0.722408830138096555126367495103,-0.585004477094804798386257654268
0.660341703448207258721339118928,-0.583999527014557866906187989106
-0.727961103757000000000000000000,-0.578788604431000000000000000000
0.595424880205455705425647630465,-0.577917302622863612196008452668
0.545103750966245715874450436716,-0.577912382460302681937528791466
0.038991276117748047238917294890,-0.576164848179690584964809318158
0.340917977786949688299721561950,-0.576139074524419353392931361052
0.441560234655141034180299598009,-0.576138257348135293817492387488
0.491881363671351554660053377844,-0.576131427181974570517335634793
0.391239106137816513766608081151,-0.576128415591021769145479253837
0.290596849808367065019159212804,-0.576126783048377885570464071860
0.240275721875961611990225088575,-0.576114303955547728118491994165
-0.011397885246579617860488941155,-0.576113184152350220477108784818
0.189954593897405847532233778296,-0.576102012369547114796792236432
-0.061804646422956179808969589728,-0.576091824194559085808475122016
0.139633466009769407764259298185,-0.576089354035835717096684875262
0.089312337094565500557410903992,-0.576081816350288489749130310381
-0.112125750060538493249721174594,-0.576040826028178028359572415497
-0.162496614463487674653388430817,-0.576004512393713832879359914730
-0.213037113181519412459976606820,-0.575852814999476858986780714470
-0.263447386040246989679863589379,-0.575775926423300926091654373158
-0.313789321572511285854369055374,-0.575736904759066206027750694900
-0.364444043297147104133506631241,-0.575516698345348019970269254184
-0.414765166961229407887949012891,-0.575492505342017550983396617747
-0.465086288357183876128319656614,-0.575463982177964497867155020134
-0.515554142089363106016339593000,-0.575354390722378239553415811995
-0.565878528231429263038818827636,-0.575323980024874393749330131261
-0.616201235903251622376486007183,-0.575296371537619251297056262498
-0.666522036304817560115912340154,-0.575114385101213878111730358761
0.767341181618912398756802762753,-0.545486673457486116821877664039
-0.809341918459000000000000000000,-0.543393815723000000000000000000
-0.759184791946000000000000000000,-0.539325023235000000000000000000
0.667990007122431798271106224639,-0.534263026102007559350980923754
0.718311034081836248068386190954,-0.534161449194372399458933697464
0.816126704819651619918139473854,-0.533150191051734899379057752312
0.567373181542450484278461274312,-0.532787035587360339833314552838
-0.693692389458000000000000000000,-0.532729150477000000000000000000
0.617694169709914212247711839895,-0.532667779697570155490543716506
0.013841357202274011389205590128,-0.532579327067028005440912790306
0.517052572391144785224831016737,-0.532558197743454875198079607483
0.315768058528160295583936851697,-0.532553553609858190251208044550
0.416410315396351641464514887757,-0.532552736433574130675769070985
-0.036584058208329852689523844623,-0.532547157446201419898017587462
0.466731444412562161944268667591,-0.532545906267413407375612318290
0.366089186879027121050823370899,-0.532542894676460606003755937334
0.265446930595754842555002727468,-0.532541074517028032799235966855
0.215125802617199078097011417189,-0.532528782931027419477536209121
0.164804674729562638329036937079,-0.532516124597316021777428847952
0.114483547011337112722239023733,-0.532502809819478050189800360720
0.064162417969845609089607570320,-0.532496168521822270460035552952
-0.086935595580774006435329113447,-0.532478546595130963295375745170
-0.137279775151757094827807520851,-0.532457674537864490107812407472
-0.187636747430681645185185713924,-0.532412770203909003646037302751
-0.238179989061483925067085384689,-0.532258404411646019337223018451
-0.288584578691039256031940545378,-0.532183064418676482743296616029
-0.338928173349954886322071329254,-0.532144397818914710017916211749
-0.389579902210458083143107221024,-0.531923067287504270113155208446
-0.439901025874540386897549602674,-0.531898874284173801126282572009
-0.490225674618273232514174118791,-0.531872385160499929203080530455
-0.540690001002674085025940182783,-0.531760759664534489696301766257
-0.591015771584801577981539605613,-0.531731147257197852876561876138
-0.643406575394853230482067985355,-0.530416605046488730051037464692
-0.837623637029000000000000000000,-0.498696126525000000000000000000
-0.730255846850000000000000000000,-0.498149680122000000000000000000
-0.787313701036000000000000000000,-0.497599067341000000000000000000
0.743486802502435326769792377953,-0.490590854103765244221827315169
0.693165676085664445638624671967,-0.490573296637035985495474879064
0.642866263630037083553753392117,-0.489095061630024870150342675238
0.592545135911544236946512562566,-0.489081747862523290097200895571
-0.011343567651314367759572635225,-0.489014023989505630342581183222
0.542224099143988013826070470362,-0.488985152026542087926348262026
0.491902815636349159310954053945,-0.488972583060489969754392998562
0.290618301773364669670059888905,-0.488967938926893284807521435629
0.391260558641556015550637924964,-0.488967121750609225232082462064
0.441581687657766536030391704799,-0.488960291584448501931925709370
0.340939430124231495136946408106,-0.488957279993495700560069328413
0.240295195321551076272272825262,-0.488954504474449546091979014044
-0.061700838664860117762086067247,-0.488942089280461797238589460985
0.189970825414021318676993988257,-0.488939973644708997579917084882
0.139649100201349474449933932941,-0.488926313806628040265949039651
0.038983242287749369744901256193,-0.488919940518098076612336983226
0.089324634863514641006952276553,-0.488917745958433965297114021765
-0.112090638006125651262712683056,-0.488894806840984795596402033378
-0.162419409928512932096006464002,-0.488866220840968780228576596596
-0.212775636456141609109553753840,-0.488820691064593423235483205199
-0.263318871571521129866631070915,-0.488664561274979028133092258425
-0.313722909701220236465926603121,-0.488590858852315798134501270637
-0.364064815667992599473547612424,-0.488550305894577361639321407516
-0.414719288471547439528961683201,-0.488331470270039701449080718767
-0.465040412135629743283404064851,-0.488307277266709232462208082330
-0.515361533531584211523774708574,-0.488278754102656179345966484717
-0.565825118297410621936575741629,-0.488166701001717713580310003722
-0.616146225146266459230071904514,-0.488118976549826540389684651193
0.793745270583650859318107296323,-0.488080384377456306269479141285
-0.670330779937107079190833995921,-0.487903611718553916917233506754
0.844065074647541567834694141459,-0.487715156929251350353235223629
-0.758394572405000000000000000000,-0.456416825203000000000000000000
-0.813291751429000000000000000000,-0.454501109056000000000000000000
-0.707027764879000000000000000000,-0.453470277148000000000000000000
-0.863565024321000000000000000000,-0.452289604053000000000000000000
0.718341151691237443817078836105,-0.447002532354658828088949267922
-0.643166393671145114193610942923,-0.445544289357226048998450435459
0.668041881176300951866827180962,-0.445519475449980312486627341017
0.617720753243739891074841140165,-0.445506996984644086902577773063
0.567399708838936375945095548912,-0.445414465222167564674401558416
-0.036459965579034343779999030055,-0.445409177616038175343097891447
0.517074342389192387912193507570,-0.445399537343577182482661653105
0.466752896377559766595169343692,-0.445387062145928806612669682059
0.265468382514575276954275178653,-0.445382418012332121665798119126
0.366110639382766622834853214712,-0.445381600836048062090359145562
0.416431768398977143314606994547,-0.445374770669887338790202392867
0.315789510865442102421161697854,-0.445371759078934537418346011911
0.215145593354370537398010573077,-0.445368800476353301770183476644
-0.086854864986097274365511398055,-0.445358938500053751046163988013
0.164824466547708987608439534676,-0.445352398489810676675728444830
0.114503339016748362681609676728,-0.445338393845195121942432084952
0.064182210630956764995126166462,-0.445327901088013049021101982866
0.013861082045564225146109299521,-0.445318413745710321100228909808
-0.137231368389378509366878040232,-0.445302719655456693467181852412
-0.187558129917360823675295402062,-0.445274239589371903197907264433
-0.237913864541747031940485818823,-0.445227230671747861869524001746
-0.288460783448053111407584372340,-0.445070276948045279992427868535
-0.338858762135186747379081359219,-0.444997224058516669495589956855
-0.389204390666623492984855862822,-0.444958597848195637674350687292
-0.439854405766283976439597242047,-0.444737411607222925333088956232
-0.490175529430366280194039623697,-0.444713218603892456346216319796
-0.540496650826320748434410267420,-0.444684695439839403229974722182
-0.590940164640880212000029255627,-0.444561076143419341275706591502
0.768599636187529242971077043685,-0.444492391272314844129648920932
0.818919440251419951487663888820,-0.444127163824109888213405003276
0.869168128281396440157068238685,-0.441428011478766685114668006280
-0.784395834969000000000000000000,-0.413302579829000000000000000000
-0.734119914407000000000000000000,-0.411063815480000000000000000000
-0.679622668911000000000000000000,-0.410747353795000000000000000000
-0.835475808993000000000000000000,-0.409332980928000000000000000000
-0.885748727251000000000000000000,-0.407107069030000000000000000000
0.694724170220162130767304904478,-0.402567700766003521133556956393
-0.617862891838083978725104170935,-0.402047750792628222773159162665
0.642892123878001836353221634845,-0.401933861080627612701072957666
0.592571089160885650182584190492,-0.401836202921410468696311037339
0.542249960218952077459490049798,-0.401828845845257569434814436466
-0.061613991900271500383424360863,-0.401826026835630129150672418474
0.491924423130402995196408797317,-0.401814016429016019340938336603
0.441603295309890226242070246699,-0.401801094010898994839864135825
0.240318780547394738080012926468,-0.401796714014235877344002581726
0.340961037926231822690697720925,-0.401792798050742566047571399561
0.391282167267597821023629551507,-0.401789066189521324176315471789
0.290639908898261563546899445669,-0.401786055080838293096550474511
0.189997149102524776557208070877,-0.401780020483650087823329007954
-0.111994501149312284793975489558,-0.401767485602743179329384211706
0.139674886087832388818514926908,-0.401765359865846434029145883353
0.089350626680666423110715740755,-0.401752547232830874942537047915
0.039028838575578894515521967717,-0.401743132504069764683942929013
-0.011292848415086283687197709876,-0.401732832579689879075127487532
-0.162370438084867718658603708911,-0.401710536208361763265649282146
-0.212695323643398659405233264353,-0.401681378204772265557115544660
-0.263053159435982225109811363930,-0.401634477033936260710337903173
-0.313598798547575989696942284065,-0.401475386876823008511271622756
-0.363998146840359008377980310809,-0.401405626143750741982927340860
-0.414354955156086544296612025875,-0.401355455788064933233464817416
-0.464969452109753566503050756045,-0.401131786748924553028485544012
-0.515290575773835870257493137695,-0.401107593745594084041612907576
-0.565611697169790338497863781418,-0.401079070581541030925371309962
0.748840832143153356686285363071,-0.398212744181469074727896962109
0.801052547407827862299619839352,-0.397084733909905074074048442975
0.858325077698260451630430287308,-0.392288980900530524036621203167
0.902576664053049874840955686103,-0.368330408797796840969482545420
-0.792027158293000000000000000000,-0.363544497010000000000000000000
-0.691376003283000000000000000000,-0.361782790997000000000000000000
-0.741724715766000000000000000000,-0.361319307385000000000000000000
-0.905584423180000000000000000000,-0.360830157127000000000000000000
-0.847675443577000000000000000000,-0.360512269535000000000000000000
0.668063322086818853821115752248,-0.358360625570170954173057757446
0.617742289514319240707438381946,-0.358261868521272472641191251876
0.567421162150383317212403257736,-0.358247276063858341570250103614
0.517100032825388117506526179255,-0.358243329624662736521289788368
-0.086753628063486510811888452366,-0.358234573938319557433892642167
0.466778695957982190566627138459,-0.358226076846059678671316053624
0.416457568239603520097725481295,-0.358212762647021425987266474017
0.215173053229272279492925629304,-0.358208774515334302469287526945
0.315815310710231326969266089752,-0.358204047685963081665720862389
0.366136440105193594237646232737,-0.358201126600786455409139025700
0.265494181580139104959812148505,-0.358198115581936718221835419729
0.164851926615938919941241263754,-0.358191789753126381951100176338
0.114530799466979062750712250429,-0.358176473895678546125661051104
-0.137133221594098305046419030863,-0.358175504614077712121711081151
0.064209672110803789232898159454,-0.358161854700670098158246836738
0.718384032638670391591025750938,-0.358155292489418064034633284676
0.013888543584382451814154929434,-0.358152059566220469038892282917
-0.036432584774272953529619636095,-0.358141437466573094020825574681
-0.187507992198861571708675860219,-0.358117466456396093925836200047
-0.237833663437976491811258834607,-0.358089177704113679159073623982
-0.288189664159575007816736715939,-0.358040470487243298215278789487
-0.338738183252748250695841235655,-0.357883788962057080998609006761
-0.389133143275100480454497452702,-0.357811497796657854438970153186
-0.439485274988475891140762075225,-0.357740856952841343687990065103
-0.590907971233201791013799260063,-0.357578328166887333332474813348
-0.490102487712690048414858846759,-0.357536527906949530309235994531
-0.540424449817934330885450939777,-0.357512818282785838722995480884
-0.641232755878524647036355814282,-0.357482455698254704991641267315
0.774017564061818183773644919891,-0.354642705829260135429818094286
0.826241842580252904438087062985,-0.353521957588443207971949936126
0.870493428935042327648612461779,-0.329563385485709524904811278379
0.920371539131000000000000000000,-0.321259436902000000000000000000
-0.817579646566000000000000000000,-0.320168879726000000000000000000
-0.767278549406000000000000000000,-0.317918396276000000000000000000
-0.716560483460077919941028377431,-0.317731143889622002615400254699
-0.872766267512000000000000000000,-0.316890390759000000000000000000
0.642924479794692928057735771114,-0.314694984712577511568561895697
0.592603358473647469550739481057,-0.314666329697338697650858612805
0.542282231021447984201880781062,-0.314652044853289840952880747028
0.491961101544983797304166775580,-0.314651470221829466534446070590
-0.111892348508272531064331993671,-0.314642592949654090226219511612
0.441639975064570776202513356575,-0.314634096116108503526592545577
0.391318847474355800734323672145,-0.314620306026212358430092947613
0.190034332279548712361527540969,-0.314616793817857345511765617917
0.290676589806823357972317465633,-0.314611396149176570844441043868
0.340997719235564404034887953047,-0.314609130500039799635761545265
0.240355460611498223183847784724,-0.314606045946328045168079427667
0.139713205666215352809843175419,-0.314599809055649424993578267311
0.089392078517255495619314162094,-0.314584493198201589168139142076
-0.162270415796795458353351702306,-0.314582643504336787078816007487
0.743566563213841372458407019036,-0.314580845918944068253186607420
0.039070951202652654000505834988,-0.314569731599169861836873250605
0.693245436814127010615253245019,-0.314563239634711573860302426889
-0.011250177322077931457862673408,-0.314559927782567144458282016527
-0.061571305662031137512015154980,-0.314549217449590971440879940579
-0.212646389060306325508236250627,-0.314525232961457119493390037825
-0.262969521089850683789653922538,-0.314495545918932121522579681664
-0.313329048864747268815635667529,-0.314448872572477370702616173492
-0.363874009787139197303762254743,-0.314289178837822181780084074021
-0.414248082674632777209630368272,-0.314205811343225035156037523786
-0.464623407033216428537800315330,-0.314142605292761397102420547948
-0.565666222255141375245610854411,-0.313980428084847833522791996405
-0.615987343804079565758124776020,-0.313952176106817014964836694402
-0.515242936084499698565839305567,-0.313945543428715413710698189119
-0.666385514838203536546597603078,-0.313898573484372386409496690038
-0.923009786504000000000000000000,-0.313595488518000000000000000000
0.799206859234243225912112143524,-0.311079929507798269327719587437
0.886267485243376493694080421177,-0.281778500640198206367324164585
0.836179134031052680740250175311,-0.276943922587443883017271865123
-0.842668283466000000000000000000,-0.276531553959000000000000000000
-0.742075480981100836528414974129,-0.274322262534742502685248249345
-0.792395834023325011401750554768,-0.274042723944929939440865276968
0.935822938602922300845930824304,-0.273033609877749864428873470857
0.617792649170330864278684540634,-0.271096225451663252889250528215
0.567471527845998834426113134354,-0.271067576208559362253840108347
0.466829271623788842365749604136,-0.271055516316341813438159081645
0.517150400941443389706710649595,-0.271051477360764127112104842410
-0.137029542710969684371264665115,-0.271049731839913165183324437948
0.416507823774414971148764861922,-0.271038327472282597571533079516
0.366185549147000000000000000000,-0.271024792853000000000000000000
0.164900746446104352867018845324,-0.271021852193052304732748521149
0.768755858386266414596874242669,-0.271018069597482202151088100572
0.265543003515758798587175447642,-0.271014114106018820420534709012
0.315864132995485634554800670767,-0.271014071199810937920954723669
0.215221874292677846213495861772,-0.271009031659525806703998931411
0.114578919364564332081720470339,-0.271005271275969824146442720704
-0.187408755667480031170622869729,-0.270990443047566719337819965530
0.064257182177611563606008786676,-0.270990307139592486653573543077
0.718434739846288698080560423669,-0.270984888235468326978890209878
0.013934998709119486063540568812,-0.270973934429157079716257618394
0.668113613446574336237406649651,-0.270967281951235832586006029346
-0.036386138880116920363871588015,-0.270965694295926961588840782495
-0.086707690108759379700381111817,-0.270953952409355348882944174916
-0.237782246712180517486631338559,-0.270931601176275561856896095508
-0.288108905795022944788552874129,-0.270903948004166194009917065669
-0.338464209291651101004836699070,-0.270854652123504606939285969073
-0.388989364792002553647233086291,-0.270683251181362195546697324091
-0.439381085397909417717553855168,-0.270610533545864423087908878066
-0.489774613439827879248555202541,-0.270545305943372424002672918584
-0.691897887263438715496373028240,-0.270524215559979155787589965205
-0.540481192429637237990154289836,-0.270411114653613759710722500671
-0.590802316098928621770379802197,-0.270386932487527411091641796491
-0.641140102763758455268366564815,-0.270368293892934696382692117126
-0.903526787455469896685251721506,-0.267198677988040292718646872294
-0.945119466502790225532724795168,-0.238874392969987768720773164329
0.899109957765712606746144216670,-0.233123727270771069737185546726
-0.867064315040946460339449699445,-0.232518652360348037309983140134
-0.766762304624647700055388330518,-0.230444571790052986000573720269
0.797342497963647065068322946730,-0.229605268318285833433525201291
0.847636211771741523246764323233,-0.227944418082182950573899292272
0.592663839209317607752072790930,-0.227498285426241801496358173851
-0.816996050259670062697934198822,-0.227480306013651366514649827691
0.542342719509779631735087697007,-0.227466911837903740817567949496
0.441700463972427356726009264937,-0.227457820297651208510087033358
-0.162166894187100078745821094336,-0.227456961420005700316508468118
0.492021592853151028204532829131,-0.227450055835520325620771124519
0.391378135345012296868294710392,-0.227441139127637945231159212959
0.341056006349000000000000000000,-0.227427421601000000000000000000
0.139771210627059677143898161695,-0.227424575883211287249696933621
0.743627049052389792925132466473,-0.227420374548558464980876915905
0.290734597053069163918751088962,-0.227416575400273092167481699479
0.240413467575554302171391286490,-0.227416101629205003843286268508
0.190092338333073545170147753396,-0.227411215033027413686074879180
0.089449472642258557347824560840,-0.227407943610755414554002975814
-0.212544613319354223149017957661,-0.227396811262385161701326023212
0.039127312319108780065559625696,-0.227393223372303791340891129954
0.693305930512412076408818647473,-0.227387193186544589808679025211
-0.011195670439709475183512170007,-0.227377311391938125637775653042
0.642984804112697714565664873455,-0.227369586902312095415794844679
-0.061516816289657898871058868711,-0.227369076020482008198875488792
-0.111839184823213568088166423987,-0.227357805268413692502211945652
-0.262921631417352778485530290149,-0.227340003261509634344233479513
-0.313243904720561992790999730708,-0.227309821093188551742693894235
-0.363579150357465605413083871662,-0.227248966629776402355683091698
-0.414122632807610196224444201231,-0.227087819420239390833335621261
-0.464521468954225508640459983291,-0.227019511686327961097603337952
-0.515014110928217057261841197669,-0.227010148858861032790355186746
-0.565598755544254837971803916538,-0.226806939448703902618264033961
-0.615919897912402793569050195774,-0.226782768053832483299464040399
-0.666241684176428238249952624822,-0.226754916556383643288388715015
-0.716582669816292536041629972316,-0.226673587486534212414201714368
0.948665411125258413897994619797,-0.224378836508322727798734852998
-0.907524516022244035827844413682,-0.202598956361386402183526553229
-0.956186916991538494620137951623,-0.189785416490574594185870798069
0.877694434307632765830110328740,-0.187587023095636631050828614628
-0.845745753895000000000000000000,-0.185758013140000000000000000000
0.771011458866617753391043451183,-0.185202959051589805476541836295
0.821332341800235689814432467258,-0.185045437946993397640349868182
0.567539396269269192269576620166,-0.183897507410418551007865904573
0.517218277544363852237588351092,-0.183864607695293140837411392889
-0.187302499019358745487682620785,-0.183863183861347068633213940264
0.416575775780210580236813290739,-0.183857750167419112110140264604
0.466897150859826138603940063359,-0.183847835218415226330573055619
0.366253359753615655839261816710,-0.183841119361596167267717519033
0.315931277804000000000000000000,-0.183827279399000000000000000000
0.114646349813285101324590191642,-0.183824605227192160434231697255
0.718502607556038453877553360294,-0.183820162259927426079348323728
0.265609862834000000000000000000,-0.183816005190000000000000000000
0.215288606537681832607175525144,-0.183815281753469523880137623459
0.164967477293016822212795771403,-0.183810417702276511486016073550
0.064324811431527747135991126752,-0.183807857932361698973984076552
-0.791997988670986092225228271628,-0.183807495942353996634549877937
-0.237683998024526484147916909251,-0.183805213347619234188663407217
0.014002695150425329773468073122,-0.183793112314596943182279248574
0.668181489016060737361239541293,-0.183786980897913550907150433034
-0.036320262927087300683243193851,-0.183777186111608117173210744484
0.617860362616346375518085767276,-0.183769374613681056514266252503
-0.086641409897227491494771430970,-0.183768951385663046124810908970
-0.136963765071549385311849005392,-0.183757672935332318095218764364
-0.288037725760930826013664265849,-0.183734982024939172450951838512
-0.338358845786376497199246903299,-0.183704135599460347159091016861
-0.388712154148642822123386731623,-0.183653689448068452815787293105
-0.439270133055220889636802976487,-0.183492668159224887257332671871
-0.489759718239353225246728564217,-0.183485078818320774096347223089
-0.540131914507450823960938468036,-0.183405832553563207134538972755
-0.590699535893977857284744020438,-0.183193101071965804424147243562
-0.641020659563273852108756859351,-0.183168918915474665343867892596
-0.691341781122277866647645138114,-0.183140684871918257942342937336
-0.741682423851275309561747062980,-0.183059158457821247416350018157
0.927249887667178572981960731867,-0.178842132333188289112377920900
-0.916044024288939334685534696303,-0.153004258549916831416515943128
0.964064886706590882642693576480,-0.144536565469407348453592009248
0.794223595862557004540462208022,-0.140548316728387491130123496086
0.844577869659435697645211571020,-0.140415162273809051190242639034
0.743902747928763847522278299013,-0.140379985681521121578535628979
0.894898863433805536536315406376,-0.140298296208990885772836828096
0.542423816923946758946765659367,-0.140291427635825154109855701033
-0.212440772970202896199919402841,-0.140270945390610278748995548682
0.492102698244442410920235884199,-0.140258458551628759575974831105
0.391459903204362039290160826838,-0.140252601195411077648438800163
0.441781571464798756397223511988,-0.140241973882860135805663351755
0.341137438445969975757982481402,-0.140235998458364814349849173823
0.290815323945000000000000000000,-0.140222078298000000000000000000
0.089530328757206715345309138453,-0.140219541777772650102782661905
0.693387030142185739908221951884,-0.140214843280632645695149110122
0.240493714822727541712764071408,-0.140210169384313916290761390275
0.190172585347916001674266416331,-0.140209464737289930308627031250
0.139851456082756725859036173226,-0.140204817544067156899266279943
0.039208905033717287799568626974,-0.140202728441283498478827526857
-0.262800092368104531676050884951,-0.140200192111048772295381766217
-0.964706425258233793477828234245,-0.140190718679105023418860187969
-0.011113184599617822122335445417,-0.140187967474811735680167310063
-0.817083572741933559743714458700,-0.140184411320598844635709376231
0.643065911602208023391908132884,-0.140181661918618770522951219428
-0.061436108471521757449726634499,-0.140172021569946472231667847483
0.592744785202493661548754358866,-0.140164055634386276130067038896
-0.111757262099108045972711603919,-0.140163790678579694393321781304
-0.162079606971912900072624336909,-0.140152506294746955010940262440
-0.313170729298611920757437673015,-0.140139288494111117726181300898
-0.363491849577553713909549763260,-0.140108858417752397619195218268
-0.867404637388263205964162463045,-0.140103633989702330513175380198
-0.413852567734048499440060281028,-0.140062684907314590710388726044
-0.464509107391842232597658289444,-0.139957814673364059882542073617
-0.514877279991319071090484041168,-0.139880902828474840573373149856
-0.565238509443449674621744642548,-0.139788582825557649873660863663
-0.615799272135317076488195636925,-0.139578661803158544741377765997
-0.666120413598256625628873950015,-0.139554489886761700346016196385
-0.716441535157260640167762228778,-0.139526255843205292944491241125
-0.766768000492966391745694191661,-0.139436573519843111424630925315
-0.895444496543349947907711187319,-0.098050091230094805010835156345
0.819313161761080513724187447557,-0.096896079023721356433293739345
0.869637157565647767005695394828,-0.096777470289117105424654046592
0.768992217251136347035817794932,-0.096759639497211632562777179246
0.718671115287912629199821231431,-0.096707015129127461244994626981
0.517298971969333241466936793604,-0.096688645132575064565768658932
-0.237559220576290975574179394514,-0.096667279696342300125512417872
0.919960242161721119594313648068,-0.096661804961718787077140327192
0.466977853343886755807996668634,-0.096655593642185650215838655834
0.366334778740798601665074701684,-0.096652782470928744675956088569
0.416656726183269180355277629863,-0.096640316134852435959098240489
0.316013160793796076102962216450,-0.096635691755616158934474617326
0.265692033428089135228601859624,-0.096621105406717239500391783058
0.064407016731885002548378218060,-0.096618678655632515281513954614
0.668262938142858390813867781164,-0.096614429597657002920749381892
0.215370603322000000000000000000,-0.096608570680000000000000000000
0.165049273030265904776972882010,-0.096607641850855648580711677884
-0.287932735936911395132116510208,-0.096604707260429377287478876516
0.114728143765642468961105478232,-0.096602988859022694478024900204
0.014085890118474394028912815924,-0.096601694122293343782445327316
-0.036236014467165805325031655881,-0.096586826531442912495573368425
0.617941073653739717893710545898,-0.096581678086276801206266004029
-0.086558885303030176180223005478,-0.096570850067434088652517699133
-0.842174474075126669991386942048,-0.096564514438318044602222405417
0.567619947254025356050556771880,-0.096564071802044306813381823497
-0.136880045677803326694160466423,-0.096562623063763311915249437043
-0.187202356288479889846516006678,-0.096551318938274574007267140064
-0.338303769404348245419891670522,-0.096544032248038614542929229173
-0.439090820220407403372823955328,-0.096528253895159708390925025760
-0.388632263162959391226223312665,-0.096517853876998535513796651206
-0.489626911918540735493592176875,-0.096353497848319055389285179110
-0.539978028321354410721749585673,-0.096267046023675952476802230109
-0.590340977280833188028113304894,-0.096172541322062410085320765225
-0.640884866570648017525564054103,-0.095956087097584740276744808815
-0.691205990239947707812821078696,-0.095931904948783564354297103543
-0.741527111798951722351709357459,-0.095903670905227156952772148284
-0.791858896310140339821941324039,-0.095817047855193833349903507664
0.970238935328090614749904997376,-0.094595628396334406108172960144
-0.948519866702847635833240774776,-0.092543983279391336916072757819
-0.262635090959697682733055417390,-0.053039114520256101014284966908
-0.313065776042647719794570507715,-0.053009451014356874104226804791
-0.413870515649318295158986986965,-0.052983422864843653194332950923
0.794722545253802378756745849797,-0.052983077594030375312572469941
0.039349347366910303319954871123,-0.052980057250816315229882526689
-0.010973117854730050214049443543,-0.052963841385063590634598938960
0.089670474226519209979468343738,-0.052963818518685283835679956463
0.140015064815000000000000000000,-0.052954372286000000000000000000
-0.363445304340783701347992661185,-0.052953674447749000691274190110
0.341389558711043991676717053352,-0.052949784063675226087805824838
-0.061295673215170846889858526426,-0.052949347507663267022327713992
0.291045535483800881763685991154,-0.052945489667539688885134006007
0.190356824624000000000000000000,-0.052943907700000000000000000000
-0.867258520004476569682460770599,-0.052941049285587010151161012173
0.240711585454950107358121170779,-0.052938233578292675604360845505
-0.111621127784284523153158492681,-0.052934854903715361778005160819
-0.161943930023260527344344976457,-0.052927570942391672142751170381
0.391732585439797819193358503570,-0.052925292626716185251217717659
-0.464208383053883336423034911659,-0.052924078528302205746619670460
-0.212276256186161518599043648777,-0.052922021258409093791668149371
0.744304829381726579786047058935,-0.052910478133479787063317334298
0.492496435335000000000000000000,-0.052904126007000000000000000000
0.442123742322000000000000000000,-0.052898747949000000000000000000
0.845043560033648714866954861179,-0.052875636243700229476600474069
0.693963437040127210665487284504,-0.052869283576032866408462644022
-0.917579582243829968626210917968,-0.052858786168726206842003328165
0.643576884932389306831350401734,-0.052764516838255038525772013109
-0.514733943171870690288925033599,-0.052735996908327380900976943135
0.593255766385872759646803726941,-0.052731345394172070755578740312
0.542934639986158397803649952923,-0.052713739109939576362694559780
-0.565077679174383281108459299800,-0.052652557614738707819721422048
-0.615429597006193393298745785584,-0.052548192383394508620513699251
-0.665975762387821965601811186481,-0.052336561432935462202017391165
-0.716296886057121655889068211074,-0.052312379284134286279569685893
-0.766618007616125670427956489837,-0.052284145240577878878044730633
-0.816942942239490239513015152590,-0.052193582702462798898842114421
0.896975577007896852368783933209,-0.051896626084785315785935670034
0.948894449081004518153508734850,-0.049025583641416437654548280821
-0.973610964710773906057082986362,-0.048924573919865243926751653824
-0.287816429658095139497658895741,-0.009471738497894313087565208224
-0.338207307698627799477898951391,-0.009419091322004876720502423818
-0.388666957996492728969998306465,-0.009409624808461503542720150549
0.769555146222580575809467525763,-0.009383043433583225828036943826
-0.438988078307254283989598854001,-0.009379247396868871731989641481
0.316221263898412380205063537117,-0.009374871460874346976146595056
0.014234173178806774314429118892,-0.009374506026018199963579297766
0.265891683376846444655378257093,-0.009362238339779181925791438787
0.114876429007232307465597748342,-0.009361785274705687933746485363
0.366545163333000000000000000000,-0.009360598497000000000000000000
-0.036087523947209176508128278126,-0.009357847774788849978504713663
0.064555299725231262874677956537,-0.009357324174930713530926710167
0.215556901774262490197859981405,-0.009355462199663915426270290540
0.165216284252000000000000000000,-0.009352318912000000000000000000
-0.086409702585708870581806021719,-0.009343136930578863765764458900
0.416928160329000000000000000000,-0.009338725074000000000000000000
-0.136734405204592767659821476123,-0.009328211266215464739773394755
0.467336038131092895028486736327,-0.009322136186313631885053509249
-0.187057712285747072872692830671,-0.009321218049840679370188542061
-0.892346212347264263674900943586,-0.009319681069643738643604986753
-0.237392452401939223933432061627,-0.009317058699454547178573776805
0.719175574900067267294264998224,-0.009313039661554862220961297922
-0.489309160468553576816057131937,-0.009310238462372967158493151598
0.819876207476021932193996600354,-0.009300179420421935719449083837
0.870197336314200677933602607452,-0.009292143955932389258647394357
0.668854481335240183979337838135,-0.009252918474004449162932794486
-0.942670680251756238850053129555,-0.009239376809200113852682224170
0.517657024566800478532745064755,-0.009202151793130356895487631134
0.618445096726386681219026994249,-0.009168538885169716131037825622
0.568111996621427833715784899397,-0.009142276648099285199276298018
-0.539836082111960938819331616503,-0.009120011266592070663434345370
-0.590163329102755442799669331395,-0.009030014821035863808050195983
-0.640520969764032999906731240611,-0.008928387034590016103875233323
-0.691059808317171865292885015031,-0.008713096280204427750955997921
-0.741380931986471555580142039625,-0.008688914131403251828508292649
-0.791702053545475570119030318388,-0.008660680087846844426983337389
-0.842030634582277933505455325577,-0.008572214486519527391286089000
0.920556140839422549343661711837,-0.007442457759367098497648099961
0.974821593732594964021683595926,-0.005897875119715692127431647834
-0.974382877246775466470860434565,0.029831745952583525957472494226
-0.363428964627847643866891511223,0.034124956421194316786823035300
-0.312829578710499564875786390504,0.034192416670841904710386075143
-0.413766571927185219155064204819,0.034208605931450840845456821319
0.291083485804516734584281348398,0.034217652951223358121009631365
-0.010901029536755079640897954327,0.034219503385423714006223358371
0.391729122056000000000000000000,0.034219736120000000000000000000
0.744412369988399259961524332975,0.034222236216597286893361728189
0.442129759540925878352356413842,0.034230815398534920626426368164
0.341407231304000000000000000000,0.034232702511000000000000000000
0.240759316904726175049419690315,0.034233406254931413101783070683
0.089744161982466984184783107012,0.034234316585219649296553693692
-0.464087694347319239120845994850,0.034235261046521708208596161839
-0.061223107409752231680469608906,0.034235942105362729303366159282
0.039420096757378246475256776281,0.034237408891776584775333455828
0.140077576509180525002518398681,0.034239946508019277035532769480
0.190426607595492702414040288884,0.034241376981700637773198803493
-0.111545041429811358790205262060,0.034250793992307945338654195960
-0.161866283093857492851411258484,0.034267714987006418022498539788
-0.212187411897507618408509915348,0.034275963849221971566390835311
-0.262508539945821086596473424932,0.034287966453678165023735539137
0.794733454544955611565832691733,0.034289475856542920207757350846
0.845054583383134357305438698831,0.034297511321032466668559040326
0.694063053352109636294184677434,0.034298705709113917759669559091
-0.917438907039403721442654921840,0.034298809793800292832646701367
-0.514408776508618531947304272786,0.034304269981017612782092651721
0.643722693129237558367014430651,0.034343059479080873231801393001
0.593301305571076444815958367046,0.034420517521862277512448038658
0.542924822512054269601014578851,0.034421726066313633805777040906
0.492603695984069844650724152707,0.034438961838891069966101218218
-0.564924362717192057253563990686,0.034504002313909030475824110281
-0.615254222520660805788005210980,0.034589512223724576824521653137
-0.665605984789088253213858636000,0.034695646386664550646104853860
-0.716147500658510886788765523155,0.034908271936572009963534069339
-0.766468624329259249572582212612,0.034932454084540019679047732772
-0.816789745888263264111470491375,0.034960688128096427080572688032
-0.867123329274417391273209303831,0.035046276376924504084965599120
0.946482918245285899500108373269,0.035685471537830649750132761476
0.895361227043591389280342685871,0.036117069223118728921544657801
-0.949151104034422949063462226851,0.073369932555583932642801419764
-0.338187265126359324122939948728,0.077657388910016239708192771539
-0.388525357430086523021520113612,0.077741319639979611866624968341
0.416900766004545717222810016530,0.077792902743346033798613632122
0.265937388806121534565760904408,0.077805379180800579321785293880
-0.036044263914533219172317846606,0.077808880957733572585860002716
0.316258516156355716105238638948,0.077820018811519526705796327190
0.215615231734997496314153970400,0.077822293062175120101148188389
0.366579645545769419143644260053,0.077823033966349086951816507622
-0.086366411338091557731032819809,0.077825279559428607575272157784
0.064604763645084986964455140593,0.077825906638252922903200454400
0.014276862290678903989101844269,0.077827034645731139676857284984
-0.438852281928235561003177438522,0.077831114179607285268621594276
0.165287357850669285331627307587,0.077833052728162483638167675278
0.719301259873524833222034930842,0.077833296061228839608440061322
0.114949564500574433406044716271,0.077838101109018414071214412571
-0.136691008295231693665399794300,0.077838595296347780858654634489
-0.187016452557643587103852846206,0.077853091526163627098822720875
-0.489173404348369580968959228554,0.077857769294678152631760934796
-0.287682766522899593943733607761,0.077859452409096168272210654795
-0.237337581361293712660951503071,0.077861340388379180642715016398
0.467221802188106543267658846118,0.077889802330735572823331220934
0.769622348560599610597270751659,0.077897369962538389654126549865
0.668933026405000000000000000000,0.077898240166000000000000000000
0.819943477398778356336876758757,0.077905405427027936114928239345
-0.539494486509668873795417506490,0.077926778229174057205257424678
0.618578901973927321963945803448,0.077932115886112866875287257281
0.568142478938961133475681216564,0.078000897449215360517358162760
0.517821360360826583417214326061,0.078034020894024238903614162094
-0.590015629018731039797742347113,0.078123909394603512266137589492
-0.640338263611642663816737596866,0.078212980158578264307261053333
-0.690694018954483849132850757160,0.078317215038887171251214199239
-0.892674156458131807858294199982,0.078397992632976404283491516635
-0.741240195352099017159359981644,0.078526762799182654070948449816
-0.791561319021398707340336190866,0.078550944947984051155299420891
-0.841882440580402721879224469629,0.078579178991540458556824376151
0.921288002316884954369671144186,0.079244999802331633593475369897
0.971609975186486467433935050303,0.079284176582716312346151892867
0.870251183367584461304271322402,0.079725575029971348613958836847
-0.967392056881632640243081394066,0.120268586175311086048247755910
-0.363215588335391596261952020709,0.121312848012647272227222076227
-0.413611067431136864869633347316,0.121363827888136056289789741298
0.391767710689833242681336103885,0.121399413291385701317213217537
0.240804246796768269505576875200,0.121400576678402953297203011479
-0.061180487323782920862789238685,0.121402301847101287720156967028
0.291125460453744380375092576798,0.121415988820211757980427421481
-0.111506985387097360958693347076,0.121416191554977979430807748133
0.190482025620582473355416741177,0.121417453602395699402012027712
-0.010859121659651497280247952316,0.121420593607646679101301882861
0.039479657799821312508266511263,0.121425736091836469077043058592
0.341446588741025894768526298679,0.121426943829585081574298065481
0.089808572657108498249650324522,0.121428772143587880620757650757
-0.161831373035704758983260942917,0.121429628007597612303799333315
0.140158220455164165607831934186,0.121430558687507226135956985555
0.694168697030369188138154493630,0.121441294284751615020864112572
-0.212156501317575625403531977053,0.121444306472130821958960485283
-0.262482045441860228843732948942,0.121450008620138388977093181165
-0.463943035441713033442566098145,0.121451970730238526229098125841
-0.312816777910015910289120427026,0.121454148688684830080431365267
0.492409893722081303545797272878,0.121467572848535279509956180211
-0.514264158508145202174164262044,0.121477376443424649894131675099
0.442088767281372992651309048766,0.121485061574077468936922606258
0.643797402201000000000000000000,0.121492887862000000000000000000
0.744489800038707146085215005943,0.121492909607231343782005160763
0.794824464307627693850922885562,0.121508745361531529226204954229
0.593425162616993848592704770790,0.121515432286780797015877317369
-0.564585240669444495000622539980,0.121546385377920554467628164981
0.543042432993583443364865553670,0.121615158484537317998747528493
-0.615100839636759074500676155640,0.121747891473857696937036394324
-0.665425899443015334412275320018,0.121834380875539431817062568016
-0.715786713648803408665812423243,0.121935705901926699765186571636
-0.766109385288000000000000000000,0.122278817002000000000000000000
-0.816432771462579290573977770783,0.122295966671414096500845495249
-0.866783990898453817546420725024,0.122307074708975153610155068393
-0.917113735010000000000000000000,0.122386244071000000000000000000
0.896177310635804818904628610866,0.122853895157114197783809295098
0.845155289523694298885991657231,0.123342225340299742928197284587
0.966222150654674739285959625842,0.129316040618865134413478668365
0.928433026692000000000000000000,0.162546395534000000000000000000
-0.388332523665121002726196045483,0.164917384838067914683403679684
-0.438700739569925788701617340045,0.164984057416250107654219432498
0.215682537295616928915480173311,0.165002363153925222086690456171
0.366646291265688145101993563846,0.165008321132968187719920185905
-0.086291915056591670848323724373,0.165010010676357586660122314394
0.266003713196247811247664066121,0.165018515692103685706062938136
0.165360469963659057093583388158,0.165019328716814497427681710926
0.115016100420170658918779036174,0.165020579016284916186074586881
0.014351139729259846434339431644,0.165023599017612315207526946711
-0.136614059665871769124497621240,0.165026407024261993274781575253
-0.035970788851444342960724931992,0.165028164543963562923253616882
0.064683330454810900525737442911,0.165028523018944472836913804334
0.316325166637392824096774843091,0.165030417758146236703348259408
0.517609604086667197520765781595,0.165036205062306485852953687354
-0.186937506920038265412046596839,0.165040384862979004873010219177
0.669001794095443988629115931753,0.165047319181478925055102046284
-0.237262967059863154323534994538,0.165054872279611661008408051839
-0.287588408474802637455560383785,0.165060633556905541767276584558
-0.337923434065655552253152123467,0.165064604875243532966432450021
0.719322919058937586949413849693,0.165068638790658525566490830948
0.467288485643547909886375743247,0.165069532991045745711790929077
-0.489027223694597508891646255800,0.165075354044822536781239748467
0.769644047900276222135009051989,0.165076654442294849348984854961
0.416967359202839598991887519136,0.165087021716587935138757355124
0.618667909973000000000000000000,0.165098310845000000000000000000
-0.539348346761029677623244419700,0.165100759758008660446273297724
0.568318137271243735261046769175,0.165127856003601099775187555353
-0.589669428922328970449702697636,0.165169768692504565019769787607
-0.640191369354323210283033883022,0.165371571632533383686029141189
-0.690518648944816361950463610383,0.165452840208224927897867564577
-0.791158620741439954224676578394,0.165924442533581578686004963244
-0.740837491913620800022163788729,0.165932542613966584305854092066
-0.841479747586436250057862881686,0.165940726484800784093735804079
-0.891800869070697706901483796875,0.165969093428136334942258471320
-0.959897006741122025429590129583,0.170028412295470569388210209298
0.878671075979000000000000000000,0.170032313981000000000000000000
0.828261654915691164791655867525,0.170742870714055499014888445482
-0.923647357927273768341045232890,0.204930833887531252874303589454
0.952686054442000000000000000000,0.206640900142000000000000000000
0.795026040499508739356893393169,0.208527437217864956357301172987
-0.413411150015805000614042662406,0.208543965869361810822128668896
0.542879576761641648197116678411,0.208552231456306648210954132021
0.190553984971384310034747284905,0.208600206336880702039096078737
-0.463784927822810264150697497700,0.208607440730834118206361055123
0.140215553554798007368473378538,0.208607736016332387687956164591
0.341522866258619854432178510405,0.208612736189687478093498910323
0.240880241747000000000000000000,0.208620153661000000000000000000
0.089893852513025989161277077084,0.208622055278095586994226160841
-0.111392196545363721441348442751,0.208624136155400282916757227389
0.291201741696304836764327814311,0.208634982565805608878179002243
0.039571858258724123640859691627,0.208636206244064732769449609078
-0.010749699731511244976597108224,0.208637403374511416067689729599
0.492487268171436826350526450150,0.208637630615602336281936126871
-0.161713450482813890888180951261,0.208641045080030330204887719669
-0.061071070340216393553749650370,0.208642290023006259179888529877
-0.212035227954038139857314487877,0.208655983804376043091780131964
0.442165066158668586970715486633,0.208670334193593161108629956386
-0.262357896017623214732308183621,0.208672077746287878778797714889
0.643928159885000000000000000000,0.208677160387000000000000000000
-0.312680269520749248990099101830,0.208679603986847846694895802379
0.391843939717960276076227262522,0.208687822919135350535596382433
-0.363007659490007355438577556877,0.208687966815579777151807680388
-0.514114354167198529842348399405,0.208701233004084671808705275814
0.694276950147110110803194642830,0.208713976610236068139887355205
-0.564435479174062558865602746947,0.208722449998165897767703490486
0.593583814792000000000000000000,0.208724074876000000000000000000
0.744638148491084994487500244550,0.208744961792759945889682441564
-0.614756561335361851692061024883,0.208791458932661802341199980368
-0.665330651088867883652490929883,0.209016366650950028158220651051
-0.765970053138731751728748130046,0.209528074935333227598234153523
-0.866613223327606066460529570771,0.209535731580399781119842573238
-0.715648926076361455819176984024,0.209552346501553497768156952871
-0.816290221981068769230627580684,0.209839008683853698806718543833
0.854521151166000000000000000000,0.214180642009000000000000000000
0.904403143392000000000000000000,0.220820131729000000000000000000
0.820943053628895215506899075602,0.251661234900986751959785328146
-0.941734486388022237990683346062,0.251889026529089092784220235330
0.568083060812960533934307877265,0.252106800261337754086360221905
0.517755385181383146340730768999,0.252154734550594789008125777734
-0.438501971796204092886963029670,0.252163534121483755606602879448
0.165449135122150076268103906776,0.252211702369058708921402252688
0.316412671051971227469175709612,0.252228462174669357493864684769
0.115127210003554815501911094798,0.252228729700246424769326532097
0.215770422378659118686808985982,0.252229556309846745399247976451
-0.488868432545929465442209210902,0.252231217079547108653853534203
0.064806013240421769877717936596,0.252243338990857314534822754764
0.467376664079325895990843807887,0.252245813726648546970275166114
-0.136479328550752591347946466725,0.252245826629996376754069742888
0.266091546962582798767026600972,0.252251753753528465087879854412
0.014484228793578267410381876456,0.252257610622383636309431020339
-0.035836900665460462114543873661,0.252259054207749395383892168232
-0.186800510924794734354352774836,0.252262776711152839950712586799
-0.086158202345605263460347674343,0.252263980497602353017201045376
-0.237121807488374694014782990130,0.252277992004190509283140611265
0.417054881317204231124389832917,0.252278758716209979101342607312
-0.287444397383888524873395471496,0.252294130899683156528223324734
0.366733754876495920229901608805,0.252296247441752168528309033359
-0.337765601164414220075152967178,0.252302329812323437301942408816
-0.388087740566587665251589198557,0.252313711569216160381477243578
-0.539199980511501536155636017768,0.252323968494744000883492184893
-0.589521105593593707854100624921,0.252345006310892402104523954950
-0.639850133030706166633069721924,0.252409445264998246084862944393
0.770437032148000000000000000000,0.252432080947000000000000000000
0.619406849697000000000000000000,0.252624395806000000000000000000
0.669728019446173908622389362107,0.252640802964502843838280980528
0.720056782924075828149445728441,0.252653645888031239889421009192
-0.690168405675034248821320022135,0.252945645048976530673247990771
-0.790794569704400842063567616693,0.253300358232171199086711606173
-0.891433419629314499458520974986,0.253309855531221837440348650815
-0.841113955583387646611938902523,0.253719257836966356650508461419
-0.740478377665890561363188257399,0.254005263091729431185231441195
0.940718630353000000000000000000,0.255655132587000000000000000000
0.889868230713000000000000000000,0.269031955775000000000000000000
0.846758455061000000000000000000,0.295046863482000000000000000000
0.796354619318334175518082851697,0.295566351947603525214837135837
0.593306549359000000000000000000,0.295661023883000000000000000000
0.542967984546000000000000000000,0.295713124333000000000000000000
0.492643482195468222348916473867,0.295763671835740452390206188517
-0.463508144102952000409034914072,0.295831685200760150834981549347
0.140367478449421309271609347493,0.295836541287599539276902946023
0.090045802431990870870720928834,0.295853711836017769947534501352
-0.513953903798925437946482668651,0.295853862622113493001471254786
0.190688609639328363078925918525,0.295854305499113376473830770174
0.291330857843008188216747438101,0.295858322073632246714470136453
0.039724112457473681533820517147,0.295868037559805871118691144176
0.442294617078653767063050227976,0.295870428227791688064099569830
-0.161560821617507258994431507687,0.295870759611716952742283933565
0.241009732816154796298570580295,0.295879491605119369708218931067
-0.010597419042426441518182036086,0.295882454621507741710443957886
-0.060918548501465171043107786203,0.295883898206873500784905105780
-0.211882163829380813783606114849,0.295887617796148700975307008738
-0.111239695412359931106832715306,0.295888913479322929005415236054
-0.262203446230084132980462465256,0.295902841231983312269428584300
0.391973074728716141687948120297,0.295903511441869635685510483325
-0.312525988721334644856778965522,0.295919007382013990997035222467
0.341651948288007830793459896185,0.295921000167411825112476909372
-0.362847203293438746160462911202,0.295927200090165943777326747020
-0.413169335571093786561603054721,0.295938585943215310596296973597
-0.564307763741000000000000000000,0.295942211624000000000000000000
-0.614629825278726488385459295633,0.295954274453005263871499810051
-0.917814427018949019954637529325,0.296161442680653338872791386266
0.745831306678000000000000000000,0.296345545889000000000000000000
0.645118365783300941879337003184,0.296533638583891998759494181602
0.695439502797217641435525621684,0.296542204662193181449595954355
-0.665295479870334464142408377183,0.296831295594265204707443512462
-0.866628240403493750489950009125,0.297092490852684442572474175488
-0.765994224179325894814945838003,0.297377577404203974368545793334
-0.816313011493012267563013338229,0.297863082705173509783302246039
-0.715603106125018007862539965764,0.297996976826999596495183446806
0.926248015677000000000000000000,0.303869309846000000000000000000
0.883144131026000000000000000000,0.329894889937000000000000000000
0.822083043282000000000000000000,0.338929174914000000000000000000
0.618486916547857310503976889511,0.339230031683746030687790490780
0.568165274236000000000000000000,0.339272167030000000000000000000
0.517843554881790186393494225391,0.339320214498368806122538706714
-0.488690896508241451683735556806,0.339398244089558822217670914928
0.467522102064057060837259231580,0.339411099713524720363504948995
0.115237557889093806248686210424,0.339433595829723175777588630791
0.064915727425424565373230452924,0.339450677352916141213898710892
0.165558684234290718543814859050,0.339451357248681462893188578553
0.266200933008439785656829714772,0.339459387646599200047136888872
0.014594506988512775198633123518,0.339465273723256006442170352307
-0.186690832047340098097307915572,0.339467762351742176786693669109
0.417166046606282507801284149396,0.339468260950673056493189769920
0.771764436429781563709403702840,0.339470098685493772118607163136
0.215879806843578653234690223670,0.339477652843080661082456160663
-0.035727129425123230286997840155,0.339479630312130814248857902298
-0.086048258884161959811923590273,0.339481073897496573323319050192
-0.237012020836329023213473819493,0.339484708971221495606651745043
-0.136369705842192770209709123191,0.339485916219348153049824971597
-0.539011938135055821270847674531,0.339492274455343456541898532750
-0.287333344585217396446251220947,0.339499908573467930379792931788
0.366843154729905087287566203298,0.339500566307658796964657169502
-0.337655877716856783073385794180,0.339516080118494929034730876765
0.316522028289196776393077979187,0.339518055033200986391623595549
-0.387977123551311197190596164787,0.339524254806628682965973766837
-0.438299228300069194931782095565,0.339535656527687647026016471667
0.721367825149000000000000000000,0.340336625143000000000000000000
0.671024039203894052109616274398,0.340543354756711898828523231984
-0.609464435905683215353262206293,0.346009592100005824990012815824
-0.911345652713229372271663318807,0.346065060095615708090340008968
-0.659778562316403755663461344437,0.346849089356289588664274886197
-0.861035204694629536974892402748,0.347101830217213584014893182143
-0.760401188470461681299888231626,0.347386916768733115810964799988
-0.810719975784148054047955731851,0.347872422069702651225721252694
-0.710084761186207847082840694481,0.348074824804498427456098937823
0.898635801134000000000000000000,0.377804303825000000000000000000
-0.570941730638092936439887438268,0.378385775491252643557479012742
0.848445312583000000000000000000,0.381818371082000000000000000000
0.643683808261810392823685968566,0.382789394146822842482246610250
0.593362696006694347933222565878,0.382831029772000889777195000893
0.543041142093000000000000000000,0.382878761365000000000000000000
0.492719418524527611592277451415,0.382969236901749080925483384921
0.442392834269112533457962763786,0.383009336457965718906893260860
0.090100514403756045075618396548,0.383026543848106981658727156590
-0.513752925298588098270007720779,0.383034361985507242278926626693
0.039779387962613760100120294559,0.383044031324910706766209687969
0.140421640748952957370747045174,0.383044305267065268774327104351
0.241063889572290836261163429037,0.383054419165600187069500799895
-0.010541739384589108591485029823,0.383058681371523153126887574207
-0.211826251624756166230374844800,0.383061646725407747340586806639
0.392032576613810311391369583510,0.383063269360521698465593384661
0.797730609077000000000000000000,0.383064474621000000000000000000
0.190742762948644879234801141159,0.383071373346919644152239909086
-0.060862866731771779607057443101,0.383073331487511994533563777163
-0.111183996190810509131983193219,0.383074775072877753608024925057
-0.262147378238863731881845832649,0.383078629193703412141304577170
-0.161505125419608838342776052419,0.383079800593013723603718109127
0.341706113678116859508757624465,0.383093515729302517114653940043
-0.312468505388706408220227803563,0.383093942150323648811159770004
-0.362789632002811572132197914688,0.383110924625735959442757519967
0.291384987237408548614269400354,0.383111004454844706541620366090
-0.413110760807560053863348244394,0.383119166784846664127355865272
-0.463431888864877559672967918449,0.383131131580167585065859545114
0.747330204174545463080241329988,0.383460829143335159360070410805
0.696969794344000000000000000000,0.384379409199000000000000000000
-0.635621306338914740832448571905,0.390992526646053799212707306978
-0.892130718027189536283416611485,0.392956367158715759592307318101
-0.841813798107568046280946151934,0.393607244965736613437607987774
-0.741078226844946928310149581374,0.393850227306577472286581217450
-0.791415171648043072217411481002,0.394343279705256335441321399885
-0.690611436114239831702316395476,0.394475317072994200995535097611
-0.545696774042609895227735599170,0.421916319234806450272270914507
-0.596017758205196371911553263570,0.422037253208507630331629492815
0.877564453722000000000000000000,0.424456194798000000000000000000
0.669024311976101570253060986462,0.426264386310402000608082076590
0.568243306160000000000000000000,0.426434768413000000000000000000
0.618694703261602778197268542534,0.426467314237022569853146085113
0.517921614252000000000000000000,0.426525096561000000000000000000
0.467590304597282319852260211263,0.426567384637128629660399906408
0.417258462702107086006477730607,0.426604867208758152669051793983
0.064955095782345019628617349229,0.426614661431586883667830874141
0.014633531904522986811027881677,0.426631896553928905660029206701
0.115276222127541931923745997855,0.426632422850545170783430821902
0.215918470482197679812700276405,0.426643933301918102641505332079
-0.035687595442679881880577442705,0.426646546600541352020707092939
-0.236972107682846939519467257682,0.426649511954425946234406325371
0.366895021806533276081329321040,0.426656515848847446659634508044
0.165597343746138193881917697622,0.426660550483187980221711505649
-0.086008722789862552896149855984,0.426661196716530193427383295895
-0.136329852248901282421075606101,0.426662640301895952501844443789
-0.287293234239731873877864391145,0.426666663142255334845531222802
-0.186650981477699611631868465301,0.426667665822031922497537627859
0.316560696138362053885702387829,0.426681633936775818704761044752
-0.337614361440632784560291102026,0.426681807382898090652998246651
-0.387935942263914989746507259896,0.426698527821708999052574069927
0.266239569697653742991214163718,0.426699122662318008131727470798
-0.438257071068663471477657589602,0.426706769980819703737172415231
-0.488578199125980977287277263657,0.426718734776140624675676095073
0.827309575404000000000000000000,0.427509719449000000000000000000
0.725039972858824441578208559043,0.428575811798866836583348618479
0.776312542432000000000000000000,0.428646062241000000000000000000
-0.660589772356854787298249105198,0.434859915342084206460869755707
-0.716740914616643024132096141677,0.437894651535068908227034446892
-0.870664508101861507467019201730,0.438469199454223612234520837505
-0.820347588182240017464548742180,0.439120077261244466079821507178
-0.769864276577031698712166113101,0.439816073700738203723842508470
-0.620890178242683107292275748657,0.465781724786023600055252177032
-0.569689872987793417609201113283,0.466149194736224030093063023403
-0.519370103612408408091281774983,0.466519170580488350770078095971
0.695309171002945764907384064546,0.469175017371436297918105819181
0.644041822783217355426075292008,0.469946738785647135787900058168
0.593440883900825792695287757373,0.469992845929964755101328629137
0.543119360447000000000000000000,0.470083877248000000000000000000
0.492792285597485951754297598846,0.470123019575840593068548995624
0.442465536649000000000000000000,0.470168313521000000000000000000
0.392118651045887120297633501934,0.470199421127582442640437180995
0.039809239724254246339524936346,0.470202526660605082561650392873
-0.010511886716888038635973165642,0.470220014137408807669132924252
0.090130366069451158634653584972,0.470220288079563369677250340634
0.190772613803663766896487245531,0.470232716196251308173097871925
-0.060833014064090907327578490024,0.470234664184021254029810810490
-0.262117526304257964966468305001,0.470237629537905848243510042922
0.341749325072234315350590799318,0.470244795490420743622335192231
-0.111154141411273578343150903303,0.470249314300010095436487013446
0.140451487103712960527699816949,0.470249442366531312148655614619
-0.161475270870312307868076653420,0.470250757885375854510948161340
-0.312439116485442528320628746103,0.470254513263615161576685903196
-0.211796400099110637078869512620,0.470255783405511824506641345410
-0.362760671701736202174600447234,0.470269410578871130262814796610
0.291415483247186566105080211472,0.470269870202708123971508493895
-0.413083818174981370976287813294,0.470285227734398895126231518717
0.241093714016961513487529445098,0.470286988109057568550885518792
-0.463404946979729852707438143000,0.470293469893509599810829864021
0.802787070586000000000000000000,0.471460142002000000000000000000
0.853123007291000000000000000000,0.471660052417000000000000000000
0.750422570935000000000000000000,0.472027702301000000000000000000
-0.686484856225670860960099070808,0.478103941540730002022324238222
-0.741767945907284145184599845062,0.481563076886757163257523765543
-0.795827134756466086644951471006,0.483062806306124298940430806990
-0.846137344820543982934847686918,0.484111059818223984814092367382
-0.646733783173439412865544316834,0.508959544975332167534666202114
-0.594839736498763674960745474139,0.509734747818602610456390171519
-0.494198839160558542230946198704,0.510092367823889177894464436141
-0.544519967123378665442826135840,0.510104723662866931133405244088
0.720647946680664320536138766992,0.512653483346567794358505324411
0.670327228890154294241893323996,0.512857034728586942667312680510
0.618727216921828596665651984608,0.513499367676344542857852547256
0.568359336025704709902609298894,0.513618255969345589802129415268
0.517989604702375737995189920089,0.513681155234333029850665641422
0.467667921768000000000000000000,0.513724400042000000000000000000
0.417316057000317375666884215088,0.513757506545618402032523237221
0.366972924677110858172322542989,0.513787717935866984944963297316
0.014663821274386160264598350473,0.513790644343045876703495998979
-0.035657657784038771500420869427,0.513807928397622260340746171131
0.064984947619583072559726999099,0.513808405762004163819095946741
0.165627194953596153797079129892,0.513822066550084146034475477087
-0.085979187561241882930701178169,0.513822346280784050821782616549
-0.287263699839058514803216704819,0.513825311612948225844217625737
0.316604112181058827569968622961,0.513833031756353048889082641374
-0.136300314946074128179899303121,0.513836996375052473037194596262
0.115306068137181640025131744590,0.513838438587289996858377699868
-0.186621444405112857704825053238,0.513838439960418232111655744155
-0.337586992786417440245612381150,0.513841212951342592780347070782
-0.236942573633911186915617912438,0.513843465480554202107348928225
-0.387908547612802583404381000632,0.513856110491561026336472245401
0.266269422921398398865986626401,0.513857617588975935784319042952
-0.438231266460557350134656959351,0.513872174368013366680407723262
0.215948296480691486158451025434,0.513875106318541193339859354817
0.777070548603000000000000000000,0.514714650093000000000000000000
0.827386555655000000000000000000,0.515483519866000000000000000000
-0.711502666072675996746745431297,0.521765426428172470131739732689
-0.767792484464191878043945455880,0.524851255130017772075076249178
-0.819631941005000000000000000000,0.527702786027000000000000000000
-0.621430733017466451554296175624,0.552456346293608329553450942643
-0.671751593020444548652190677323,0.552621029862774635644081696582
-0.569996695033745391031906002885,0.553500027638048569024140848848
-0.469027573946888467151666194669,0.553669203369241839849261169320
-0.519348702671528799582490559560,0.553677920906267758257791584258
0.747337933839998294592891010843,0.555313308212029463878201242190
0.645064981749900564464459051068,0.556377546462044494228936380798
0.696075636121472639482960802284,0.556689650540050549031735357008
0.593645694044014202225800867629,0.557124763187084287655760658272
0.543228582773860565769530859606,0.557215165594330673555219469808
0.492907543536901242409974605230,0.557310466327142164887986600197
0.442518910664390095527886531456,0.557312440127299024850966591496
0.392170130891039139206884310067,0.557345918898832020940661568405
0.341827711785935370391700366631,0.557375954201799290211710746459
-0.010481598226018786434855622041,0.557378761419445595951372760518
-0.060805936552671044671166089308,0.557394395874264978123614125090
0.039839528119178125860273026584,0.557396522838403883066972708280
-0.111127063899866369660147981472,0.557409045946789102086266902581
-0.312411576140033426728200339866,0.557412011300675657047878793322
0.140481775627203137004292837666,0.557412297584118324845466354751
0.291457700123336117408823280543,0.557420982515432417495415138220
-0.161448191247049040104882938167,0.557423696062779904240855763847
-0.211769320706087769629808688285,0.557425139648145663315316911741
0.090160648319492900330191030718,0.557427082660826795094446098656
-0.362734868697483821475392934548,0.557427912864032488854004519572
-0.262090449934886098840601547485,0.557430165168281633311010095811
-0.413055995898378562562750146689,0.557443057125175497890648449946
0.241124005777393704719507682969,0.557445736024752318566094099339
0.190802879336686792011972082003,0.557463224754317576121634411204
0.797398708066000000000000000000,0.560762098370000000000000000000
-0.737365774584999039845924823748,0.564931566980659641916704436688
-0.791303604967578386451450709412,0.569342189990869063286758369734
-0.697614701532767591751370069774,0.595787170415261807429046400580
-0.644958233523833076004169481031,0.596938621325807305402341202654
-0.493996734570759672300802918698,0.597358528036219628887519367555
-0.544317863295400004731627283590,0.597367245573245547296049782494
-0.594638992245751378541223779936,0.597374544846018346328200354495
-0.443675608191936881590890892037,0.597376193930458481139261426164
0.670304908182639788199582871157,0.599911006992849830285714690915
0.619983862231945562391172202595,0.600002694207849674621757190786
0.568514057263074196897807947829,0.600722186314814405935465730127
0.467708522493054483914017395328,0.600875033347153203948736019633
0.518193201766083536632716942617,0.600888241029468997066657041134
0.417373493003877472190089711905,0.600900558265108714378465907660
0.367024917999863651426262133709,0.600934155164764326207409017548
0.316680612220545531836716461787,0.600964303213947375232270460946
-0.035630228706306888241923940609,0.600965025965552301809258754057
-0.085953812463737425900946642706,0.600981095786954874197271573880
0.014690897638890024053204708017,0.600982787384510588924858701819
-0.136274939810932750889928534870,0.600995745859478998159924351371
-0.337559452051099807957980893264,0.600998711213365553121536242113
0.115333144650235887761606581286,0.600999568252034522317048778592
0.266312282979331423262344337112,0.601009100951208800277190194607
-0.186596067158115421334663491565,0.601010395975469800314513212637
-0.236917196617154150859589241683,0.601011839560835559388974360531
0.065012017302912702862330642770,0.601014217885369607356731990448
-0.287238325845952480070382100883,0.601016865080971529384667544601
-0.387889109364176391636951464046,0.601018783100675522933647421035
0.215979477828650208716588506177,0.601034367413591901688584015570
0.165654249367608222980088043918,0.601049489595384623212612183706
0.767057988957502083144920047769,0.601609479741432268354265527495
-0.760856950842819605119604218846,0.609433035609697959878512794917
0.718438744681933935567084331009,0.614585810431959081543950887923
-0.672223913741645158573564217846,0.639232814241351692622046134144
-0.519150977464573921785916572580,0.640942971954976001572470392562
-0.569472106414925295595513068927,0.640950271227748800604620964563
-0.418508721657734710665092209395,0.640951919905958506182260397253
-0.468829850607968256958332887410,0.640959219990988080436396316974
-0.620535459211000000000000000000,0.641373168778000000000000000000
-0.722470508296147899322963107844,0.641970661533055466167669069015
0.594853365833462308440963071965,0.643599416824155299506159673086
0.492938274732048106807618948497,0.644414391106268926122139960675
0.442560377290271278198154406430,0.644464728543688369031301226368
0.392228280112701984409467535548,0.644488794531041019645213356803
0.341878411741883901747710298480,0.644522160959705648278523308474
-0.060778104617373269471704494007,0.644551725878242197882916202848
0.291534999125562651870323456169,0.644552535155735211831630529036
-0.111100264472069405984389242280,0.644568617206621887574033653457
-0.010456978272176357176575845381,0.644569487297200484998516150609
-0.161422389632215710264316148234,0.644582691607068720994606260097
-0.362706901872382767332368506629,0.644585656960955275956218150839
0.090185267931198606306048495405,0.644586267698555784050488525401
-0.211743516979398380709051104930,0.644597341723059523149195121363
0.241167755030587927259425160320,0.644597732340048383399680110839
-0.262064646438437110233976855047,0.644598785308425282223656269257
0.039864140843553749649523242910,0.644601783702204748847140636337
-0.312385775667235439444769714248,0.644603810828561252219349453327
0.190829958368671103610799749224,0.644620119019471161428740764808
0.140506372648570941524529958037,0.644636189041905884946051930516
0.544335030864804024773759351153,0.645035364941149716638479637852
0.665015077247181048385714973877,0.649953326691196527545685413530
0.713148913746475195753216433730,0.664628130130305778803921610537
-0.694001683766183947116160917608,0.684597390783799148617447742773
-0.544064658947042036049519916391,0.684663957157821094277936321767
-0.594385787897393409859116412737,0.684671256430593893310086893768
-0.443422403140202824928695553205,0.684672905108803598887726326457
-0.493743532090436371221936231220,0.684680205193833173141862246178
-0.393101276734819627886927433701,0.684690495183281275532649545099
0.629470491670536545670525511824,0.685573524729695271302015877178
0.518113980414062187783487651464,0.687985022448147346115379040619
0.467792853972061970755440996900,0.688002507456032566944081729412
0.417415164399095790417532230072,0.688052964809620674298048675512
0.367082220100306869906067674993,0.688076542098107358954440701516
0.316732994727426755377063305145,0.688110279470216321837772224155
-0.085924556625705249555147093581,0.688139247297909211259678282424
0.266390389750414397591222941523,0.688141213711058194289743029879
-0.136249138586007951744564826585,0.688154741178805350043678566416
-0.035603430280508337260018444955,0.688157008716867498375278230186
-0.186570265933190622189299783281,0.688169391294796152198267427683
0.065038141640701393539244901517,0.688173400105345956591916560660
-0.236904154017310386344527149055,0.688178203538177946690660967921
-0.337546412725784555198303894114,0.688183145551859163850019771871
-0.287225283246108715555320008255,0.688183229058313916686354151991
0.216018235570608822153636403366,0.688183483945927643139836860077
0.165682081649633822155241663343,0.688206818465992423162180511617
0.115359246358073728757726364150,0.688223321448696057487479965774
0.014717325426225869835047363366,0.688350960309928492892943966096
0.579502163045735640028418570662,0.691521819154248968675111140387
-0.644199051080594971135335300406,0.691802517410138115999667719390
0.677902160918930395410891848235,0.700543064172166927540774348255
-0.518918166730687268334109188041,0.728251455380707014459311764871
-0.418275446215489086625159586635,0.728262014127148777131188706321
-0.468596575403202296362803971804,0.728267435450958339675953488104
-0.367954319188290186447798137300,0.728277724944649686486305467384
-0.569892598483323513778659397582,0.728629187961135324696428027009
0.546516734879842041849154943991,0.729524155935425300219925924746
-0.111073430739643795315322677886,0.731725371270092673729323195384
-0.161394557180775390921047771706,0.731742858777655590737211100026
-0.211729580928162775102156329284,0.731749489288043523337655213656
-0.262073112461800432147005304837,0.731767450709666863604939024938
-0.312395245548104847815968040541,0.731785489507004405449868715612
-0.059952717096003561062314872949,0.732194814108303895779087879065
0.490583709002292218318058873626,0.732866669089883508539554470369
0.440262584191802855942566083793,0.732888346830220115140991367324
0.389941457773514323700311413696,0.732905899946699025365980854823
0.339620332032503769980914875166,0.732925297747585172938089774037
0.088014720840128832588631149222,0.732942729789960539972760435965
0.289299206718028685960958479632,0.732945772174782146925126217300
0.238978079664519513243009857040,0.732961398494291644906192091893
0.188656952611010340525061234447,0.732977024813801142887257966486
0.138335825557501167807112611854,0.732992651133310640868323841080
0.036201648109997396024278686154,0.733855245283289566617926360688
0.640849059351695765312484363068,0.734591320168112869185343233421
-0.633467631881117547960077103787,0.740966047735800872555946582228
-0.011909721238214625668639504444,0.748603540491794138544930759989
0.592752067173748895873597104103,0.749386434752048737590598983721
-0.544073572019723608993606101742,0.771833810260424065680670648073
-0.443431315805204468899985312340,0.771844101012731791998670342572
-0.493752444992917678637629697510,0.771849522336541354543435124355
-0.342820592626097416694318734627,0.771872585435471305623211296278
-0.594387794905850988697885560286,0.772667505337997381528754372960
0.521043749114480165998413436043,0.772921656650500418653514074056
-0.393131707203958345402311696019,0.773315646689468045873376455728
-0.186556328977596792143320349655,0.775321538337297565758513830500
-0.236885800878563470232406773706,0.775331373941237861941375948540
-0.287517276425287154847713326634,0.775526805495911319406816775797
0.415117222427444913332973292673,0.776476497213745679270051701468
0.364783868635325823524934889567,0.776502958283181951489691935576
0.062867793859796160788872942572,0.776529977185994748598430876781
0.264152175980936977242294356913,0.776532959709940216592397331515
0.213831048927427804524345734320,0.776548586029449714573463206108
0.163509921873918631806397111728,0.776564212348959212554529080702
0.113188830874838423386179312911,0.776626444009414316625073280037
0.314469710458031955319049117570,0.777380054515068754607212364577
-0.131593212639380182211120870605,0.777672673942877777324292185908
-0.081272190407093736198784810606,0.777776566266980155821268507619
0.466879007804000000000000000000,0.778756404487000000000000000000
0.567279081408387020022855596154,0.792783935467123856024187133032
-0.034119257715809050258940952053,0.795349756379434129736763372223
0.016201871029711644114881770238,0.795358352541661282094252474376
-0.318101850863648985433873555091,0.815704079566959248662603535545
-0.160875637979374287920933723093,0.818596452340344270916784698324
-0.211712548927997487273570794078,0.818903422990491904362234565384
-0.262033676274876076882811374953,0.818918074150921196316566553034
-0.527948362299241419231034003180,0.819501343064081324686992436636
-0.427306106084722279137413213779,0.819511633816389051004992131136
-0.477627235272435488875057598948,0.819517055140198613549756912919
0.288577406306205165534002445762,0.820528688998984550384747212019
0.238256279252695992816053823169,0.820544315318494048365813086612
0.187935152199186820098105200577,0.820559941638003546346878961205
-0.375808140454017179333984108789,0.820560859221296146777378774107
0.136529576117010210181784753022,0.821206996761228747953074892717
0.086209330380497545426397107050,0.821505226763497388173904228531
0.436504201305842538943497683851,0.822026614739085259976913591515
0.386183076090824850697940786358,0.822047332166174228483908430634
-0.109278647983164746080318567474,0.822775625911910303638257478000
0.522112961292747524955285905927,0.823231425656480946383278662458
0.337189755669070315049357209613,0.833530825805679766040336793492
-0.061234267000363333609584601438,0.837740702861151298146794075923
-0.010908318331031647020449287502,0.839998030310163673107734438309
0.039412810414489047353373434789,0.840006626472390825465223540462
0.478936365802512220554262297589,0.849077076625064936409745079586
-0.292457528504576864261169345075,0.859000555207145804679771299390
-0.343503023424724711112358638068,0.859143652592482045886746312704
-0.186031857929774983051184167516,0.862178336993538609520505433208
-0.402489120207289457222182798444,0.863287577941862507639100084331
-0.452810249395002666959827183614,0.863292999265672070183864866114
0.263430375569113456815338323043,0.864115876534142620052018326234
0.213109248515604284097389700450,0.864131502853652118033084200827
0.162776853046357783522182593492,0.864140626073359032722230510668
0.111510510167000000000000000000,0.865398430128000000000000000000
-0.135228226181595013635041649855,0.865889840081263161245621461474
-0.241445125403000000000000000000,0.866046009886000000000000000000
0.384114816163004584546607811708,0.872327253237187032513293926100
0.434434676706486478207609520333,0.872684614401568767346138598794
0.312042724931978606330693086894,0.877118013340837835707607907707
-0.087183845198793601164307683819,0.880854917030504155754158059397
-0.036095958022987950052578011310,0.883561763837783428300755339436
0.064454469556714929338362349796,0.883654437179479549645231361518
0.014158143660000000000000000000,0.886209716827000000000000000000
-0.370142450516900383561088669165,0.901835068548361641946519035191
-0.274679759311985046190319033893,0.906076738088218558716006646018
-0.207478135325915018289358631959,0.907700565167971011284993096117
0.190109074610112113432096841183,0.908888715372243925405291111776
0.139787947339857987785705196965,0.908903627386217125026602548491
0.350402888700302598821038234766,0.909686616439291987859824901174
0.254259154498385394470439893715,0.913594202861829855004905016254
-0.158017782977623812607354998699,0.916968230337805255108387495168
-0.323112164799733174821391941685,0.919733903635564725457040024141
0.092305366195220267324386781826,0.925565576850795649907365800791
-0.108587892597346854586815548313,0.926397016532808173626934961993
0.302871503861250543985794657566,0.926596339668525070660494597727
-0.058319922373983028979134396477,0.928709426907348546690951573364
0.042220868540229101419934642178,0.930439914422656935269383518406
-0.008085439303055437768174121116,0.931661169225702811998367093186
-0.241983619520941442889714709222,0.944328254592558740560384707494
0.219352855327406841739150004028,0.949840117808254040561190935538
-0.191863934577000000000000000000,0.955745355827000000000000000000
0.170046276682708798973901997819,0.959893842216227490081395383958
-0.141528546556316796456966947342,0.964511065280197114485859315111
0.120286590059776279967872115920,0.967389818423822114636723558059
-0.085456513613991593370477147559,0.971086560930191155784031707624
0.070127833542136729815986644468,0.972313741289801248498415336826
-0.035231303958259895288892548730,0.974192102292831423317629913092
0.018034134381478526615472955196,0.974672608897672349454021198069
