0.007430203895000000000000000000,-0.974835927433000000000000000000
-0.044384656335000000000000000000,-0.973842188650000000000000000000
0.060911415160717289252578196873,-0.972966369728411595844724729663
-0.094519208732878463688491224000,-0.970278334822153880681290549320
0.112206242077000000000000000000,-0.968392218214000000000000000000
-0.167544698624927733852666467647,-0.960361835132805290109616142708
0.193057427486000000000000000000,-0.955555837119000000000000000000
-0.217378169917489718870530415052,-0.950326606534860818118946637286
0.242060903182000000000000000000,-0.944332911268000000000000000000
-0.266065205030595111444251537707,-0.937860988908680744359912795336
0.148054292024000000000000000000,-0.933167457577000000000000000000
-0.126433120678412024271796697778,-0.931454099668842501251747144630
0.032716962060251387368314988907,-0.931362381635050672759629521091
-0.017540365025563048901368182901,-0.931220659737125946417514366513
0.290421440872000000000000000000,-0.930598471328000000000000000000
-0.067680468743594772793578969164,-0.927787146951084504900443122479
0.082838942668088881527628398241,-0.927607472969259796274971360972
-0.317159791531595883610408737696,-0.921837075887261024206954937929
-0.184072823145976882005517948829,-0.912689219705590003052441800276
0.364262856087000000000000000000,-0.904250975546000000000000000000
0.208514692692000000000000000000,-0.902861212882000000000000000000
0.257703964408000000000000000000,-0.892243726795000000000000000000
-0.228627923232058317108884650971,-0.889437078573510255201137514937
-0.278885159140829052997439240663,-0.889266053086947378974500776752
0.316763718002000000000000000000,-0.887780540138000000000000000000
0.007804409384990207285019279720,-0.887713971238917965679837526139
-0.353979549517330502131078745122,-0.887629994269870444021413183534
-0.404234411382358844409438354155,-0.887112432839884774613779654726
0.410398046494000000000000000000,-0.884262678869000000000000000000
-0.042327889362722518941987572069,-0.884168321344051047846391299401
-0.092585404816491182097030067756,-0.884134390221276111941584319379
0.108178965621091798071993562385,-0.884114501723027480845609505566
0.158436344384794275872319078018,-0.883992474231715203871318421925
0.057921670829464362239062591729,-0.883961756397905646588017465826
-0.142842596987928746013870791334,-0.883950961897172109900090014056
-0.470267590182000000000000000000,-0.853910925888000000000000000000
0.284827098194000000000000000000,-0.848911836104000000000000000000
0.234568304934000000000000000000,-0.847602951595000000000000000000
-0.319466207490000000000000000000,-0.846808634067000000000000000000
0.489477594617000000000000000000,-0.843058140910000000000000000000
0.439192167268000000000000000000,-0.843040243237000000000000000000
0.184710464734000000000000000000,-0.841149722558000000000000000000
0.384802536635000000000000000000,-0.840952846510000000000000000000
0.334516989573000000000000000000,-0.840746214052000000000000000000
-0.168854021907727857252339317640,-0.840561995951002814714650520738
0.133226293846000000000000000000,-0.840490149790000000000000000000
0.032637489386000000000000000000,-0.840452485495000000000000000000
-0.017620136949963737500984662449,-0.840403655440874072056246637383
0.082968718607587495695949501130,-0.840390384965423678321641967670
-0.067885847333878652591952847104,-0.840365098805147290082882923365
-0.371019011028473140297535965316,-0.840349176147536970533413737292
-0.118151571861243413195777220538,-0.840176856662452779223460824859
-0.219109324653632684289657153690,-0.840089177989902017108021160168
-0.421785521475184814044713185570,-0.840019147273719494077939712903
-0.269411525439797130851945197657,-0.839909500579650427684314129649
-0.495384274964000000000000000000,-0.810283630077000000000000000000
0.259395787319000000000000000000,-0.803876654162000000000000000000
-0.557415464698000000000000000000,-0.799778799344000000000000000000
0.159257537760000000000000000000,-0.797491192578000000000000000000
0.209536433152000000000000000000,-0.797435702017000000000000000000
0.409963787581000000000000000000,-0.797390278572000000000000000000
0.510536693827000000000000000000,-0.797383795593000000000000000000
0.560821784605000000000000000000,-0.797381334318000000000000000000
0.460249238642000000000000000000,-0.797376266007000000000000000000
0.309240179636000000000000000000,-0.797289236729000000000000000000
0.359689053252000000000000000000,-0.797229393788000000000000000000
-0.345693326919613830000493078141,-0.796939168829809416781968904439
-0.295435805984934733643445853840,-0.796914665622241168669475684419
0.057774773782000000000000000000,-0.796903617747000000000000000000
0.007516895796396478553764263676,-0.796884135732870596231338292703
0.108119471069000000000000000000,-0.796878691156000000000000000000
-0.042740813793156884502479761413,-0.796850201365961407675204418018
-0.396120288075205785184564269449,-0.796809023397115186636697054011
-0.143471525679000000000000000000,-0.796763149631000000000000000000
-0.193729191379932507309932590375,-0.796710982477454684542464919025
-0.093001009097022687207100575008,-0.796665154747337086079534416257
-0.447035327905724325312770422061,-0.796564961213833683478335464512
-0.244105005454371467962249990067,-0.796488318454630612988067204176
-0.597899520124000000000000000000,-0.769971714952000000000000000000
0.601194964386000000000000000000,-0.767405796570000000000000000000
-0.520475816451000000000000000000,-0.765693755901000000000000000000
0.435087624449000000000000000000,-0.753821093514000000000000000000
0.485374995952000000000000000000,-0.753820149187000000000000000000
0.535675732919000000000000000000,-0.753813613025000000000000000000
0.334418578470000000000000000000,-0.753766703809000000000000000000
0.284127818306000000000000000000,-0.753736394435000000000000000000
0.384810387908000000000000000000,-0.753682291249000000000000000000
0.183579418791000000000000000000,-0.753493372646000000000000000000
-0.270078376993000000000000000000,-0.753440771961000000000000000000
0.233853986503000000000000000000,-0.753439294997000000000000000000
-0.370794603966346474887521384791,-0.753399016079387632885252238452
0.133321515176000000000000000000,-0.753396556270000000000000000000
0.082932370010000000000000000000,-0.753387751857000000000000000000
0.032662246761000000000000000000,-0.753369168121000000000000000000
-0.320506650163655708662972509116,-0.753356982223405764542570197469
-0.421368933394396709144640195289,-0.753354162674146725955625889663
-0.017595568480557010470939061406,-0.753335426299599605015509862440
-0.118309668894000000000000000000,-0.753244185431000000000000000000
-0.168567560405000000000000000000,-0.753205557939000000000000000000
-0.067855078980615839615345366463,-0.753150775405702534068825069045
-0.218888026498208513565042754229,-0.753015074002078840295194439252
-0.471879753388491925513715286108,-0.752877737299534703848557332061
-0.636811866760000000000000000000,-0.738125175371000000000000000000
-0.545562860378000000000000000000,-0.722128589950000000000000000000
0.610356648450000000000000000000,-0.717962718823000000000000000000
0.660620858188000000000000000000,-0.716887106551000000000000000000
-0.594557837254000000000000000000,-0.710887605752000000000000000000
0.460120268316000000000000000000,-0.710209635355000000000000000000
0.359553891632000000000000000000,-0.710208313988000000000000000000
0.510405489427000000000000000000,-0.710205465030000000000000000000
0.309277105933000000000000000000,-0.710189609285000000000000000000
0.560681637433000000000000000000,-0.710157983864000000000000000000
0.409846641265000000000000000000,-0.710086655590000000000000000000
-0.244881307326000000000000000000,-0.709937828822000000000000000000
0.208666685165000000000000000000,-0.709927778102000000000000000000
0.259004223500000000000000000000,-0.709908678569000000000000000000
-0.295167785815000000000000000000,-0.709877801258000000000000000000
0.108092779348000000000000000000,-0.709865191561000000000000000000
-0.395902808937206808141153084496,-0.709862858071954854647635605990
0.158402619108000000000000000000,-0.709844309310000000000000000000
0.057812320561000000000000000000,-0.709843693122000000000000000000
0.007554327753000000000000000000,-0.709823157862000000000000000000
-0.345585902366987546393665171331,-0.709804139379010819968343662434
-0.093147990337000000000000000000,-0.709720517985000000000000000000
-0.143410729754000000000000000000,-0.709697201346000000000000000000
-0.446213955604119202463855553757,-0.709667278117047843730415647263
-0.042704752089719566175125799405,-0.709638937152326608102882289855
-0.193721454728688241827502107092,-0.709512629515860895552187700938
-0.496962890295664998300771860986,-0.709327131634367418826371425329
-0.663460399418000000000000000000,-0.695495843045000000000000000000
0.696704351574000000000000000000,-0.681872616716000000000000000000
-0.707296117849000000000000000000,-0.670881623508000000000000000000
0.592652467776000000000000000000,-0.670550791113000000000000000000
0.643439091966000000000000000000,-0.669415047392000000000000000000
0.485303366629000000000000000000,-0.666632247494000000000000000000
0.334397786725000000000000000000,-0.666628114615000000000000000000
0.435019597068000000000000000000,-0.666569212907000000000000000000
0.384673098780000000000000000000,-0.666566968324000000000000000000
-0.219682239957000000000000000000,-0.666423587365000000000000000000
0.233816904550000000000000000000,-0.666397673205000000000000000000
-0.269971264067000000000000000000,-0.666372352469000000000000000000
0.284123895971000000000000000000,-0.666364674857000000000000000000
0.133238131986000000000000000000,-0.666333182892000000000000000000
0.183546329759000000000000000000,-0.666328054079000000000000000000
-0.320258274635000000000000000000,-0.666312500013000000000000000000
0.082954119988000000000000000000,-0.666312138824000000000000000000
0.536092757270000000000000000000,-0.666296367938000000000000000000
0.032695346198000000000000000000,-0.666290355645000000000000000000
-0.420889499448089650264900254028,-0.666256554426832476846267226016
-0.370592693374754011456900400551,-0.666209651030129157397836287624
-0.067981381649000000000000000000,-0.666198997248000000000000000000
-0.118257511645000000000000000000,-0.666183717641000000000000000000
-0.622624031087000000000000000000,-0.666173337504000000000000000000
-0.017563191296404711691588780274,-0.666122033174872719056294403397
-0.471296972748940598534730149128,-0.666116603474518083447803755290
-0.168556151716884005043705283747,-0.666009451066108912252750623075
-0.522106870055917897617331926003,-0.665811625286366809635813558934
-0.572364551633000000000000000000,-0.665785277972000000000000000000
0.730934677976000000000000000000,-0.645052420107000000000000000000
0.677615962686000000000000000000,-0.632358753239000000000000000000
0.617067691720000000000000000000,-0.626579199947000000000000000000
0.566761929751000000000000000000,-0.626445873145000000000000000000
0.510424336181000000000000000000,-0.623056183600000000000000000000
0.409848733798000000000000000000,-0.623038818144000000000000000000
0.359514754773000000000000000000,-0.623029741171000000000000000000
0.460139809791000000000000000000,-0.623014233223000000000000000000
-0.194466102617000000000000000000,-0.622897003327000000000000000000
0.258939058720000000000000000000,-0.622851553295000000000000000000
-0.244740314383000000000000000000,-0.622840851373000000000000000000
0.309241543744000000000000000000,-0.622815235095000000000000000000
-0.648146851434000000000000000000,-0.622813289246000000000000000000
0.158369105224000000000000000000,-0.622792142979000000000000000000
0.208665376166000000000000000000,-0.622789981708000000000000000000
-0.295013174956000000000000000000,-0.622782883267000000000000000000
0.108083550133000000000000000000,-0.622769612186000000000000000000
0.057823556326000000000000000000,-0.622751607555000000000000000000
-0.345286607471000000000000000000,-0.622715465067000000000000000000
-0.445972957841671546863029370586,-0.622705622376605730367792272519
-0.042824698199000000000000000000,-0.622673030917000000000000000000
-0.093092034460000000000000000000,-0.622662799430000000000000000000
-0.395676653885041509912723999482,-0.622659519732678100185554834085
-0.496440902007714658299877432694,-0.622601067945966277226361417660
0.007564667095482374236013586562,-0.622597215615873594450344215863
-0.143387473727368672683615541626,-0.622508225115947746580005521839
-0.597789887635000000000000000000,-0.622422485875000000000000000000
-0.750375762103000000000000000000,-0.622295833566000000000000000000
-0.547164975582000000000000000000,-0.622246481496000000000000000000
-0.699976121643000000000000000000,-0.621141092406000000000000000000
0.734011221135000000000000000000,-0.594873218687000000000000000000
-0.781482070257000000000000000000,-0.582768262549000000000000000000
0.782464613543000000000000000000,-0.581469910414000000000000000000
0.635933025940000000000000000000,-0.579969619969000000000000000000
0.585660236459000000000000000000,-0.579846020087000000000000000000
0.384569171799000000000000000000,-0.579426519901000000000000000000
0.535388587507000000000000000000,-0.579404838575000000000000000000
0.434842007927000000000000000000,-0.579402361192000000000000000000
-0.169264123170000000000000000000,-0.579379029356000000000000000000
0.485115661752000000000000000000,-0.579374043814000000000000000000
0.686202419014000000000000000000,-0.579326965381000000000000000000
-0.219541929681000000000000000000,-0.579323348914000000000000000000
0.284014320633000000000000000000,-0.579277811155000000000000000000
-0.269815314380000000000000000000,-0.579268790022000000000000000000
0.334295564328000000000000000000,-0.579232839683000000000000000000
0.183482596245805064556950257936,-0.579231059344693428138968527550
0.233740122118637998877685596135,-0.579220858932105349346561070967
0.133225071105374066309178811549,-0.579217730209877783744529687172
-0.320090001484000000000000000000,-0.579209312569000000000000000000
0.082967548111799229552631650302,-0.579197894454652869797829861056
-0.471117893160000000000000000000,-0.579189494893000000000000000000
-0.370383131768000000000000000000,-0.579153723993000000000000000000
-0.420836323535896156028840144697,-0.579153083036865463071188390787
-0.067943910864000000000000000000,-0.579140345571000000000000000000
-0.017679412630942871711919871845,-0.579139220321591996534460423609
0.032710153497152676540073045815,-0.579082579865010383576238697375
-0.521493104358526453435251027273,-0.579032660030587171314212377598
-0.118234602873436784353751933905,-0.578997857400743218759995302513
-0.572596198203000000000000000000,-0.578897983924000000000000000000
-0.622926257082000000000000000000,-0.578884525161000000000000000000
-0.673199965668000000000000000000,-0.578577529645000000000000000000
-0.725356505775000000000000000000,-0.577730264519000000000000000000
-0.810506589159000000000000000000,-0.541675311323000000000000000000
0.811995100966000000000000000000,-0.539464627349000000000000000000
-0.757134923288000000000000000000,-0.538763304519000000000000000000
0.610809071760000000000000000000,-0.536271667173000000000000000000
0.409690580238000000000000000000,-0.535858521233000000000000000000
0.560530514518000000000000000000,-0.535852607301000000000000000000
-0.144052308611000000000000000000,-0.535837003785000000000000000000
0.711420701585000000000000000000,-0.535835966469000000000000000000
0.459967808839000000000000000000,-0.535829230585000000000000000000
0.510246524137000000000000000000,-0.535820084856000000000000000000
-0.194335069578000000000000000000,-0.535803432655000000000000000000
0.661081252080000000000000000000,-0.535778820910000000000000000000
-0.244617585714000000000000000000,-0.535750817111000000000000000000
0.309140491081810357217898536620,-0.535707735025989872548150307046
-0.294893647701000000000000000000,-0.535696639150000000000000000000
0.208625449554924325643352658152,-0.535685315191404992716987947947
-0.546925789537280546754727560985,-0.535685254854437692411407444261
0.359417210688000000000000000000,-0.535685179378000000000000000000
0.258882975265628002295591629274,-0.535674345011476441604079640608
0.761730688153000000000000000000,-0.535672116777000000000000000000
0.158367924566389892514565701755,-0.535671425132881322778502125902
0.108110400187406777788969059074,-0.535655481394089800007355502317
-0.345184954481000000000000000000,-0.535651222985000000000000000000
-0.395544858733000000000000000000,-0.535635784232000000000000000000
0.007466489854509593964254199457,-0.535624825012694456104628088322
-0.496170871313000000000000000000,-0.535620530612000000000000000000
-0.042816322529094221130374120457,-0.535600595938042194313604385305
-0.445882987405195170776113226198,-0.535581490916250452534892945194
0.057852952243529254886091961536,-0.535566391129022794515783006964
-0.093104638077420212146161770814,-0.535474255984294964044843931524
-0.597718511922000000000000000000,-0.535369679462000000000000000000
-0.699867181536000000000000000000,-0.534384469994000000000000000000
-0.649434759334000000000000000000,-0.534267343842000000000000000000
-0.837367113206000000000000000000,-0.499148698102000000000000000000
-0.786134346230000000000000000000,-0.497682586761000000000000000000
-0.731587513653000000000000000000,-0.495351614520000000000000000000
0.790135885995000000000000000000,-0.494192263699000000000000000000
0.840409244263000000000000000000,-0.494028289746000000000000000000
0.434801702820000000000000000000,-0.492292635903000000000000000000
0.585617795011000000000000000000,-0.492278350852000000000000000000
-0.118850826663000000000000000000,-0.492275559621000000000000000000
-0.521604350183000000000000000000,-0.492272551866000000000000000000
0.485072757319000000000000000000,-0.492266197898000000000000000000
-0.169125963231000000000000000000,-0.492265180658000000000000000000
0.535345993036000000000000000000,-0.492255671032000000000000000000
0.635890512526000000000000000000,-0.492241800452000000000000000000
-0.219411944516000000000000000000,-0.492230520585000000000000000000
0.736435139106000000000000000000,-0.492227952422000000000000000000
0.686162937632000000000000000000,-0.492208587494000000000000000000
-0.269694231787000000000000000000,-0.492177915290000000000000000000
0.334264793892000000000000000000,-0.492160076123000000000000000000
-0.572024925879000000000000000000,-0.492143677138000000000000000000
-0.319997597798000000000000000000,-0.492141485817000000000000000000
0.233749350620000000000000000000,-0.492138130700000000000000000000
0.384528025454000000000000000000,-0.492133828880000000000000000000
0.284007071763000000000000000000,-0.492130520911000000000000000000
0.183491621009000000000000000000,-0.492127114819000000000000000000
-0.370341640223000000000000000000,-0.492124395649000000000000000000
0.133233961772690766488223436335,-0.492109131163922514568454917929
0.032613463437584735511966832455,-0.492106211473141365297278944537
-0.017653947416382960017960268437,-0.492095723916691554402028259013
-0.471028339428430859622235577891,-0.492066777513374344275560613052
-0.420615508216000000000000000000,-0.492059291287000000000000000000
0.082976483690768995420005187895,-0.492039075814080102862446336205
-0.067969113762232261820380498897,-0.491953865035827094329230874014
-0.622636303979000000000000000000,-0.491719689601000000000000000000
-0.674744222885000000000000000000,-0.490814971085000000000000000000
-0.812985690497000000000000000000,-0.455169952489000000000000000000
-0.760599149848000000000000000000,-0.454243805621000000000000000000
-0.863522716550000000000000000000,-0.452410830783000000000000000000
-0.706443230145000000000000000000,-0.451771752869000000000000000000
0.764837968753000000000000000000,-0.450746608163000000000000000000
0.815135860893000000000000000000,-0.450557009142000000000000000000
-0.093659993482147438919775614018,-0.448748983391244557517751158132
0.865426089845000000000000000000,-0.448732100593000000000000000000
0.459934576387000000000000000000,-0.448721170975000000000000000000
-0.143930482381494678464468918364,-0.448714398612494068126186692508
0.510217620770000000000000000000,-0.448709386652000000000000000000
0.560493260428000000000000000000,-0.448701706286000000000000000000
-0.194210643556000000000000000000,-0.448697584191000000000000000000
0.610777537205000000000000000000,-0.448689555388000000000000000000
-0.546601223100000000000000000000,-0.448671655427000000000000000000
-0.244495746022000000000000000000,-0.448662108220000000000000000000
0.661051259695000000000000000000,-0.448655644299000000000000000000
0.711339445647000000000000000000,-0.448650740765000000000000000000
-0.496319432708087504696833620714,-0.448636608141996165775493575480
-0.294796560226000000000000000000,-0.448620439719000000000000000000
-0.345144678279000000000000000000,-0.448609062525000000000000000000
0.359372285131000000000000000000,-0.448606730530000000000000000000
0.409661083179000000000000000000,-0.448592415708000000000000000000
0.258856467807000000000000000000,-0.448586864826000000000000000000
0.208598746642000000000000000000,-0.448579567632000000000000000000
0.309114198078000000000000000000,-0.448579446148000000000000000000
0.158341191798927808924296405390,-0.448566664167819589060209528543
-0.395418257851000000000000000000,-0.448556116087000000000000000000
-0.445773520665000000000000000000,-0.448539947830000000000000000000
0.007568658776764017867341508107,-0.448533550659183473359311286999
0.057826185286168657166712853029,-0.448527221095320452589787566813
-0.042688865530355495949195049031,-0.448517381980202293702703555410
-0.596950532974000000000000000000,-0.448502500243000000000000000000
0.108083706040692484514640935351,-0.448502351123557146690164623062
-0.647952137363000000000000000000,-0.448263974325000000000000000000
-0.735215762739000000000000000000,-0.410528185009000000000000000000
-0.785517831806000000000000000000,-0.410527482233000000000000000000
-0.835884915255000000000000000000,-0.410401365945000000000000000000
-0.679799589669000000000000000000,-0.408966072186000000000000000000
-0.886023710403000000000000000000,-0.406570411682000000000000000000
0.786731610638000000000000000000,-0.405494473964000000000000000000
0.837193803259000000000000000000,-0.405380803612000000000000000000
-0.068371246522756680533135105606,-0.405317447750298203384148127014
-0.118765671838781961112845031096,-0.405210935287647577971689374871
-0.169045084262793389082828410613,-0.405176427800149734025910119706
0.485068489141000000000000000000,-0.405164539841000000000000000000
0.535345648723000000000000000000,-0.405153180484000000000000000000
-0.219315541601422507830598797496,-0.405142877675819017223011941558
0.585628310846000000000000000000,-0.405138704620000000000000000000
0.635908097114000000000000000000,-0.405120343361000000000000000000
-0.269604241522814588674494289590,-0.405110223577282460993898130858
0.686185934146000000000000000000,-0.405106741577000000000000000000
0.736459676790000000000000000000,-0.405102772638000000000000000000
-0.319947785898000000000000000000,-0.405090869304000000000000000000
-0.571630638322000000000000000000,-0.405088717316000000000000000000
-0.471056159159000000000000000000,-0.405087132048000000000000000000
0.384504397161000000000000000000,-0.405061228431000000000000000000
-0.521357705946504047994573120484,-0.405060193831669040039385141383
-0.622219358867000000000000000000,-0.405059135444000000000000000000
0.434787304647000000000000000000,-0.405049061521000000000000000000
-0.370228274800000000000000000000,-0.405042366629000000000000000000
0.334226052226000000000000000000,-0.405038951263000000000000000000
0.283941215260000000000000000000,-0.405036863077000000000000000000
-0.420571895340000000000000000000,-0.405027472138000000000000000000
0.233669568112000000000000000000,-0.405021637386000000000000000000
0.183398843363000000000000000000,-0.405001250918000000000000000000
0.032592628324668761882807123729,-0.404948920811352657977580568044
0.082856044285612617237920780020,-0.404945973185527381064351667980
0.133134678366004215540053492732,-0.404933235956235300704006275118
-0.017711178183678492694881437003,-0.404906212015174523436592892751
0.887432267083000000000000000000,-0.403499309322000000000000000000
0.811863898132000000000000000000,-0.361953420858000000000000000000
-0.697433024517000000000000000000,-0.361859388449000000000000000000
-0.747718047055000000000000000000,-0.361822252350000000000000000000
-0.798005450220000000000000000000,-0.361808822419000000000000000000
-0.093476551215419126204749758993,-0.361779617221027802586475312677
-0.848290005392000000000000000000,-0.361673192849000000000000000000
-0.143882204185543584932331344159,-0.361671847844415950914831934297
-0.194158284632746872417874652626,-0.361635045820865477796858131528
-0.244433975127211052141657112328,-0.361609916676281864523147360485
-0.043219337273928689882056625752,-0.361602253904222760006229867716
0.560476855062000000000000000000,-0.361595141940000000000000000000
0.510192040225000000000000000000,-0.361591489265000000000000000000
0.610753345033000000000000000000,-0.361577815801000000000000000000
-0.596781132778000000000000000000,-0.361576368728000000000000000000
-0.445847950571000000000000000000,-0.361575139195000000000000000000
-0.294745895404472212298614926975,-0.361572285658417177202507923906
0.661037728508000000000000000000,-0.361569124636000000000000000000
0.711317191487000000000000000000,-0.361561371514000000000000000000
0.761590822747000000000000000000,-0.361553866738000000000000000000
-0.345034409624904600380763120457,-0.361529992193119318984691129141
-0.546455112409141448043258746161,-0.361517809885035442447724267619
-0.496121105208000000000000000000,-0.361515275758000000000000000000
0.409625258783000000000000000000,-0.361509704306000000000000000000
-0.395368757001000000000000000000,-0.361506123364000000000000000000
0.459914352246000000000000000000,-0.361505063060000000000000000000
0.359351654060000000000000000000,-0.361494118557000000000000000000
0.309060305366000000000000000000,-0.361489096845000000000000000000
0.258782881997000000000000000000,-0.361476421767000000000000000000
0.208508368181000000000000000000,-0.361461476424000000000000000000
0.057706079103104157543513955752,-0.361415788591100100282151726138
0.107970218568659456126031516921,-0.361413258349583166089851733519
-0.647136603921000000000000000000,-0.361412955225000000000000000000
0.158245777836796966881394458519,-0.361398747395154894148146244342
0.007409956990179677236912869140,-0.361377513683112782147451953240
-0.905807692855000000000000000000,-0.360328528007000000000000000000
0.869596716970000000000000000000,-0.356490228941000000000000000000
0.915299216080000000000000000000,-0.335521067674000000000000000000
0.836856407119000000000000000000,-0.318337148870000000000000000000
-0.118586412839539585348048093533,-0.318244414681882410187972758383
-0.772633368059000000000000000000,-0.318137554626000000000000000000
-0.168998408719598454990814788814,-0.318128728406702935831134985331
-0.722374327431000000000000000000,-0.318123328991000000000000000000
-0.219279201220520374129100082471,-0.318100649150728615232244370116
-0.822906541029000000000000000000,-0.318079771923000000000000000000
-0.269565193563639187580498020540,-0.318072501178846183988796216188
-0.068329215941530168470030622460,-0.318062285986720418815211352930
-0.420638978984000000000000000000,-0.318047704159000000000000000000
-0.018071691756285279005419630249,-0.318045742818530100392658446414
-0.319853555412147136548129460170,-0.318035813363961692846299882250
-0.470923733559000000000000000000,-0.318001518649000000000000000000
-0.370179293152351033898922329855,-0.318000315687687942862013961141
0.535240304666000000000000000000,-0.317997325979000000000000000000
0.585509257106000000000000000000,-0.317995670311000000000000000000
-0.873180172780000000000000000000,-0.317978413436000000000000000000
0.635779370211000000000000000000,-0.317974716666000000000000000000
-0.521200452604000000000000000000,-0.317961797201000000000000000000
-0.621747620003000000000000000000,-0.317958198232000000000000000000
0.686050263583000000000000000000,-0.317957932631000000000000000000
0.736318642980000000000000000000,-0.317944158915000000000000000000
0.334152018770239844539982124630,-0.317942314296645718301867739064
0.786591445978000000000000000000,-0.317931784695000000000000000000
0.484974987003589911000590233043,-0.317930759701409322581895322678
0.434701288458000000000000000000,-0.317929381550000000000000000000
0.384428954235825197171402182635,-0.317924869223535365450353940324
0.283886022568000000000000000000,-0.317921251452000000000000000000
-0.571458067235936293871657264247,-0.317921121239724946976318092786
0.233620586801000000000000000000,-0.317906254931000000000000000000
0.082817311844715413908645444086,-0.317881376902143976420401713461
0.133080686532456981528185913770,-0.317878405535475858920095521339
0.183358422634281365846203533787,-0.317865150229491355171240244832
0.032532081330928537599998471472,-0.317849386230684479900864912459
-0.672117297309000000000000000000,-0.317803003802000000000000000000
-0.923216013316000000000000000000,-0.313097941403000000000000000000
0.882451033629000000000000000000,-0.297157943600000000000000000000
0.931670974481000000000000000000,-0.286962931559000000000000000000
-0.143692633403160703541778062093,-0.274707112285917443074525368319
-0.194122316875367196201090682825,-0.274592601838174174116840258960
-0.244406889496499835882558386074,-0.274565274797792561157267839292
-0.747533892907000000000000000000,-0.274558392319000000000000000000
-0.294681659265953998040983885875,-0.274536449514450562489097548972
-0.093435460307194870155170846927,-0.274518529919252971075650985881
-0.395416727579000000000000000000,-0.274511549657000000000000000000
0.007091914438705805399291180316,-0.274506371575463009768753292675
-0.043177935674351869902483184176,-0.274503407549471206847407717456
-0.345003205316324035086685812605,-0.274503377724429630856391539776
-0.797846674232000000000000000000,-0.274478296457000000000000000000
-0.445697603152000000000000000000,-0.274464293580000000000000000000
0.811982497173000000000000000000,-0.274456444288000000000000000000
0.560415309223000000000000000000,-0.274431443899000000000000000000
-0.495971217159000000000000000000,-0.274417244913000000000000000000
0.359275386404446668642400157824,-0.274414904430868294927997525105
0.610696311661000000000000000000,-0.274404429891000000000000000000
0.459856995596166719119565479503,-0.274400247200825281513491365596
0.409566178690999393166811127504,-0.274389023370295833102269936857
-0.646798441231000000000000000000,-0.274388407087000000000000000000
0.510137427418000000000000000000,-0.274382995594000000000000000000
0.660976386909000000000000000000,-0.274381995761000000000000000000
-0.546233373431046551736969664197,-0.274380415709874811488075746331
0.309017872272496784200304845870,-0.274379068921294450937504466655
-0.596534673916594936973538676552,-0.274366755117711013189927262910
0.258745177415000000000000000000,-0.274365118167000000000000000000
0.711255368322000000000000000000,-0.274363101414000000000000000000
-0.848146133138000000000000000000,-0.274360884249000000000000000000
0.158208081304823523437208984151,-0.274353320321767944281711331890
0.107937590937966446264581997119,-0.274352184522959362659893407596
0.761538293971000000000000000000,-0.274343455413000000000000000000
0.208483771662805533931068454489,-0.274338884054895946776478349576
0.057671180130077236295738198755,-0.274331059947685851473925478110
-0.697269220943000000000000000000,-0.274291489428000000000000000000
-0.910475833616000000000000000000,-0.264465367868000000000000000000
0.884486551087000000000000000000,-0.246927587076000000000000000000
0.945226149246000000000000000000,-0.238551843314000000000000000000
-0.168808758170512246293850218880,-0.231175522749378357763835511072
-0.219248553107648443134394167096,-0.231058067106970979003343018926
-0.269525497772135993615462371422,-0.231027984248437822197113164796
-0.319824211050402228335242169360,-0.231008122136451238799504726910
-0.018036604208975259341077651177,-0.230981935203695554598372690565
-0.370205687732000000000000000000,-0.230977010981000000000000000000
-0.772608293389000000000000000000,-0.230971614006000000000000000000
-0.118551651270355121494314331351,-0.230970055153227825854248058830
0.032278059484516025522660023634,-0.230960465822324117365648401586
-0.068294125678294023843910830994,-0.230958554274453582230612281524
-0.420497913467000000000000000000,-0.230942629218000000000000000000
-0.470780385613000000000000000000,-0.230897714039000000000000000000
0.384396232987461141395681454897,-0.230886039549510099186223122396
0.434721298685701733001536967107,-0.230879955936495148179385564983
-0.671950365509000000000000000000,-0.230876911693000000000000000000
-0.822893545619000000000000000000,-0.230874857029000000000000000000
0.585545230074000000000000000000,-0.230865277377000000000000000000
-0.521054595488266670174353698134,-0.230858412363083515819398834188
0.635820050530000000000000000000,-0.230844035171000000000000000000
-0.621665583108489849318375246138,-0.230843698996895915176738869208
0.334138725715684029811044167853,-0.230841612821524413622445928801
0.484978806578127659525727028978,-0.230836236951666257160418776040
0.535256294419000000000000000000,-0.230834277546000000000000000000
-0.571323158370767762960377173820,-0.230833639680122305123648895471
0.133073819413798077333396385865,-0.230832200275286664300257789432
0.283865506206751404723326590514,-0.230830269313132869411315614119
0.686105179029000000000000000000,-0.230827138370000000000000000000
0.183333430333347691522073909494,-0.230827054147172535886949452557
0.082816295049748264301133774048,-0.230816209533333899635633709175
0.233607036278697788621959623561,-0.230811414728656166355241470433
0.736378807437000000000000000000,-0.230810673087000000000000000000
0.786652440938000000000000000000,-0.230792018254000000000000000000
-0.873176344744000000000000000000,-0.230747309240000000000000000000
-0.722335505983000000000000000000,-0.230730629998000000000000000000
0.836925598657000000000000000000,-0.230637231446000000000000000000
-0.947285293928000000000000000000,-0.230212105956000000000000000000
0.909422086827000000000000000000,-0.203272325223000000000000000000
-0.908235513717000000000000000000,-0.189244051878000000000000000000
-0.193927426827552959120367922747,-0.187645401042625810755958952199
-0.244372317661929118645434661079,-0.187517795312392255711339896257
-0.294668053436039625096098436179,-0.187499654627376235959884267008
-0.344998586825903852300694759814,-0.187464421551485066402174695224
0.007102162767747314761321484206,-0.187463417239535385656707172357
-0.395306282878936211173835468007,-0.187427731505527136221814094300
-0.143670375594237328626123670999,-0.187426740943895778074011526807
0.057463377428671124637077745803,-0.187422101880269238038399533926
-0.093412849881432097067799399323,-0.187415780396018717766792866816
-0.043155325191775080553541295660,-0.187400848035047669859423281585
-0.445592964229858231390290763464,-0.187394743831662492526874275420
0.409553506702899853903275085632,-0.187378217377935190060291101459
-0.797666582260000000000000000000,-0.187376047814000000000000000000
-0.495884927843243912355786997701,-0.187357759016886710630836233857
-0.546167925280619250722012547890,-0.187324637633566628053004565943
0.359269426592621929668575005526,-0.187318436416983792882859355604
-0.697016660428000000000000000000,-0.187316040733000000000000000000
0.459810988331211137347532730230,-0.187310754152081474591872696602
0.308999189646126565988215870215,-0.187308801952850987289712795628
0.158199168442322245418261315777,-0.187305934100691255905495894192
-0.596444887851000000000000000000,-0.187302180201000000000000000000
0.208456694949239946212965071687,-0.187299584820932755465712577380
0.258741666067987892214717669670,-0.187290507152386352466112267377
0.107941644078272432385998692508,-0.187289943358738491240871825871
-0.646738459313163840608612280936,-0.187287185250591775118312359750
0.610583517795337656253583831244,-0.187250350190698472094810836745
0.510068468702691374022684926283,-0.187242361044479205355408806597
0.560325994431739000875317606278,-0.187231475227809483928900363649
0.660841034877347629182449311075,-0.187218923158313282439129273808
0.711098553939331275249186276737,-0.187190840401340005216751864995
-0.747401471330000000000000000000,-0.187169546475000000000000000000
0.761361941950000000000000000000,-0.187159465172000000000000000000
0.811630346950000000000000000000,-0.187129378994000000000000000000
0.861894507975000000000000000000,-0.186894934098000000000000000000
-0.848938217337000000000000000000,-0.186698902990000000000000000000
0.956839614773000000000000000000,-0.186594729146000000000000000000
-0.957895359852000000000000000000,-0.181062203103000000000000000000
-0.880327312700000000000000000000,-0.147412514435000000000000000000
0.892897694683000000000000000000,-0.146831276083000000000000000000
-0.219039910529862211821479543242,-0.144111710948537290769721025433
-0.269511149326986347125659974770,-0.143991618742556210424432226750
-0.319829616611761194949415619006,-0.143963364676203421347342423062
0.032247088220115725112599316014,-0.143948457341797641586965496315
-0.370121067877273255886069545641,-0.143936077636918046606744871323
-0.420421576476492951379493357374,-0.143895085793045439909032608581
-0.168782939866229627775622749765,-0.143875256678830464518394072119
0.082627778748482073059806484951,-0.143873043043629325372924774902
-0.118525413021103521250961273940,-0.143872743052464902797696937553
-0.068267886996235517262287347944,-0.143863321449413983444511249255
-0.470708640922106298555371164689,-0.143860936284973935959797019564
-0.018010360222439765242545080875,-0.143859648835642653047240965188
0.384465445022917467693576367113,-0.143830448525234043517203081905
-0.520999632661210382092464565853,-0.143823188720562617239282106799
-0.822734463121000000000000000000,-0.143793661646000000000000000000
0.334142648996981033471949170904,-0.143792994907837817680381602437
0.233591324738530049805723121258,-0.143778677244662941576583352407
0.183321760096522922340361053531,-0.143778076360122684945586094357
-0.571265068390000000000000000000,-0.143776394704000000000000000000
0.283885125418842359698450978978,-0.143774700107373182856781069235
0.434722925951454867877907465814,-0.143762465993740552078432098823
0.133064235732473109308098444608,-0.143762085618169920280962017092
-0.722082615754000000000000000000,-0.143754957451000000000000000000
-0.621526900222000000000000000000,-0.143749754024000000000000000000
-0.671817875062062796057000110510,-0.143734436581870901727974995854
0.484980356555438346152717866093,-0.143664079039962940550040929212
0.535253907318000000000000000000,-0.143630890021000000000000000000
0.585557416176000000000000000000,-0.143626189970000000000000000000
-0.772476201832000000000000000000,-0.143613077857000000000000000000
0.635841957086000000000000000000,-0.143583588841000000000000000000
0.686127894911000000000000000000,-0.143540889702000000000000000000
0.736405388644000000000000000000,-0.143491734176000000000000000000
0.786678938050000000000000000000,-0.143438395166000000000000000000
0.836957970886125469000700747531,-0.143257473148049556392741620077
-0.930267095016000000000000000000,-0.139049141997000000000000000000
0.945209461746000000000000000000,-0.137690179271000000000000000000
-0.968973129212000000000000000000,-0.106949131239000000000000000000
-0.244172115012258393782048798270,-0.100589402774890135003058266219
-0.294663792807893173717407035538,-0.100460487493428964743141141427
-0.344954365343031032263358839023,-0.100433708799579374585971165616
0.057372335853900676786838240428,-0.100422132637684701163671114754
-0.395236295295699822583951382499,-0.100403470247617879557205731894
-0.898127685530000000000000000000,-0.100383054741000000000000000000
-0.445537065914841746125335824864,-0.100361386602700864053331994768
-0.193915217956964665934088130611,-0.100337789419725131272147935466
-0.043142637729241139414038229241,-0.100336997688059094096896292861
-0.093400164475859443772826970939,-0.100332970302490321884308257502
0.007114888972536093383774850908,-0.100332444992459321421795937097
0.107772758892298826862407829867,-0.100332139611413054209268575062
-0.143657691375595252677374573308,-0.100332059687129183133100733117
-0.495828269117370962827162329605,-0.100323516672939538682878899270
0.359336426677293000792273654756,-0.100306300654285923778570775568
0.258734784089384517289456425994,-0.100262870199649771967252174187
-0.546090873375939315653430703216,-0.100262460846695633841422506650
0.309029715554589458216122793126,-0.100259546450145009471294293726
0.208457062632646532188462373214,-0.100257557322266222466553962692
0.158199538268596719156199760862,-0.100241566580313457801929891404
-0.847842690979000000000000000000,-0.100239308374000000000000000000
0.409593907605830400976604741911,-0.100238318122792432339799782515
-0.596348386508539056079643253938,-0.100225250183527804483975275911
-0.646611830035000000000000000000,-0.100199594650000000000000000000
-0.747156936061000000000000000000,-0.100198733702000000000000000000
-0.696894056719523012868010129241,-0.100179825753751400122646157968
0.459851338209813879251415159482,-0.100139931169014820811408618888
0.510108858764062885172064426772,-0.100114659720155356841425381980
0.560385418880000000000000000000,-0.100084111739000000000000000000
-0.797573241748000000000000000000,-0.100069113441000000000000000000
0.610670721889000000000000000000,-0.100052814423000000000000000000
0.660944555439000000000000000000,-0.100009775190000000000000000000
0.711217924364000000000000000000,-0.099964346380000000000000000000
0.761482504910716777680148535880,-0.099907184764516829522037404253
0.811739882980875161141959815965,-0.099784871968571499957131401346
0.862087936274069582294538002159,-0.099719317692282017464352189783
0.912363796710083958787823273070,-0.099644693907791330211925675818
0.970314803206574655852262886050,-0.094138048678127903188212193145
-0.269307001340875992100916295592,-0.057068643358786641266191776241
-0.319791162389605896162221324819,-0.056929315595770345115882873359
-0.370073227836022528684465057202,-0.056898998673690924629621941630
0.082494906052823087087178769088,-0.056894262513968512498625282599
-0.420353424409584917561142456516,-0.056868821589338012936277429492
-0.470657747905080983132992619680,-0.056823357215662270735005789895
0.132908061428422436710509144389,-0.056811620573556591730236430410
-0.018020066887482457645293898062,-0.056808725647467549726537659597
-0.219050169328374566192410431695,-0.056804357577669608175985990125
0.032237459817936862729062407731,-0.056804213336241922714537328648
-0.068277593369258933313179953574,-0.056802180387730340959792798372
-0.168792643384780754557043777329,-0.056794511975416968660272600143
-0.118535117364040556856258201057,-0.056785068379136263192177957374
0.334223508630060946880580072887,-0.056772861115697942276014908193
-0.520915241232141037647548229272,-0.056765259131331923740555510091
0.283879374225131615807128245317,-0.056747716542421598581765381694
0.233600521983500999672195676737,-0.056741750277253052857222766576
0.183342148839378081453954461634,-0.056725269120707337689071951952
-0.571172737492832087803479229603,-0.056709756757383822077194007474
0.384480989558598347064911172724,-0.056704878584204450837243927063
-0.922975778232111343470121947009,-0.056697609564679837329464144149
-0.621430251100627482264782425713,-0.056673193536115484741878550384
-0.671688055075000000000000000000,-0.056644409223000000000000000000
-0.772204120321709128033968736149,-0.056626937351889325748295772651
-0.721946595750525448386506544094,-0.056611611434055116373696173155
0.434738420162581825339721572998,-0.056606491630426839308852757453
0.484995940400566805602574038720,-0.056580598862732044447999869082
-0.872718430075807033270694372579,-0.056563567769315420664809728866
0.535253457372489989015318047165,-0.056548996271984815186384901717
0.585510974585464433494863112504,-0.056517779378061966001828748682
-0.973232895785266307635718332204,-0.056494764413759359601953524422
0.635786410805000000000000000000,-0.056478169291000000000000000000
0.686060122376000000000000000000,-0.056430757748000000000000000000
-0.822461154931407657973927837369,-0.056404489276031398508579001694
0.736333419170000000000000000000,-0.056376599058000000000000000000
0.836857229224900439967124506142,-0.056253987201952777092231901755
0.786599709910087681892042571378,-0.056226360618535281176538778856
0.887161271917740420901565607033,-0.056163068420716929944310812378
0.937470030234392406504902914605,-0.056098071032068551513056577803
0.974620605704008669624010532506,-0.022104361150968916056250922643
-0.294429143870331704452526220632,-0.013540526403919396439220101442
-0.344919175932889781545463784316,-0.013389313731584154813205432939
0.107630208588946696935280081320,-0.013373743476112050019593153951
-0.395197683478465353311589368769,-0.013360113160871826594315395547
-0.445478271207365085594709327893,-0.013328380906482944051363138931
0.158050671999203799008263848682,-0.013295323113950471617378506968
-0.043142268462332988307920496988,-0.013280642770553865454715525972
0.007115258243086332066435803049,-0.013276130459328238442715189039
0.057372784968911606585538427324,-0.013271851458624131834953092822
-0.244172371277566495622131529226,-0.013265173056432003514678407434
-0.093399792688691075360396856345,-0.013264224977805531005533417549
0.309073167300603104471585528547,-0.013261031207974531386486010147
-0.193914845120134300378140755585,-0.013256487326327541353439916587
-0.495764918293457656948212741795,-0.013253418593533188590061595173
-0.143657318335514501454618385890,-0.013252965947015522634596768998
0.258745112119248098189867496625,-0.013226596620024879471735993052
0.208485608190232548937687765230,-0.013209462075694168079740771770
0.359330647988900496105495832064,-0.013192871305513466868618792378
-0.546031580603876490907470490880,-0.013192619429753810607066403947
-0.596317643344193007922792326201,-0.013139220899035906218148353804
0.409588078508164897909379181801,-0.013094441085561239633701019236
-0.646620545371000000000000000000,-0.013084210779000000000000000000
0.459845598573686011929674680004,-0.013068215704127161663965430182
-0.747171707242123171983502376153,-0.013046336304230769813588763466
0.510103114719486964006271222332,-0.013035325562057251087734141443
-0.696914182427498951337102342932,-0.013031830639149157011584755595
0.560360625902894094088951969174,-0.012995569347498833766565410597
0.610618137591629942211904037652,-0.012956457156709220040368984489
-0.847713328825000000000000000000,-0.012935772681000000000000000000
0.660881687571596271349346766380,-0.012908902006496382245167601698
0.711151797258000000000000000000,-0.012845365738000000000000000000
-0.797428743987973237918437819804,-0.012824371367438989819897788535
0.761415578092961452001175528684,-0.012708253983601153041232290957
0.861930609861349755566812032809,-0.012697763830698270711712849256
0.811673090546536997491730106112,-0.012670137247280774796019716384
-0.898669780253000000000000000000,-0.012644535381000000000000000000
0.912259438190866959950502780859,-0.012621122430288547885227914867
-0.950153196488285243920705467137,-0.011850095176908465926514770971
0.949322778398381889118965394120,0.021321886033442182107339597262
-0.319544011340232839142825845739,0.029991788522766854174779440467
0.132772819159728059233034790036,0.030142553983494070093264785427
-0.370038606362411844595903072575,0.030146666191033336307621585753
-0.420317727961706492362432848234,0.030177550579812490820002452006
0.183194131350058266491997151124,0.030220483931062697991952691268
-0.470580169301168143176890755060,0.030238505129179527079815226932
-0.068257135842982857652964221176,0.030252113218652631615189340434
-0.017999609135863761661856720925,0.030256606558118998748099815702
0.283938905194719586854324776434,0.030260088714422187723543396380
0.032257917557726881554991972992,0.030261248746472894577958791290
0.082515444226805969228905313457,0.030266149123297838376513399231
-0.269287238747467630312431165929,0.030267141870254247099321144484
-0.118514660047212207920119988272,0.030268598611877451805881230342
-0.219029712590035435068440373803,0.030275827600358709260559629343
-0.168772185805415636144918020785,0.030279348979670727979402783928
0.233630198325979647455359584522,0.030305691581534005305746020733
-0.520863336323174919484990503999,0.030308857450161673516226441054
0.334196385649048516112739645870,0.030328420914989753977452997209
-0.571132497714284924434396549182,0.030352473141403706535206169678
-0.621421420173114697324147105609,0.030399524277414195444009214340
0.384453815728400057796545689976,0.030427075494101188741366749000
0.434711335849011534124101245916,0.030453195088688044384608253475
0.484968852021179842346788531301,0.030486044915624022873056873413
-0.671793497307884714992174458243,0.030497127423594323317668350451
-0.722079239121000000000000000000,0.030499825343000000000000000000
0.535226363230601252553217297107,0.030525768230818826812149654082
-0.872906119854000000000000000000,0.030555560786000000000000000000
0.585483874948855839537466593810,0.030564842472866953051717349616
0.635741382696528913768775736328,0.030608727544015134763935957505
-0.822612313721000000000000000000,0.030668654377000000000000000000
0.685998856975430243460952821309,0.030681460015855674069650196007
-0.772336788293000000000000000000,0.030721773981000000000000000000
0.736256237071123452744821941053,0.030802937684209943258684741876
0.887028776134476294615749209947,0.030844182159730111347370048409
0.786513731225905034885744669386,0.030860315284228315374699798622
0.836771256819663536540667263916,0.030871808743147607263063170018
-0.923861485454000000000000000000,0.030981804613000000000000000000
-0.974339002824000000000000000000,0.032205311024000000000000000000
0.972645362991728726528278244625,0.065840152607884065900601205706
0.922392907232704089746797001820,0.066554086144118623343447620236
-0.344658021982912040883166402939,0.073524597762997199687562843308
0.157916278510582526716768087866,0.073658361028507239702595967611
-0.395159359445778252485633508545,0.073684739692919297651034056455
0.208338721485805365009668971035,0.073735637588290871377439464726
-0.445416852778772339156418315404,0.073742832643814333851337644468
-0.093371146710249533192547699028,0.073784941662270172931097524620
-0.043113620003969935043680972867,0.073789444381640782844450735379
0.258823991401451136119816867863,0.073792376915981072501025392199
0.007143906658801856438139961264,0.073794409023746672675218840701
-0.495674349048707398331170615515,0.073798326646664889102642629842
0.057401433360894629123451613396,0.073798958234745906114370614961
-0.294401249390146832052771711533,0.073799951110484592612104535596
-0.143628670375192293471137426826,0.073802996429152767974881386455
0.107658960096125468498221986219,0.073803125301600594909844001809
-0.244143723232714636808780936754,0.073808636840589054773343028453
-0.193886196448094837885258567639,0.073812158219901073492186173042
-0.545966893935629300434442989611,0.073855477605033601242150808095
0.309081471855780065378231723042,0.073860709116548638754935000089
-0.596236062377189842983639196424,0.073891535247213927726457397840
-0.646523188539596282589218356018,0.073939393774030663486670389632
0.359338901767762257884231257772,0.073959448921522893126421857727
0.409596421665268828297519014845,0.073985994328280520889493871945
-0.696937338253596020569113590330,0.074017025199160356357973236958
0.459853937845342792745841417036,0.074018832057989385545233176128
0.510111448974020669714229253518,0.074058657398014460287274087371
0.560368960644878035782500408147,0.074097792555154869281870982484
-0.898045754190000000000000000000,0.074102420638000000000000000000
0.610626468734776267924738867702,0.074141283941687302787888197643
-0.847788047490000000000000000000,0.074166388170000000000000000000
0.660883941449906475560349848226,0.074215089055544535987236887804
-0.747194855487000000000000000000,0.074239659800000000000000000000
0.711141322832859603076821753373,0.074336032990014800522802663160
0.861913836026331228663719965359,0.074388124324126314118390834824
0.761398816419414699264477642951,0.074393906163956949153532592653
0.811656328602166432438612354632,0.074432378328568318905584875186
-0.797538359652000000000000000000,0.075088963579000000000000000000
-0.949072457720000000000000000000,0.075650210766000000000000000000
0.948137419691209192906548415842,0.109717022665870294969798485510
0.897256494329096362826451207535,0.110119280406750837702240963073
-0.369770898122583764009468770193,0.117058061476563518865176145484
0.183060868646329625234439913270,0.117173514685735413088082758934
0.233532514561276853674126248848,0.117222322922737938572718854074
-0.420256047071647200840545732022,0.117248612341173946075558033102
-0.470513854844014799658807674721,0.117304286494512389735186001278
-0.118484024289359487018443762751,0.117318404545476757426215614120
-0.068226497583079888869577024525,0.117322907264847367339568815884
-0.017968970920308097387756103029,0.117327871906953257170336931193
0.032288555781784675297555561749,0.117332421117952490609488695472
-0.319514125529818555179074090389,0.117333414824050911789717849799
0.082546082517015514672325923077,0.117336588184807179404962088326
0.132803609415915621699155997573,0.117337543810756565594008947321
-0.168741545839892663415836354183,0.117341610246976878144277527985
-0.520772417362052258965256243019,0.117341766951106420931584047422
-0.269256599372386359935083300556,0.117342100554155373950956334658
-0.218999072587766561011560946971,0.117345621933467392669799488247
-0.571071788957151940138002481932,0.117395309269113024018051307997
-0.621338222682729108565582554459,0.117431191916845171112721598301
0.283789546593929912682377763398,0.117445352462873544267909209510
-0.671667784916763413609116979009,0.117459730974282844956350844003
0.334047062368437309996341048743,0.117478805146306830638588069662
0.384304492280419502502340566262,0.117577544951281085010074919247
0.434562012177926072915628339449,0.117604090358038712773146941483
0.484828288320558682927135599068,0.117631912999926663499400379307
0.535096591201362286755193316717,0.117665556838199376322760395941
0.585368383931724167445658134062,0.117696506369119428926419355996
0.635634912378309595007992252608,0.117734824259435141008257778696
0.685899364782000000000000000000,0.117833213886000000000000000000
0.736190692927896718237918148636,0.117906069353882446851250786290
0.786482537927000000000000000000,0.117958424664000000000000000000
0.836776719499000000000000000000,0.118003541774000000000000000000
-0.771510048692000000000000000000,0.118224992323000000000000000000
-0.921734299388000000000000000000,0.118427288159000000000000000000
-0.871467220891000000000000000000,0.118510547337000000000000000000
-0.721543332545000000000000000000,0.123646734806000000000000000000
-0.821471364317000000000000000000,0.123703246358000000000000000000
-0.963913221498000000000000000000,0.145755095860000000000000000000
0.961977128939807288791660867517,0.158031424854256700502360899742
0.911720079939885073001518668132,0.158250597677175449855091710942
-0.394849445064254503382655263848,0.160611310427718769833829726714
0.208254661721801113898897193261,0.160660200020182480283362132427
-0.445353741728489494237593829672,0.160810466732736708856717943510
-0.495612082714794134551545525939,0.160847819074286606767885397760
0.157994768786089288612216996659,0.160865021509835227690938442698
-0.143562571231030226391630245977,0.160871653496632008394869181736
-0.093305044524750628242763519815,0.160876156216002618308222392502
-0.545876446533874907253429290727,0.160881096959813825856981682355
-0.043047517861978836760942588526,0.160881120858108508138990496841
-0.344592672471489294552260572420,0.160886663775206162758371419371
0.007215009204584588029435153580,0.160888549482117095782739927818
-0.193820092781563402789022852377,0.160894859198132129112931101592
-0.294335146314057099308269797642,0.160895349505310624919609912234
0.057479725673779960903417467078,0.160896908224081200760000639781
0.107737252573680284400965882994,0.160897809714038313736470254773
-0.244077619529437300384747429069,0.160898870884622643638453057833
-0.646482196697852776182000783139,0.160951168717525577052372026847
-0.596210178513404665636204952971,0.160955902221812953065584179749
0.258511121181674329190707973336,0.160987756832062149889403711131
0.308768602110975437936549039903,0.161055738798966076879511364398
0.359026117885482835250512322983,0.161089191482399363250190220658
0.409283547797465027756511852787,0.161187931287373617621677076349
0.459541067694971598169799608753,0.161214476694131245384749092675
0.509798583874225351059068706541,0.161247315679134193514330239536
0.560056094957312236604868652438,0.161287198511125268546984210668
0.610313606542092162478146985236,0.161326444053551224269106615791
0.660571114811127325546113799078,0.161369727939132015763424338077
0.710828482799261215473002560665,0.161496115486713591116823559004
0.761085906287767971515298216684,0.161598072358861433997182603361
0.811343404479261982304131801557,0.161651797947411012823816716279
0.861599959046663046608575837918,0.161964422195875501063602722488
-0.897109774339000000000000000000,0.162239425290000000000000000000
-0.696348797599000000000000000000,0.167208434690000000000000000000
-0.746607487562000000000000000000,0.167219041586000000000000000000
-0.847123960562000000000000000000,0.167470293988000000000000000000
-0.796865233291000000000000000000,0.167541827105000000000000000000
-0.939292349953000000000000000000,0.189570097881000000000000000000
-0.419930245319696390529441767150,0.204163261812857816576926939716
0.183302082769512461936621129454,0.204285740871118530583439994627
-0.470455877619152496866913715770,0.204356259130129823201784356808
-0.520716977575541696530248424593,0.204387649715020211529369236875
0.132908174812560194404121726001,0.204416224675396370358007036374
-0.570978689675849491540075734806,0.204420726872870932609054731675
-0.168643371643575447481680973515,0.204423604791298017094648723649
-0.118385844948675131912010863031,0.204428232779081771585037824256
-0.068122746691000000000000000000,0.204436619444000000000000000000
-0.369673472726931181699047087344,0.204438615160345209501468644390
-0.017864396687650246787181719871,0.204441731590454648320477643475
0.032393130077424980473016825946,0.204445521661156687831357314655
0.082650656977325303970565232661,0.204446423151113800807826937623
-0.218900893006467302354857433069,0.204447213377820679634447795741
-0.319415946569498986455056297477,0.204447300890449671662707129269
-0.269158419784879187531533943888,0.204450822269761690381550282852
-0.621442598219859143143859510332,0.204526821540722015076633911341
0.233558542229385677228431917692,0.204613297682998200189481564035
0.283816023158686785974272975290,0.204681279649902127179589225462
0.334073538933194183288236271030,0.204714732333335413550268075815
0.384330968845176375794235787938,0.204813472138309667921754938603
0.434603296062059268704859718778,0.204848483579719943204257599110
0.484885903735000000000000000000,0.204896043745000000000000000000
0.535176573599000000000000000000,0.204955091218000000000000000000
0.585455034791000000000000000000,0.205014948720000000000000000000
0.635739539759000000000000000000,0.205089193528000000000000000000
0.686013996677000000000000000000,0.205219225099000000000000000000
0.736294628903733306889373035875,0.205350148393237809635805447206
0.786552058496231771088762311260,0.205449050678087142084990939474
0.836809045368993735025423999166,0.205682034321119000141180413558
0.901586203102000000000000000000,0.207830563910000000000000000000
0.952418954215000000000000000000,0.207901992906000000000000000000
-0.875440774410000000000000000000,0.209115259259000000000000000000
-0.671307577479691662495997394983,0.210796020398898508925314118408
-0.721610348904000000000000000000,0.210847683284000000000000000000
-0.822156440419000000000000000000,0.211099998140000000000000000000
-0.771882779943000000000000000000,0.211173025386000000000000000000
-0.944992710541956202695995722444,0.239504441657246534846881895563
0.867898676051300091684888002307,0.245169423130011947093479987072
-0.445027106099301315040551209538,0.247705960281326865566383185693
0.158217722634070486399437569882,0.247835641990436105888789414557
-0.495591371851764105115512669594,0.247913767712380870943470880900
-0.596122536617219403390160233239,0.247940108577589166555622643976
-0.545849936932287344087386117422,0.247945028090234625179157906375
0.107805356423644807376156546479,0.247955733725658900494211627312
-0.193740232773786891999613341413,0.247966843444342887448879633921
-0.143482706074389473264099431702,0.247971422335514530027179494988
-0.093225179397293220926959878964,0.247976239787879902933536605860
-0.042967306248360897513801098009,0.247980943141580267760284963369
-0.394770333506536106210156518111,0.247981313628814258490924878727
0.007290311925729670426005657219,0.247984785914814043606688549714
0.057547838810900972752782821448,0.247986300237269122803870360154
-0.344512807349103910966165743327,0.247989999358918720652163371583
-0.243997753703043086832214023230,0.247991357772078038688856182901
-0.294255280564484112042643374755,0.247993520738230739371006517188
0.208474182093943701691248346083,0.248163198802315775494830993114
0.258731663023244810437089420435,0.248231180769219702484938645518
0.308989178797752207751052701176,0.248264633452652988855617505862
0.359246608709734400257052231925,0.248363373257627243227104356668
0.409526072712946879496334060317,0.248402494646504838916151780849
0.459817293177000000000000000000,0.248456415448000000000000000000
0.510102401747000000000000000000,0.248527179360000000000000000000
0.560388385298000000000000000000,0.248593744092000000000000000000
0.610674839711000000000000000000,0.248669110169000000000000000000
0.660950453534000000000000000000,0.248799601339000000000000000000
0.711264673785000000000000000000,0.248945463443000000000000000000
0.761530505622267036663874791056,0.249050612534189466390842859246
0.811787561980638760405061531922,0.249268091494866258259799536840
0.926983724830000000000000000000,0.251295953928000000000000000000
-0.645984310287057556434612853467,0.254242759223406694877325466304
-0.696242229686000000000000000000,0.254447298984000000000000000000
-0.746500714962000000000000000000,0.254620296725000000000000000000
-0.847017368846000000000000000000,0.254804114974000000000000000000
-0.796758687502000000000000000000,0.254905651512000000000000000000
-0.897277303884196905693786418811,0.255286044186506626361530155975
0.893226386265421850956089002183,0.288578248341210200286173375644
0.842207851451977973488213951316,0.289273403634466136446927696335
-0.470130731608276975982426643043,0.291244759038435395281368922779
0.133115115492153352108471964058,0.291375027902337293913380629741
0.082701500183349774618245006586,0.291496210952726421028709087592
-0.218843858848127861003439479134,0.291506016341958463659893569457
-0.168586332141926287838488675227,0.291510519932128082955134626661
-0.118328754757000000000000000000,0.291515402098000000000000000000
-0.068071072162297538633871900576,0.291519840191359651729553095323
-0.419873959015511767152031963816,0.291520112385922788205910628824
-0.017813545384024709148164129273,0.291523451019274703539668629943
0.032443981501146593178613018842,0.291524965341729782736850440388
-0.369616432858079571908041173368,0.291528798116027250367149112709
-0.269101379168720518562735887670,0.291531748269691587550639043580
-0.319358906073459772984518820350,0.291532319495339269085992267277
-0.571148565705756009138590257715,0.291553406868595190911373742268
-0.520891040623879535720635420602,0.291566954984550468083773394530
0.183371574952026567400282752835,0.291702584714216963519422200825
0.233629055881327676146123809890,0.291770566681120890509529859211
0.283886571655835073460087105619,0.291804019364554176880208713562
0.334144001567817265966086623109,0.291902759169528431251695571353
0.384401521509212838582694336271,0.291929221352263854898930314567
0.434659985038000000000000000000,0.291980950856000000000000000000
0.484933343357000000000000000000,0.292046908481000000000000000000
0.535209821606000000000000000000,0.292107974562000000000000000000
0.585490826105000000000000000000,0.292180271069000000000000000000
0.635765343301000000000000000000,0.292305633755000000000000000000
0.686055171131000000000000000000,0.292452187154000000000000000000
0.736313937395890533117991423937,0.292560299236191294444960755475
0.786571137080609904037455077630,0.292741657327083120993864138145
-0.929523157712000000000000000000,0.293859875979000000000000000000
-0.621009396162288116642430194387,0.297855517395382939321094958681
-0.671266367772200499975052251493,0.298091770453245622654011985416
-0.721537107100000000000000000000,0.298396071979000000000000000000
-0.822082847277000000000000000000,0.298575241740000000000000000000
-0.771810396113000000000000000000,0.298607577777000000000000000000
-0.872349246757677394832188783330,0.298925601686599000591284921089
0.916097045321000000000000000000,0.333342419407000000000000000000
0.815659433941834981516514908333,0.333725678562439371348120467987
-0.495235554915557986511951846239,0.334782867146357228913764878316
0.108012821564494337234867931402,0.334914594396232270592620145541
0.057596601679152924540619957489,0.335035477968999959630305917643
-0.243948605570644780758431031328,0.335044746741158258394906414471
-0.193691078860600292093988587499,0.335049207240408251161069532700
-0.143433552180882021372169194133,0.335053997260760483327439473533
-0.093176025431798619963191104298,0.335057993766128637209996825406
-0.444978782322792777681557152012,0.335058220493844621838306574671
-0.042918498645019643863557279209,0.335061484193387524929640375914
0.007339055528097947333316087290,0.335063155136651476583795892791
-0.394721256165360582437566378952,0.335066906223949083999545062533
-0.344463729380740783514044009837,0.335070427603261102718388213100
-0.294206202473381746944179840644,0.335070678543885511816162678716
-0.546063790288317421553807892473,0.335103068786497119645170378033
0.158269194155502445360048218504,0.335255218677013515792298127523
0.208526689234123723896663968650,0.335311781290520422389243733688
0.258784205949953019150861255845,0.335343788555753996225132351298
0.309041609119402108113254127281,0.335455312411217440118726928840
0.359319045473000000000000000000,0.335502637618000000000000000000
0.409612675320000000000000000000,0.335571018469000000000000000000
0.459898730305000000000000000000,0.335648583759000000000000000000
0.510188223960000000000000000000,0.335712652914000000000000000000
0.560472099050000000000000000000,0.335790078790000000000000000000
0.865881290348000000000000000000,0.335909331479000000000000000000
0.610745681439000000000000000000,0.335911426430000000000000000000
0.664970926369000000000000000000,0.338100787541000000000000000000
0.715257767103610196648662888825,0.338211130098441305107651253360
0.765515024806604008390674359897,0.338375626547515251117168118849
-0.913145980711019873118082320186,0.341377131272806442227147922128
-0.610794898332554654377063066418,0.347064084179970957365703904379
-0.662238209770000000000000000000,0.347547219317000000000000000000
-0.712531498862000000000000000000,0.347863359531000000000000000000
-0.813086796247000000000000000000,0.348046786042000000000000000000
-0.762813070139000000000000000000,0.348074824428000000000000000000
-0.863378166872860010700942045547,0.348375968081673503351829320097
-0.520376536489086654357699880967,0.378300105758502425003434553401
-0.571528122068569871655895234905,0.378431890809396771158078990891
0.082908959871270053933443339857,0.378453256973237954077179394600
-0.470119763896321445527305195214,0.378575459105989817927976260848
-0.218831193487000000000000000000,0.378575882659000000000000000000
-0.168573307856000000000000000000,0.378580225122000000000000000000
-0.118315568055655996963379422668,0.378584639202682778464476923800
-0.068058041296769104040673279044,0.378588510463030987493693177193
-0.419862238968890303698555750812,0.378589568518669516150159030539
-0.017800514509990127941039462588,0.378592000890289875213336724705
0.032457012369691869358743134358,0.378593687582404007820827226008
-0.369604712811458108454564959870,0.378598254248773978311397521363
-0.319347186026838309531042607452,0.378601775628085997030240668909
-0.269089659119479272961178423848,0.378602026568710406128015139519
0.133165264974589196274476881718,0.378803697080798566259187789140
0.183422769665411832854357180501,0.378850953390741727557331915233
0.233680286457144026095057534597,0.378882841251212413106323153199
0.283937680900947140905134574647,0.378998230275285623524001327030
0.334201102142939844752505651162,0.379043370503651094586229408728
0.384494727541000000000000000000,0.379117795192000000000000000000
0.434781083743000000000000000000,0.379204279346000000000000000000
0.485078175953000000000000000000,0.379279236814000000000000000000
0.636135126217000000000000000000,0.379302939363000000000000000000
0.535367632452000000000000000000,0.379351562573000000000000000000
0.585643385312000000000000000000,0.379465341577000000000000000000
0.897683722289000000000000000000,0.380131822007000000000000000000
0.797206418590000000000000000000,0.380487761197000000000000000000
0.847456779456000000000000000000,0.382697363693000000000000000000
0.694868812649000000000000000000,0.384176347999000000000000000000
0.745138705108431256973691673767,0.384317161202604276303200691265
-0.894272578539000000000000000000,0.388094711447000000000000000000
-0.636110112699000000000000000000,0.390480743061000000000000000000
-0.691583432798000000000000000000,0.393609329162000000000000000000
-0.794075271615000000000000000000,0.394594154041000000000000000000
-0.743756513637000000000000000000,0.394612556890000000000000000000
-0.844445888780023777672007013242,0.394931181077882660538833822270
-0.545840868269339104459787228937,0.421628927781402076516343185157
-0.596907729654625188969022202020,0.421929229037115231949388963195
0.057803976687184338113811679804,0.421991272893048335320341181112
-0.193815493399649457359333644238,0.422167390366681145140175976265
-0.143557966577873588709092120710,0.422170334066380287237375861352
-0.093300439829865694161944622710,0.422174344073835072850419157680
-0.043042531446751195765414837214,0.422177996326603016691103397381
0.007215019688016082062263280346,0.422181472780819480108313459387
-0.244073014826983470527679914807,0.422190861369030842730610662712
-0.495586737847794458981995839978,0.422213210659184539674053924303
-0.445322991538837479133052917578,0.422289748435201242491306437356
-0.395065466611406337304303461650,0.422303857847880940713489208991
-0.294540629815367693325385687983,0.422310513654183677451119745069
-0.344807940453974142060312688034,0.422312543577985402874727695805
0.108060275910515754711645122395,0.422342555232295295789517995642
0.662130789274000000000000000000,0.422344025546000000000000000000
0.158317780987972319814094770385,0.422389398548962051263300337973
0.208575297795799379606740295837,0.422421261032690500004755755413
0.258832692057305877447711322634,0.422536729428290786560996685575
0.309090202041258243056745534646,0.422577974062087867026007317877
0.359347690851206819558407954904,0.422639856408378060755126767962
0.409612159345000000000000000000,0.422728436181000000000000000000
0.459906745823000000000000000000,0.422803549816000000000000000000
0.611009554074000000000000000000,0.422872462598000000000000000000
0.510194526675000000000000000000,0.422875865277000000000000000000
0.560471357365000000000000000000,0.422983353154000000000000000000
0.876883421831000000000000000000,0.425913114550000000000000000000
0.776130021378000000000000000000,0.426138883566000000000000000000
0.826390660807000000000000000000,0.428357089355000000000000000000
0.721416153875898145428034631579,0.428623589335852960853906438016
-0.661490952641872687931705379612,0.433864441616606360443941641807
-0.716863375240000000000000000000,0.437117799907000000000000000000
-0.871166252507403246845371759579,0.437542327480380492748691661321
-0.770400364709000000000000000000,0.438972975273000000000000000000
-0.820941377473863374683916963341,0.439353663664580429995126174141
-0.571119659150048300372483427531,0.465066258989894413621027336272
-0.622285470656397461197930038200,0.465308824154564809553307025158
0.032672774140756633092730127191,0.465514159624942790377318427958
-0.168689279307482092699503161727,0.465693157175566418342041780748
-0.118431752559474198152355644750,0.465697167183021203955085078055
-0.068174225768665101668229397618,0.465700599091336298496437959226
-0.017916698979947136273245601759,0.465704061487159522932938838959
-0.269203776338295242124663070168,0.465714002762644190747210723230
-0.520866756617594385627643110716,0.465748019923488944163665538126
-0.470521137313511326384820857269,0.465773911764224549136042149894
-0.319672527625320888695228966821,0.465832998916137165141605297756
-0.369953195424095296556785697713,0.465837670530918897842712747359
-0.420263674320928513788065304738,0.465854064468843960945887253645
-0.218946493198306366270907710910,0.465870534848424208717505415411
0.082928949083558325772531660967,0.465882793624188716244415909577
0.133186466609760979158653479311,0.465913502097317331473034472591
0.183443983843237124473494741441,0.465944685967138518639590319934
0.233701340568957435491502838380,0.466075475303799358744827585641
0.283958856246048299157690204478,0.466109074021852748583601566224
0.686856845591000000000000000000,0.466130028349000000000000000000
0.334216352159736301073883562255,0.466164889723250771139746234719
0.636560606005000000000000000000,0.466182226482000000000000000000
0.384473801360446646158372739747,0.466253268142040992614119836085
0.434733851362000000000000000000,0.466324175539000000000000000000
0.485022575084000000000000000000,0.466393921024000000000000000000
0.585815247488000000000000000000,0.466406359301000000000000000000
0.535298913942000000000000000000,0.466496774663000000000000000000
0.853753397401000000000000000000,0.470562435286000000000000000000
0.752756712128000000000000000000,0.470660987398000000000000000000
0.803097893575000000000000000000,0.472934962107000000000000000000
-0.686672533216000000000000000000,0.477383971662000000000000000000
-0.742178177892291302076858248168,0.480596995781821108584584833330
-0.795515634258306371699607724102,0.482705141065511598235367042562
-0.846687615389000000000000000000,0.483147532858000000000000000000
0.717207712383000000000000000000,0.506221254556000000000000000000
-0.596497487587198157994962404108,0.508445802956163547035566678093
-0.647446997444640146203928851042,0.508814186819314939369182196894
0.007541055472793414757221238655,0.509036748331282833201943819103
-0.143563988701803354745565166141,0.509219457074444573742837287024
-0.093306461953795460198417668144,0.509223467081899359355880577342
-0.043048935162986363714291405445,0.509226898990214453897233463469
-0.294335674148248437494506344378,0.509236488024597678437696263877
-0.495716317625211815471468643206,0.509259793380765207806809538741
-0.344808818270493844110247802588,0.509352947256045374786586338567
-0.395094257234302533871837717011,0.509354862788258156877985383837
-0.546232010459264078959411133545,0.509354969227931087745594624921
-0.445458907563516093252604057738,0.509368166797498031929357060531
-0.193821201321491618270369217125,0.509397194539081357620912705805
0.057797136193806029660964093834,0.509418011324442322373039827416
0.108054659145303695867295935037,0.509437953404927412048877536876
-0.244078678848634702542843613818,0.509467646761165681003381088432
0.158312177109602474139934712458,0.509467936317967169612896988563
0.208569496500158595619778169432,0.509612361324529198213949594982
0.258827016249897425921609243419,0.509639185036058063801456910778
0.309084509934234895415836777138,0.509696973232674068038623415912
0.611366276676000000000000000000,0.509716017736000000000000000000
0.359341957538027335199355019726,0.509786255139835129299297830248
0.409599523694000000000000000000,0.509853036033000000000000000000
0.459867732664000000000000000000,0.509917304052000000000000000000
0.560611501417000000000000000000,0.509942426898000000000000000000
0.662156595126000000000000000000,0.509945005897000000000000000000
0.510159498599000000000000000000,0.510033633973000000000000000000
0.775792488877000000000000000000,0.515358033266000000000000000000
0.826023406720000000000000000000,0.517704940620000000000000000000
-0.712017139454007673619927928905,0.520798124761381697864602654176
-0.767307861402371853385422598898,0.524300099430857903172067670859
-0.820582264963000000000000000000,0.526310625566000000000000000000
0.695663773670000000000000000000,0.551657339984000000000000000000
-0.621594884358667749807353282349,0.551988192488690542622221930160
-0.672789236330082399171411699692,0.552214531739373666476698784549
-0.017590710617861146761874130431,0.552559309653791350079868769812
-0.118442789467855027095990236678,0.552748118436300887091103250474
-0.068185262719847132548842730608,0.552752128443755672704146542791
-0.319471964793421392909525185789,0.552756436364505888082677326612
-0.520892301670677342981966293895,0.552756791417978695206622653568
-0.420265093475704355225852071267,0.552854839958544366060238858647
-0.369949880080701081425299820707,0.552870139513384633821858996961
-0.571345415433974430756147456465,0.552888127871464893681128731136
-0.470635053753782917291217961015,0.552924251045052427063451842470
-0.168700002087543290620794277280,0.552925855900937670969178679240
0.032665297518404966626152612205,0.552950023250231218147887838724
0.082922822900614384884248281742,0.552962407250587766980407804989
-0.269214969493807657957862440880,0.552987595101073890648362134300
0.133180341497440754479135036104,0.552991310477749832949000597385
-0.218957450029031121709107193130,0.553014947514063336384059791534
0.183437641837241088596626979744,0.553142219264750406970335519391
0.233695164190423520422650015369,0.553163616139684939151026790955
0.283952657903062041154443846986,0.553221379718074106649187081048
0.586162258534000000000000000000,0.553252364709000000000000000000
0.636507088557000000000000000000,0.553280198088000000000000000000
0.334210105538076217691329843667,0.553310644048557886247522566922
0.384467740574000000000000000000,0.553378064289000000000000000000
0.434725748948000000000000000000,0.553435063334000000000000000000
0.535440845103000000000000000000,0.553500568584000000000000000000
0.484983814644000000000000000000,0.553535129298000000000000000000
0.745796787950000000000000000000,0.555721594375000000000000000000
0.797441862809000000000000000000,0.560743717977000000000000000000
-0.737072535615201168169858639453,0.564445386644309747502376324643
-0.792349947913000000000000000000,0.567920947425000000000000000000
0.667216771494000000000000000000,0.593118856556000000000000000000
-0.647000844896696335591106196927,0.595351266411638198614046174884
-0.697800415537062200305569775373,0.595806502623737566843294302243
-0.042722487093042846264723878223,0.596081864979833414582494031311
-0.344613026603628630224577200444,0.596273628621845147117949963123
-0.093326340914774914028006293014,0.596279521158788117533065141805
-0.546005706645387694778702620181,0.596289950061512501142156777825
-0.395120716322102902779314179581,0.596370116683670843004112455843
-0.445390140897998933212675889869,0.596381280232639114801236044696
-0.143583553534463177552810349217,0.596457258623424901411140559657
-0.495748459728399312043616262572,0.596457709507596655767261988056
0.007533440676530179596559192079,0.596482782585268189445660335676
0.057790967427071124576280291719,0.596486760719263882845163608930
-0.294356031304014895272914467012,0.596504787358413149683634784770
0.108048486558452231061916960384,0.596514719005170490607696811715
-0.193841001475951008641123250101,0.596546350236550566826021679906
-0.244098527891685776205025893779,0.596553384339962590284789307561
-0.596593382167828067861888590106,0.596569828871924520610363145162
0.158305763414234154306112243629,0.596673255903637083606931312026
0.208563288170990997588241063596,0.596687960694073001300545293744
0.258820781810311442187688651231,0.596745788028040741946913861340
0.611285536886000000000000000000,0.596818939067000000000000000000
0.560986683461000000000000000000,0.596821375511000000000000000000
0.309078291561000000000000000000,0.596835106612000000000000000000
0.359336224099000000000000000000,0.596902543798000000000000000000
0.409594223895000000000000000000,0.596959515662000000000000000000
0.510184088693000000000000000000,0.597036752089000000000000000000
0.459852819937000000000000000000,0.597059595587000000000000000000
0.717177831665000000000000000000,0.599793581238000000000000000000
0.767458989500000000000000000000,0.601115440995000000000000000000
-0.761954483184589165286240410869,0.608111250841198322378958625167
0.642015642137000000000000000000,0.636632956125000000000000000000
-0.672012024103676136725264273845,0.638943237296002098980641674189
-0.067854804267897591024243164981,0.639604108078384642456731428504
-0.369783862845030451578591559222,0.639773605792131356300203437858
-0.571059278619457922371093467300,0.639857570403309591345692594275
-0.420245763744397480766138003364,0.639896556957765591745109640881
-0.470503287417867449198502439006,0.639914587972558265217658952727
-0.118491007581761428208239312681,0.640002443759309211050072405245
-0.319526867545416716626928815456,0.640004764528699358865888249653
0.032657931410314517415842504544,0.640009554345055440755142397831
0.082915450528689963598729005202,0.640037536000032915130931976156
-0.269269364133087597559040247976,0.640053361510248799467042774439
-0.017599544100908968479226380391,0.640081430249643688206588627549
-0.168748455523249259296552211262,0.640091535372434876464953521506
-0.219011869297112609623589531161,0.640110139312567877324197997752
-0.520802786437703207960318264668,0.640180067677896570203550938203
0.183429942786000000000000000000,0.640210584174000000000000000000
0.233687640346000000000000000000,0.640268403493000000000000000000
0.133172434562697654454029168847,0.640271131189163197154796077604
-0.621498247277503047734921301668,0.640287986474338028786424985766
0.535744628791000000000000000000,0.640337820326000000000000000000
0.283945520668000000000000000000,0.640357715228000000000000000000
0.334203486949000000000000000000,0.640425227625000000000000000000
0.586227980173000000000000000000,0.640445559533000000000000000000
0.384461495727000000000000000000,0.640482209893000000000000000000
0.434719427363000000000000000000,0.640582281916000000000000000000
0.485021429412000000000000000000,0.640598530374000000000000000000
-0.729587634129344900653613046983,0.646558696700994031541269367627
0.727325445970000000000000000000,0.649086412870000000000000000000
0.681782520742000000000000000000,0.670479992046000000000000000000
-0.092831395337670646208202850488,0.683215905902370546496040082159
-0.394908910267325029565415380103,0.683300046066226105041200621882
-0.344648902191159475565691477709,0.683532943748200250552373670859
-0.445165861186669256163675494593,0.683540660275104676259264219854
-0.595907818666138744822848732215,0.683542454155648777280161297120
-0.495423384860139224596039945067,0.683558691289897349731813531893
-0.294391398778830356497802903273,0.683581540729749691153528185736
-0.143606526744111315347185098618,0.683618843435340156795836637514
-0.193864053442911551967849694777,0.683623428876448044767838038547
-0.694988113010465380118544951528,0.683641317226287751399351341329
-0.244133921496234745907604744502,0.683652167185663072741593536341
-0.042576140667661234001813836384,0.683693806477161924217057053718
0.408954164772000000000000000000,0.684368259027000000000000000000
0.459246055974000000000000000000,0.684449771327000000000000000000
0.559780414093000000000000000000,0.684514533359000000000000000000
0.509508223770000000000000000000,0.684777893973000000000000000000
-0.545665802197154514147166528444,0.684790970089550343917355332456
0.628034732642000000000000000000,0.684932519236000000000000000000
0.051847968231456296419550773287,0.686459112983541032818913635208
0.102105712944000000000000000000,0.686487065609000000000000000000
0.202705864727000000000000000000,0.686624980341000000000000000000
0.252993452276000000000000000000,0.686670492239000000000000000000
0.152432503911000000000000000000,0.686691910820000000000000000000
0.303379979907000000000000000000,0.686706093550000000000000000000
0.353672958428000000000000000000,0.686758916266000000000000000000
-0.645439523282461984776939175013,0.692052991665594421392641439831
0.004133185749371257756912923171,0.702242602572164946529826333176
0.593672724896000000000000000000,0.721646036681000000000000000000
-0.117874772631937164963329436189,0.726789387110599766219068919234
-0.369980585375027046690541949088,0.726939450610409857277308257447
-0.319562236705563975243230037061,0.727081516924835099328844758153
-0.218974107516122107500372905373,0.727158520415887016674794023346
-0.168716581074411764296403369937,0.727165366412852585398738928075
-0.420237536294371273288802065948,0.727180064819288428495371859475
-0.269304811547965243831665781534,0.727182647707739667550219080675
-0.067621564851164088930169064220,0.727448263919523205502808930700
0.383122404893000000000000000000,0.727485705259000000000000000000
-0.571458507297928787279338516890,0.727925125633520154624616939137
0.434023921348000000000000000000,0.727928003787000000000000000000
-0.471885839015480350814244007519,0.727963679146189693815904512316
0.484291316128000000000000000000,0.728289648887000000000000000000
0.534556207731000000000000000000,0.729233256218000000000000000000
0.227792883328000000000000000000,0.730174213583000000000000000000
0.278145962633000000000000000000,0.730182108484000000000000000000
0.126874526967000000000000000000,0.730217772465000000000000000000
0.328469946214000000000000000000,0.730253989948000000000000000000
0.076511248697000000000000000000,0.730338487964000000000000000000
0.177308609749000000000000000000,0.730363833417000000000000000000
0.642640394212000000000000000000,0.733048678846000000000000000000
-0.521652576974948769518243845556,0.734970162128435061140601776951
-0.633598773737025333958280883611,0.740895756340714220663137374078
-0.020853851862390005523657129056,0.745849351732653728533164564211
0.029367607629000000000000000000,0.747757024620000000000000000000
-0.142975079952306463565474808462,0.770330098902322971402028476998
-0.344893919889431546368080511872,0.770488023787044706053779362412
-0.244118605203492939074308732917,0.770673727492915751256710341451
-0.445407638818319241205364847217,0.770680466539741963853460321301
-0.294627908834296033658400496365,0.770763096893500148846112584602
-0.395150318939651349016207668125,0.770824721592138356873601422526
-0.193861586710527265390630174271,0.770899787450880556134655114177
0.357925282058000000000000000000,0.770988467966000000000000000000
0.408198593109000000000000000000,0.771057407145000000000000000000
-0.092712081301255568736801197491,0.771105335939921869645775795276
0.595423478666000000000000000000,0.771892429604000000000000000000
0.508551629611000000000000000000,0.772322572250000000000000000000
-0.594574112380133503976081258373,0.772564270939394125892187407845
0.252881255660000000000000000000,0.773726193969000000000000000000
0.303154747183000000000000000000,0.773782078457000000000000000000
0.202600717438000000000000000000,0.773825248512000000000000000000
0.151595364381000000000000000000,0.773975801888000000000000000000
0.101295826309000000000000000000,0.774091109772000000000000000000
0.458337077421000000000000000000,0.774754362605000000000000000000
-0.494755529961174431451710913123,0.780199114062357927871881161946
-0.545008510327213721714121131096,0.780875113498273642406656105981
-0.045911089583000000000000000000,0.789421888644000000000000000000
0.054117419267000000000000000000,0.791504691896000000000000000000
0.003996312489000000000000000000,0.795421336085000000000000000000
0.552111670000000000000000000000,0.797437193127000000000000000000
-0.167929464244499818199485541756,0.813954607100174581461175343421
-0.319999076292475118502963940891,0.814146536968209800654063561631
-0.269296375840603485926271231264,0.814169691405121935762996638563
-0.420512795221362813340248264270,0.814338979720907058453744530576
0.332685484226000000000000000000,0.814465020021000000000000000000
-0.370255475342694921151091098998,0.814483234773303451473885624732
-0.219040151679668402681851472380,0.814531553247174329964499184328
0.383006857959000000000000000000,0.814557634997000000000000000000
-0.117676902534300077610834066220,0.814723872271497907655973486482
0.177164862509000000000000000000,0.817243713065000000000000000000
0.277946146029000000000000000000,0.817300855956000000000000000000
0.227672760956000000000000000000,0.817412632534000000000000000000
0.126531147712000000000000000000,0.817585237389000000000000000000
0.433143130689000000000000000000,0.818263101159000000000000000000
0.483363239174000000000000000000,0.820585379015000000000000000000
-0.469860686364218003586594348526,0.823857627243523022472165365163
-0.520113666730257293849004548401,0.824533626679438737006940316773
-0.070882098227718426414685725226,0.833055956190562213377731548917
0.079336233370000000000000000000,0.834993942361000000000000000000
-0.020955977679000000000000000000,0.839090715596000000000000000000
0.029319305226000000000000000000,0.840067609383000000000000000000
-0.192996352041786113022766502932,0.857514567465918122965432197770
-0.294667543298782570770834673169,0.857553131479831587570947637632
-0.395509063822028398864774418643,0.857935222988152311395684274155
0.307496529228000000000000000000,0.857956363095000000000000000000
-0.244408931020000000000000000000,0.858026724050000000000000000000
0.357767398316000000000000000000,0.858037095446000000000000000000
-0.345165885880000000000000000000,0.858225346875000000000000000000
-0.142716334810771905840463433034,0.858299620597589447097289719695
0.202208100407000000000000000000,0.860818666027000000000000000000
0.252864239878000000000000000000,0.861074609776000000000000000000
0.151592195836000000000000000000,0.861180372087000000000000000000
0.445971080381000000000000000000,0.866872495595000000000000000000
-0.444856954964883589111120491288,0.867453870510768275414105110921
-0.095923347165000000000000000000,0.876650599239000000000000000000
0.104396550620000000000000000000,0.878576409879000000000000000000
-0.045988783884000000000000000000,0.882740665392000000000000000000
0.054384283346000000000000000000,0.883701265951000000000000000000
0.004174951856000000000000000000,0.886398637552000000000000000000
0.400693029485000000000000000000,0.888708880898000000000000000000
-0.218006407429173566888465429247,0.901107183129889246490141258525
-0.370697831188562549476034279025,0.901641306616349062192784182452
-0.167754760564653082990920740989,0.901875947274746031051892761835
-0.275890753267525687868810006398,0.904171273517336481146217351385
0.226845900608000000000000000000,0.904623803995000000000000000000
0.176544476562980396884475605611,0.904837614407552439948351154036
0.304102819221000000000000000000,0.908100414502000000000000000000
0.354361491807000000000000000000,0.908185352843000000000000000000
-0.323738366935292394222973062369,0.919547387369901225927709280632
-0.120987809372854612646269942796,0.920278971133091387172438060011
0.129383642463975525451497059070,0.922206400720735872636137601602
-0.071102474383710715102900363840,0.926384080790401760114258539951
0.079401186118754831180608090941,0.927457407158076844057259075016
-0.020976434391143642652303424691,0.930017140873920227199226358483
0.029270866465696258863791481057,0.931030929564478995809461839037
0.264031041340000000000000000000,0.938435033022000000000000000000
-0.244778185504715307495215643987,0.943640592463974273955664717352
0.210014395742000000000000000000,0.951980386130000000000000000000
-0.195477151867000000000000000000,0.955051812649000000000000000000
0.160673408959289808524714809813,0.961535391599928240884293743688
-0.145985432435243205818553365807,0.963878717143104182849438408129
0.107921958618000000000000000000,0.968858051943000000000000000000
-0.095988264231000000000000000000,0.970116612279000000000000000000
0.056583990515140051558209140047,0.973218750858859485298106445335
-0.045809943589000000000000000000,0.973777163153000000000000000000
0.004528742879000000000000000000,0.974842126998000000000000000000
