0.009820739932000000000000000000,-0.974817652671000000000000000000
-0.041671028590000000000000000000,-0.973950345394000000000000000000
0.063399250637482452375527220174,-0.972822940112472785178791151369
-0.091976001785000000000000000000,-0.970512409347000000000000000000
0.114731403607868009869917786879,-0.968113189982555791123779477707
-0.164687157047000000000000000000,-0.960849462126000000000000000000
0.194980693662476104068658792748,-0.955188972684746611982970696089
-0.214648643245000000000000000000,-0.950936341047000000000000000000
0.243916535367000000000000000000,-0.943873558176000000000000000000
-0.263375815569000000000000000000,-0.938618506085000000000000000000
0.150164218461830924151169321788,-0.932518482291754943264411198731
-0.123800108485000000000000000000,-0.931589883994000000000000000000
0.035020411039000000000000000000,-0.931331346307000000000000000000
-0.015239429292000000000000000000,-0.931173050188000000000000000000
0.292207700484000000000000000000,-0.930063493602000000000000000000
-0.065389092759000000000000000000,-0.927850278261000000000000000000
0.085126822795933466097864153333,-0.927541816096299375681461974111
-0.314032197422000000000000000000,-0.922905899415000000000000000000
-0.181257279916000000000000000000,-0.913354486667000000000000000000
0.365635699971000000000000000000,-0.903722289898000000000000000000
0.210743667996000000000000000000,-0.902679950228000000000000000000
0.259814863358000000000000000000,-0.891500376235000000000000000000
-0.225796223208000000000000000000,-0.890028983902000000000000000000
-0.276056938358000000000000000000,-0.889988144520000000000000000000
-0.350758669281000000000000000000,-0.888596240958000000000000000000
-0.401018301124000000000000000000,-0.888569548407000000000000000000
0.010355598142000000000000000000,-0.887539484259000000000000000000
0.318236188946535054669513217682,-0.887107345313727141741529430698
-0.140351375137000000000000000000,-0.884125438679000000000000000000
-0.039803821296000000000000000000,-0.884108190429000000000000000000
-0.090082560823000000000000000000,-0.884065008969000000000000000000
0.110914713065000000000000000000,-0.883958804806000000000000000000
0.060575646002470768617796189996,-0.883727351565451681372078519105
0.411694810476032241425142661565,-0.883693287639515549005999862518
0.161291427876277514286873680557,-0.883542439222558110300462985427
-0.463665226418902290360735782173,-0.857566907828152930965684840338
0.286672487631000000000000000000,-0.847709803688000000000000000000
0.236451608843000000000000000000,-0.846911830367000000000000000000
-0.316286299569000000000000000000,-0.846863575434000000000000000000
0.486819620465679409990615861755,-0.844637851816791078474240604634
-0.366143048783000000000000000000,-0.840774901580000000000000000000
-0.215791582627000000000000000000,-0.840771197216000000000000000000
-0.266036016370000000000000000000,-0.840770688761000000000000000000
-0.416370204581000000000000000000,-0.840665543733000000000000000000
-0.165521222605000000000000000000,-0.840654565943000000000000000000
-0.115261058492097020247863845458,-0.840576941704320583199373042098
-0.014744439656000000000000000000,-0.840530831362000000000000000000
-0.064993433734000000000000000000,-0.840517311083000000000000000000
0.336342445605681413841636312431,-0.840260455834681789762170457373
0.085810998696000000000000000000,-0.840211820181000000000000000000
0.386566590670323704963839584051,-0.840207196145052986676318153559
0.436792808224488527361068586588,-0.840189746483797487538495850889
0.186622924859231858502382882050,-0.840174445901776631906183560815
0.035574252163302370890951541641,-0.840168220603418423059628040079
0.136094384704799491243224770648,-0.840096189678052606508196244192
-0.488755092998739938069567999395,-0.814058676663524807649577388216
-0.538950735177354237825625113496,-0.812366018887927791007738409011
0.261402040572585542777065833251,-0.803231998420254401483876865369
0.511908968346712678463357419635,-0.801129321538542613985027390416
-0.341080654221839168345736197954,-0.797177986880553274057872030624
-0.391304810397134589775921482552,-0.797136507387948484376242115391
-0.240629754793000000000000000000,-0.797115118571000000000000000000
-0.290856532490951189739869834364,-0.797106011678449483956839880682
-0.190402076637763928474284129693,-0.797024573860487951467023762239
-0.441528696700134015678890461809,-0.796966717246424824410429424713
-0.140172727901617316734289710612,-0.796966434813210699562228306668
-0.039722033135000000000000000000,-0.796939856505000000000000000000
-0.089947894227148839560282327673,-0.796930560007714960317076056814
0.311209675549252941788623831033,-0.796776993997341097837050675132
0.361433817269081852361455530061,-0.796720668378720026351574861630
0.411657986257014890958386365119,-0.796699846747727641918679043354
0.461882156105521795833810144481,-0.796681216205549023049282629105
0.161314266862990839570947959150,-0.796654738436371159144261540017
0.010502710875749608926429059855,-0.796649426944410489107627927752
0.561932282557178181165422754870,-0.796642048483577932480498766552
0.060728230351881974190765270380,-0.796636134991831244773524590290
0.110970299553008542330617029372,-0.796607709256746442674007228097
0.211567944087962292530309581081,-0.796583006378092158063185239538
-0.564681646325862388949767382555,-0.769233805919702396408148711869
-0.514462598599684515062033113213,-0.768516289686686808160540015797
0.602214275471252385853810232454,-0.766644904770563396058284229745
-0.613542142924693207647028375451,-0.757609716442052374307288805180
-0.366192236426497340981298991757,-0.753641275975967263436769657897
-0.265743981717143643475550260131,-0.753610869677282158478726109528
-0.315968129115430340802649556127,-0.753559858071313148962223700406
-0.215519869621198764251072253587,-0.753532458946286737179967849962
-0.165295726577162426733205938739,-0.753477326732941559437628896635
-0.416416123076260504425976351435,-0.753471588438082339078794976580
-0.115071565809583873701788578657,-0.753441840662501789588496224813
-0.064847454058921374577461119245,-0.753363209080188809826912630796
0.487685379997000000000000000000,-0.753231802686000000000000000000
-0.466639410025223145786042066866,-0.753173205947090015088849633725
-0.014623682678644941895522621001,-0.753162280210939322729335601141
0.035600487907839832502313470017,-0.753145758454083648464035081965
0.085824659241100860822472162584,-0.753131688769897196971024466593
0.136048817594118846464092191691,-0.753092935708783712187348852753
0.186272986169465787687599433466,-0.753071141583319131005850401202
0.236497081219430805687812672045,-0.752982482230449049748027608286
0.286721224362702868081717433094,-0.752927440492741689513963698677
0.336945366082531778654549152726,-0.752871114874120618028487893187
0.387169535070464817251479985482,-0.752850293243128233595592074927
0.437394186540658985117990259384,-0.752831393735450872715455564716
0.537934622399000000000000000000,-0.752503845813000000000000000000
-0.651745450789345172409749505277,-0.725006421328407905412102142167
-0.544392501375000000000000000000,-0.721131104976000000000000000000
0.612188021737998699705301481724,-0.717421008444943906016726455926
0.662368006725960462817421298025,-0.715314663108418088772373216538
-0.494973610392000000000000000000,-0.711692259371000000000000000000
-0.594823608569640246763027322368,-0.711004093866364427606071030016
-0.341306354233642436060348031969,-0.710016048738139388549173218341
-0.240858099524288738554599310071,-0.709985642439454283591129676986
-0.291082246922575435881698594632,-0.709934630833485274074627263864
-0.190633987428343859330121289763,-0.709907231708458862292371413415
-0.140409844384307521812254988704,-0.709852099495113684550032460100
-0.391530240883405599505025397989,-0.709846361200254464191198546048
-0.090185683616728968780837613688,-0.709816613424673914700899788265
-0.039961716945770913122008813631,-0.709672544332685502189261184957
-0.441753527832368240865091098656,-0.709547978709262140201253191798
0.010262273712361083016321446974,-0.709537095299311517122968043364
0.060486444298845857414157520681,-0.709520573542455842857667526280
0.110710615632106885734316229985,-0.709506503858269391364656905835
0.160934773985124871375936242343,-0.709467750797155906580981297062
0.211158942560471812599443500857,-0.709445956671691325399482840424
0.261383037610436830599656721546,-0.709357297318821244141660052589
0.311607180753708892993561499898,-0.709302255581113883907596140894
0.361831322473537803566393198871,-0.709245929962492812422120335384
0.412055491461470842163324050028,-0.709225108331500427989224513121
0.462279661105304943023142060509,-0.709205933969837730957737098613
0.512503828260067239137267391638,-0.709181080815749549490465535257
0.562725754395725363870934505521,-0.708705981570042566945708950138
0.698328291275969527824665426873,-0.680252924430036046753534590911
-0.665916799206799420366750840656,-0.676823016839933982846436397348
0.594825535810595912958475372349,-0.670078638700175071291795527397
-0.566846202907441398867085518317,-0.669293994891637266084124546940
0.645305180396354381564338170861,-0.667897720274723360169416061185
-0.366066317091180324722310259959,-0.666319231653114578283704346178
-0.265618062381826627216561528927,-0.666288825354429473325660798782
-0.315842209780113324543660832979,-0.666237813748460463809158385650
-0.215393950285881747992083529309,-0.666210414623434052026902535216
-0.165169807241845410474217209838,-0.666155282410088874284563581893
-0.416290203740943488166987635742,-0.666149544115229653925729664805
-0.114945646474266857442799854380,-0.666119796339649104435430910072
-0.064721679803308801783971035818,-0.665975727247660691923792308872
-0.516737650457325261791681087275,-0.665888036080563350358855056467
-0.466513490689906129527053331335,-0.665851161624237329935784317591
-0.014497689145176805645640791445,-0.665840278214286706857499161164
0.035726481441307968752195299003,-0.665823756457431032592198649036
0.085950652774568997072353990445,-0.665809686773244581099188027630
0.136174811127586982713974020671,-0.665770933712131096315512419815
0.186398979702933923937481261326,-0.665749139586666515134013962217
-0.616941183587874114851948010720,-0.665693926184536677244350862910
0.236623074752898941937694501019,-0.665660480233796433876191175336
0.286847217896171004331599261510,-0.665605438496089073642127258677
0.337071359615999914904430978904,-0.665549112877468002156651457164
0.387295528603932953501361811656,-0.665528291246475617723755630892
0.437521129304347257021967329224,-0.665508306035020274474258983909
0.487748263351982642008074589696,-0.665468054923275789517928340414
0.537970316715609536148551488200,-0.665006600689592172958402241661
-0.714324040962650937123946769018,-0.663436212528997136614668566657
0.732435147232708334337062144884,-0.643385730872415708719543449928
0.679177540065000000000000000000,-0.630624418525000000000000000000
0.618191722507088074443455495936,-0.625620918298275867584355683131
0.567975046500294674869632013796,-0.624730258072408069030005887081
-0.644790477535000000000000000000,-0.623215785393000000000000000000
-0.750050659465719818350669638701,-0.622760348631052839804553326590
-0.542321523055544835244541290723,-0.622668445072007501029368089336
-0.240966484683946789974695831610,-0.622530771226370197962832448404
-0.341423943742096347261075155371,-0.622526401769267375790333787868
-0.291194656354986566200642109396,-0.622477492746160970064270523702
-0.190727175004180666267117454368,-0.622460925697609644336896230645
-0.140493352337003818140393478408,-0.622411252447154603203638634291
-0.391649466411000063808624682003,-0.622385384716179104268994851594
-0.090254839338277252662458451081,-0.622383865721424724691463190335
-0.040030872667319197003629642309,-0.622239796629436312179824590097
-0.492099995129301075156193583840,-0.622122141550618536560258439587
0.010214336251853669820515114160,-0.622116333002934921328365511861
0.060442702945702880752834407197,-0.622102183079812764649910412526
0.110685316348610536953081663362,-0.622098544006808531742807852537
-0.441875785607439464186520301880,-0.622085295103189580746472632314
0.160913533408790481369550036833,-0.622062087880168688741611563434
0.211151268313350848823197672159,-0.622047974926952964849643041122
0.261377179006232907084099598234,-0.621960344001928171410747736810
0.311601322149504969478004358734,-0.621905302264220811176683828157
0.361825463869333880050836076122,-0.621848976645599739691208018638
0.412049632857266918647766908878,-0.621828155014607355258312200372
0.462273801855747580659618906244,-0.621807358841258844996059921923
-0.592538131859922138526856266899,-0.621796789029231525978297601525
0.512497901302646743237015227181,-0.621721226287858883644674858407
-0.700401796779098389044102213795,-0.615180241903982150709223246798
0.735768906000489555366817161449,-0.593272323120128359404205310800
-0.781127963736172510445641714921,-0.583305707036552518800008747866
0.784036489237000443037258938834,-0.579390392686097755621889200845
0.637814241295198337399504036613,-0.579388631522916899810815302154
-0.316434743100275255725949180048,-0.578960274613510458401883827344
-0.215986449128717997909119955057,-0.578959388327404535920127200892
-0.266210596568140168926233716930,-0.578908417237997422166120869212
-0.165762337258384198481175639833,-0.578880833219566095531635241173
-0.115538194307320427504473546019,-0.578825616375367139176540789468
-0.366658720913664791584349002604,-0.578820143714249724573263311459
-0.065314046890029858745072740203,-0.578774623483342296947701144765
-0.517330192026429839178950757105,-0.578681048076212216562085588334
-0.015090038383795643523343143221,-0.578645962554987341773723582969
-0.467106167821689531999825166859,-0.578558668541845883320321884748
-0.416882008054664729693571307822,-0.578521793548434070372024351098
0.035133951876797766829077134324,-0.578510366195927718050798791387
0.587597962967628652653106919980,-0.578498140087344860732746323229
0.085358122454767737169911393337,-0.578493818575327133633625252424
0.135582293759628403760103912193,-0.578479647873778777551854516175
0.185806452097619718640223784101,-0.578440875342916723302952193165
0.236030620647843531572222137168,-0.578419023398352767893922368031
-0.617776290329999633149462966100,-0.578374410684557364389439136472
0.286254715685632930954312232538,-0.578330357148459164211625292464
0.336478858828904993348217011433,-0.578275315410751803977561379782
-0.567552328355733780436522742314,-0.578228713477069932585019077929
0.386703000548733903921048710406,-0.578218989792130732492085574275
0.436927169536666942517979563845,-0.578198168161138348059189751988
0.487151338535147604529831541646,-0.578177371987789837796937430590
0.537375437982046767107227879021,-0.578091239434389876445552406127
0.688010934324463976830112379811,-0.577727429249126519769864165349
-0.667976579174121156560750096991,-0.576825674414064518829294954925
-0.726860111792060821785797185876,-0.572490370145640937485839036135
-0.812364719615000000000000000000,-0.538946806656000000000000000000
-0.762186647339111152512027172831,-0.536790181486310839263143561895
-0.190847494646757361828366080698,-0.535357723727916970076334948031
-0.241071662457232749739007930428,-0.535334233006773398876015126048
-0.291298353579000000000000000000,-0.535334222136000000000000000000
-0.140623339802235519790043288784,-0.535314663046719960301518263278
-0.341525107564000000000000000000,-0.535261742536000000000000000000
-0.090393042242918573509761028370,-0.535260125024109675169369042300
0.612959187648751992189486879903,-0.535147524558354360245720005711
-0.040169033736684358288031418151,-0.535131464095754719995391487468
-0.492198219367024142847490512597,-0.535046300952819222775137330615
-0.391749884220380348144283395330,-0.535027479033267292080936104898
-0.441974055929093690450629754123,-0.535014820342565829486145696741
0.010055016019450311352528728244,-0.534995833447295060650253924761
0.060282881372616744570219019568,-0.534977156608434738692772425839
0.110514573210618314003529524865,-0.534958653278692726718591440659
0.160756560566479677890775126814,-0.534909616248481028007822183214
0.210994024867630223655181658740,-0.534880116018780446465932848073
0.815069795582600387475312628330,-0.534852944201459630588637138787
0.261222688412044762326283645079,-0.534788823015598043321123168513
-0.542421483718544665249374010309,-0.534744138833982585777651547888
0.562736662663170106643607836897,-0.534740623905399375958526100012
0.713973054092741392105448321369,-0.534733988805189132840496091756
0.311454432765109081731344520819,-0.534729412225189286324639901845
0.361681910592755455545559776937,-0.534671169622992457083023403364
0.411926160868722638489554466622,-0.534638816126768670784696929195
0.462170526802927711861120183341,-0.534605517296414826524514845702
0.512394627812208420933356869658,-0.534520300641115373215621799836
-0.593574480841000000000000000000,-0.534327318515000000000000000000
0.663171918589612977629033938602,-0.534075500524354272409115778817
0.764881210598260891702904565617,-0.532962568223379063565433472325
-0.696722845115280558040512823301,-0.532313103671658391999212983467
-0.646506580204170947210223595855,-0.531421855981039429094592446095
-0.732049380662330888766742812370,-0.496612915012328293776517488148
-0.839101331968851884321382887401,-0.496301721012662112949968365694
-0.788918233984854403100137033478,-0.494270893398786454249393691960
-0.266159141145587393877597288532,-0.491806021227367215825700459048
-0.165710794846343938783655452078,-0.491801412110058215263524120632
-0.215934968142473216880885043899,-0.491800523770770111995831151197
-0.115486643875855204785531680849,-0.491754047964045388124274258238
-0.316383277134131871648702010535,-0.491744798086616531203545375304
-0.065262635369620989563802083305,-0.491625387035690432950296693442
-0.366607040025186178611070528565,-0.491541758356690864592756872692
-0.416831205733326550369143688355,-0.491514136082549958295712287682
-0.467055377488389873656169058805,-0.491501662643911547121788593000
-0.015038645108955551406768171623,-0.491489790703309432004354737960
0.035185525469700920239112884812,-0.491473245166460372316701450438
0.085411927979090811352341371195,-0.491457793672831585778021361531
0.841839202951000000000000000000,-0.491417670156000000000000000000
0.135639340448117782766846581470,-0.491417170495286963322323440642
0.185868471162507775545209853260,-0.491392484040483679411581400911
0.236094239377195395496961847534,-0.491302863980850403410578416785
0.587925054144588566320889415334,-0.491289357886472172094535876881
-0.517278999274345153674476781880,-0.491266293210700404306055028953
0.286322693758284980240463318700,-0.491245354473391928443352522347
-0.567503160308025349238513443280,-0.491231185779409645544113932057
0.336547742684178664369982303288,-0.491188515752601329166260490238
0.386777469418021283858416023571,-0.491164560499027411428665751693
0.537701109798796889622772292511,-0.491137705588130756758937254816
0.437017381171588455275133141919,-0.491131365640882621857273473342
0.487241486311983934193980639206,-0.491048619551715844197087004814
0.688367595508391728464375530981,-0.490628458638015316756117669133
0.638143515056146240039511385221,-0.490531883303977165916140653378
0.791612616710152265785967231759,-0.490443166635987120873817409670
-0.617718085182660958030349219784,-0.490267389170433480811036862887
0.738589674300475969958186224939,-0.490169780242563535772989592382
-0.672386555800865988426644690789,-0.488378918730158871758028847473
-0.758780967308074139354852670220,-0.454093626924803908762767640977
-0.707713091347916319152874676959,-0.452678730070828773535333371761
-0.815651755016334887300587691543,-0.451752821507787415279293550412
-0.140715200458000000000000000000,-0.448228746783000000000000000000
-0.241169644059000000000000000000,-0.448226677214000000000000000000
-0.190942392205000000000000000000,-0.448226331581000000000000000000
-0.865750105435108449236626009346,-0.448199953738429422846500017655
-0.291396672700000000000000000000,-0.448160572332000000000000000000
-0.090488036360393036107190395472,-0.448159469009755730086409705273
-0.040263961653082686428470743554,-0.448059950854222285972066174479
-0.341622286267796594471097786910,-0.447972640500850277195769879026
0.010031564559257499282929290284,-0.447970229914388217934415521725
0.060256967536705164100059572108,-0.447954394345814591693536065543
-0.391846451993999238300682533469,-0.447945051087960114341879119117
0.110483945787641206964967128393,-0.447939274545033776676083269719
-0.442070623848583864637166353045,-0.447932985023091193037587691580
0.160709405511134068745560208017,-0.447897526404314640775472928344
0.210933540583813880879788523119,-0.447835556492376931597268452486
0.261160984838767963816456270087,-0.447778631703918385081422736185
0.311387788423240284223880655148,-0.447720777306067667632974597631
-0.492294245634539144655474091113,-0.447697615589880050221854133517
0.361634403634614306008259286538,-0.447678436156872485281861316140
0.411858569594348093196060581876,-0.447651275194262945057168020802
0.462082692620209625262211145477,-0.447580209366346639637467789863
0.512306836948748750673411020386,-0.447526259993383008161812088102
0.562530989478785380025856840558,-0.447480579490023169267846305510
0.765664932942021784283811631688,-0.447441012141847296412792595855
-0.542928916823455633875783745951,-0.447429654513598231457600739649
0.612754365669834616105835348028,-0.447197616522268212495221780216
0.663340446647199535112173276281,-0.447084120269537397432223300400
0.816471288080344246870245773577,-0.446802428308392690734525434861
0.713676766313562294461828032989,-0.446559980888469452046508927311
0.866693623120005161679076224560,-0.446372722324236705216517650129
-0.646484468972776132234673689365,-0.445349283802369094631754679114
-0.596262711699747770359492604425,-0.444856657698924704902970363157
-0.785067593967240968673352444431,-0.411297822890408764532801788334
-0.734444677993659569740984536237,-0.410159441983304388521583506020
-0.681811004519826462960903674628,-0.409649095143038996409059190818
-0.837615500753423204932249288827,-0.406585782007004250485642732001
-0.216036137749000000000000000000,-0.404696846894000000000000000000
-0.165809491358000000000000000000,-0.404691997189000000000000000000
-0.266261897882735953845891975033,-0.404638579711545057633970770550
-0.115584522731435870504824593417,-0.404631228310811326086179157597
-0.065360406498422737329909474644,-0.404555513836906721656048640084
-0.015129529421000000000000000000,-0.404503097163000000000000000000
-0.316485841865366991044666533114,-0.404486807189949100241478505725
-0.366710007767581301847167511754,-0.404459540073758910303027518064
0.035099270161470936514319501743,-0.404449226710078588650220845973
-0.416934175215197989144134804930,-0.404435285949733178491729288122
0.085324162294000000000000000000,-0.404432688198000000000000000000
0.135550968950436382452943742427,-0.404417091857693389872355009669
0.185775117206580674762009432507,-0.404366931977209009333342145599
0.236003335426515134655515130048,-0.404309559248677902402738293295
0.286229551393232081878175652430,-0.404252044938874165224448556392
-0.467157870836069145653696871597,-0.404216237437162601165069928078
0.336458692749771959293086061517,-0.404201616694692506349069945733
-0.517382036307115142956658386335,-0.404188187378999357193080764732
0.386682834750023020909198761667,-0.404145541678961282481147058008
0.436907000032355348557161074352,-0.404117155736382806089714971039
0.487131125877544342528065262205,-0.404048111146508670847681455267
0.537355270206083467939265138253,-0.403994161773545039372025753486
0.587578794934865490291667344304,-0.403738920933958868074193679794
0.637864229447546629242094750478,-0.403700923255612663727771733961
0.739823449998629572175733942027,-0.403678533660771917070125742231
-0.567602909747753348889464954996,-0.403612466154645058126710897716
0.790058190226583531376307967053,-0.403538431544370486744947872283
0.688087133060847391229816936221,-0.403343800422580062587190563716
-0.887708865066428825822108756802,-0.402963291720852075724352128173
0.840591636708214103129350882411,-0.402749319835337254053872606983
-0.621735601308680776900890290066,-0.401571562353761321208729323664
0.890466137364895495350052043236,-0.396833090604191849756663916131
-0.807607481344359867763772830085,-0.366311890275337070935728635332
-0.707172595250296374692559470069,-0.366298693764402205122859666337
-0.656951289297203462623051974106,-0.365762025864666813483907894174
-0.757390146324550720290579441515,-0.365483127596989538398147092608
-0.191017175343000000000000000000,-0.361126552472000000000000000000
-0.140783041242000000000000000000,-0.361104977909000000000000000000
-0.241244384770000000000000000000,-0.361077115106000000000000000000
-0.090551128898000000000000000000,-0.361072567472000000000000000000
-0.040314256387532817831000704146,-0.361022101970944035102289114857
0.009921954277000000000000000000,-0.360969034878000000000000000000
-0.291471450916000000000000000000,-0.360933715968000000000000000000
0.060158650574231974311529985807,-0.360923429332002901012624122530
-0.341699180851000000000000000000,-0.360905698086000000000000000000
0.110385889693000000000000000000,-0.360904431587000000000000000000
0.160613090677000000000000000000,-0.360884758457000000000000000000
-0.391926384538316287117017961690,-0.360879827169804794076731716885
0.210840258264584535746558717838,-0.360843628546442862359178105487
0.261068384273351166274570266621,-0.360785008540769043478494383745
0.311297892514950937740205292841,-0.360730327200169049105309467904
0.361522034596891306661535217233,-0.360674325398068488695174969726
-0.442151487733149021960287489260,-0.360659970515182672468794292738
-0.492377595873443268857846530059,-0.360630805195634307468048103106
0.411746179225157102097339135710,-0.360620655780853435647228012061
0.461970334392606158244947181348,-0.360577973410110512292289518641
0.512194477785973056381594563736,-0.360523160352431490035708384245
-0.857494649543546701658458110282,-0.360463260095806642146440645855
0.714259696134000000000000000000,-0.360442310051000000000000000000
-0.593134522729157978074230479217,-0.360286626987980087063158882476
0.562418021368592695642083120534,-0.360271656727253609173822573954
0.612688658712577503427926750800,-0.360242227667303319306743652501
-0.542607332020171314292736791983,-0.360049997467331469459200621569
0.764577571925091188003680909273,-0.359978407439917082712301494535
0.662911562325878265415648946341,-0.359885104834270718166162477235
0.814800690900382917548411298252,-0.359652977781674660638814313887
-0.907527977415925691169925934441,-0.356089053186686349496457634072
0.878762331565030869592704649253,-0.347991627543920742505217108790
0.920731849661736977564382279142,-0.320404907282189184545244065768
-0.820623760959848877735279369636,-0.317803704893484481620779353527
-0.165919865734000000000000000000,-0.317544388187000000000000000000
-0.115692683047000000000000000000,-0.317537670213000000000000000000
-0.719118091085779964671815503709,-0.317515779610846185995442190161
-0.216147107981000000000000000000,-0.317513320560000000000000000000
-0.065464851744000000000000000000,-0.317507269203000000000000000000
-0.015231303582000000000000000000,-0.317467450985000000000000000000
0.035000746325000000000000000000,-0.317428320062000000000000000000
-0.266374078270000000000000000000,-0.317426181589000000000000000000
-0.316601341590000000000000000000,-0.317398542451000000000000000000
0.085234736851000000000000000000,-0.317394145999000000000000000000
-0.366828292309000000000000000000,-0.317367225195000000000000000000
0.135466083954000000000000000000,-0.317365800343000000000000000000
0.185699589961000000000000000000,-0.317332154445000000000000000000
0.235927500719000000000000000000,-0.317303589892000000000000000000
0.286154735015000000000000000000,-0.317249737220000000000000000000
0.336381951481000000000000000000,-0.317193622300000000000000000000
-0.417054732157561478336603461549,-0.317155712750591543802125237227
0.386608484060126520884448914247,-0.317139436532914104222892403440
-0.467279831270142142255817499476,-0.317127129534995504282782274714
0.436832636775056487698760135253,-0.317093959767804774795051741459
0.487056778717489838752923140839,-0.317037832990959275757191345473
-0.668529435641148226724007032277,-0.316890622044979267518196569848
0.688845180097743182404981067673,-0.316874465995355710673237049285
-0.618304807671000000000000000000,-0.316824715045000000000000000000
0.537280345622719566470931791594,-0.316791030671915884948586260535
0.587527453240526732254617530588,-0.316774714131969108562944031101
-0.568076420922620794730959973303,-0.316760093494925647476001518630
0.739069097928170668480221725718,-0.316714272889261829129401667079
-0.769338175466720791965170261150,-0.316700833845192394488679190863
-0.517503023716368482306039465842,-0.316550097597833055379378799160
0.637750360387488758847329994476,-0.316418088591096675074499095100
0.789661491729650822239780536245,-0.316173232507316915189775695447
0.839914766257725352455698820694,-0.316158716056540189563204823171
-0.874689446263319339085265603385,-0.313274208931002871390208036027
-0.924708550391527145516920629644,-0.308740247497523673604209174197
0.883278013987000000000000000000,-0.283319028502000000000000000000
-0.140815998431000000000000000000,-0.273977479682000000000000000000
-0.191043115636000000000000000000,-0.273957805556000000000000000000
-0.090588750598000000000000000000,-0.273957379625000000000000000000
-0.040360989033000000000000000000,-0.273940215357000000000000000000
0.009874294705000000000000000000,-0.273902555348000000000000000000
-0.241270320816000000000000000000,-0.273889331493000000000000000000
0.060105688775000000000000000000,-0.273874744163000000000000000000
-0.291497308900000000000000000000,-0.273873141452000000000000000000
0.110340998017000000000000000000,-0.273841557347000000000000000000
-0.341724546733000000000000000000,-0.273835611721000000000000000000
0.160572135487000000000000000000,-0.273815045210000000000000000000
0.210803336095000000000000000000,-0.273785034887000000000000000000
0.261030550070000000000000000000,-0.273755526315000000000000000000
0.311257773105000000000000000000,-0.273701720163000000000000000000
-0.391951016028000000000000000000,-0.273652835287000000000000000000
0.361484763064757934620243791618,-0.273648142843471359453588016902
-0.442176423457885136072514494043,-0.273626709993567103524469927018
0.411708906117044963767534872226,-0.273593018146823623515712846548
0.461933046218959200762597658975,-0.273535267890874913918912836115
-0.693731243009170734028978217217,-0.273447135888204758170692217668
-0.743955345614466761700054993582,-0.273362865125370123501267130470
-0.643502492432000000000000000000,-0.273340706680000000000000000000
0.512156679240756918105761502292,-0.273302308322361721303198352404
-0.593245365643000000000000000000,-0.273296689627000000000000000000
0.562389777494653603083466201661,-0.273294088076631384337707733651
0.663460182626074946222472114751,-0.273273301831523148466919022405
-0.542971029056508249747039455560,-0.273260818980082275990610232490
0.713684329664128362722259663013,-0.273221936777622701735891518569
-0.794366687289255134778079633598,-0.273157278868387496559708929726
-0.844590781270229751937982871379,-0.273068016003761732654307735243
0.763908223416900487801869800535,-0.273054364766149806617078663118
-0.492397759717945576983313137033,-0.273050749285033440266447398646
0.612612684641615629676178674731,-0.272937462535758950849262797632
0.814865242100849946415095118391,-0.272627245560094891515544267524
0.936002787481027631077082922001,-0.272558632169197051170658972882
-0.908856003556885529066538950656,-0.261083513000453209383692393256
0.848080043566206292811954912157,-0.234954383342236611698831361882
0.898331367760000000000000000000,-0.234731119476000000000000000000
-0.165937924761000000000000000000,-0.230406962648000000000000000000
-0.115710672939000000000000000000,-0.230405165994000000000000000000
-0.065483323055000000000000000000,-0.230398680128000000000000000000
-0.015248695379000000000000000000,-0.230369541889000000000000000000
0.034985989487000000000000000000,-0.230347917579000000000000000000
-0.216165014664000000000000000000,-0.230344394609000000000000000000
-0.266392262650000000000000000000,-0.230324680886000000000000000000
0.085220346573000000000000000000,-0.230318772023000000000000000000
-0.316619264891000000000000000000,-0.230303358588000000000000000000
0.135455221848000000000000000000,-0.230292197409000000000000000000
0.185689292117000000000000000000,-0.230267174776000000000000000000
0.235923494755000000000000000000,-0.230232861379000000000000000000
0.286149662979044091046229649205,-0.230194607208452306916934156308
-0.366845339451000000000000000000,-0.230150099540000000000000000000
0.336373798027852971534176793846,-0.230132617953098193428781129938
-0.417070681970854566956927357390,-0.230124051716799827481247765695
0.386597947269615778269084012550,-0.230083454858113735346074984433
0.436822086799393958223112577421,-0.230025209153166619289190939941
-0.718762613971620021972425642868,-0.229905224448661562874138562811
-0.768986710905861914604924382621,-0.229817639012394526328784858711
0.487045782641195608269789556903,-0.229806211301652929755892902680
0.537275299198557773474877687896,-0.229800059015348691063884886886
-0.668534675886000000000000000000,-0.229794582943000000000000000000
-0.618307773067000000000000000000,-0.229769066548000000000000000000
-0.568080276072000000000000000000,-0.229761873184000000000000000000
-0.517853786364000000000000000000,-0.229755553073000000000000000000
0.638215578488123863169174717866,-0.229729136824697167132170393124
0.688439744269063265223516250145,-0.229701647235984563635220363757
0.738663874125989646706558743111,-0.229635585269862013337547805361
-0.819403861133066312594362727792,-0.229615897090261981446779936410
-0.869732844169908405997944141130,-0.229589926611317471808543146330
0.789023964118277654223683290971,-0.229561064671882892435688259200
-0.467291596432536554388666117461,-0.229551920000153232145876090159
0.587498791650389435678822167743,-0.229443095510889950972428664428
-0.947584247599000000000000000000,-0.229104919029000000000000000000
0.948804753974000591970532256031,-0.223993446717254529488797873614
-0.908943263763000000000000000000,-0.197017434494000000000000000000
0.867690304565000000000000000000,-0.188693473708000000000000000000
0.817467131556157323665994538983,-0.188167178527072646484056828287
-0.140835170524000000000000000000,-0.186848062609000000000000000000
-0.090607975510000000000000000000,-0.186847075762000000000000000000
-0.040376115846000000000000000000,-0.186826665218000000000000000000
0.009858476994000000000000000000,-0.186811651829000000000000000000
-0.191062398323000000000000000000,-0.186798905394000000000000000000
0.060093860355000000000000000000,-0.186792996587000000000000000000
-0.241289478502000000000000000000,-0.186786133336000000000000000000
0.110328408531000000000000000000,-0.186766430084000000000000000000
-0.291516721822000000000000000000,-0.186756852086000000000000000000
0.160559062956000000000000000000,-0.186739149644000000000000000000
0.210786257166000000000000000000,-0.186714521238000000000000000000
0.261010642331404068475582564603,-0.186673929366442957320517198812
-0.341742340917000000000000000000,-0.186645600601000000000000000000
-0.391967250428945167517493758638,-0.186619604745556882158322736516
0.311234784846034068451135975087,-0.186618316967579860138971243972
0.361458943188532887524769791512,-0.186579550275971724676705936499
0.411683084063263382052238476974,-0.186522476078670654081367026213
-0.743798811225932171747767817754,-0.186366087903342422400892490925
0.461906874224886002580272551275,-0.186326297919665034651289306358
0.512145166273033200259697517192,-0.186303469717120408065831649289
-0.794024329243307240580603542817,-0.186275996938952515463396475568
-0.693572766090000000000000000000,-0.186254065082000000000000000000
-0.643346303442000000000000000000,-0.186229518254000000000000000000
-0.593119344275000000000000000000,-0.186222157163000000000000000000
0.613074285111582184831439906552,-0.186218545561986389281162360508
0.663298458387864360823508081917,-0.186216877402736945418436081507
-0.542892465793000000000000000000,-0.186216147980000000000000000000
-0.492666287019362831228973862633,-0.186209185179982944421032134785
0.713522596048943814601198571050,-0.186157042047699813205581155031
0.763779614827366813128372238639,-0.186142285175595099156157420646
-0.844545735136705846851933087534,-0.186137698465504233302059399341
-0.442188210468180734371030150964,-0.186051487850652059842558307808
0.562368154154649634155437961372,-0.185958401156134636414628229594
0.917744086937000000000000000000,-0.184523118231000000000000000000
-0.958125381651000000000000000000,-0.179997876877000000000000000000
0.961643071632000000000000000000,-0.160100190452000000000000000000
-0.920427652139000000000000000000,-0.146807462716000000000000000000
-0.115731243697000000000000000000,-0.143300921979000000000000000000
-0.065503993950000000000000000000,-0.143286369776000000000000000000
-0.015276840302000000000000000000,-0.143278894407000000000000000000
0.034950407686000000000000000000,-0.143259185069000000000000000000
-0.165958282241000000000000000000,-0.143257178350000000000000000000
0.085182464186000000000000000000,-0.143246477486000000000000000000
-0.216185531169000000000000000000,-0.143240031068000000000000000000
0.135415570913000000000000000000,-0.143225953244000000000000000000
-0.266412313329000000000000000000,-0.143221384218000000000000000000
0.185643921171282477652564006976,-0.143195791701959150651753692146
0.235868086825364982003203497631,-0.143168071311426305380966037720
-0.316637935333000000000000000000,-0.143142070501000000000000000000
0.286092237723162133640751454974,-0.143120630147090544738956795187
-0.366862404078085924766422610261,-0.143104694367772865916911091769
0.336316395691233456949577385883,-0.143081381363800228100704689346
-0.870341928808000000000000000000,-0.143042040882000000000000000000
0.386540549552679654821052124452,-0.143037188937402290850575827638
0.889421044562000000000000000000,-0.143032624236000000000000000000
0.839149328230000000000000000000,-0.142863572963000000000000000000
0.436764368276895943026496228425,-0.142848464731659259306787329790
-0.768833703775667408362946047233,-0.142826026022761242943394814157
0.486993879341159575586387136644,-0.142816416761877031135950001671
-0.819164998876000000000000000000,-0.142796905180000000000000000000
0.587929088795086781925011104025,-0.142725240221776942554585866119
-0.718609656293398965009456880760,-0.142713604638599679920485608549
0.638153257622079770588330925357,-0.142704033937857153440195594330
-0.668384649590000000000000000000,-0.142689748377000000000000000000
-0.618158951097000000000000000000,-0.142683270704000000000000000000
0.688377425528774381407685935012,-0.142680749846312928584887668427
-0.567933648538000000000000000000,-0.142678096840000000000000000000
-0.517707930997000000000000000000,-0.142671879238000000000000000000
0.788923579687825925314593124162,-0.142665295685006294767136206363
0.738638336750320981023012064191,-0.142663741953432899024190754207
-0.467482776983904329189970403249,-0.142661944307876610569732234431
-0.417083534017377309663301254947,-0.142551800445232145396090927433
0.537216963065477198117443308982,-0.142485591598151096579762902226
0.968616865534000000000000000000,-0.110351925203000000000000000000
-0.090627876903000000000000000000,-0.099741793853000000000000000000
-0.040401109634000000000000000000,-0.099737268413000000000000000000
0.009825985336000000000000000000,-0.099733676313000000000000000000
0.060052839126000000000000000000,-0.099720881754000000000000000000
-0.140855028648000000000000000000,-0.099717207602000000000000000000
-0.895749561487000000000000000000,-0.099715755251000000000000000000
-0.191081305227000000000000000000,-0.099706776634000000000000000000
-0.844959486265000000000000000000,-0.099701105429000000000000000000
0.110279846252000000000000000000,-0.099699674780000000000000000000
-0.241306983452000000000000000000,-0.099681417222000000000000000000
0.160504943367687101856572990764,-0.099679553369129667583982920217
0.914729839858000000000000000000,-0.099642121734000000000000000000
0.210729102610869783013837862352,-0.099641971668800685584281192735
-0.291532202576251685054229391512,-0.099628938691693777926417360641
0.260953265710595046635828143856,-0.099609956032508947786606520338
-0.341756353217733710613767815700,-0.099581226947933923479673850206
0.311177427496666360363397231830,-0.099575941986793812059444280968
0.361401581986065140694516249876,-0.099532469078260974216226457330
0.864394249927000000000000000000,-0.099441802915000000000000000000
0.411625487745785318658780144263,-0.099368535227216417144259280171
-0.793972991570125465336963550615,-0.099346331989153047290458064360
0.461851373393169516032610809199,-0.099338583573871255791448033105
0.814167231890715852281799390447,-0.099246110898459432389786145020
0.562766878404611495600595888987,-0.099245917568021754010682294943
-0.743747737550000000000000000000,-0.099227210445000000000000000000
0.613019450480799530765201741940,-0.099217294573322226370907370413
-0.693522059055000000000000000000,-0.099202390857000000000000000000
0.663249863889293929296579644361,-0.099194278040441134921776803175
0.713491549351648731658996844612,-0.099186516105757077784358102376
0.763778282175615107391669961671,-0.099184428158456731148715243333
-0.643295441434000000000000000000,-0.099179266810000000000000000000
-0.593068413480000000000000000000,-0.099173714731000000000000000000
-0.492603351904000000000000000000,-0.099170457934000000000000000000
-0.542841209408000000000000000000,-0.099169553616000000000000000000
-0.442376395610267083965611095836,-0.099161263037731724872984210628
-0.391977746079397907103647575319,-0.099052754523718189693983670927
0.512074457117487138563666995335,-0.099007758410145321235260941610
-0.948159011115000000000000000000,-0.098427423349000000000000000000
0.949869920195000000000000000000,-0.063752080139000000000000000000
-0.870300233798000000000000000000,-0.056336866718000000000000000000
-0.819766339325778484990844179578,-0.056251427468726026167442985271
-0.920888883924000000000000000000,-0.056232525193000000000000000000
-0.015311638961000000000000000000,-0.056200682625000000000000000000
-0.065538890815000000000000000000,-0.056200333355000000000000000000
0.034915136855000000000000000000,-0.056194649953000000000000000000
-0.115765661211000000000000000000,-0.056184441080000000000000000000
0.085142386830000000000000000000,-0.056180908402000000000000000000
-0.165992874114000000000000000000,-0.056170795743000000000000000000
-0.216218528931000000000000000000,-0.056156198726000000000000000000
0.135367710288666119422097892993,-0.056155233376789571980514973201
0.185591877771315402774534214332,-0.056131051905239777401989238127
-0.266443766882267069571836877964,-0.056106462907826437340969007792
0.235816042260951835928284475791,-0.056101296456752355820294781382
0.286040203681214464822179999366,-0.056066746490400459037140114631
-0.316667914974187771490681862381,-0.056056138861982703753245998648
0.336264365830752903700947457433,-0.056033273431944676859598770200
0.386488327905635810532634654957,-0.055887610912759316120955081320
0.436712492862058891664894730844,-0.055858654069428413628919979478
0.889249170810000000000000000000,-0.055795418067000000000000000000
0.537600911435404041334340685490,-0.055754230068239230259814616671
0.587840207186163752225609203640,-0.055728153748163601794407666553
0.638079942396497693997075622341,-0.055692137146702860147414037187
-0.517721641394000000000000000000,-0.055676065786000000000000000000
-0.769163060273000000000000000000,-0.055672389296000000000000000000
-0.467495263901000000000000000000,-0.055669450050000000000000000000
0.688309683247000000000000000000,-0.055667731230000000000000000000
-0.417267494189984379589656973553,-0.055660402379914554783250623070
0.738547549623000000000000000000,-0.055657877369000000000000000000
-0.568037578846000000000000000000,-0.055629374729000000000000000000
-0.668540395401000000000000000000,-0.055629327129000000000000000000
0.788783757097000000000000000000,-0.055624552822000000000000000000
-0.618287701347000000000000000000,-0.055621867420000000000000000000
0.839022334222000000000000000000,-0.055599878750000000000000000000
-0.718935982191000000000000000000,-0.055557506461000000000000000000
-0.366889473020101137597874313626,-0.055543604463404027321133643415
0.486935576586376514195950903055,-0.055527828905702479072732876080
-0.973335607073000000000000000000,-0.054965792607000000000000000000
0.974679556050000000000000000000,-0.020079974374000000000000000000
0.924452616602000000000000000000,-0.019969805308000000000000000000
-0.895460014892000000000000000000,-0.012867396161000000000000000000
-0.845032206965289308920474911626,-0.012845166209646228387904452995
-0.946078185127000000000000000000,-0.012779664297000000000000000000
-0.040431650872000000000000000000,-0.012665693949000000000000000000
0.009795500161000000000000000000,-0.012663154978000000000000000000
-0.090658806376000000000000000000,-0.012652005350000000000000000000
0.060022054660872882400817604525,-0.012650151402036950713488359433
-0.140885922333000000000000000000,-0.012645910463000000000000000000
0.110246226019549272691494038470,-0.012636172736788879672758458373
-0.191112010511000000000000000000,-0.012626576059000000000000000000
0.160470391924390645450256843926,-0.012608910459896839676005191420
-0.241337001209609874924527316963,-0.012587837813829136507877781519
0.210694560159070025970850180899,-0.012586344924347164762885401821
0.260918724695452264801362857915,-0.012556668482905873431208215830
-0.291561150147610769209389796747,-0.012538365374273275864444501894
0.311142889611919501865925336083,-0.012527642420935711271715443270
-0.794681886839000000000000000000,-0.012410858262000000000000000000
0.361366894556513805742876057959,-0.012397598604708715394096654108
0.411591059512936886875136116491,-0.012368641761377812902061542310
0.512437076494136047928477112326,-0.012259583199141732746822460504
0.562669268572796500416611557998,-0.012233602148815589206342745475
0.612906879335621323108953872796,-0.012206555300721668154009652845
-0.542839321616000000000000000000,-0.012181055636000000000000000000
-0.492612629224000000000000000000,-0.012175342915000000000000000000
-0.442386055056082947359465338768,-0.012168730946353007486772048483
0.663133902557690810633010224775,-0.012163219582512039269852046942
-0.693680913489000000000000000000,-0.012141486778000000000000000000
-0.392161039231694606426876393234,-0.012140660723585880104062599225
0.713363242527000000000000000000,-0.012135051778000000000000000000
-0.593163261221000000000000000000,-0.012130212056000000000000000000
-0.643429937683000000000000000000,-0.012129451755000000000000000000
0.763596631190000000000000000000,-0.012123002792000000000000000000
0.813823977499000000000000000000,-0.012084262718000000000000000000
0.864051039635000000000000000000,-0.012053907496000000000000000000
-0.341782900276721517110627998647,-0.012045011507422572003960866806
-0.744287611775000000000000000000,-0.012037876862000000000000000000
0.461814143237254509406192301484,-0.012037816597651878345874452872
0.949668435117000000000000000000,0.023477046400000000000000000000
0.899441453449000000000000000000,0.023587343368000000000000000000
-0.974465935796000000000000000000,0.028655020412000000000000000000
-0.920694074680859446685565482149,0.030558434673950531082558211583
-0.870101121812961008482672405929,0.030675140457804512059166116319
-0.015295210929815671555089503783,0.030868958147919704997223148682
0.034928962025542122132332214431,0.030874875839931749678753141714
-0.065519383604773400654502370238,0.030876907034719245958135736401
-0.115743556212601973806638379417,0.030885269319932454762213259476
-0.165967729045822852339836696720,0.030892145912826932314311984897
0.085153132202999277297877580739,0.030892597425506311809654870933
0.135377300848826830199287683898,0.030914228519896483779532055895
-0.216191891296596418816529375003,0.030925466728294842870299487823
0.185601469583676205006053452443,0.030935651921832580146478442913
-0.266416052611782910715139184897,0.030960169104245747105691537094
0.235825635122388648347968968359,0.030963580559131800367853278829
0.286049803258181054396089765314,0.030986365124668981704743150962
-0.819878219337000000000000000000,0.031039158063000000000000000000
0.336273827360450203706374238763,0.031108786705526019421356652945
0.386497992316873284838634313489,0.031137743548856921913391758764
0.487276755514558519905142370154,0.031253325222407095906727152950
0.537506862072039872149744217344,0.031260221891721178696396265918
0.587733909016435933808831548885,0.031289166415464031919015456651
-0.718917916959000000000000000000,0.031311357809000000000000000000
-0.567956659455000000000000000000,0.031313067370000000000000000000
-0.769652076217000000000000000000,0.031314435151000000000000000000
-0.517730186702000000000000000000,0.031319981511000000000000000000
0.637961667188202656592018254401,0.031321885858259833069096074823
-0.467502886490000000000000000000,0.031325122374000000000000000000
0.688216214203000000000000000000,0.031352459770000000000000000000
-0.417276935060059499325308463959,0.031352549790326460141464106203
-0.618297916539000000000000000000,0.031357912368000000000000000000
-0.367051360829649631238054250607,0.031359740367848962490992703081
0.738446421259000000000000000000,0.031386703214000000000000000000
0.788676710403000000000000000000,0.031394458952000000000000000000
-0.668687229511000000000000000000,0.031425609437000000000000000000
-0.316638014765777965128589517946,0.031431445532109904052393272580
0.838916569404000000000000000000,0.031432269199000000000000000000
0.436721076041190907369690486845,0.031468568712582856469578860139
0.972496753311000000000000000000,0.068216619326000000000000000000
0.922252942874000000000000000000,0.068334596951000000000000000000
0.872033142125000000000000000000,0.069195570852000000000000000000
-0.949080407827843442424078663578,0.071992821724019547279406490326
-0.895497684571250336414347005381,0.074005062961001347675453845587
-0.040428096584481068519390944956,0.074410535634670202197315309929
-0.090652269845287701995177640805,0.074412618240715288498720636627
0.009796076671328627636829936347,0.074412735448760171521202056108
0.060020249735547689685821838241,0.074417643008683076631787256452
-0.140876441713634131356778189800,0.074424626886396650851889558435
0.110244417679852023252331022787,0.074440845833618374366137069068
-0.191100612359091535410214357292,0.074440968390206613658235644089
0.160468588967377068747757069596,0.074455077843904323443669129243
-0.241324778608339690324457053156,0.074467588620380077282627821065
0.210692755514431328956482174931,0.074481130147597371249419496695
0.260916925349175088781477596273,0.074499797755557108137061298041
-0.844958693194000000000000000000,0.074584488737000000000000000000
0.311141010792908384235172291992,0.074593741405418459749978995263
0.361365176602281169375202444077,0.074621178996451487266108025757
-0.744267503229000000000000000000,0.074672320887000000000000000000
0.512349041026330138632855596726,0.074771690119137521482701662816
0.562577991105199067988488111958,0.074779253051335175916671302968
0.462124872789296188105284763480,0.074794250413506242277484243240
-0.593088342700000000000000000000,0.074798793828000000000000000000
0.612805189261759036887285941685,0.074808110462042683823695515676
-0.542848449045000000000000000000,0.074815329980000000000000000000
-0.492619632325000000000000000000,0.074819364573000000000000000000
0.663041796179433698523618150224,0.074835730940623953704292727152
-0.341902079063468038098195679197,0.074838756428213036941338778677
-0.442393239900000000000000000000,0.074846693994000000000000000000
-0.392167151958333351754230060159,0.074853011342208939797951665339
-0.643431141906000000000000000000,0.074856451543000000000000000000
0.713305412208000000000000000000,0.074875020201000000000000000000
0.763535677248000000000000000000,0.074907905722000000000000000000
0.813762901933000000000000000000,0.074907986747000000000000000000
-0.291546740762334744737907375827,0.074938865048244234229329566444
0.411588260326598791906258630196,0.074952004160177421822295117154
-0.693973434903000000000000000000,0.075019275807000000000000000000
-0.794641029701000000000000000000,0.076633542286000000000000000000
0.947476837745000000000000000000,0.111768837037000000000000000000
0.846880011105000000000000000000,0.112670871378000000000000000000
-0.015285228369735157803935878432,0.117945370722923718809094810888
-0.115733574847578828985756184321,0.117947718092631059725414464122
-0.065509401555583274173995201646,0.117948815531631672504032000235
0.034938943610447289738788923621,0.117956902150775099348317992639
0.085163116195468927336252311545,0.117965400311336211232724286713
-0.165957743784330096013745175430,0.117968662816097106371085846710
-0.216181916320427123709972107249,0.117977445362938581966453974257
0.135387287564748366600581848442,0.117979340828665936202597672611
0.185611457997299234920178682281,0.117996324080860087909455299444
0.235835627930371064614257825026,0.118014725241029150858315955180
0.286059716624313290858584306615,0.118106914892273790803374937942
0.336283881261321362528404054494,0.118136420543933057782971105970
0.537423932154604379364205905486,0.118288553735142360350707040342
0.436968905677182242291807731281,0.118291252257677667314378731190
0.587652338261880153992169046276,0.118296430105172331995148442974
0.487199763917570428836635080909,0.118311114029511081145489619750
-0.618156032809894195872258121231,0.118321277774557307073597714295
0.637885360256180160629102907088,0.118321931334948907003030888981
-0.567927841334000000000000000000,0.118332613154000000000000000000
-0.367012048345328606353546609142,0.118335388789038289956932887752
-0.517694700811000000000000000000,0.118337802290000000000000000000
0.688124384600000000000000000000,0.118350787881000000000000000000
-0.316787034929018127482921073026,0.118360002003050712061749755439
-0.467466612976000000000000000000,0.118366724675000000000000000000
-0.417239899484000000000000000000,0.118371879105000000000000000000
-0.266404169101088659860528584934,0.118416660235303539080006746475
-0.668424047533000000000000000000,0.118441806898000000000000000000
0.386506978518968974663333183103,0.118465184771976296995982826861
0.738728279920000000000000000000,0.118586974274000000000000000000
-0.967639245790884588987853016961,0.118662266948174019880133103837
0.789161768989000000000000000000,0.118699103111000000000000000000
-0.767710025385000000000000000000,0.119113885120000000000000000000
-0.917417879456854625115199251070,0.119193254341558940756494580894
0.896929966572000000000000000000,0.119561887817000000000000000000
-0.867176972271000000000000000000,0.119648557886000000000000000000
-0.817405202072000000000000000000,0.126461253313000000000000000000
-0.718002627291000000000000000000,0.126487910697000000000000000000
0.961675966274000000000000000000,0.159946172958000000000000000000
0.863665604796000000000000000000,0.160009889084000000000000000000
-0.040399312743666545307482740376,0.161485202105719657112868287640
0.009824860496891125273845117266,0.161487726233842424630945319522
-0.090623485809797959524198847312,0.161490090055370015402808815897
-0.140847658941208180578958434985,0.161494253575947100075661953013
-0.191071831876415899952094377763,0.161500339881919022569257918770
0.060049031209923568974772753800,0.161503858714932486512930096016
0.160497377242049041858675528014,0.161510168322403058313587772373
0.110273203952410949227819133360,0.161511368812110747043924229399
0.210721547533390153625937394122,0.161527564159285193807596341787
0.260945659344926890190112180352,0.161606156849963343868565521058
0.311169824094242407021072105262,0.161635470709903548290279983848
0.461961943104317645432277176077,0.161855178437885310688879965498
0.562412094864841282218488964390,0.161855276224164849214334213954
0.612636834419874454288274103795,0.161865255379672676423381247062
0.512187926627807331690918131743,0.161877836518533570009116795352
0.411737783178488539650332583685,0.161891836499940977531882183557
0.662860998414451383822058096654,0.161895835023462728152482907708
-0.291518480193514875627199435058,0.161910785843500440758572342669
-0.241294306955211952830067486354,0.161913354443988409884131614313
-0.643096115363036363470546005748,0.161915541919181031005727232912
-0.391975276940035893129294665338,0.161922105030228689707698381186
-0.542647771136173833024854910951,0.161929554459564781495092239945
-0.592871944420917953024833986408,0.161930944699471135243216695474
0.713085609733000000000000000000,0.161936768404000000000000000000
-0.341751107016822730576745525363,0.161940533079021632252104584404
0.361392952286123533552180282412,0.161959474862110231577810213668
-0.492423606963254846767127948417,0.161959839777012128427006456417
-0.442199433747229091242792781716,0.161962812219287940381794262056
0.763309646233000000000000000000,0.162395841436000000000000000000
-0.892864100194673582812657935971,0.163006260492847625816376617791
0.813532463799000000000000000000,0.163064084350000000000000000000
-0.960243941509618423098526034890,0.168338992470859774726875214037
-0.742860644243970202976730312563,0.170132631957073766267854848551
-0.692636488827401554514826400559,0.170175020176310424574590448706
-0.793083851713264797740734241634,0.170444105174162477855719708210
0.912678706070000000000000000000,0.170986759658000000000000000000
-0.843303182158023245924813126165,0.171141553200132304816499953972
-0.923622735947069740359122529142,0.202709836033599479223282230833
-0.165950254069810902984414362620,0.205021633670578249825234103779
-0.065501908388533503291809117071,0.205022512323348292971301966295
-0.115726081288724239838137901280,0.205028881037377432507299940853
0.034946437094974845243084529483,0.205028980019328102277061442081
-0.015277736083564633044169946079,0.205032529786594274404596554374
0.185618944176264236584186012518,0.205035666956268035433210863325
0.085170606957501397564898361652,0.205047572728962794387111478965
0.135394778042149446922826384267,0.205062503528497541941388018717
0.235843063583537508824032117115,0.205109245708148035835515797480
0.286067227793784312884629733339,0.205139469058987843236849435353
0.587520931503787389066425638212,0.205358461800658255664396880208
0.487054004926443714466232559966,0.205362143599608270629835200779
0.537296760963714667987835524641,0.205375124047306358529970564272
0.637749912221000000000000000000,0.205395052516000000000000000000
0.386604968957249957301940128943,0.205397036941992376454240280726
0.436829845000614608684287957206,0.205398801661663937472837412854
-0.216172976205046931545779775339,0.205403426016815066873998801991
-0.266400068837847664674437396605,0.205412415403521406717999951437
-0.567757184148025618490514615533,0.205426507942182621190339087864
-0.316624239904626012727714217006,0.205427406192580612746966707815
-0.366860507462322063940729159204,0.205437493815794148100091343161
-0.417084676286842127723210712178,0.205458705955688089108083547146
0.336290375882770760835866380554,0.205460374185947302555506691013
-0.517533022513286591572710742584,0.205460744711603827117649171703
-0.467308849313660289543984048243,0.205463982413113971066820613789
-0.618024924747162412887518908032,0.205469679328217746696655387448
0.688055803026000000000000000000,0.205483387618000000000000000000
0.738295855796000000000000000000,0.206062750389000000000000000000
0.788522494944000000000000000000,0.206622158096000000000000000000
0.840068215968000000000000000000,0.206814860080000000000000000000
0.952161812441000000000000000000,0.209263769634000000000000000000
-0.870006294969867154549878534947,0.213678729296186326598980623828
-0.667570634026773926273765946631,0.213697089373243431252426767983
-0.717834935827000000000000000000,0.213713370877000000000000000000
-0.768060884865531790011740992931,0.213996575332950756191460518995
-0.818280911168078827275944766195,0.214688694766193307630164116455
0.903163527382000000000000000000,0.220304679462000000000000000000
-0.140838239780639699174732218412,0.248539033649719562277193251722
0.009834273438154258924712641963,0.248561719599817185298419157000
-0.090614072721190192353067285252,0.248564078674755377853093194113
-0.040389899533534439711156284201,0.248567497027130432440492823841
0.060058445150424468720478589789,0.248574364170542528860297051177
0.110282616674478841835726784004,0.248587735450877396275991297396
0.210730948683681142408138876368,0.248605875883305202640264078934
0.160506778071465687480078858260,0.248622319235926272496129635921
0.260955113622562399755090255266,0.248634863136065562393146858673
0.512163154733984913828296536885,0.248859249020673081026541000128
0.612611731330629147818196521676,0.248876934297497421296082513906
0.562387558371327079744349904001,0.248882818418749695716226024378
0.411712815912058068458117707152,0.248894894422133913017826712591
0.461938994808155808046351944488,0.248895907082728747869543218186
-0.191061123302182071704523090407,0.248898970936423209170233307727
0.361488643816830832589728569959,0.248905913395307933172093852920
-0.241285296075138039381163971752,0.248906274431506388461284531777
0.662835886602617037546655593266,0.248919493480090932812273468956
-0.291509467141916387434440777174,0.248921265220565594490251298133
-0.341733640350125346091697861224,0.248924366929353128594953470563
-0.592853710160450020121180053878,0.248930898136466201427916940120
0.311178261711548847706326911679,0.248955768263025021711804106357
-0.442181572489224248812802067808,0.248985947353533609013816442289
-0.492405703789498814306460733314,0.249050902734778342795378899420
-0.391957520006156042040115693580,0.249096111988431833815737552185
-0.542629845723094627540694700818,0.249107037419195128718048230534
-0.942484512844957442635780897853,0.249257671174700098751723888526
0.713057576034000000000000000000,0.249581604609000000000000000000
0.763282603565000000000000000000,0.250049101175000000000000000000
0.813509032785000000000000000000,0.250195958271000000000000000000
0.863722085322000000000000000000,0.251401175157000000000000000000
-0.642397394829739251886045834096,0.257170491176101539585974666013
-0.692621529098484174728411493629,0.257233109255390671315205734186
-0.742845308310094712954013540555,0.257432070990830199774081538278
0.940105870781000000000000000000,0.258043484788000000000000000000
-0.793064717412702212739866145013,0.258123832115579891505789607143
-0.843288736051859070844447391008,0.258248474814509529834417754465
-0.893473765043297112297887689698,0.260231010866462997176355690526
0.899117114928000000000000000000,0.287103243798000000000000000000
0.034816975860663898550173345450,0.292142589603402511142501750507
0.085041148518221897850649614676,0.292150647678570902945751208381
-0.015407196280699442741684766110,0.292153396243694963905923811641
-0.065631369405311739315264795071,0.292157640975001880199386334268
0.135265320331883316363245529360,0.292162882897811460829627404669
-0.115855542145841718792622979537,0.292165164151013132484633811868
0.235713653269672566633232039499,0.292176661384585571327681918488
0.185489483333032384703405575603,0.292195052802706786384736469386
0.537253197558974756878534813936,0.292367378549635224879062761433
0.285937428633915815088723026533,0.292376591949544812746347774883
0.587485012064444337766040478363,0.292386673445524126062872354620
0.436804310029184541970671798134,0.292402186995206987855797914776
0.487028483286321930626222359053,0.292404356284840529733805045585
0.386580137933957306102282649436,0.292413205968381008010065049117
0.336355964629976887904601716326,0.292413228610129431316244940872
0.637742051106000000000000000000,0.292442671582000000000000000000
-0.166078796157930876292829873369,0.292469039957786738298735061658
-0.216302968930886843969470735747,0.292476343452869917589786298721
-0.266527139997665192022747559039,0.292491334241929123618753054052
-0.316751313205874150680004626348,0.292494435950716657723455237508
-0.567881215885483070604943035614,0.292673346055121847698516481290
-0.417204570271000000000000000000,0.292686990718000000000000000000
-0.366978691719000000000000000000,0.292698198568000000000000000000
-0.467430918597000000000000000000,0.292732838954000000000000000000
-0.517656559266000000000000000000,0.292769244237000000000000000000
0.687993761910000000000000000000,0.293121813731000000000000000000
0.738229808566000000000000000000,0.293588986655000000000000000000
0.788473584887000000000000000000,0.293746095495000000000000000000
0.838710255461000000000000000000,0.294957998149000000000000000000
-0.928380480757000000000000000000,0.297496815880000000000000000000
-0.617450000139841946388517538972,0.300760571266131836409093090298
-0.667683382120000000000000000000,0.300926901694000000000000000000
-0.717908273089000000000000000000,0.301200038920000000000000000000
-0.768131028172796107186242139753,0.301727239399628894637067917714
-0.818353883946693241287969295666,0.302091027776435060327322123073
-0.868547826310374622318528165421,0.303833363582243900783816564055
0.915684776781000000000000000000,0.334526212222000000000000000000
0.260696290048841782255342336365,0.335797238040982222601107877251
0.160247952844782719906387421659,0.335814579790590575715321501998
0.109992805554000000000000000000,0.335817813243000000000000000000
0.210472124887227161894295075338,0.335825836775713335280709955580
0.059709885226000000000000000000,0.335826441916000000000000000000
0.311115131552343855286997835821,0.335834052296649222350788593465
0.009434718070000000000000000000,0.335868123722000000000000000000
0.562322654871570193957398072083,0.335887372737602749598664926090
-0.040847850933000000000000000000,0.335888155684000000000000000000
0.612546822584247650659899639463,0.335911071632497923266609989824
0.461874321688851727543787584272,0.335921861849839384718992156171
-0.091116030656000000000000000000,0.335922689937000000000000000000
0.512098494945989116199338161319,0.335924031139472926596999290972
0.411650149593624491675398452850,0.335932880823013404873259294506
0.361425976289644073477717509398,0.335932903464761828179439182276
-0.141340398441588143493570501744,0.336178069488271862400367858559
-0.191613159303106448204959116517,0.336212837192226007411906408939
-0.241874177507469840604511293271,0.336248608203246606302345751940
-0.292197848870918759493737286024,0.336307618592712041247209094961
-0.342453721848000000000000000000,0.336531238570000000000000000000
-0.392701776898000000000000000000,0.336543845703000000000000000000
-0.442937408655000000000000000000,0.336582985765000000000000000000
0.662766191164903448159266104399,0.336605768277813903219648451076
-0.493168461488000000000000000000,0.336621895790000000000000000000
-0.543481033595000000000000000000,0.336667895513000000000000000000
0.712988595582000000000000000000,0.337039278408000000000000000000
0.763215357703000000000000000000,0.337207163277000000000000000000
0.865528136174000000000000000000,0.337447751958000000000000000000
0.813429583742000000000000000000,0.338357640270000000000000000000
-0.911831372499000000000000000000,0.344918132819000000000000000000
-0.608583077375024662557037911018,0.350195834639067728765155502697
-0.659897596463000000000000000000,0.350546967605000000000000000000
-0.710603371470000000000000000000,0.350893658236000000000000000000
-0.760827838637000000000000000000,0.351420280844000000000000000000
-0.811224016666000000000000000000,0.351820236147000000000000000000
-0.862374978890269486955130149696,0.353676753703671971038096213109
0.285873992967269822453617138712,0.379254698388086632205548707754
0.135106503666000000000000000000,0.379337465429000000000000000000
0.084845642035000000000000000000,0.379343092769000000000000000000
0.185371893401000000000000000000,0.379347915334000000000000000000
0.336185143212011040860113627132,0.379353727151281619213982845817
0.235619165973000000000000000000,0.379358934573000000000000000000
0.034578488039000000000000000000,0.379370055098000000000000000000
0.587407153633406961579791732734,0.379398698917531828354510937544
-0.015703352544000000000000000000,0.379399479846000000000000000000
-0.065963425390000000000000000000,0.379419274103000000000000000000
0.486958820450688495166181245460,0.379433188029768463474838164675
0.537182993707825883821731806381,0.379435357319402005352845291500
0.436734648355461259297792095615,0.379444207002942483629105295033
0.386510475051480841100111164813,0.379444229644690906935285190764
-0.116189203569000000000000000000,0.379650896726000000000000000000
-0.166453035455935551303160065285,0.379680477478579191409073843142
-0.216718996302850822157962126282,0.379719109035783077477103630049
-0.266985458786763242258973195997,0.379744963934170795223720457084
-0.317244546534000000000000000000,0.380048749814000000000000000000
-0.367471717033000000000000000000,0.380084339219000000000000000000
-0.417698979866000000000000000000,0.380108972028000000000000000000
-0.467925932944000000000000000000,0.380152992372000000000000000000
-0.518151930633000000000000000000,0.380194230036000000000000000000
-0.568376777776349494837635713669,0.380294357138525156662255671073
0.897247976195000000000000000000,0.381247310241000000000000000000
0.644293002442000000000000000000,0.383324412345000000000000000000
0.847106619719185657356124558690,0.384177429229950688717334854787
0.695970065627000000000000000000,0.384303543864000000000000000000
0.746340058310000000000000000000,0.384522097324000000000000000000
0.796904800627000000000000000000,0.385788808926000000000000000000
-0.633872068366042780449507477885,0.393588628035264019702566836141
-0.684901292860000000000000000000,0.394108294227000000000000000000
-0.735124406194000000000000000000,0.394728530029000000000000000000
-0.785347295360000000000000000000,0.395254655644000000000000000000
-0.891103995711000000000000000000,0.395283972285000000000000000000
-0.835564203466339818630990673934,0.396146153337247919191494882565
0.612990975468830714671505915032,0.422618319975126337891948925073
0.310944004626937008026732933515,0.422774373242719029068742946159
0.361269641973847808482507282012,0.422865053331210697969828839371
0.109952579835000000000000000000,0.422866292054000000000000000000
0.160219665903000000000000000000,0.422874274628000000000000000000
0.210477813868000000000000000000,0.422879422045000000000000000000
0.260716738154000000000000000000,0.422897406867000000000000000000
0.059691897789000000000000000000,0.422905328056000000000000000000
0.009424776385000000000000000000,0.422910447868000000000000000000
-0.040848574145000000000000000000,0.422937553453000000000000000000
0.512054909060248261893842949784,0.422937830547204421597471255143
0.562279082317385650549393524546,0.422939999836837963475478393923
0.461830736965021026025453817211,0.422948849520378441751738395476
0.411606563661040607827772871458,0.422948872162126865057918277254
-0.091075795051000000000000000000,0.423147288632000000000000000000
-0.141344212477000000000000000000,0.423179062171000000000000000000
-0.191616539338118448700345120028,0.423220077282507553366338949939
-0.241897134327727375906234622020,0.423254084356295104923179360975
-0.292182447604000000000000000000,0.423584354259000000000000000000
-0.342434883950000000000000000000,0.423626618262000000000000000000
-0.392690013949000000000000000000,0.423667346695000000000000000000
-0.442944119592000000000000000000,0.423726838792000000000000000000
-0.493199320131000000000000000000,0.423784250755000000000000000000
-0.593747412531000000000000000000,0.423837006194000000000000000000
-0.543440489178000000000000000000,0.423891520859000000000000000000
0.669341712863000000000000000000,0.426914089453000000000000000000
0.876363699305000000000000000000,0.427050529625000000000000000000
0.826213225292753123668131966444,0.429849451885076111815135069264
0.724867212146000000000000000000,0.429947204773000000000000000000
0.775463008936445052267465686381,0.431206676968420327114163099177
-0.658924959050000000000000000000,0.437118686432000000000000000000
-0.714407518154000000000000000000,0.440484147222000000000000000000
-0.869520879226000000000000000000,0.440737099083000000000000000000
-0.768104919774000000000000000000,0.442428906002000000000000000000
-0.818870813902893750487918525008,0.443514901779145788866140809893
0.637886025753294339405616633305,0.466238316025135324140214659199
0.336028503388773775649126588934,0.466285699422648107824588960646
0.587632805735838415664118218045,0.466295002926324323236599827277
0.386365730583407575210168993228,0.466369695848646656092461945799
0.135071788357000000000000000000,0.466392111383000000000000000000
0.185329272710000000000000000000,0.466396179593000000000000000000
0.235576601770000000000000000000,0.466416238243000000000000000000
0.084805918511000000000000000000,0.466424440695000000000000000000
0.034547826181000000000000000000,0.466435062896000000000000000000
0.285803813029000000000000000000,0.466436520194000000000000000000
0.537145731562418358617678433910,0.466445510446658571784240104524
-0.015719308303000000000000000000,0.466447864875000000000000000000
0.486921559467191122749289287489,0.466456529419832591938507234898
0.436697386163210704551608354976,0.466456552061581015244687129650
-0.065953402883000000000000000000,0.466639396176000000000000000000
-0.116219963600000000000000000000,0.466670432418000000000000000000
-0.166489058695364909780063065397,0.466706595890195823496483034782
-0.216765436430293857346136289492,0.466738165867359675504246259357
-0.267045528145000000000000000000,0.467106765880000000000000000000
-0.317303519194000000000000000000,0.467135144621000000000000000000
-0.367561834889000000000000000000,0.467168894356000000000000000000
-0.417816760944000000000000000000,0.467216983380000000000000000000
-0.468072348143000000000000000000,0.467274585769000000000000000000
-0.568604142364000000000000000000,0.467359853476000000000000000000
-0.518309372878000000000000000000,0.467377684058000000000000000000
-0.618845789288000000000000000000,0.467398899367000000000000000000
0.694835374079129326993343361980,0.470218137648753767479425037041
0.852219037899291842818213923338,0.473422807893786465850661036637
0.801996679311957107844043254956,0.473849752848010039200505455386
0.749100693005608104293763139940,0.473958762183472805675617437371
-0.684098224898000000000000000000,0.480580463694000000000000000000
-0.739743150253000000000000000000,0.483882211683000000000000000000
-0.792692060270000000000000000000,0.486378145567000000000000000000
-0.844806088640000000000000000000,0.486526096749000000000000000000
0.663479835408313028547962400639,0.509452023241844284642373268825
0.612804436729798766817934712188,0.509755980563426167309701175884
0.361124591998333542376788297879,0.509790341940084065947222047113
0.562486449769224571503074409974,0.509808116282009519705698260601
0.411456553085577671934004472175,0.509877375748100806279230780206
0.160177142874000000000000000000,0.509916191621000000000000000000
0.210422808506000000000000000000,0.509933129897000000000000000000
0.059670393914000000000000000000,0.509949242105000000000000000000
0.260668168281000000000000000000,0.509951187941000000000000000000
0.109931589317000000000000000000,0.509955392449000000000000000000
0.009418626562000000000000000000,0.509960572927000000000000000000
0.512014031206129971080352186927,0.509963258164928185191140001056
0.461789857902149552882671244055,0.509963280806676608497319883815
0.310900403360000000000000000000,0.509979196795000000000000000000
-0.040818124714000000000000000000,0.510124964130000000000000000000
-0.091087638419000000000000000000,0.510157394968000000000000000000
-0.141358907085352986969565415627,0.510191571043995637175758250530
-0.191628645435000000000000000000,0.510220323803000000000000000000
-0.241905074829000000000000000000,0.510622143135000000000000000000
-0.292152313392000000000000000000,0.510644494510000000000000000000
-0.342409995393000000000000000000,0.510672792810000000000000000000
-0.392663920562000000000000000000,0.510711755951000000000000000000
-0.442933082085000000000000000000,0.510766179785000000000000000000
-0.493168905134000000000000000000,0.510858792223000000000000000000
-0.543446856515000000000000000000,0.510865621850000000000000000000
-0.644045806100000000000000000000,0.510897446663000000000000000000
-0.593698609062000000000000000000,0.510898380126000000000000000000
0.719594924810480072614139694464,0.514603824979642112655950561463
0.775636675406654286969220549153,0.516600399371556229865199971657
0.825839364048101322632531895334,0.518069289169565853937292829370
-0.709444163590000000000000000000,0.523941731084000000000000000000
-0.764340781156000000000000000000,0.527836852359000000000000000000
-0.818626602319000000000000000000,0.529390147555000000000000000000
0.386216167561542951965518809285,0.553298459597618778901935807163
0.436549024824516520265067364103,0.553384104493196399531863551360
0.687728182163053479743418171346,0.553434806961507143134141313965
0.185285652213000000000000000000,0.553439760792000000000000000000
0.235527148271000000000000000000,0.553460973397000000000000000000
0.034569730325000000000000000000,0.553476055790000000000000000000
0.084799793869000000000000000000,0.553477587218000000000000000000
0.135041612316000000000000000000,0.553481495051000000000000000000
0.587279862628724938551658191947,0.553485962644291781367116612148
0.637504035923073493579565755893,0.553486946523033718979617739855
0.285766726085000000000000000000,0.553492216388000000000000000000
0.537055691083216535188723835888,0.553499253096353433284939261075
0.486831517779236116991042905100,0.553499275738101856591119158807
0.335992524308008601424569397644,0.553529202767583745861612229157
-0.015657379071000000000000000000,0.553595682626000000000000000000
-0.065941679356000000000000000000,0.553636787463000000000000000000
-0.116212622784000000000000000000,0.553668172710000000000000000000
-0.166482540441000000000000000000,0.553697798108000000000000000000
-0.216754441472000000000000000000,0.554120148531000000000000000000
-0.267003537279000000000000000000,0.554150146904000000000000000000
-0.317249298401000000000000000000,0.554173470026000000000000000000
-0.367501926749000000000000000000,0.554204645315000000000000000000
-0.417751769279000000000000000000,0.554246145557000000000000000000
-0.669386122148000000000000000000,0.554319514896000000000000000000
-0.468020543489000000000000000000,0.554336801045000000000000000000
-0.518284427058000000000000000000,0.554356022714000000000000000000
-0.618861250366000000000000000000,0.554374352595000000000000000000
-0.568546224570000000000000000000,0.554391005321000000000000000000
0.746132220208133764828066226856,0.557244645059073513422199441793
0.796051730904171644006969060720,0.562768234103972829694316134255
-0.733919468577000000000000000000,0.567801289276000000000000000000
-0.790274419208000000000000000000,0.570850054479000000000000000000
0.714273212930103605851068220575,0.596070812000032201445870166613
0.411310060055972658963836354537,0.596806014187277954047427495234
0.461590684701603084373439021156,0.596920099424621647625662807383
0.210393736523000000000000000000,0.596966501977000000000000000000
0.612380207810260262765336306160,0.596988149438021454718001697749
0.260628973064000000000000000000,0.596995941139000000000000000000
0.059689952057000000000000000000,0.596998784043000000000000000000
0.562156036264751859402401961061,0.597001439890083106635824355657
0.511931862960771441204721021055,0.597001462531831529942004243412
0.109924221321000000000000000000,0.597005080415000000000000000000
0.160159369868000000000000000000,0.597027042009000000000000000000
0.310860422890000000000000000000,0.597031018759000000000000000000
0.361086716273703313086193869250,0.597094672110708094414035255841
-0.040767745461000000000000000000,0.597099874852000000000000000000
0.009459483785000000000000000000,0.597147531601000000000000000000
-0.091068229781000000000000000000,0.597147972953000000000000000000
-0.141338894620000000000000000000,0.597176455504000000000000000000
-0.191609828249000000000000000000,0.597614864723000000000000000000
-0.241852740881000000000000000000,0.597647698759000000000000000000
-0.292104425031000000000000000000,0.597673030358000000000000000000
-0.342346108248000000000000000000,0.597701481135000000000000000000
0.663455013322000000000000000000,0.597722821228000000000000000000
-0.392589163998000000000000000000,0.597732643365000000000000000000
-0.442824785792000000000000000000,0.597786305293000000000000000000
-0.493051861790000000000000000000,0.597882263532000000000000000000
-0.543279105480000000000000000000,0.597922592366000000000000000000
-0.593506074096000000000000000000,0.597977478519000000000000000000
-0.643733320187000000000000000000,0.598011095381000000000000000000
-0.693959675855000000000000000000,0.598229539847000000000000000000
0.765477210579000000000000000000,0.603668916116000000000000000000
-0.759767291045000000000000000000,0.610865865646000000000000000000
0.436355110675773564370330820398,0.640343979809217062522886171227
0.486690181045118106644920179487,0.640422775978721718223684731406
0.235459677198000000000000000000,0.640497400749000000000000000000
0.084779454789000000000000000000,0.640522675470000000000000000000
0.285684725653419736259716693076,0.640530423031163654602594086356
0.135006171637000000000000000000,0.640539079907000000000000000000
0.536914133958732369419602636939,0.640571563746462788282430606224
0.185232957606000000000000000000,0.640571597012000000000000000000
0.335908855536576403747070736288,0.640596465052493981595088422414
-0.065899479147000000000000000000,0.640613655055000000000000000000
0.637214070479635882291187505815,0.640643009980547117384017671326
-0.116198988590000000000000000000,0.640657504485000000000000000000
0.034552830539000000000000000000,0.640682235624000000000000000000
0.386132733431269659478129219103,0.640768724414254403523794477548
-0.015673349183000000000000000000,0.640901931758000000000000000000
-0.166468721846000000000000000000,0.641106463615000000000000000000
-0.216704537465000000000000000000,0.641145538598000000000000000000
-0.266958458650000000000000000000,0.641161819490000000000000000000
-0.367438294739000000000000000000,0.641232798590000000000000000000
-0.417674502478000000000000000000,0.641263196604000000000000000000
-0.317193987148000000000000000000,0.641271237720000000000000000000
-0.467903630965000000000000000000,0.641383603267000000000000000000
-0.518130812355000000000000000000,0.641411526436000000000000000000
-0.568357945996000000000000000000,0.641476833508000000000000000000
-0.618585010185000000000000000000,0.641503961027000000000000000000
-0.668811684431000000000000000000,0.641707107026000000000000000000
0.733093561153785068396032877060,0.642635413112982175721818724862
0.587062158341204519458799983722,0.643336203796044415145835528997
-0.727296182836000000000000000000,0.649185172556000000000000000000
0.684843388948944113929851972850,0.656577739542669774751387687672
0.461449332907443089113609775687,0.683849698912070137220800221117
0.511673303515289092559802971471,0.683992388964255679017730461932
0.260557144996267605678425856335,0.684027810393117144285724401162
0.109884793067862811965408943081,0.684044959428505404896908761574
0.160108945715921188902418829564,0.684090509986160489934226041086
0.310781251043168048696524367803,0.684110004422525125894782707359
-0.091013040485000000000000000000,0.684111797080000000000000000000
0.210333095356638210596308550316,0.684139263813048501735797944708
0.059660933827191055418775878685,0.684222574298271918075981694901
0.361005195657324774461450676081,0.684261567818137603021002138286
-0.040788388794000000000000000000,0.684428040053000000000000000000
0.009437243789000000000000000000,0.684464047388000000000000000000
0.411228949948899951056249564561,0.684466723681461069595408661209
-0.141318961738000000000000000000,0.684588980328000000000000000000
-0.241818477490000000000000000000,0.684651972586000000000000000000
-0.191552433223000000000000000000,0.684721681950000000000000000000
-0.392543283682000000000000000000,0.684750031144000000000000000000
-0.292053050881000000000000000000,0.684766818378000000000000000000
-0.342291566900000000000000000000,0.684835568662000000000000000000
-0.493020481681000000000000000000,0.684911477525000000000000000000
-0.442783727802000000000000000000,0.684936160282000000000000000000
-0.593473312871000000000000000000,0.685003133083000000000000000000
-0.543247071828000000000000000000,0.685321785838000000000000000000
-0.692896131752000000000000000000,0.685783050940000000000000000000
0.621818789513000000000000000000,0.690263405669000000000000000000
0.571034457888467444334852928093,0.690934317227840256886183816393
-0.643128486394000000000000000000,0.692561002320000000000000000000
0.672945934894142182315366255363,0.705372392641986394870246697471
0.486377057409619165628079244169,0.727451030717559547567194849369
0.536601028017465169074272449052,0.727593720769745089364125101234
0.285429497565000000000000000000,0.727707340548000000000000000000
0.335673598014000000000000000000,0.727778694321000000000000000000
0.184938282705000000000000000000,0.727795622016000000000000000000
0.235183267941000000000000000000,0.727814830964000000000000000000
-0.115745583029000000000000000000,0.727825830842000000000000000000
0.385919665993000000000000000000,0.727917801191000000000000000000
0.436156926374787949692957413341,0.728088229990279243949056274298
-0.216748714316000000000000000000,0.728176954414000000000000000000
-0.367515897756000000000000000000,0.728297784044000000000000000000
-0.266983099125000000000000000000,0.728298847158000000000000000000
-0.065195112131000000000000000000,0.728332137010000000000000000000
-0.317218210923000000000000000000,0.728375470328000000000000000000
-0.165969522573000000000000000000,0.728391715009000000000000000000
-0.417752983331000000000000000000,0.728504099433000000000000000000
-0.468276403562000000000000000000,0.728638521070000000000000000000
-0.518520692339000000000000000000,0.729052543483000000000000000000
-0.568955840613000000000000000000,0.729322400884000000000000000000
0.129904082441000000000000000000,0.730139208918000000000000000000
0.079658998209000000000000000000,0.730318479777000000000000000000
0.029391730515000000000000000000,0.730569645440000000000000000000
0.585501508177561651692792931921,0.739048441376585844918163393607
0.635725661193096631079465342991,0.739093584935380008937996642592
-0.632685242382000000000000000000,0.741690533705000000000000000000
-0.018303861950000000000000000000,0.746419182238000000000000000000
0.159209046214000000000000000000,0.770954072695000000000000000000
0.511367372177673889981012353757,0.771018715842027359491627881386
0.310424290722000000000000000000,0.771292639917000000000000000000
0.360693482400000000000000000000,0.771371492684000000000000000000
0.260167697400000000000000000000,0.771408770588000000000000000000
0.410923623048449773622507517294,0.771543741868127429537139794087
-0.191542402356000000000000000000,0.771621324324000000000000000000
0.209470766979000000000000000000,0.771645656333000000000000000000
0.461147601347894184790314549011,0.771683698453213085383050424987
-0.241769409837000000000000000000,0.771738960167000000000000000000
-0.342439412460000000000000000000,0.771816216392000000000000000000
-0.292152222156000000000000000000,0.771970047289000000000000000000
-0.442903449623000000000000000000,0.771994960719000000000000000000
-0.493146083338000000000000000000,0.772490774521000000000000000000
-0.543391219376000000000000000000,0.772717030471000000000000000000
-0.137773114187000000000000000000,0.772963413168000000000000000000
-0.593632693438000000000000000000,0.773295359869000000000000000000
-0.087546761544000000000000000000,0.773314007369000000000000000000
-0.392654316496000000000000000000,0.773438695501000000000000000000
0.105012525634000000000000000000,0.773793513019000000000000000000
0.054775312255000000000000000000,0.773961271788000000000000000000
0.574055505721384985469115897874,0.787950962905050710873128833469
-0.040742161855000000000000000000,0.791538083929000000000000000000
0.009340457594000000000000000000,0.795391595857000000000000000000
-0.165714490042000000000000000000,0.814699440501000000000000000000
0.335490840660000000000000000000,0.814838123704000000000000000000
0.235000806840000000000000000000,0.814921819116000000000000000000
0.285245426594000000000000000000,0.814947488622000000000000000000
-0.266759651816000000000000000000,0.815308027382000000000000000000
-0.318058011897000000000000000000,0.815728904029000000000000000000
-0.215925187286000000000000000000,0.815990737833000000000000000000
0.532652512218475848469452984786,0.816509488505417252351314525428
0.389244284035000000000000000000,0.816864602902000000000000000000
0.439513031920000000000000000000,0.817016896463000000000000000000
0.179271691792000000000000000000,0.817019041363000000000000000000
-0.113901061771000000000000000000,0.817154886405000000000000000000
0.129034701100000000000000000000,0.817924659027000000000000000000
0.078781276166000000000000000000,0.818110552503000000000000000000
-0.426453401204000000000000000000,0.819460635816000000000000000000
-0.476686836133000000000000000000,0.819968323294000000000000000000
-0.526931590039000000000000000000,0.820196659491000000000000000000
-0.374570593841000000000000000000,0.820334308780000000000000000000
-0.066768550365000000000000000000,0.834512440283000000000000000000
0.033330310709000000000000000000,0.839528834785000000000000000000
-0.016889099670000000000000000000,0.840412999698000000000000000000
0.489893966628928986387520486295,0.842856677409272148310680761124
0.208707964988000000000000000000,0.857739326341000000000000000000
0.360656029971000000000000000000,0.858314479855000000000000000000
0.310420315605000000000000000000,0.858431759340000000000000000000
-0.292055280490000000000000000000,0.858700319209000000000000000000
-0.241820689566000000000000000000,0.859042312203000000000000000000
-0.188802572582000000000000000000,0.859303872565000000000000000000
-0.342899113432000000000000000000,0.859407989094000000000000000000
-0.138600120765000000000000000000,0.860889597850000000000000000000
0.104090803835000000000000000000,0.861541006053000000000000000000
0.259758238021000000000000000000,0.861686932790000000000000000000
-0.401803020780000000000000000000,0.863226353930000000000000000000
-0.452032793758000000000000000000,0.863746232613000000000000000000
0.156043929928000000000000000000,0.863883060055000000000000000000
0.445833484760000000000000000000,0.866968409823000000000000000000
-0.091480316618000000000000000000,0.878282162040000000000000000000
0.058628189324000000000000000000,0.882936643769000000000000000000
-0.041596745886000000000000000000,0.884181099888000000000000000000
0.008557120099000000000000000000,0.887041892092000000000000000000
0.400589301388000000000000000000,0.888779427638000000000000000000
-0.215435698266000000000000000000,0.901886660018000000000000000000
-0.369870223773000000000000000000,0.901995841707000000000000000000
-0.165195797219000000000000000000,0.903637993500000000000000000000
0.226805883515000000000000000000,0.904609992454000000000000000000
-0.274692328842000000000000000000,0.905831050190000000000000000000
0.127778358961000000000000000000,0.905855492062000000000000000000
0.354281930797000000000000000000,0.908231999685000000000000000000
0.304054752912000000000000000000,0.908271115986000000000000000000
0.177399698163000000000000000000,0.913751687195000000000000000000
-0.322923508879000000000000000000,0.919849906107000000000000000000
-0.118040421605000000000000000000,0.920933785424000000000000000000
-0.068159046176000000000000000000,0.926902701412000000000000000000
0.082314590168000000000000000000,0.927248986218000000000000000000
-0.018027017435000000000000000000,0.930422729661000000000000000000
0.032221569722000000000000000000,0.931362511775000000000000000000
0.263920134139000000000000000000,0.938475433702000000000000000000
-0.242372997216000000000000000000,0.944277660671000000000000000000
0.210042265466000000000000000000,0.951977216329000000000000000000
-0.193036081618000000000000000000,0.955555519555000000000000000000
0.160707691911000000000000000000,0.961532400886000000000000000000
-0.143534022973000000000000000000,0.964245562331000000000000000000
0.110941646184000000000000000000,0.968541589664000000000000000000
-0.093361283548000000000000000000,0.970389195594000000000000000000
0.060744828160000000000000000000,0.972946974798000000000000000000
-0.043225147060000000000000000000,0.973911241774000000000000000000
0.007026215135000000000000000000,0.974844681214000000000000000000
