0.008311581462000000000000000000,-0.974892884573000000000000000000
-0.043115064160000000000000000000,-0.973964514403000000000000000000
0.061780648099925827203041455119,-0.972970368531280856541479539517
-0.093271174105661136560290782196,-0.970457971578622667706486246702
0.112999775735908099291570419743,-0.968359043538695841916848455613
-0.166076526668066241402900214654,-0.960680370263395377002722451270
0.193647558490707670606814414661,-0.955504479115682275384932601931
-0.215650719507066770926574697636,-0.950780181585432377635911958495
0.242516495069142857156846598180,-0.944284880816653636130830235191
-0.264247668026058225302816661512,-0.938435589938027382073641333612
0.148743423490730581795276814313,-0.933195937966550189940085968254
-0.125130775498062339517923065175,-0.931740815853853909547527636149
0.033530727375821083876825608312,-0.931545806646084240407253465036
-0.016609306462883297465341297814,-0.931374473776305921868896701100
0.290743972687249125130368181304,-0.930567637985321026576457265807
-0.066634470941738927757827076461,-0.927978112905884790007277710416
0.083530410671094322029816708715,-0.927792938586711356737069679634
-0.314952102038844711072973752654,-0.922655602021066419101619058556
-0.182422743663102800341166851062,-0.913230827801224136619328096354
0.364315971640341095782956295324,-0.904301973528365985968279368347
0.208923500400000000000000000000,-0.902773982467000000000000000000
0.258419495404000000000000000000,-0.891907031173000000000000000000
-0.276960868509411301248505120392,-0.889933766448917634898976762188
-0.226820542025310610622172134884,-0.889930873962483932535477870087
-0.351537407053479229953021604746,-0.888369047728095461250198839430
-0.401677723582265030214558211268,-0.888337319320376656677680244683
0.008843785342535391158279585857,-0.887904000526906737227065349905
0.316959689855123893805293354398,-0.887826691322048779736061664374
0.108984695254000000000000000000,-0.884493721400000000000000000000
0.410326740716041990064666726540,-0.884375572012758277837635935459
-0.141449416952862819236045701477,-0.884330328729501831487645110241
-0.091309090395108697440460642323,-0.884329338545886169061497736849
-0.041168763898388928769602599313,-0.884326673770401661725080012764
0.159169834983401065797754560432,-0.884151648883271638017887472552
0.058843468637808629311270686261,-0.884151132467533853556881564504
-0.465188706602830875249061043920,-0.856789153624582649603721504310
0.285125248190295219703813864298,-0.848550772895328859232027079157
0.234994550134311841603910117514,-0.847568194288544013270438755816
-0.317310809730000000000000000000,-0.846188910256000000000000000000
0.487883256027675603268117528240,-0.844072339913692996461488008984
0.437770409767744028348510361546,-0.842412524253100273703224454907
0.185244488675942155859943120740,-0.841324498813336559622127432280
0.384979523172000000000000000000,-0.841080539201000000000000000000
-0.166833609028000000000000000000,-0.841001961688000000000000000000
0.334681948661437687698259047501,-0.840922812046441734544729475030
-0.367455299562419839662261868498,-0.840822512140604974619917956079
-0.417661726564221964987484538347,-0.840812967699639328513411827294
-0.267165248580325646752764898285,-0.840759604752925431128102681425
-0.217024922096224956126431912777,-0.840756712266491728764603789324
0.134069080419610749235640674353,-0.840746528579014370724107872424
0.033750328061052281902265876738,-0.840741609960440654505672599328
-0.066533589206563665824781560292,-0.840737746591071182986945054328
0.083928754744112696040251722712,-0.840737070583582531118109786471
-0.016389998288755098538242205302,-0.840736937327501313640326974454
-0.116679951715877477153048609630,-0.840735306764001440601998423574
-0.490283827501441595917612102152,-0.813380775914942332423163118542
-0.540387404511972580348304582786,-0.811461422104807808414863515314
0.259215474575159868294489305001,-0.803562948523253742457422485026
0.510361624428568015840686315789,-0.799252976884613161311039340190
0.309028368958019344019950626625,-0.797842118032776526424135124407
0.560478413910171649000925825547,-0.797716825734722522531017185351
0.410088532190000000000000000000,-0.797663539318000000000000000000
0.359940184478098955249501391100,-0.797609143629548011413103374058
0.460241655131889450906284062016,-0.797589589497742501071150841740
-0.392550261848282977473669765699,-0.797414042734626218660198626311
-0.442756847462832685656035596580,-0.797404589989999011332853441526
-0.342409943460374204829600779247,-0.797385402591045713257980080091
0.159239763437019800674484392935,-0.797381922449870265898299897180
0.209380089577604256509679938049,-0.797375379170113050710036906957
-0.292269625177450162755225534913,-0.797356579236627217663078691037
-0.191935206404255146683056626349,-0.797345210163998076405370734115
-0.141794880301079192391262964046,-0.797338386245848258361733727480
-0.242097590305006989539873421962,-0.797335362020431696398625673780
0.058835655816820837220103534827,-0.797327524000787738497007406746
0.109007108446174572908899701873,-0.797319003792291992955676618128
0.008684211504976620823336909380,-0.797316477270995518704500104722
-0.041462494529635261885639617380,-0.797315487782953207074435700477
-0.091608060982668604829452971938,-0.797313507591687979590917234511
-0.566246745350340631181572424277,-0.768503921715425312978497027101
0.600749929965440899771126163546,-0.767846148760323735786842062995
-0.516114788310871449759714238820,-0.767587825818969445278023686549
-0.614936868441486260452539417942,-0.756532110588124060543925725157
0.535475552673000000000000000000,-0.754210630487000000000000000000
0.334753941702000000000000000000,-0.754210199246000000000000000000
0.435121840605009063936919899484,-0.754195496968530463477883188338
0.485329509818041394992863937095,-0.754177011878517783671854820327
0.384981362351498306604253909582,-0.754169625227389572745716179037
0.284560711109942481491231955099,-0.754076994158530156253464138614
-0.417645382746893698142220823932,-0.754005665024985901479640240543
-0.467851784825441888767469362524,-0.753996106175594625408776695653
-0.367505064463969656067845579598,-0.753976841670567405884738851489
-0.317364746076060883423776593146,-0.753948201526986900482520305269
0.184280258141144875232213029689,-0.753942010234588672537778611270
0.234420584281729331067408574803,-0.753935466954831457349515621047
0.134139932486034584586051207826,-0.753932444766712174852541022293
-0.267203917219257697106222481478,-0.753931210696414530276397748065
-0.217015162237692674305938605359,-0.753919648844823375427987574671
-0.166870953039138257667896275130,-0.753919002045536782431424914090
-0.116723232640126833890216182699,-0.753916446723715566966115715161
0.083914009518882714088751513988,-0.753909457209497200334574238403
0.033769497581394070728311985186,-0.753902415369775267705484561881
-0.016388284735903542524060502698,-0.753895027726447412138608830745
-0.066533563099145132583697958027,-0.753893213900973912703419801343
-0.653018946698036052529331722589,-0.723916046080573422547954827536
-0.544712866689000000000000000000,-0.722945477223000000000000000000
0.609964503271138311137232997904,-0.718559801897398141453016573892
0.660093018197892641201633292269,-0.717471528247595291589286611912
-0.495713597418000000000000000000,-0.712201697529000000000000000000
-0.593603636386311654566846856685,-0.711156505265674007807325379343
0.359836952328365092232118748837,-0.710785127018217904598191644190
0.460163381313132600888410664249,-0.710756187728372435376821935771
0.410021193817031682405496750815,-0.710729330701726287751878174061
0.510304709014954480674788242521,-0.710699526056851429488372556788
0.560445035250794865427929951868,-0.710693758719225924279634585220
0.309696711733834223821412468308,-0.710692275409477502823504796996
-0.442740320109502901253654589877,-0.710597181210581515555563494670
-0.392600001826578859179279345542,-0.710568357856163019960662105617
0.259556584905621073397589088012,-0.710550748205778803919556279429
-0.342459683438670086535210359090,-0.710539717712582514558443559397
-0.292299038117868417774773539710,-0.710522832986774213095839362297
0.109048080637155020767394740172,-0.710522177328091549510445671488
0.209347690247786203778214860910,-0.710514247107142401126395059934
0.159207364060609811886392339499,-0.710508071166708733539725757355
-0.242134783590124339347675425715,-0.710507819679782240362557933877
-0.141799451973302459061463411063,-0.710496977880322175204220616126
-0.191944945305723019094826658862,-0.710496883257142655924607428504
-0.091648491702748139741103022543,-0.710496293393470037536881982408
0.058847851283455947596959964348,-0.710484348578484729543051393538
0.008697001340513907380914573108,-0.710480965825227161139593287903
-0.041459353305413413222118843345,-0.710472753844468117767592931611
0.696107168347378217848787096401,-0.682585523355819636871986347725
-0.667630724058672559016979349853,-0.675952014654286105707633702164
0.591847459590000000000000000000,-0.671115552413000000000000000000
0.642787127681000000000000000000,-0.669764044544000000000000000000
-0.568110360935126716562460370440,-0.667980756805818696472333005290
0.384877947864815305916110607000,-0.667344924663752935547017243614
0.485204496533999421809283862752,-0.667294092275934151551969830116
0.435064170071359179690347673112,-0.667290849045205695144441946269
-0.618245807682202966950166410175,-0.667281237135067175253110550856
0.334737706202835057976050424517,-0.667252651282395595888370018687
-0.517975755692819089526029719138,-0.667223323312588106269825168944
-0.467835441008113621922205648109,-0.667188803500941198375005108902
-0.417695122725189579847830403775,-0.667159980146522702780103719849
-0.367554645724533224346618256292,-0.667131248306603758598724229628
-0.317393975480477620886207305655,-0.667114349172369827171762616424
0.234454787118920784142245456853,-0.667112795115277531513459571020
0.284597296433203751646168989243,-0.667110960976890644164375699296
-0.267229904488735060016226483948,-0.667099441970141923181999548109
0.134116973844862998454357391860,-0.667096958912814069408322287972
0.083965952688862173026316553013,-0.667089264408887631086915459412
0.184282875675505823445173199962,-0.667088362904792669490298556818
-0.217059471280540347044054398081,-0.667087996316766213430527602963
-0.116724564453435030858950852198,-0.667076909200451531906734411008
-0.066574281909016420379523907861,-0.667075833336964242601055112677
-0.166872151114655083048283356158,-0.667075605756923516751913320129
0.033775355042575784249562552269,-0.667062899033936622977160119560
-0.016374067228995963317143767539,-0.667058691943247866768577388769
0.535903031101434860598833352216,-0.666970282409221899178309917646
-0.715772061077399173448140354762,-0.661935452367189123652043949743
0.730280106910994923598799167614,-0.645894071787014606931321273053
0.677235353481000000000000000000,-0.632767670755000000000000000000
0.616167986519081734323136213854,-0.627262289502966381285573972945
0.566016265566000000000000000000,-0.626866410381000000000000000000
-0.646399984731000000000000000000,-0.624284461754000000000000000000
0.409926789481713004746548309852,-0.623906929842464610663800966658
0.510277468485535695025083826606,-0.623872917189091353389041262039
0.460137142022880478309236808642,-0.623869674189878333384491790407
-0.593212301631140504060191208969,-0.623837297130849027126150322054
0.359786542580710888024778477350,-0.623817548607104365953565837457
-0.543071979765281516115887130394,-0.623815583385203677777630042466
-0.492931665080576048512063059365,-0.623781063573556769882809982425
-0.442790243623800300516381462008,-0.623751602436882385599545334081
-0.392649766623143945015169314525,-0.623722870596963441418165843860
-0.342488937766340758697615202857,-0.623705879766391071212043286656
-0.292324841851344263127660249893,-0.623690958155737537257922802236
-0.242154592179151067712605456314,-0.623679618607125896249969217194
0.259504449473883584133352012679,-0.623678168787875491315481046567
0.159192544781976399066607300354,-0.623677216364394892868557907659
0.309646415752299016562235689550,-0.623676021473808390361590868236
-0.191980742011489231585159869702,-0.623670146455812414728384887066
0.209357907159316397848769411269,-0.623668377363747226202307445513
0.109037908019478850385281813609,-0.623667502535395569043624601490
0.058882361835994318261208545296,-0.623661394933572515022565599275
-0.041486188538990855517259139622,-0.623660146902995799437459639276
-0.091650354659703311497371737516,-0.623656449143945736970907541276
-0.141797229186741431323880402289,-0.623655556947557560345717915109
0.008704286473065913551504211623,-0.623640625151957328606144220426
-0.750453246047304165155252151579,-0.622340832676603110115530625831
-0.701008514797985898991476551963,-0.614017918524614239378919116453
0.733473945733772121377947973985,-0.595855569192784151116603017104
0.781796990716971771129877543034,-0.582478885304377800090601392574
-0.782176266582254195404149470954,-0.581969479023590869289110109064
0.635626075583459642476138548867,-0.581051521079779305310306155940
0.585487525412582488232126043551,-0.580629460585156342376703832931
0.434999761433234303365437445382,-0.580485754987137248903850810795
0.535347519805400305013946775395,-0.580450055985365479841519270097
0.485207193342745088298099757432,-0.580446812986152459836969798465
0.685762654953366076940964491022,-0.580438530554763291685341530027
-0.618307473113424795885584317696,-0.580428948664529416262725456580
-0.568167154864122590918919172574,-0.580400066881704238147915549897
0.384859514532232186643667612880,-0.580396373751777004193615681594
-0.518026835757104155136309645098,-0.580372714641414571387279693608
-0.467886467696262727106238873264,-0.580343862509497957107350207603
-0.417744887521754665683720372757,-0.580314492887323124237607458092
-0.367584058664951479366166261089,-0.580297502056750754031484900888
-0.317419804137207400939068147094,-0.580282488749758781298203472468
-0.267249529541760270824039222258,-0.580271134792721510325892471322
-0.217075862910099952253710927935,-0.580261768746172097547826501298
0.184267576265786973470203511660,-0.580257230823349449580566796354
0.334719387703820315181124825080,-0.580254846618481028601640712374
0.284576140504798986334887691579,-0.580253289554763105685135324880
-0.166901605983552306312002012166,-0.580252531546758244117927422980
0.234435814041760179614630559559,-0.580250052491705401934941378218
0.134111616679506614943746878981,-0.580246753090795518742841012712
-0.066565071275387309446370920983,-0.580242385687189625580413526279
-0.016407708131111248008873365359,-0.580242006794935131625271468863
0.083954089033001605307917993380,-0.580239501335324959800120822939
0.033808767330739255856098571576,-0.580237659940287750549444664490
-0.116723019393009711962301287606,-0.580235096891051765409891045377
-0.668256458141845711099642310354,-0.576052735355140789474098354016
-0.732520277488562778781925962108,-0.575017134424400896886791114516
0.812220433687000000000000000000,-0.539217835806000000000000000000
-0.813415445726620233721760922121,-0.537441623967577605190989986870
0.610601334642000000000000000000,-0.537209606650000000000000000000
0.711212545406000000000000000000,-0.537128961500000000000000000000
0.460069812753098913354300394172,-0.537062893783411375356328818854
0.510280165093775624922224401649,-0.537025638015054411494194227189
0.560420669053000000000000000000,-0.537025480156000000000000000000
0.409929565852096796632530561670,-0.536973512548051130646093689653
0.660777084491634078533857779767,-0.536967004046018371087597652307
-0.543121957479809269513094986473,-0.536962865817645425372455775075
-0.492981638372790833730485458996,-0.536935513577355758611819918786
-0.442841111594217092273577784013,-0.536906752959938695745412331615
-0.392679179563562200034717319322,-0.536889124347110436850926515120
-0.342514925035818121607619205327,-0.536874111040118464117645086700
-0.292344491827623408635447119460,-0.536862665386742754366173141554
-0.242170800272709155365144693879,-0.536853284931767711623749755425
-0.191996726882163026980553070399,-0.536844153837117926937369037212
0.008698357227344125675680122930,-0.536837906319825745155215111145
0.209348550471506126689447467676,-0.536837133275701385754674150492
0.309649112456320284953776827110,-0.536832114699435743925185169018
-0.141827396189820586950422897484,-0.536832071490252449182100553249
0.359789439023684925169987773869,-0.536831985414755155054118720432
0.259508766225675634382304266100,-0.536828866221846581777197750689
0.159190129389775805844297761537,-0.536828778143320670693571916977
-0.041486717684953774651078129330,-0.536824318831422355857402298436
-0.091637736008693709911300471073,-0.536821033434295654019397030380
0.109030311556711284615559876151,-0.536820203641326243359316390135
0.058881731752340668925595634577,-0.536816480736910551031516321388
0.761910694963844256041102567940,-0.536450767924695308338221571349
-0.595653916723000000000000000000,-0.535538071751000000000000000000
-0.763314786157684009185181585047,-0.535447568036504955221264930287
-0.701997238269256588388477396867,-0.535237787708857879557819322249
-0.650483353923911703269901948959,-0.529168099121539240146615455307
-0.732799145785820940936894872510,-0.495662545213917461888823961594
0.839906877570000000000000000000,-0.494973687765000000000000000000
-0.840211476536438304597111737208,-0.494502640251800413318560147185
0.789373830292237858936345017735,-0.494500457482065374369865071562
0.485142784504129449978425038388,-0.493641718812313327013553247578
0.535347830747821563316927122623,-0.493601399542104163235047594997
0.585488157303464682069954466916,-0.493600307682975631366419951394
0.635635346497509443264729398324,-0.493585609889842654025862486837
-0.568216919765672407324502883674,-0.493554396411666669412736445307
0.435002547783088792626125798573,-0.493546798547391010313413136765
0.685861840434134728850265481529,-0.493533918128236757421234842364
-0.518076601377763634680433897222,-0.493525756268086164010517899087
0.736002165794601542828610233346,-0.493522916073185356758729729878
-0.467936282270745198897824369746,-0.493498404027796497249882042798
-0.417776938272074195813373763539,-0.493480498643266768276049923133
-0.367610052229714843827750473583,-0.493465729696092717978546936960
-0.317439612726234129303998177692,-0.493454287677102437185614755786
-0.267265762558572293176552591081,-0.493444815525788955664030425657
-0.217091664244772230091986836343,-0.493435670022713541013292291340
-0.166922517088431307618973955717,-0.493423693780612132001542167480
-0.016382427111112292308693699868,-0.493421243559238927421967775602
-0.116743587978775149947442767555,-0.493417155690147798898444231519
0.033772543070294982873478741541,-0.493416072976344546097535867518
0.234422249260360469819785488028,-0.493415515569683815089825153862
0.184276572206818607777638365847,-0.493415384644471395628632362529
0.384862405634038368412526045276,-0.493410807475242870793102321998
0.284581752603634920910690833309,-0.493407699696874513139942466404
0.334722079170999561126901780069,-0.493407570412193924268876017818
0.134111709033537011470523909089,-0.493403895082120441671101388077
-0.066559382418260175116007679420,-0.493402966578528384296385802536
0.083959236963920786917705417993,-0.493397923867043734663477902086
-0.790092019035028067901922139099,-0.493056152068986586476311539728
-0.618278084613800289622117235779,-0.490737994035007368889518361877
-0.681131360251391163160375854905,-0.489484953373634300614226406484
0.763628161346000000000000000000,-0.451472916342000000000000000000
-0.762136156555617962206339306507,-0.451432575801070861514459203765
0.814877765276421865445517274862,-0.451331004756541947451783564097
-0.816404443298323949547233701192,-0.450374672740277687176220703430
0.510210450158175388373127759363,-0.450217480339363078754406615385
0.560409447076323962830346594611,-0.450173669515062353760412853095
0.610549773605710836300273850793,-0.450171713716048879117449264076
0.660705988587849668616007118789,-0.450160706739334005119095565284
0.460070231063374349099636318521,-0.450113665966388316842128186168
0.710929496562081731999651605985,-0.450101566418259367420432667784
-0.442872108948602302437620349272,-0.450072149711124569780519634316
-0.392708210846824969495535332588,-0.450056873120088211493126622501
-0.342534733625879498756637277662,-0.450045909968060268051469949537
-0.292360883457183013845103649314,-0.450036437816148638483472039889
-0.242186626530635367903394733545,-0.450027200616734785053572961572
-0.192017454451040510730407721661,-0.450015209966207746077465421608
-0.141838708877385870615993825788,-0.450008777980507481717885845751
-0.493176137322018162567359263614,-0.450005424949181724320849418722
0.008690581866752754908155781299,-0.450000090084295569655805706085
-0.091663759001248057458200107168,-0.449999941054053520220764537114
-0.041455091844418692773623249958,-0.449999891306344955860951279703
0.058850938610547474395642007810,-0.449997050080356529937441780087
0.259495235638319756348172055237,-0.449994349044711746452569869577
0.209349517122315333514788435629,-0.449994194177567407462379638296
0.159204084383026479073387341792,-0.449993930239713344741819777558
0.409930065588736406515757027863,-0.449986565712210148295825116920
-0.712016694695448639596713716255,-0.449986238653058850652972155799
0.309649412558332959013921815896,-0.449983457933841790642665261326
0.359789739125697599230132762656,-0.449983328649161201771598812740
0.109040126180356052546102635446,-0.449981321692166114462850983827
-0.543793538679000000000000000000,-0.449753225178000000000000000000
0.864993158432973592010013504413,-0.449749955401545315653190467748
-0.650627042630865510046959152631,-0.449691248409095310735705587623
-0.866429494329640387687940297268,-0.446976641308275760868914034818
-0.593934547341827067659480626427,-0.446903709035857018479089779666
-0.681316432959000000000000000000,-0.409991908956000000000000000000
-0.788448452198318158621462444112,-0.408751017180164956845847455185
-0.738328990338148836011836853860,-0.407304680032152945984360407218
-0.624310772790083004744800074068,-0.407012140054236161614391595170
0.535272066486677787886547231351,-0.406789750312321269279771873483
0.786381158122000000000000000000,-0.406766559616000000000000000000
0.736211042450000000000000000000,-0.406751464078000000000000000000
0.585477409874241562783817338530,-0.406749602576774478707689663221
0.635617736403628436253744594712,-0.406747646777761004064726074203
0.685766638735624933952898316659,-0.406732419155438891735234732612
0.485131861886669490894429516315,-0.406679156605476316298232215779
-0.467966588731086353484159547405,-0.406663401367672116495306635048
-0.417803381523353076119781918321,-0.406648524187946012997596333685
-0.367630958239123000590869600643,-0.406638170353328911483349546948
-0.317456004356828383297742749284,-0.406628060107106469349327233640
-0.267281747429246088571945791777,-0.406618822907094467873014575803
-0.217112416736903648541815618862,-0.406606740560228990117746091840
-0.166933646239995073727427591732,-0.406600294166103095793809099878
-0.518265068497785902357513018634,-0.406593469444317900333417467166
-0.116758879899858778126751165401,-0.406591563344413203040206151346
-0.066579060339974688309186375499,-0.406585539740989246492999699940
0.033768128919851741336980764083,-0.406581557381101957073263122245
0.083932577276234865256444046495,-0.406580117125427310304748407922
-0.016383994713603987248663113217,-0.406577633915049169687810238045
0.234422510479970124318338539159,-0.406573031682930237364144768119
0.184276722638486159221692015650,-0.406572562697804365156593833911
0.134133017744558735779306351089,-0.406571655242792736326896902613
0.284563767137337169135313029521,-0.406569603669209171489364201482
0.434991679688503181614046404066,-0.406558834398992115214273727336
0.334711026658099734112211192099,-0.406555726620623757561113871743
0.384851353225464374328422138859,-0.406555597335943168690047423157
0.836934676800766544646439947993,-0.406302735832388114583390739800
-0.838473459024089498045657649988,-0.405352335026709327712124805062
0.887043542639230498409014213960,-0.404526809966393968634985929442
-0.568327265801126725131592254649,-0.403795479190571160522783591847
-0.888458525534311074838239973008,-0.401409560081646871876086297063
0.560340029284595387840017975270,-0.363365683374033394227048683610
0.710922360338112925642903487376,-0.363359132227229198111935549098
0.610538676540223582504731766337,-0.363321670765609151757653137432
0.660679003069610455974659022519,-0.363319714966595677114689548414
0.761151511846255100193015773110,-0.363253584786336669157960261677
-0.493055519906854093274313302425,-0.363251445862808292507874683492
0.510199841551414239228148986665,-0.363247690238480672083718499599
-0.442897861305837127166321116454,-0.363239775844493559712383334417
-0.392726128915651107215116186375,-0.363229821421186712987819258131
-0.342552228970071885131975072264,-0.363220320492375112781206831051
0.811291824068086470414838923809,-0.363215655958848657667159953356
-0.292376868328891458024584891747,-0.363210445198052298738869769554
-0.242207537635514369210366677095,-0.363198362850588672937187706072
-0.192028608525858211538835488934,-0.363191824760124339834089770110
-0.141853817262467981238184931345,-0.363183079530008817116129405473
-0.091674266173293696155017694089,-0.363177112956463921019879161153
0.109026350378441060933664911587,-0.363169954791476215717009381644
-0.041500553161121104444338754997,-0.363167561598532219463519989109
0.058849106599797345734212023520,-0.363165006309917625831759047258
0.008693664920269221782272294571,-0.363159166236119122942995809449
0.209350022653282334993560046285,-0.363151577279844203609205223885
0.159205656000018415927611024947,-0.363150287700883756741670958966
0.259490349137474616042653633199,-0.363148686381537145378877416461
0.309630674733107806870338864158,-0.363138814067826539772057537295
0.460059642143153087117200853871,-0.363134767262541738987122075567
0.359778989112749639615365641904,-0.363131659484173381333962219974
0.409919315680114279831576588664,-0.363131530199492792462895771388
-0.597047772816283025234853490362,-0.362631116263402327957724371447
-0.697435087347048038847285895000,-0.362473271807330435329158415773
-0.647294766201340914893907638037,-0.362449954345162825498544077486
-0.543117717210194916048392538441,-0.360453455609061552697240808173
-0.799081703699594415881123168632,-0.359751156865983518208964571235
-0.747455577062689997706734791685,-0.358001964457266851048067797668
0.869307920431665444204798610748,-0.357627982121668337725613128271
-0.850039039845762452923693580216,-0.356564122428213391102845133266
-0.907921071253496550079821758203,-0.355200668486767623728968400555
0.914907515596685662883571462834,-0.336777819794123940671990782911
0.585401295950577407560932403077,-0.319937751562868067277012157821
0.685795391816037100050265233202,-0.319923639514579743422392918474
0.735945745183753175094855180975,-0.319909361696584634047619240030
0.635606816807631639605370188911,-0.319897706277872180546127654964
-0.467986792481604866956474871474,-0.319827820339629735724951382860
-0.417820608698135158261655384508,-0.319821073077734259702606258863
-0.367647399646599991756221657996,-0.319811971560232914285676542235
0.535261139017683494672713006299,-0.319807325171913722679916498910
0.836389551537227889345590379639,-0.319806912099412054060191117369
-0.317473092942134959858817214728,-0.319802705583320942170749366966
0.786219207409973441520909535057,-0.319794275946071542525035842704
-0.267302658535159738663005777065,-0.319789985141546503803042899823
-0.217123729424468932207386547167,-0.319783447050484022653531384342
-0.166948779548331119049592828547,-0.319774610124030061156410075705
-0.116769385502117716942334564230,-0.319768524003561032994389380365
-0.066595674045945604619891949686,-0.319759183880921853915937246417
0.083942009795308536793262882358,-0.319755346584006491368866881012
-0.016419815078681736557297039068,-0.319750872116965772967091500746
0.134100178673367006620828590862,-0.319747898866861280787905490930
0.033772137413468172705207190677,-0.319741168059020371680269585828
0.184278956014814591699479055582,-0.319729302282923595194282348940
0.234419282499006872748572642496,-0.319726411384616536963954541516
0.284559608094640063576257873455,-0.319716539070905931357134662350
0.334699934597755893327978828142,-0.319713997491239461005769271055
0.485120913144463087497482458353,-0.319706837953195370566156345833
0.384840260114059639995647246386,-0.319703730174827012912996490239
0.434980586681424280211858193146,-0.319703600890146424041930041654
-0.618361078641157327177971481254,-0.317246148012735168933160503824
-0.568221136223067257825503639022,-0.317049876238658858745242585990
-0.518048989784945689730554107490,-0.317029830085882995914317507542
-0.668500871474716856147624389853,-0.317014797831366331380166721082
-0.718641176243921257864493357556,-0.316968043687323037791274783266
-0.772515234178205103223790892169,-0.314573103851081244665498003646
-0.822655559465466352775825653581,-0.314561773082484818588281606957
-0.875100229340981808981679549967,-0.313136146083656488750913928529
-0.924982155141143754213977221850,-0.308052266977518639897989375911
0.882002726445000000000000000000,-0.298917471896000000000000000000
0.931141926321000000000000000000,-0.288868924331000000000000000000
0.610469409286833301164356754078,-0.276513771528107132151361885046
0.660700479848809486505351959647,-0.276488485788735176634671080755
0.710842838984322109232349886559,-0.276487735717713053059322394087
0.760983161538849584312930401357,-0.276467675143686647699015678448
-0.442909539873902898051809139529,-0.276409117572870435715174307307
-0.392741879429084042802760856129,-0.276403223216780461000463542966
-0.342568263618663066483063800460,-0.276394356651178743675219078149
-0.292398883148403240497238100046,-0.276382245526815147234922497234
0.811324270872125089682278934952,-0.276381296922672062987223200249
-0.242218850324114301660025647137,-0.276375069341441853519386578093
0.560329276792498198884140648113,-0.276374266154704930648958469510
-0.192043900446941839718143886779,-0.276366232414389743975851689937
-0.141864354331073024009123600800,-0.276360050817059397578305512685
-0.091690611380309871361982285276,-0.276350700050188749589764431807
-0.041514935963506236732850233757,-0.276342494399355407419508758054
0.058869342923918885404894495624,-0.276333995565699762920049137535
0.109014647381524439243858822345,-0.276333978655658581040026654476
0.008660272781093461652465034983,-0.276333807024485793006302306333
0.159173494968046833211391863116,-0.276326904032044489914466664064
0.209346615665537062370005822496,-0.276305060344413862898536846361
0.259486941261170253197691053454,-0.276295188030703257291716967196
0.309627267745362534246784640368,-0.276292297132396199061389159771
0.510189033538422678888418849539,-0.276282861992758098399768746070
0.359767593331974140750641387145,-0.276282379104953642729304233063
0.409908380508019231386583637572,-0.276279754214389740746608890476
0.460048707075383871602794584332,-0.276279624929709151875542441890
-0.643395758625779599490524158579,-0.273612198172580772020308071498
-0.492971737177243720825888375544,-0.273611127319123695904540431988
-0.543115106341021350809483074847,-0.273604697396437860113145012936
-0.593255432883195652656176315464,-0.273603102774817418298021138995
-0.693536063394984001207393126281,-0.273565444028537478431416133683
-0.743700833359436363381549458040,-0.273539183081137431408704989245
-0.797575584088386820069142660451,-0.271144643013999508300673227722
-0.847716748960685708833811623332,-0.271133796737927916236350402219
-0.911283320920316232648196257882,-0.259819557233103784730676689750
0.884017922236000000000000000000,-0.248800220369000000000000000000
0.944767126870000000000000000000,-0.240598938198000000000000000000
0.635556016194082589331943838801,-0.233100472849247917894797984955
0.786079308695493841968194530648,-0.233059890747443348594254735957
0.685755300764192674846160359880,-0.233056834919849660306531027741
0.735895627294864481448296583429,-0.233054912344533197524966718619
-0.417830810604851782592914611150,-0.232991267711916637013031591410
-0.367662743401147117529602998593,-0.232985608307726290390006078881
-0.317494053824931347121484685778,-0.232973896594672948739392208417
0.836436790121260968598562207178,-0.232972539306528576960149846683
-0.267315095361330147251921957746,-0.232967317926371430441909725103
0.585414733180625045323695356105,-0.232959338853651317872555869505
-0.217139021346587209170782986749,-0.232957854705347574841706883688
-0.166959541773136398497489099400,-0.232951634659457491012931712249
-0.116785573665190176462216583234,-0.232942230643641806127534989619
-0.066609873297870503474940569347,-0.232934010568622303093335943444
0.033761184365221658891208845581,-0.232928777523926001669237512558
-0.016434848103731038523088159706,-0.232925429306875427458719563641
0.134087947387688239556739496903,-0.232912993232713683711299825180
0.083941935081360392219809102024,-0.232912601405616768874773712240
0.184241228069560541096252953930,-0.232902619607118049859120988140
0.234406408540678263278467000059,-0.232876278075580798178591193965
0.535274488180637759414027876503,-0.232868897491781494322749120880
0.284547059347105974433324002791,-0.232866593420496904718251427901
0.334687396375079061197809578320,-0.232863708606394701134172338861
0.485120157823507664971995868832,-0.232857571711521855119476735670
0.384828635588501487242172643342,-0.232854317792995016244753644383
0.434969464106088766360598439963,-0.232851716759431486278647346314
-0.467893007908192605366993847165,-0.230193277458169897202397716092
-0.518037853733319381904817342901,-0.230185994629678560103367937382
-0.568178179020579942875643792167,-0.230174663858035060843487776232
-0.618318505586642344478850203359,-0.230174280056175655981589294691
-0.668458824587167638141892809454,-0.230146733291408999678096845759
-0.718599149686671957357316173706,-0.230134600084739922727046376215
-0.768761183269618080226901226322,-0.230110722244055695043880213320
-0.822636773583606176127128630202,-0.227716666669442605948742022984
-0.872777098870867425679163391614,-0.227705335900846179871525626295
-0.948358381597169820081670322810,-0.226063191550372006023333620026
0.909089872387279413145355982029,-0.205358020279710414604593967493
0.660613847981734307790355589755,-0.189670559029388247618476878927
0.811182836262879565423883515269,-0.189656374162122846307421993458
0.760989019659201211299364920817,-0.189645535385768470327647844013
0.710823799030463832471910192476,-0.189633077102582775850384390918
-0.392751674576914857319756753614,-0.189573652802862466402574127325
-0.342588533607415398168023883911,-0.189565148251220495454179209149
-0.292410266037858253876168543478,-0.189558968994229231946379436287
-0.242235245957681665725149069725,-0.189550115089373745766997597813
-0.192055153449020456845890762324,-0.189542973390341000132560906635
0.861509079723954435557878086645,-0.189542821329701379730083741032
-0.141880694553934791087469884176,-0.189533852928297725365985911749
0.610473113755641548431315560467,-0.189529613555281694079847232321
-0.091704835582750808575174867305,-0.189525541162075359631106501255
0.008665955660658898574206082756,-0.189520337454878675160111722867
-0.041529785438095305265178495296,-0.189516945476142323132546749031
0.058837063811852007490858352397,-0.189509281692252086028587789485
0.109015280515443509654097832234,-0.189491642214900700810120737745
0.159155606999633209134110223005,-0.189488751271818731660127595504
0.209302645719406386289135404155,-0.189472897556178686241321649178
0.259464075188700468679134949278,-0.189446268975244628594354368486
0.560332868524962718296829618676,-0.189439300178223135147243864236
0.309604400784338477757664514759,-0.189436396686005385288413551983
0.359744727268530810811904756462,-0.189433505788600315008528044528
0.510187276678533969504079867527,-0.189433017590533213418780690886
0.460044735325746924767353449616,-0.189431869666664448920263677629
0.409886693632639564248865730523,-0.189424534517513501312454101825
0.956451877204000000000000000000,-0.188876126764000000000000000000
-0.908032829823000000000000000000,-0.188377725667000000000000000000
-0.442813871880255680093835989629,-0.186775662549115726591940252006
-0.492959124464268266445922814522,-0.186768144768724761401225221486
-0.543099449751528827416749263789,-0.186756813997081262141345060335
-0.593239774694551802303567358530,-0.186744050504024761719535061909
-0.643380098967482265325743504312,-0.186728881322533070424058448534
-0.693520424066986584541166868564,-0.186716748115863993473007978990
-0.743660749354059446939822125781,-0.186705416513657241944111102624
-0.793822372764837436284887196073,-0.186682745899498792691949008583
-0.847697123493787892972480398484,-0.184288205832360869583917247060
-0.958726684401071314751348312474,-0.177006585009914121464023761739
0.891371523626625236901800593946,-0.148706563509734267832965503399
0.685686047689872825581526520116,-0.146248938261688825912290679427
0.786080232678235214221562661339,-0.146234898699212657389126202964
0.836248103374639028998244900326,-0.146230751162391037138695484610
0.735916741334437117304358578695,-0.146223439983296063376431150052
-0.367677464783183137958177638931,-0.146153192746356671466747257593
-0.317504745820342304922707741611,-0.146150220650776778661166437019
-0.267330416634209772349395655457,-0.146141766157231547271467308996
-0.217153080878149395845059563513,-0.146134249979695476741422718382
-0.166975815388086150118113780829,-0.146125475181392355770915003394
-0.116799956471495423200428168247,-0.146117163446731278869557423385
-0.016429295198612742721129396212,-0.146111672316809164718785072903
-0.066624747722975610365412793254,-0.146108476069595379670317306842
0.635545738486970309412515499360,-0.146108238204187064463437500521
0.033741942998482686851351141194,-0.146100903933332266887435702197
0.083910911311690568833787507317,-0.146088612422265857271862914459
0.134075072606097770439445285314,-0.146062859493393653640516552948
0.184215399090287469919457676085,-0.146059968550311684490523410707
0.234361270078861679482642484374,-0.146042334546253764727088084066
0.585405493256291479278029557569,-0.146017924827128505530834132436
0.284520215191753101148603055225,-0.146015379087445731225233301424
0.535258694098746397960492932804,-0.146010945129166797522040378964
0.485111840986820190709113531099,-0.146007307929379459758858105641
0.334660822199925299655478725882,-0.146005669151882623630315803243
0.434963596400900738410522544860,-0.146005629696573326506532543127
0.384803149957390060751403829826,-0.146003932907380876846496339799
-0.879306685847446648098440796786,-0.145366644762577889024289248056
-0.417739662086523960732256874947,-0.143355202492609931656113382274
-0.467879988436331341172764956986,-0.143350529859670590790767757400
-0.518020313723591902143591406253,-0.143339199088027091530887596250
-0.568160638446032153717922471927,-0.143325596627448134214917740114
-0.618300962965756002143562422032,-0.143311266398338944270655949100
-0.668441288065260321358985786284,-0.143299133191669867319605479556
-0.718581613352333183757641043501,-0.143287801589463115790708603190
-0.768721938849278802997808095532,-0.143277440169100339592179897886
-0.818882722675019153130238964355,-0.143254285062417056327124232659
0.945068300574408179668188712032,-0.140039277063772511592386170466
-0.928716504948558348499948100265,-0.136838917943893776667958971585
-0.969036604525747598959488238847,-0.107033852629685352348780610961
0.710767578524535639202328860235,-0.102832706742952133545031040879
0.861343285091072418700903411485,-0.102822408612624474992863258151
0.811144080815655401374311610586,-0.102808456698479676450649754639
0.760993690896685322010448940543,-0.102804562188595444611231822747
0.911507477919544551342120905148,-0.102787115636179090200919630871
-0.342593676996110044712861496632,-0.102738265145912954673734485462
-0.292424896416693823395934853590,-0.102733017813779093986254309728
-0.242248251554677502469306149245,-0.102725901047553278245892429565
-0.192072039871236537384698562160,-0.102717735491447545530411582734
-0.141895077305646782231072064900,-0.102708785699825909274486515031
-0.041524429104758713564725679490,-0.102703103665218048886115749908
-0.091719868611720224990666094196,-0.102700098354251298908768228973
0.008647005868386368487135214287,-0.102692419984509543119236299534
0.660625040409752245505631601075,-0.102690719120703803139999672272
0.058815790498321248194280296115,-0.102680234663346038130710827171
0.108970094870148970311494157889,-0.102659478563965447687648626023
0.159132738857541918055934384275,-0.102632850164245174942936547553
0.209273065341731617535946775046,-0.102629959221163205792943405312
0.259417837840808556494579345315,-0.102611197265535146592058238488
0.610484795179073415371145659285,-0.102600405743645244207396304187
0.560336008580839926280513853227,-0.102592278099133861622023059333
0.309581514729788959672282855407,-0.102587466246007788626277776166
0.510182284703969215976508214708,-0.102584673277346312336581166313
0.409878429760789569087171541758,-0.102584090771786790744527937868
0.460032298550254851874014135601,-0.102581989581474093325835873403
0.359724113821802436585713979720,-0.102578905959406141200257400808
-0.846491787697000000000000000000,-0.101300713589000000000000000000
-0.392655874299450867486940732647,-0.099940274892166214863100610144
-0.442800011994066490503627365961,-0.099926741654005255028775691022
-0.492940338343873870944135448000,-0.099922069021065914163430066148
-0.543080662963555805121847627096,-0.099908092912716451333365155885
-0.593220987588676469436879428902,-0.099894136329853633983047569864
-0.643361312688180788652302793154,-0.099882003123184557031997100321
-0.693501637975253651050958050371,-0.099870671520977805503100223955
-0.743641963262514900602992811783,-0.099859340752381379425883827266
-0.793782288759460519843159863814,-0.099848979332018603227355121962
-0.896626367336488203480486966079,-0.098312622815279503125377062450
0.970128101955000000000000000000,-0.096591094587000000000000000000
0.735838788289246464234124303227,-0.059410514384291159660120237763
0.836230220878643808511390435627,-0.059394888254514892302329235305
0.886384466710158736089767163052,-0.059382892369707813649625522923
0.786064818935924557963617069947,-0.059382322643187850823318966180
0.936524769280097304968574724122,-0.059333836343588301357246898430
-0.317513827592461563186088608611,-0.059321062308915269998822358172
-0.267342733808786224389973132616,-0.059317151276196675659956166002
-0.217167210547764644008945147893,-0.059309386559305347034881293917
-0.166991301788797169497656846231,-0.059301046009881099033983094371
-0.066619676887378775678818468473,-0.059294652570340866702737773074
-0.116814989445871584021309990850,-0.059291720607345929313697320618
-0.016447956306894526612229458359,-0.059283950514601852549235536763
0.033720853368224929830064369207,-0.059271750714523314362511424508
0.685696333878331610573560008364,-0.059268575091291154123993751428
0.083874773177079642266008391632,-0.059250984895426103756920586716
0.134028369678316440863481834426,-0.059229820357423614369352752752
0.184188878699237295539219617065,-0.059201960183356083830700638512
0.234329205183426995019232007837,-0.059199069240274114680707496271
0.284479137378844415018259145497,-0.059183284424097203993102713230
0.635556088647652780439074066573,-0.059178261714232595191390383343
0.585404655819194289483310815513,-0.059168606283663960571058469132
0.535256285891200976997018931508,-0.059164092756568067771689929492
0.434945568793247497857138659043,-0.059159548298363871929124549332
0.485101734264277476412412661673,-0.059158772965484279776520184334
0.334638062242246777083829766224,-0.059156811460998722917381000228
0.384790921378198905711579645123,-0.059154172140656350624488760105
-0.973257944119892442087382060464,-0.057071540430092428141931398995
-0.367575898446560491382062613155,-0.056520810517046277526446303075
-0.417716224206993397258311223662,-0.056511814053561538235762918891
-0.467857854657308500013832767714,-0.056496834109055363791777874452
-0.517998181007115880454340849754,-0.056492161476116022926432249578
-0.868981343677579128495866052983,-0.056481952067644528185598525966
-0.568138760496004212863613171778,-0.056478307046396376351474080093
-0.618279754701831990529521202073,-0.056464762179777257310091449340
-0.668420079801336309744944566325,-0.056452628973108180359040979796
-0.718560405088409172143599823542,-0.056441297370901428830144103430
-0.768700730375670421695634584954,-0.056429966602305002752927706742
-0.818841055872616040935801636985,-0.056419605181942226554399001438
-0.922767600259687394972732483097,-0.055526079492013325225184768057
0.974565006508526981556983828848,-0.026668982143646129099339376381
0.760909844697754047210038700446,-0.015988233480818139224584389785
0.811050111220466687579894079435,-0.015910636251299550596190270940
0.861190437754353068332752721519,-0.015908799423530729285864969399
-0.292431664984553964180126887636,-0.015905195771332851672524214446
-0.242261690330175012567492420598,-0.015900638215810298103034964072
-0.192086472465325276121903431963,-0.015892697077738900538452805554
0.911330760339215303971709194653,-0.015888814813429205000314843235
-0.091715281014749821156937586386,-0.015885995351668401507794970840
-0.141911213929021971287894772181,-0.015883980917401119073193899958
-0.041543077115611358863191335082,-0.015875572752992350812080155816
0.008625891192944034730699696562,-0.015863281244615623792510661737
0.710763356994357489397708178799,-0.015843965704454856025143169696
0.058779567515746369068171742754,-0.015842346003296892097001677011
0.108933248868725365084120160215,-0.015821442596319527671718724089
0.159082350758541186056850550586,-0.015797685015830894066355242882
0.209250178237273154062899417247,-0.015774047341918141231745113253
0.259390504721462853542911808019,-0.015771156398836172081751971012
0.660623111763678659263222237008,-0.015753652327396297092539801611
0.309533424316000000000000000000,-0.015748873526000000000000000000
0.610462715556292885242323084561,-0.015738823984984576710140361819
0.560319682165595345079538490613,-0.015737389963340012210186065430
0.460008022296709336344361692990,-0.015732301405595038350598682257
0.510163556709598295535506707984,-0.015731161886610732195021521133
0.359696977056744768416402988625,-0.015727522534993729048715297245
0.409851777546477485227856829279,-0.015726003443236695711013520102
-0.895121445641005842159880986491,-0.013694717784036738979250383216
-0.342493415231755768947148679800,-0.013099218136803856987611916550
-0.392633741109802500892268014908,-0.013090902972096386289448486504
-0.442774066870235406768516625415,-0.013081906508611646998765102321
-0.492916146194967673100849406401,-0.013067185555188783279181753802
-0.543056472544775053541357488441,-0.013062512922249442413836128928
-0.843962518558567065003522403569,-0.013026466774850060427174558452
-0.593260818800276653445482721123,-0.013012429737748873998509437690
-0.949337963474839242134637295872,-0.013004694908328935416021800131
-0.643401143899780972660906085375,-0.013000296531079797047458968146
-0.693541576220908658178097388478,-0.012988903301098901515928518086
-0.743681901508169907730132149890,-0.012977572532502475438712121397
-0.793822227005115526970299201921,-0.012967211112139699240183416093
0.949424787976310116937693425645,0.016713292582917790560610218158
0.785890967963303776712109547137,0.027485848783102014884457272763
-0.267350621505942752357646175618,0.027511317289053525884396987484
-0.217180952247735644680450704668,0.027516051265756148393393524291
-0.116813600484377176448514153505,0.027522955713532325880077009334
-0.167006384605550077912141357913,0.027524368014741079422336388859
-0.066638197652811599551514198865,0.027532805165585505169388470246
-0.016469229615772797520262180161,0.027545096516993877944644719210
0.836031234486016417081964926126,0.027563446012620603512851391607
0.886171561019902797834823568210,0.027565282840389424823176693149
0.033684330782624401042286888426,0.027566281884997211031651734829
0.083838311740330429543493789173,0.027587041353486784812470206707
0.133986898260734261148611177285,0.027610884079107143116509556351
0.735750838564483256274998825248,0.027626462325198958659272389675
0.184145808638424096392049008757,0.027628982222192589129734124913
0.234300331913395275161537875087,0.027660295626536582195492937283
0.284440660819880269932995749134,0.027663185172593313743414477560
0.334588078517000000000000000000,0.027683529639000000000000000000
0.384752876129771890175738294835,0.027703506349214914733347084090
0.434905483786690398525432912974,0.027706290439631192955200581390
0.485049288231540874532831907870,0.027707166232484188724624709479
0.685610593333804426140512883457,0.027716775702257517591875757760
0.535189613821062792226574799984,0.027717069535996151463944721156
0.585329940306555174788836118065,0.027719937796443371138414684524
0.635470266873933957594821102925,0.027720061474656874605269284994
-0.921692927555666252912776426249,0.028825967736749042503310929652
-0.869925900214248815610559031033,0.029868231747229509630225939663
-0.367551706769414942034165318487,0.030330430417062723524984204099
-0.317411380403432628217823663623,0.030334926133436033817861014678
-0.417692032647461673979284653595,0.030338745581770194223147634145
-0.467832358407894579855533264102,0.030347742045254933513831018328
-0.517975019802253123596579569591,0.030362127147555886876753342219
-0.568115346152060504037087651630,0.030366799780495227742098967094
-0.974456058807394799631780967990,0.030390392776377240444006733059
-0.618368925687555948949309086845,0.030444385533290713556967856498
-0.668538688521431926097654548910,0.030472665411800107477474410823
-0.718699520757798323724440676683,0.030495787129963804031219768184
-0.819074609531003380530096006132,0.030501045588417392335608655067
-0.768916040254940452357428617021,0.030549845427383863171440586720
0.973022534987340753746052967222,0.060953530876829381331819971381
0.922887936941672830702780703630,0.061711440566698144350469723556
-0.242269883423503384470604459689,0.070928006770619972380825475848
-0.141908960543415519815758161706,0.070931414144880782699685491711
-0.192100864387960446470688630618,0.070933116358236128354182718704
-0.091734420992466386779826841754,0.070940545516643324442623118423
0.810893900052633707418424826919,0.070947391959052895047601521016
-0.041564350152973038208585043944,0.070953474435571733926113345272
0.008588951268117614262345621810,0.070974808916328461086583035732
0.058743349562827200814324414636,0.070995510822109717383280057910
0.108891908681228432363709179850,0.071019398284946458109141095829
0.159050687742401769412944815883,0.071037359933329300692959682621
0.209195932066909253630619652188,0.071063368481767803006961578587
0.760753770653813186981314105030,0.071088005501149838822416637928
0.259348676950766169226657721518,0.071095681652074605457364409757
0.309489005409762097686882805528,0.071098571456189602986947497561
0.359629512576000000000000000000,0.071123722531000000000000000000
0.409771568236521883001018328151,0.071155979162235953418673247417
0.459911893835868161027052720795,0.071165832599565049151511903009
0.510052220320870805239147187652,0.071168709408435068887768957732
0.710613525423134356846828163239,0.071178318878208397755020006013
0.560192545910392722932890079766,0.071178612711947031627088969409
0.610332872395885105495151397847,0.071181480972394251301558932777
0.660473198963263888301136382707,0.071181604650607754768413533248
-0.946811022888221810409920098367,0.072221055421455218363339462841
-0.896670731082998969531426727349,0.072280097658795293748782944870
0.864285796220000000000000000000,0.072774032128000000000000000000
-0.845050376052166718123830314098,0.073402823119612421373006491460
-0.392610580376700392529895481676,0.073759743119807393680919300121
-0.342470254010718078713553826812,0.073764238836180703973796110700
-0.292329927443191895515017526897,0.073764261527431397178794509004
-0.442750906254747124475014816785,0.073768058284514864379082730167
-0.492891232015180030351263427292,0.073777054747999603669766114350
-0.543034820418673834687462944106,0.073790904949422784931573104450
-0.593175146768481215127971026145,0.073795577582362125796918729324
-0.643433428631342729962612650754,0.073875180018096428574987315059
-0.693629747364945820769107696926,0.073918808792783534564909696696
-0.743773246739607543919884847049,0.073930627837847835135451567671
-0.794922280418275780031115137427,0.074510241928451770392234916160
0.948611605009707526386244249141,0.104750321237833854545854641886
0.896958487543000000000000000000,0.110894858738000000000000000000
-0.167003539205657895722557561720,0.114340219659337079969854649895
-0.217189795563728186260842385638,0.114345071863099952341614670260
-0.116829591577130344423574545266,0.114348894501893889158063813611
-0.066660573492627825436897686833,0.114361214786629553199347993448
0.835966876121771755313175042655,0.114368564436717724420666944450
-0.016506407310984040572920047497,0.114383324180030892593859159962
0.033648228748350834449355366197,0.114403888580389534578690282839
0.083796946503725203634539805313,0.114427867753569390679950947033
0.133955750599803922919219925540,0.114445843874924749191322636228
0.184100740929565170988583419927,0.114471760857239504888993134288
0.234244456148350742540785047908,0.114498882972478618488934879422
0.785826746722951234876064320766,0.114509177978814668195482061363
0.284394817931749128425768129020,0.114532338639686035398361007432
0.334535144415938843363717312136,0.114535229582499903097892033477
0.384675462850629165584199074297,0.114563787708151438671604012518
0.434832699320561885059142687332,0.114583989214358430153703625357
0.484973512879665829599708762433,0.114593561059642775458798194957
0.535113839362483792901646331803,0.114596475696927725525803139089
0.735686501492272404741578378975,0.114599491355873227128085429448
0.685546175032401936195886598443,0.114602777128272584141478956682
0.585259904363259556274927669826,0.114603028522573345827739463361
0.635402928571099708220248802947,0.114604339372898829988994619680
-0.417670380941276342419697817710,0.117188839653572922297804820063
-0.267249401589045092453579632049,0.117189046702781589579452499680
-0.317389727997609034840465001626,0.117193039365076348912083352216
-0.367530054564825486866037210021,0.117193217058456020330663834908
-0.467810706871167835565898191300,0.117196836086381762433902492397
-0.517951032631600741442146801806,0.117205832549866501724585876581
-0.568095239545827493895197708545,0.117219325844846531880631278427
-0.618235565895634874335705790584,0.117223998477785872745976903301
-0.668492613931953791894190047812,0.117304312871151707772308430088
-0.967791600565944657239058685269,0.117760793108531597577678713116
-0.917651308760721816360565314251,0.117819835345871672963122195145
-0.767965048395552452125345233953,0.117848836828403313960558084718
-0.867498442838203523240539613822,0.118237370578779644642801121525
-0.718173904240054646909321305184,0.124073488716178260465898395189
-0.817699821689000000000000000000,0.124280205481000000000000000000
0.962878401669554590703678172114,0.152818094863884640695189071440
0.863020969422841255961081116747,0.156583826889481336992145248159
-0.192092470381425635512711316740,0.157752175164200903957286601451
-0.141924071312334199231969988616,0.157757642872678895727958088349
-0.091755744077291783080645390345,0.157769563771880117914788688637
-0.041603372307715217454788365186,0.157791492440329869920377012772
0.008553108202709374916539055110,0.157812266494087378576566143027
0.058701825689248837269570756874,0.157836245511849207875361171961
0.108860788422300694190050551003,0.157854313343547681762132487432
0.811018586321933560988951464980,0.157861497016183740498461793642
0.159005803786967324494858529584,0.157880244798834953387356087895
0.209149066429637306264418409855,0.157907158149553096750247685261
0.259291972952305198323841317693,0.157936250009938066702366440339
0.309440245086795591705776058309,0.157969407220794822207620208650
0.359580571570985306643725241426,0.157972298163608689907151234696
0.760821063021472850331914131891,0.157985043847843683205740783963
0.409736345177167313788567725024,0.157991941310556581510042806608
0.459894816746486369517566010925,0.158011430060301208162382378058
0.510038614639854016006010226490,0.158019279499872385236521634678
0.560179202862511795676347629606,0.158022043061213835031368057376
0.710619183824706067390052019737,0.158023930710365801321335834002
0.660475904640237756114999018683,0.158025511850563659362060043114
0.610330281318930618552767393797,0.158025701719870218980639377731
0.913107916837760401303623348912,0.158896843740654548158108704445
-0.442712824290841288621550920073,0.160629723035311009967946966020
-0.292290866152000000000000000000,0.160630299636000000000000000000
-0.242150397852000000000000000000,0.160631507020000000000000000000
-0.492853460812775905344998878100,0.160635445908966559075567344407
-0.342431333584000000000000000000,0.160639703368000000000000000000
-0.542994842470640429438981200318,0.160643833620872356769694882022
-0.392572215646000000000000000000,0.160644545432000000000000000000
-0.593135283422379444115462448781,0.160659497931971602043014379417
-0.643275609772186824555970530820,0.160664170564910942908360004292
-0.892957020964831478218888421596,0.161457485357672587980185813991
-0.960457293713883618489077269814,0.167361804099221065473096348244
-0.743051484122415904508626252767,0.167606905392283770685363918810
-0.692911389333832780206117860408,0.167759361584635254455462808956
-0.793188983438701945229142089383,0.168139362534318406605555279016
-0.843327243880430834890716009884,0.168594541813340265545044902967
0.886044934601891517439404372549,0.201125373514318781606756312230
-0.167013002488101939022123743636,0.201169598377542719715390039906
-0.116850141793998431101556242058,0.201178359557232595987097762555
-0.066698589403489650679606084357,0.201199868260242191162714429356
-0.016543115182548587597080853467,0.201220006818779681836088236225
-0.923486261411212112869840779067,0.201232073049636959123396083789
0.033606704799924756303900831383,0.201244623623797536134259321605
0.083765667607824327825081502564,0.201262691101827498957542712360
0.133910841609464095765689155047,0.201288714267457885958165939099
0.184054129287039459770693519512,0.201315642091148545248610638868
0.234195327134899908593469601223,0.201343746102368927739584700631
0.284339016467826488410789742632,0.201374253380145892260064769787
0.835905304716691472922701712083,0.201389690130976652520163225683
0.334497903279760883525268816588,0.201399421199415716491765403082
0.384638229763950598463217999705,0.201402312142229584191296429127
0.434781577190291941368072553889,0.201429122408176673363818079716
0.484923103091553667325801780605,0.201458377374560293360601800117
0.535063428691669017221728138463,0.201468226897603085092422893774
0.585203755174505905146109783988,0.201471141209310731561327437291
0.785765060271279597550434679402,0.201480438425894361286983006349
0.635344080774526468313096160328,0.201480991214866333473144542430
0.685484407260566365696063590829,0.201483849888133664457687744253
0.735624733827959216209367183808,0.201483967725231462181397143217
0.953748203060464695761669821873,0.202120141694186319772907348922
-0.467770845316777755137284626002,0.204059527669483759689345377601
-0.267209543966016823634926768695,0.204060721257962868633964459053
-0.317349870519531618348356025892,0.204061906832119670809312522035
-0.517911171536958586086851389943,0.204065429578798478166411231739
-0.217069218811189370150057602603,0.204072623646974990766355412325
-0.367490195611930690414365226895,0.204074069365691194911049898894
-0.568051497297310679077755844040,0.204074426492669414189106096438
-0.417630522047069640054625057686,0.204077713044206555223311569144
-0.618233502503798655474271268323,0.204103153194079726489925972047
-0.872372820488928884636786269367,0.209465152620845428439942515217
-0.667869282065444611124418597911,0.211198344213804038037028776712
-0.718033848686341719947397561454,0.211201346386185978184901611364
-0.768172644114014774728652558136,0.211593189927205182504497242980
-0.818310904555743664390226478637,0.212048369206227041443986866931
0.919353208315461485057154638705,0.238603517151918961068985771348
-0.141939155000189223501683031390,0.244590267654415687999447178426
-0.091792987120196298700516936070,0.244608664045594669235023503275
-0.041638285771046440127243316632,0.244628355801813800903694081629
0.008510475685153244172615954360,0.244652367253511919279001221722
0.058670547062089323147698972324,0.244671069015471262918518281359
0.108815731978181784993367768707,0.244697098490930299115735016197
0.158959167109536231041524144975,0.244724111559771477819420490071
0.209100389992302062099744710880,0.244752230043964376237947654238
0.259240754092751935367184594794,0.244780814797178271016413746286
0.309396308253334643050524624486,0.244804478761492837887843902330
0.359546360491020350743245197327,0.244834742536253901412389666267
0.409686686975210065681194380444,0.244837633479067769111920692312
0.810913772822734393292851292045,0.244857789720123783274987626917
0.459827005410600739971473525600,0.244866190375064661028596982452
0.509984735954441124431442573321,0.244886097859804811128664930034
0.560125061056023969480050030884,0.244898222473949291023998981621
0.610265387619477617619985341698,0.244898861935729566704184919319
0.710554468494342589892653937415,0.244906705368092573265461749301
0.660409719579000000000000000000,0.245660420847000000000000000000
0.863219731452000000000000000000,0.246767317517000000000000000000
-0.943013621913913766596956918617,0.247413612002948317027973461506
-0.492836997292587240169607573214,0.247485910164135065815166593558
-0.292275701152776497678848460614,0.247487399816087696332701767597
-0.542977323052939333160512027311,0.247494907078006001837861458257
-0.342416027129224104566089651763,0.247495098793956875961908945160
-0.242135375684495969509716001399,0.247497899034436065609762387810
-0.191995049125853783149341768832,0.247498843178438937909272759132
-0.593117649406555503360484067721,0.247499538659880774656089717950
-0.392556351590523500086594934565,0.247509632007929551206214586638
-0.442696678044736323928843279784,0.247513003009644945839108000415
0.760792146739000000000000000000,0.247743987065000000000000000000
-0.642753428968201459010631397309,0.254594729679605086203192522615
-0.692893727762628532412679245255,0.254647503766635206934361395461
-0.743032979644270842934656242301,0.254975785730676664607618355128
-0.893449127329639915174354873311,0.254990763506262405138316667610
-0.793171240085999732596230162802,0.255430965009698523547107979078
-0.843311502368790182325763814568,0.255511255181378076710987577491
0.931664783268724972254003996215,0.287208840630616868570367529070
-0.119579481304861653136862621082,0.289468963497066499226690820043
-0.069404647265549668906350387349,0.289473066268866609500880976805
-0.019243051586920878225543296323,0.289489316938829810794219305511
0.030901167713856244677591399722,0.289515595612318898973293904459
0.081041512993592757643461690815,0.289544137013884292806451153417
0.131181831486064024470930897173,0.289572593511047532213018160349
0.181322174857729969747814395542,0.289601146140422121577714941107
0.231462504715347808503643434343,0.289629709623504352379485976360
0.281602870170162871549719789150,0.289658293701848107850602501218
0.331746225113985628126784983427,0.289688034376224116760547362687
0.381888799502067684746349479458,0.289722020993922919696676315807
0.432029125986257399684298662575,0.289724911936736787396207341852
0.482169444421648073974577807732,0.289753468832733679312883631992
0.532309762849531984846121797728,0.289782038906097143297333125950
0.632590414012305950418365971849,0.289794803231777756947986975340
0.582450087460208038655532303764,0.289796047286450565632194348392
0.732823414735366483090420056120,0.289830489509826166881730643810
0.832618120744319970204508932202,0.290057055528292069725409882270
0.682706364141670283811737581332,0.291358098127104274726750303504
-0.470477323607463275718940296020,0.292364606011869565291532137683
-0.269916027481010908957268532202,0.292366208791439741075731541510
-0.520617649367815368709844750117,0.292373602925740501314227002383
-0.320056353462050135651690900321,0.292373877807647985303019962023
-0.219775701989168399144895591091,0.292376594877086876837006029427
-0.169635375430526212784521358524,0.292377539021089749136516400749
-0.570757975721431538909816790527,0.292378234507615274132455262076
-0.370196677931372953804736497866,0.292388383313993760591837819888
-0.420337004386029867364429504335,0.292391747703828244415657533233
0.782709577670201062067807870584,0.294872621592370565987095449765
-0.928885326282034521931035300074,0.296031133703168211861612041281
0.882363108373440261525937353416,0.296341047418592062062835215597
-0.620393755283077494559964120115,0.299473425527339585679558066740
-0.670668878943601836546637800953,0.299619268735679974835751489720
-0.720808089738091719635676151956,0.299953767172740717762321449805
-0.770946632551202841431508920719,0.300376700827715077020874241853
-0.821105422049210916643852228312,0.300466147519577278663329965097
-0.877997248813569701720536092409,0.302690782359752334040926298362
-0.094495759121650523232500028733,0.332883929001304421630735368677
-0.044337914961267774539891706841,0.332897843526604586336958466436
0.005806302424472783092827952058,0.332924121092993591040912639583
0.055946622792547987237573562670,0.332952648092890378153189480928
0.106086966155989420746909436648,0.332981190599376044949062195271
0.156227284642719133316064351177,0.333009657211354285822856920800
0.206367603092085108135575404622,0.333038214099211114272877621209
0.256507932935727693096339808504,0.333066777590351352493177678906
0.306648251340156604190985923189,0.333095388797496599674156305508
0.356788567661352976412787475550,0.333127443579598300007547633691
0.406934216306688895249825439737,0.333159095542993145574517454616
0.457074542790878610187774622854,0.333161986485807013274048480662
0.507214861226269284478053768011,0.333190543381803905190724770801
0.557365298180217793956697481025,0.333213277635742445177544201034
0.607652885368067692934436348728,0.333300756242252556826437464477
0.915578754216989972512189191023,0.334968254236141041259846355868
-0.495535959071992348843387852323,0.335794056122992693542078309731
-0.545683801477060192992572973798,0.335798715092951861781210623895
-0.294973580242872055094116923371,0.335799663799918750315416300940
-0.144551345591217673097932500747,0.335804307838296381894678564750
-0.244833254164838700267112959616,0.335806670023950800400163003233
-0.194691705609529728845671283547,0.335808319192063474369098422181
-0.345113904404703437210161174555,0.335815195868518960743638023012
-0.395254328916000000000000000000,0.335819210084000000000000000000
-0.445395078236000000000000000000,0.335821882996000000000000000000
0.714766785568606542062762153669,0.337489841402249637962709267098
0.814701707556463445142476090261,0.337548778333364528074980532480
0.664630505543932583327948448587,0.338126845002055702545140913564
0.764731793280631311332390068872,0.341679155503148760652493768729
-0.912449385922360283190083398735,0.343401084228706217207036524846
0.866224734211032572965183977450,0.343813199546895860186297311550
-0.610522663031356282960132579968,0.348632492707837390093897558691
-0.661965412404019311854140722872,0.348998434569997734058883495257
-0.712139196565000000000000000000,0.349340424707000000000000000000
-0.762400907886021754673908548540,0.349783410273352139157570812734
-0.812565709194259133937444880358,0.349873896432613765695565071987
-0.862810703643123685617379963861,0.350475938989030946010704421812
-0.069428881761478644789991694096,0.376308622525943019958196189483
-0.019288560949874113221520458461,0.376332647680768366583651800508
0.030851757503164525652810115005,0.376361173573565070220808216052
0.080992075954944650341021308503,0.376389701678382130295800522783
0.131132394390344559134670445728,0.376418258558165037644224875373
0.181272712877074271703825360257,0.376446725170143278518019600902
0.231413031312464992728271778787,0.376475282066058114386569323757
0.281553349716893903822917893472,0.376503893273203361567547950359
0.331693666038090276044719445833,0.376535948055305061900939278542
0.381833984465974186916263435829,0.376564518128668525885388772500
0.431979644526997693853226411448,0.376596163509881133239296357352
0.482119971011187408791175594565,0.376599054452695000938827383397
0.532270396556955093588629451308,0.376621782111449207070935845885
0.582427813650554097178995982230,0.376640488766528179330915236820
0.632665288471309030354458006517,0.376756849477835182160353067925
-0.570781697977625612956897046628,0.379205488061528930833195405850
-0.520605846294506778583407622898,0.379217012067390290767574512758
-0.219763908062254554038648593453,0.379229938375003510753183958517
-0.269904234597740812892546722564,0.379231730998620310845869630306
-0.169623581956921005082212085850,0.379236746421266224023479161013
-0.119483255810033830644657545409,0.379243241224515634517475093000
-0.420325205823041326263460042689,0.379251758550071944777638241319
-0.470465532382876024691125801411,0.379252637084083352457521396016
-0.370184879523343443915949526469,0.379256941069899067312657870766
-0.320044553063927535173667903276,0.379260233771497185972688124834
0.896079160815998418560398157313,0.384096763942160020915071578224
0.796425983551087627974136952417,0.384250958965549519700459716459
0.696367660605000000000000000000,0.384354394989000000000000000000
0.746455085261183608945580955047,0.388369778676014454769647317017
0.846257604427825183021271319368,0.389806308558129698521707814997
-0.892698380864000000000000000000,0.391877704019000000000000000000
-0.635875177584247057783534470924,0.391891045089350902422761446495
-0.691250760580000000000000000000,0.394944490568000000000000000000
-0.741814198728742761680979377190,0.395502550186218961890006725345
-0.791967200260965174730495067011,0.395587721234567231772321429945
-0.842740320449652048123713876084,0.396424084400634863405471064216
0.659960562677000000000000000000,0.418831515360000000000000000000
-0.044386483856493305907195541085,0.419747437604937437703719853032
0.005753836955111225661275694550,0.419771462759762784329175464057
0.055894155408149864535606268016,0.419799988652559487966331879601
0.106034473859929989223817461514,0.419828516757376548041324186332
0.156174792295329898017466598739,0.419857073637159455389748538922
0.206315110782059610586621513268,0.419885540249137696263543264451
0.256455429217450331611067931798,0.419914097145052532132092987306
0.306595747621879242705714046483,0.419942708352197779313071613909
0.356739082842711486548195406112,0.419973022604375287778780417351
0.406879412686282985519664407540,0.420001586095556513550167675235
0.457025077579751106334394019348,0.420033228690424049089493590181
0.507165404063940821272343202465,0.420036119633237916789024616226
0.557305722501115852904915831033,0.420064673396080782318195154824
0.607446040936506527195194976189,0.420093230292077674234871444964
-0.596165552709000000000000000000,0.422506382293000000000000000000
-0.545703742795072198547731695729,0.422623785035967359819559294713
-0.194721510148995507714453094824,0.422668753449228151202393776810
-0.495563442697202508177544158545,0.422675305849777037259003829133
-0.144581184114950669827153348732,0.422676067707382703370239286602
-0.094440857905048491761861392398,0.422682056303510052262998756550
-0.244861829483746660911663332357,0.422695684989595669253794050781
-0.345142480355544959853892268265,0.422697477044194186149091188107
-0.395282806594696857201126827879,0.422703215519831753435483610317
-0.295002154729951827481798868621,0.422707196003786240656694152113
-0.445423131792109306957219424837,0.422714937141437766814795199197
0.774384290398853484797039493351,0.430011246573732007544084714798
0.874305322601093550177270793845,0.431368044007598098487409631008
0.721461734790580901973606706893,0.431836832642809930924981224971
0.824287944789851477870076101749,0.434877212739100774086634055337
-0.661233627928445766257483609765,0.435146118137948280752556068712
-0.871123315914489765483021666025,0.437757580704984541076342818017
-0.716274854318646162799517557685,0.438651063896440250355310498705
-0.769702936683129815304293001272,0.440513826292043121681300761714
-0.820372220432656917947773957608,0.441298581054395664673253024246
-0.019391904951263139749991471967,0.463213785204533496722311565453
0.030785860594518011235330984560,0.463216256933689615796962323689
0.080933696358174029881727437791,0.463240450635723868354754929905
0.131079129507969589189555457467,0.463266030173429786231424942136
0.181220131880134381368003980196,0.463294192710372776435972309730
0.231360450366864093937158894725,0.463322659322351017309767035259
0.281500798971742207351132541486,0.463351198822875013212736167898
0.331641164426500453209190006762,0.463379782901268005190912752718
0.381784511063020285151596377823,0.463410090571263275443559320087
0.431924845739036398000832015440,0.463438651276099429400364908065
0.482070505800059904937794991060,0.463470296657312036754272492917
0.532210832284249619875744174177,0.463473187600125904453803518962
0.582351150721424651508316802744,0.463501741362968769982974057560
0.632491469156815325798595947900,0.463530298258965661899650347700
0.682631787584699236670139937897,0.463558868332329125884099841658
-0.621497142306000000000000000000,0.465778300687000000000000000000
-0.571025751262383438348445760138,0.465900201656109383419220735319
-0.169742973943213707351653764314,0.466144322189787884491856445673
-0.119592755309033024182784526710,0.466146205689409976483992329962
-0.069449786499228244688434115293,0.466150420642278085930100604840
-0.470618136306362709563324516939,0.466169949627670126167344568004
-0.219883292813413085296654902587,0.466172105159662769873007149681
-0.520864337703909082834007628175,0.466178994862299120705836422128
-0.320197175221118150332000332764,0.466192121542672689608186905136
-0.270046192342341399106503247891,0.466195726556184311999919413866
-0.370337501460270047679234892379,0.466197860018310256894579327345
-0.420477826363251314371443185412,0.466210779854358830964000972705
0.749390939928250777825065245197,0.473478300540527483699418622752
0.849627699579366921546566074469,0.478143240699914510262834861578
0.799294594319248770898101853595,0.478344266705896250241967963291
-0.686093029827671438302140214790,0.478689917759840051795583975337
-0.741520225098222702190999935690,0.481984142375003344153845089071
-0.794471328615845124924212928666,0.484231041400764107906839256179
-0.846120290864718711038357121592,0.484322867420636210614113289300
0.710560992722369112521598476200,0.505200336230046678658537239439
0.055835756869159606207788999257,0.506650748353854581682365004958
0.005647828480363228734642056943,0.506654136238701943709148469914
0.105983270544811695905569987850,0.506675127811533783723975379367
0.156125241665052505681125806751,0.506702703781263872184074922326
0.206265590269930619095099453512,0.506731243281787868087044054965
0.256405908756660331664254368041,0.506759709893766108960838780494
0.306546227192051005954533513198,0.506788266789763000877515070633
0.356686592646809251812590978473,0.506816850868155992855691655454
0.406829944115773697632763985723,0.506847155751806191293756552916
0.456970273959345196604232987151,0.506875719242987417065143810800
0.507115922604681115441270951339,0.506907371206382262632113631726
0.557256249088870830379220134456,0.506910262149196130331644657771
0.607396567526045862011792763023,0.506938815912038995860815196369
0.657536885961436536302071908180,0.506967372808035887777491486509
-0.596246477052082593742331119145,0.509235722178418686906175465671
-0.646386751598907146243252305037,0.509307948681482378840795315516
-0.545997975231294573735824524935,0.509565082643299686973556976436
-0.495733425617988338463948646157,0.509566661382041912173033771190
-0.144710818083498652032471341389,0.509589040180743011796471154658
-0.094557731039760916883300332821,0.509589270822243818496129765212
-0.044414742528599623981656861613,0.509593474421764841045992407869
-0.194855923768490404963611558065,0.509624455249941042652270247902
-0.245005397134577788143094935219,0.509635465547821104163197313506
-0.295169620208903723675527022637,0.509639490144341392084405172085
-0.345312573389626395151379289728,0.509646741745666580786944928696
-0.395452898292607661843587582761,0.509659661581715154856366574056
-0.445593221669165845768805515338,0.509677549925959683496369484774
0.771344702959114465093288871758,0.519971852766769111985044445598
-0.711329489623903898523335155309,0.522016277464433623679200941039
0.823115174782287872971716077295,0.522464922805988038548511874926
-0.766271195859459819434958193910,0.525689512921322260361985508948
-0.819953115251065926441144373660,0.527413571412051883721803439782
0.685466091099106412153530446483,0.548608840705753440551928884290
0.030728866513066321749210747014,0.550070652445104177967897119335
0.080888212153603197006247432805,0.550083763820428408960206245023
0.131030375663783987213946413484,0.550111228850391299186946607626
0.181170700054848743408221280067,0.550139754352678963835146667561
0.231311018490239417698500425224,0.550168311248675855751822957701
0.281451336976969130267655339752,0.550196777860654096625617683230
0.331591655412359804557934484909,0.550225334756650988542293973369
0.381732025699562664293758586373,0.550253916048698908705888888283
0.431875372336082496236164957434,0.550284223718694178958535455651
0.482015690763966407107708947430,0.550312793792057642942984949609
0.532161350824989914044671923050,0.550344439173270250296892534462
0.582301677309179628982621106167,0.550347330116084117996423560507
0.632441995746354660615193734734,0.550375883878926983525594099105
-0.671607777988080325738416189159,0.552643294257297474498225499546
-0.621177540802394904217430405665,0.552738531381693713636229102711
-0.520840646711371122421708463985,0.552968041512939610339136364543
-0.019326765973650852712278125694,0.553005981613552643565006451928
-0.571024548505247742207044765114,0.553013016753705211287697601616
-0.119663057692996042069216467562,0.553024763355552193660989489534
-0.069511205042592273045143728565,0.553025705802244676810151340490
-0.270084025482872721590740506720,0.553053373701793522729647684881
-0.169803373628411735882310750284,0.553057416003008880813035351014
-0.219943699868205619909409109795,0.553063148866499302832504758217
-0.320234817167011799647626754256,0.553065153636681224707662063451
-0.370379388324293127512736834149,0.553080525762054985729588876262
-0.420560247952334099129027135065,0.553121796670391769011042098960
-0.470700703562767272773553216515,0.553164126579838569280240806789
0.735228626483740351014975808608,0.554752326718738418094948398043
0.795165283422153567166903095458,0.564092508866860900291588357233
-0.736004940480581775136353366438,0.565664581822316324118675566511
-0.791752982494680620951889638904,0.568872042932610036176949692551
0.660371200884024536466652273038,0.592017351776644536300031496886
0.055795170590875893206442305890,0.593495676891585197106212940714
0.105935491372533003535422711017,0.593519764465373311094103466814
0.156075809823845272773522481398,0.593548293392470131297014518555
0.206216128275157542011622251778,0.593576822319566951499925570297
0.256356446710548216301901396935,0.593605379215563843416601860436
0.306496765197277928871056311464,0.593633845827542084290396585965
0.356637088465113217039102092809,0.593662399937193904392491206198
0.406777453919871462897159558084,0.593690984015586896370667791019
0.456920800548884531420830773985,0.593721304862948738691087562206
0.507061118984275205711109919141,0.593749861758945630607763852345
0.557206781759581872140299042656,0.593781505575126523555774003786
0.607347108243771587078248225773,0.593784396517940391255305029832
-0.646158522869704809015868703432,0.596212694780791203896964250018
-0.696298800438600624784652187954,0.596282791947424356386055451041
-0.545878628540835756465485165033,0.596409402152381898765955510138
-0.044401380926948132136042449922,0.596426207698207792062165278965
0.005740795636962633549462500321,0.596430280147861564416785257532
-0.094587947300457622982108190837,0.596444703326730166990488069807
-0.295149222440980797562840238339,0.596479037194133355352904576247
-0.596018906120520153569023064093,0.596479491601552729263216141619
-0.194868571942889544100130355017,0.596483078712455074538108688976
-0.245008897648141732809686904882,0.596492377632472908169006874995
-0.345293791597925924773245625363,0.596494408163664289098490221079
-0.144728247159802425415527749718,0.596496455753479822663017228110
-0.395434114997813358103471092646,0.596512230996985386441782099262
-0.445598482772122375510198446620,0.596568398946466280806714110174
-0.495738774891847623834448250935,0.596627173492870802974912825752
0.710133736268658475328097635162,0.598160837789629513843051010639
0.765112170605482040005124408130,0.604228063657184908969683097182
-0.761401539325384159637804578424,0.608897267552153524255119495869
0.635276313381441462929706765016,0.635425864415657944029742426983
0.080840623040923467296282155169,0.636932730887811654607687859577
0.130980943822580577625262560296,0.636956818461599768595578385677
0.181121262273892846863362330677,0.636985347388696588798489437419
0.281401879763301628783069004835,0.637042444396106759266799093265
0.231261553264887057391600072819,0.637045077089111898779714444959
0.331542198250031341352223919363,0.637070911008085000140593818795
0.381682516685422015642503064520,0.637099467904081892057270108934
0.431822870725412217518335795449,0.637128058564126921586109638301
0.481966231481692132174164410181,0.637158374397959038337474781900
0.532106549918867163806737038748,0.637186928160801903866645321670
0.585224896747000000000000000000,0.639082134848000000000000000000
-0.671167955727115095936199103876,0.639670497491574610742186419736
-0.069478666111385204502896496796,0.639844891649671588157106944711
-0.570888068087158757647359304754,0.639867201013777330121954344984
-0.320180113018569964632340662613,0.639924484195993570386891622432
-0.219899462520478711169630779292,0.639928525714315289572095735161
-0.270039788225730899879187329157,0.639937824634333123202993921180
-0.621028344265174858170052734473,0.639938286110373143873006992767
-0.370327363739786532353610767935,0.639938310084612267011907951703
-0.169759137737391592485028173993,0.639941902755340037697004274296
-0.420467687139673965683836235218,0.639956132917933364355199829886
-0.119618822455618641620595102559,0.639975544144918711825655660452
-0.470607891083091614840054860934,0.640067023905719199217579610143
-0.520748214438170625016322390656,0.640084972354266234330911660599
-0.018684522619958575405141254173,0.640219047844004811419143643196
0.733035327166480398067593461605,0.642765428166041300278162259579
0.031011901370021852081265699604,0.646876208718340412221141267354
-0.729089546978225810617893860753,0.647237683549581971303137936963
0.683365698104126236761891323002,0.649619645634638993666922404913
0.454651197057811615371230246223,0.681770189619444690207371151819
0.404437353395630700681796705596,0.681779102577951217251147610637
0.504791512633235322321310908253,0.681803390456929792337641391555
0.554931831809263273421375333852,0.681830615899637304580298666773
0.303884419462313983506691761094,0.681859715140553261666816133837
0.354024737949043696075846675622,0.681888181752531502540610859366
0.100136176939068339024086837447,0.683211602395903477765377154565
0.150276497720725449353067242574,0.683235689969691591753267680665
-0.044400038222371810769908542863,0.683262800068929723857414897382
0.200416816172037718591167012955,0.683264218896788411956178732407
0.250705017837586320266002741857,0.683275168593011217233112169693
-0.595896644676684362479859019960,0.683325496485004900586577052558
-0.345241767013419329614119559151,0.683352192486221570380809296521
-0.244961116515328076151409675829,0.683356234004543289566013409250
-0.295101442220580264860966225695,0.683365532924561123196911595269
-0.194820791732240957466807070530,0.683369611045568037690921948385
-0.395382090413306762944345026435,0.683370015319542667724101174704
-0.094540160712192140999911124692,0.683405856017776395785898104883
-0.144680486319335966524853651060,0.683415669696192637740759788836
-0.445522294356724412100563652150,0.683480906307328502586480954961
-0.495662617711803422276831181873,0.683498854755875537699813005417
-0.694849104268719958599776422181,0.683866148318880376070700675306
-0.545782271094741768103510301269,0.684938539816159112382628621119
0.629015651082513780272693711868,0.685173793577357453275067232704
-0.645328459842171282095014962024,0.691724782034611145227590658642
0.050938221895483966526600731754,0.692887012869270377644540858436
0.679033537295484966684521741965,0.699572470690152715934135763244
0.001784278780718628701843126448,0.702783589275740452099983491296
0.590452193086426509968472942140,0.717219262144421653213801315715
0.278428691042936545297746398653,0.725057611373328148091095131575
0.429551979003346995773647859106,0.725176198435657269614140156114
0.379324829795698115291832339049,0.725177414834783461892055060508
0.479692294342310708404059713858,0.725209754477842374692465473444
0.328578803584442033765930415198,0.725497310641766168639452224037
0.225551471487540451694504542385,0.726649717055384644644933165663
0.125140693874435783657019945057,0.726672233789471721090581722210
0.175321950170773023442907091853,0.726672743965918049254742599529
-0.270023226266990966936567242453,0.726783679279326501569808613838
-0.320190543845775017212968538683,0.726785918622757078952331529857
-0.370330867245662450543194005967,0.726803741456078176295623408040
-0.219859706565418979455138652266,0.726810433923082046869158913006
-0.069438767043211242892443087460,0.726812632589995503292306184258
-0.119579074585308166368274623167,0.726856311905755547292577517594
-0.169719401152513988513185232795,0.726856492573706646918996753456
-0.420471071189080099699412631682,0.726914632443864011158003188297
0.533241904043585283469023237749,0.727418906068928127783690037800
-0.471562787880276326805892405413,0.727515026309025267381952228357
-0.571447166066942062656518551634,0.728012493829746197223541603435
-0.521387876254000000000000000000,0.733129129364000000000000000000
0.642168622802681542809516328178,0.733558209283524185726913217257
0.075947777673709789378952937723,0.736373230849930862462523269595
-0.634056086857323185753450084023,0.740581572305658973368408356162
-0.023217508847193112456153580309,0.746245790827289658963923030380
0.026938238752178058671212802621,0.746961783300457482736767364808
0.603605164806594272505295558450,0.765603677850588385665647300269
0.404439455403414410383683492559,0.768574510692489514255047605985
0.354224429461657829264431697966,0.768582739984695623225989931235
0.454579758099167000585781127270,0.768623437954751253999322862867
0.504720073438130713216192982022,0.768656993996936359077648180197
0.300737549945156468029196706344,0.769961588510988569329949781882
0.150230880677399940174114878593,0.770083463609543049861326580023
0.250593730595364705525465117781,0.770088612150394601627936307866
0.200403748970325207140672709916,0.770088820680396403073143219097
-0.295104947119407814473477329898,0.770199801024366382321232874674
-0.244964622328196880936790008427,0.770213147580669317021638189197
-0.345245270519295247803702797181,0.770217623857687479664524752857
-0.445509971186671756912857589398,0.770355463872478397216192431257
-0.194522041560413490775287446033,0.770432648635194191867083962981
-0.144255286696002011049399888772,0.770504185899419125545877319748
-0.094021376794000000000000000000,0.770558259624000000000000000000
-0.395376395041713820206738570196,0.771178197861317681060348662669
-0.595142267891021830454655516315,0.772200665299554478417965393237
0.554415535836567209777525478009,0.775321329320452965100331649858
-0.495151649868405946036971008485,0.777409263271252382213622864868
-0.545291675044296650831375594320,0.777583112803127480770025283578
0.101001312779000000000000000000,0.779951416540000000000000000000
-0.047706663841521711783288264784,0.789998889414274758497569656332
0.051959502921452486581645549905,0.790419475843544174727120875859
0.002103627683000000000000000000,0.795797231953000000000000000000
0.328573848405682019727025766353,0.811665219483785526661920653453
0.379339055069374124356282851476,0.811979835842401675588982476711
0.429479357765126714558380486187,0.812028763104663415333257733594
0.479619672171494387028839266132,0.812063684864145632062667474478
0.225498920136861260839733595738,0.813497169329255926060812404317
0.275639238624636254607046302724,0.813525634100044663462083775367
0.175086070768454995990378516667,0.813629667506509837697875024822
-0.270072227574264524932510461655,0.813644194223867834586353661422
-0.219931902783053591395823140184,0.813657540780170769286758975945
-0.169352297028349011498601687584,0.813911471240439413717874789381
-0.119205130091044754694640081964,0.813940278163117179323275342200
-0.321526766529523436574037423739,0.814393238361459417184145295747
-0.423460278665161050036410700562,0.815430928259760339238829088882
-0.372621219613492125072986115725,0.815857660028285878425640191497
0.529315304588495854557294213109,0.818726752248838643837697330615
-0.473107741669636770797415508589,0.822443899492975368717400862792
-0.523247766845527475591820094424,0.822617749024850467273803281502
0.125950325095413451770632045773,0.823616200711424647262630058012
-0.072959614395232377297679927261,0.833315639484317306475659916980
0.076881679397110580922789462872,0.833927377057172500939499937081
-0.023075896881263798192229484300,0.839232081735715670101719105915
0.027063091442225645297674717108,0.839598412454706226482367876708
0.353742258020818763555269409821,0.855094291992905933845017347673
0.303601956696526090799176815361,0.855144605090816317269885348405
0.200406413895672843335785896448,0.856907058511729165914059837829
-0.295173084422539903240002600960,0.857049255377851639739844386634
-0.194859456198734770982975060475,0.857079018997467407155104694237
-0.245032654809122131084568183398,0.857084637868446629169826663146
-0.143937489249000000000000000000,0.857567772970000000000000000000
0.251759857775887676440285098552,0.857614516767364325942485009832
-0.345728999525000000000000000000,0.858351054218000000000000000000
0.411323142669796528263825406293,0.858766373245863309245584561108
0.461463457076164200734284186238,0.858801295005345525974994301993
-0.398403504364007171562078460334,0.858861452202256375607797101464
-0.448050967368482892323083268361,0.865874423435471405086368875374
0.151184764304000000000000000000,0.867322509427000000000000000000
-0.097607187623057816172382033676,0.876979692002122723404158211781
0.102042236762000000000000000000,0.877313181969000000000000000000
-0.047813141367393232773268832425,0.882862319458236426267522550906
0.052221494901000000000000000000,0.883079468834000000000000000000
0.002191665566972517644620270442,0.886546289023188592745093764863
0.379922711074026481576086403441,0.897856848350395526384484368964
-0.220054902944010011984349094658,0.900560657236180549490155537291
-0.169914578127504457927793702955,0.900573908424963828254272185852
0.224202859714744259371905084770,0.901040736295012595971365998462
-0.371692958743303825257803297020,0.901294918958379568678425340937
0.285232089662952131315590528294,0.901798654577088133836368443991
-0.277139626642422733163580408471,0.903834367847433439405142802766
0.175318514375815922226005722544,0.912193006426384156846453843783
0.333259043091527732329156768417,0.916202268452366699350605972696
-0.324863414266199019684615677540,0.919212678649969075402942203999
-0.123624213816086892586383970867,0.919841874592022713893259800744
0.126034002377568312596286940547,0.921417388540828153665415541031
-0.073865432448786750846689453410,0.926015692303934131355792190015
0.076303118758924353200858879080,0.927812039649964349826240499657
-0.023865726877736541844744308639,0.929768263570009911893827389585
0.026260783499565293693673857004,0.930945253668922509602615008295
0.254223437661650415113054403290,0.941200632311217850535128410436
-0.246238901133470282256278000694,0.943321042958400457705534963782
0.203942075270247277279805248906,0.953360276314263131649235458368
-0.197414595129166908580366624893,0.954733294773744895975842038527
0.154657563271999667650086466907,0.962584658428707128468197155621
-0.148068125216345865234532049893,0.963620265879905555925477799053
0.104429249453219768758725615071,0.969320751030421587267336391904
-0.097940819612543181978773281210,0.969997825963113502276064653472
0.054019150345000000000000000000,0.973406302003000000000000000000
-0.047941114041492972976828136427,0.973750397229189282814099853048
0.002185396335808862561590029221,0.974927387328101880522887471761
