0.007050744484276286188979301035,-0.974969038105926592972763801214
-0.042940278331725822148013746059,-0.974054272464527808979509745233
0.060140119732874643555215954166,-0.973143750536436503648193594385
-0.098535375173460572186422031513,-0.970008439679280331715919134986
0.134938583011789242148372558782,-0.965617508138899231563185870802
-0.181768654171807948793445920452,-0.957906962898890481148390612356
0.184262987315189397725821840536,-0.957429571983588339815254879755
-0.230636318564311505110161237184,-0.947329130645050986528942534634
0.233190571670000000000000000000,-0.946687418381000000000000000000
-0.136260923594889474453653967522,-0.937194994955034290518615323022
0.094238484946838425261272822084,-0.936575449398649533741929999885
-0.278897459454566163771712961826,-0.934260028214519773220337944973
0.281421614468000000000000000000,-0.933502032964000000000000000000
0.032281073040578048174749767527,-0.931624927386386053038265146725
-0.017712855207198213261315764438,-0.930885808502223373636172452409
-0.067724923623357225567996655675,-0.930630079712828435562957995213
0.148949725139000000000000000000,-0.917447289498000000000000000000
-0.341048620373000000000000000000,-0.913393461337000000000000000000
0.198625713399000000000000000000,-0.909536209618000000000000000000
0.359087362661000000000000000000,-0.906463507374000000000000000000
-0.199797236084000000000000000000,-0.906441360517000000000000000000
0.247072501573000000000000000000,-0.897167104224000000000000000000
-0.387430362096096708158635232323,-0.894719496499635053118980872418
0.310899779884000000000000000000,-0.893114941802000000000000000000
-0.247875501450000000000000000000,-0.892585869614000000000000000000
-0.100294424082893250172409725088,-0.892328073604432310542460063782
-0.150194376851839807861263649657,-0.889176269037897471501959965290
0.057920057847852328256908142983,-0.888554184649557711540570809169
0.108146636011908967200147089868,-0.888549388844822049897340461720
-0.297891847456610236012054096304,-0.888009056518818813689100374799
0.007924204646791605620764212624,-0.887959356046754023252128504096
0.405404237181346990018962581643,-0.886720360477313509789916348459
-0.044211690262054232246081850937,-0.886504497390714713313077319917
0.179645301876000000000000000000,-0.863277874345000000000000000000
-0.418400596907378555127521024527,-0.855466678586741294160705242237
0.277865685380571526802586285860,-0.855141731239161187961086524220
-0.468398778326177286855225656294,-0.855118809097397465680979582863
0.228057099231810680845712193522,-0.850777799040994459604440258172
-0.219725555691276861777638317692,-0.850602114393612655269896448864
-0.269579997495041546164862796698,-0.846797670833278584943691195676
0.483926489575378413183105029149,-0.846428228438098482090596243258
0.326979209030073751694219293442,-0.845771514961053582242965115194
0.433933017884777927585061544359,-0.845658847719692491115124378686
0.376978262396506339961689029754,-0.845587610558297267908477610117
-0.119807737728229940094390796175,-0.845554549003848741530934187564
0.083048181515209302570282855265,-0.845305814290377276539831749804
0.133047511143000000000000000000,-0.845148761094000000000000000000
-0.369520867706995910161320312760,-0.844944738097174396324286112252
0.033052072775065048185784824543,-0.844732866463434551338754909791
-0.016953774541622984532156523560,-0.844588567376618710336489376033
-0.069847458112322505080952258325,-0.843577273335391980254657897831
-0.169749741489754088006068231973,-0.843159675593282964820673444931
-0.319561306682438481918190271902,-0.842949388352831459050657898309
-0.443185500001338118833482161610,-0.811942082096813893290113297658
-0.493188786162201746235601075538,-0.811697677492399272186297581765
-0.543148289678292559545214657686,-0.809700888371225792737010180916
0.255851934357000000000000000000,-0.809112384091000000000000000000
0.205850405123000000000000000000,-0.805980130125000000000000000000
-0.244588333440344604048999192283,-0.803492291419793522013781871715
0.405735841116000000000000000000,-0.801887015213000000000000000000
0.505731175464460951524867934445,-0.801433841769902059959914411115
0.555729570203540907728019949102,-0.801118117390309902652010772340
0.106117599985655220519159744428,-0.800946586503994702745844939329
0.156119872295000000000000000000,-0.800789617718000000000000000000
0.305164857098274848171259705799,-0.800781813826634512394897123064
0.455737703773860465926824444977,-0.800664461051496068984442546493
-0.044265311025718069027135542043,-0.800618072821322083763997458182
0.355398242384415301134036548016,-0.800485039737483989407392648630
0.056120857770878649315583118846,-0.800373309238574288253674811688
-0.394553060512305854215109211252,-0.800330665830296604269582028230
-0.094491805937573046139061818022,-0.800073304796455259225737253561
0.005730636504022844444209734610,-0.800031226187080609684415129860
-0.144491156726631932728527145108,-0.800009437423222994810547687051
-0.194722275435256187163802195826,-0.799843261767696335876652199986
-0.294444932191878428891075774975,-0.799716219479630973619344001480
-0.344558341707119535550043861639,-0.799647108986225412329430660094
-0.467979944400849063038024292782,-0.768518360042724271060117879351
-0.517939447916939876347637867508,-0.766521570921550791610830466643
-0.567938254627107468364155780870,-0.766279732281074815164851226195
0.230712683329000000000000000000,-0.762598686469000000000000000000
0.585452774862992384674292835709,-0.760912766214862011723710202370
0.530987935793341751311011964246,-0.757669404117293679349664705808
0.130982664882866019468179378569,-0.757568392603992106917750823358
0.480988829012594750324554217934,-0.757500645425113508081501913422
0.430637318925520311250114981279,-0.757422006925557019956122400996
0.180981804119238892174137407389,-0.757409540501312280888674531088
0.280434774190000000000000000000,-0.757326125885000000000000000000
0.380638023792284340921925165738,-0.757323800264413762874191840040
0.330436150630805119848860033857,-0.757162607515215193076808564065
0.080986555759223601032085293609,-0.756995478242532716744402394409
0.030987297851789502864056338922,-0.756879862176971302644857162286
-0.069415405008156488500960664639,-0.756816937926410758242132954640
-0.019416013444500310452109840217,-0.756815660070978792435319522025
-0.119436170564410366195196704576,-0.756740663153784613696735411560
-0.169463690672134031886261104832,-0.756693023597636365866526426457
-0.219503109167690188048467082582,-0.756416893765131485887154838719
-0.269502488898869038321041396233,-0.756382471880978281473683985352
-0.319501880371077328281630849458,-0.756379188956668305597408138038
-0.369501228953608425821217945356,-0.756313616925491731365649978916
-0.419500611422970053179060378240,-0.756283433300456469947295026304
-0.616692842025247208842372575176,-0.755192380658352610489020927597
0.631933019146207324781456382963,-0.742486533562977037412206689045
-0.493469022820886113928791046423,-0.722919535946252341595136089527
-0.654596556206173609585387508773,-0.722584902840229879087744340424
-0.549272905566000000000000000000,-0.719028777198000000000000000000
0.560711140452793228257284856709,-0.717464052941845788421364129763
0.455880541039515716253442557863,-0.714262779688820951972603032466
0.505989464852190558097422917292,-0.714199444702071054235924308302
0.405723038005962714109681399140,-0.714072061543468066899469630346
0.155601490163618438523576475731,-0.714049975811046701452100180675
0.355711437404186758348449973911,-0.713980929461876520152752258832
0.255600010231066681675089352667,-0.713923909037706270362530721399
0.205600629399991311229534488524,-0.713891123708366875423023900378
0.305599159769109728201129314687,-0.713768333200453496614533281460
0.005605113414027578736371090965,-0.713527297095484080647484751841
-0.044398501483948791007859390830,-0.713504986447407192430733946162
0.105605381039976020087482374747,-0.713477061449587311278751763658
-0.094397874781321768384646263750,-0.713462228539680387354032718260
-0.144408704509912465352930667210,-0.713424249328197984752714167895
0.055604226351338300178451629866,-0.713360372409548370542690900354
-0.194407458226814764897434685647,-0.713171692155907074929142785786
-0.244472969399538500117640474204,-0.713098938615209101151592834475
-0.294472349130717350390214802822,-0.713064516731055896738121969162
-0.344471728861896200662789114751,-0.713030094846902692324651106856
-0.394471108593075050935363442800,-0.712995672962749487911180264048
-0.444470491062436678293205882117,-0.712965489337714226492825301034
0.669165334598815296397221029902,-0.709114481717065363710550274893
-0.600894696588952474757864958795,-0.707754444793241373964965953653
-0.690778823399471620167111110944,-0.688077183426720130339281787607
-0.518438902460352739042936531996,-0.679601591983510098140666352011
-0.638798410769878875500879892439,-0.675146966975118642563689355010
0.633408792777000000000000000000,-0.674157995567000000000000000000
0.583412421583698538956750475406,-0.672915304436592247549756102140
0.533415753017464734243032047370,-0.672393489673581766544955146467
0.480875751963008938069506612168,-0.670959447377567904298158135675
0.430875082462584985378904385166,-0.670859634881443820321573728178
0.380796134537897010024144428157,-0.670729373095905644510696307492
0.230653165722079529013835449261,-0.670591835937053424423469200332
0.330794873114611650110965703590,-0.670581353827267144485618500595
0.180653784334860564665402086002,-0.670559910020482608965876017214
-0.567595008996224547773189132712,-0.670457394446123455348632177891
0.280652317921127760483298632588,-0.670437117660377740089242258882
-0.019377374625420901819378475762,-0.670216623471912480642899170006
0.130655648459920988561942886154,-0.670205555113916828326749354678
-0.069376747922793879196165334855,-0.670173865564185675566197928162
-0.119376129668076517292312122064,-0.670142505426679771385302037092
0.080652745809448423404117403098,-0.670087854210055916772262740070
0.030621738311889819622702078047,-0.670049698785976770538105314497
-0.169376976003488594392550373217,-0.669888738028023432257233809642
-0.219377318458663076966608083021,-0.669853737005984690193580771572
-0.269442849039005125231785958740,-0.669780994652466857697123096910
-0.319442228770183975504360272395,-0.669746572768313653283652239575
-0.369441608501362825776934602738,-0.669712150884160448870181371280
-0.419440988232541676049508916980,-0.669677729000007244456710530479
-0.469440370701903303407351352526,-0.669647545374971983038355573251
0.693568474979197531360634497440,-0.665474753281337385603384222779
0.736162445777480497331369563061,-0.639289016514850461930929359484
-0.697037164438798158350411765169,-0.638471011171604453855101467729
0.608788484232613408836179294298,-0.629834048619159595419244339208
0.658787099722532193802824901013,-0.629555467464053165575857033719
0.558791815666379604122460850033,-0.629312233856149114414443395953
0.508288919246561225045970178579,-0.629144887498828230760619803038
-0.745904884130210731810080806564,-0.627893434391913610574186356121
-0.597154188485000000000000000000,-0.627855422103000000000000000000
0.455961754960088251437080429639,-0.627609224231696917163521630310
0.405945207344076854175600859279,-0.627515216904234002043797821922
0.355923685132579972961953929636,-0.627355412947578500277505512082
0.205714207402183286517675681925,-0.627254964589821816666192889664
0.305846993971514493738227305179,-0.627249533135600295044734457174
0.255713363042274575558000856711,-0.627101362354634515755199902346
0.155715809272144426239738253529,-0.626939777662977294484464630239
-0.495421077469892216630936532158,-0.626928205092091885954669959038
-0.044348816188492286973928973134,-0.626889436591726464105199277902
-0.094349280119688912057271517419,-0.626857450730502036114339001590
0.105714559739674974649016424673,-0.626823034311026757873793669719
0.055669236041947020525135941984,-0.626776589170055863593717225092
0.005650328458734171824950831959,-0.626732296799016764757002161326
-0.144348237759627363859471832917,-0.626604775405719483361538056827
-0.194347988641887191119658731323,-0.626570116463199909249018122747
-0.244347851322159162935399385473,-0.626535413976977910877127787471
-0.294412728678471750345931437523,-0.626463050689724614242653373295
-0.344412108409650600618505760387,-0.626428628805571409829182500006
-0.394411488140829450891080072319,-0.626394206921418205415711641693
-0.444410904493705380698800222545,-0.626359806147229556225803098754
-0.648587690726499982386278880052,-0.626115251154645631565673710286
-0.545420968722002999021925594647,-0.625643879784964285814424436058
0.730373246250494674447283119383,-0.589625908202890423891924211914
-0.777113599925000000000000000000,-0.588828229676000000000000000000
0.630644905717840294002958047919,-0.584864770236814613726491052353
0.780140471073147843166900682496,-0.584813165552361375122143275699
0.680642569728310152090911384610,-0.584449135944564562918605281574
0.530648966070675703962705649378,-0.584423891709466215487620075918
0.580648284609341218453716298141,-0.584338428045923778499536738727
0.480650435884856826631353251648,-0.584130399586087010967469978790
0.430651115237189711831652521513,-0.584046178801858756441025834727
0.380651940030550170851746295248,-0.583899083511353217396018292545
0.330652586619450682365194175419,-0.583837302926206753680067120040
0.230653856556778659892592886906,-0.583781813840970546184617643582
0.280653245680345701882542410374,-0.583766140971007484710564815743
-0.572554106238869876061306922922,-0.583647070300677050780160817711
0.180654781045185142378878230123,-0.583604032079542301580128972088
-0.069341775248921569268908871517,-0.583561216962340691334451243160
0.130655523094062335791995477634,-0.583488434909118888789977619718
0.080656135503917599708115237046,-0.583468460445229833829163277062
-0.470053629835569783632497670714,-0.583436737810839248327643031866
0.030656754827487394149517952719,-0.583435440115963540763200999792
-0.622553392705512419463058479514,-0.583428549654961562405882735839
-0.019342627522804769690286289713,-0.583405059891811161595700352533
-0.119340528963971474070634678303,-0.583308659423331384849933574548
-0.169339908679537104947523050083,-0.583274214867720560610904219770
-0.219339288409585271479449652260,-0.583239791341236075717680725198
-0.269338668111626288481027566125,-0.583205327159019805203640488046
-0.319375303480092561110888573065,-0.583140896800031954659188126155
-0.723664893582000000000000000000,-0.583111120871000000000000000000
-0.369377487127087518244977100748,-0.583108090675676544680171901321
-0.419379752693295635662112517323,-0.583075332009818900534552760066
-0.673665850996634016553648535101,-0.582859904250081359411029736711
-0.520045375156634990134305846398,-0.582562347667663944876369722513
-0.806278587976000000000000000000,-0.548214353343000000000000000000
-0.754873538730000000000000000000,-0.544045762420000000000000000000
0.809169196940000000000000000000,-0.543938750084000000000000000000
0.705829598391000000000000000000,-0.541249648189000000000000000000
0.755840651716389447493428193462,-0.541115820809257852266130577463
0.605768873332000000000000000000,-0.541103696424000000000000000000
0.655770353374959396598947714552,-0.541075042155289399080108735790
0.555768600262306932536524940990,-0.540968617518776392397486464255
0.505769268742885571230549184527,-0.540891119262507752660266306115
0.455759967447675523509746837460,-0.540766777281828243796466044868
0.405760711680408018802352963926,-0.540650239356266375671079779669
-0.547177048671975210829868154095,-0.540564592363056138665157861628
0.355750171660112239883198489681,-0.540541949261108032096541076498
0.305750818249012751396646390664,-0.540480168675961568380589912983
0.255751477309907770913994607249,-0.540409006720762299411087606681
0.205752109939056129212474385846,-0.540359804247823585563783336875
-0.597365632251000000000000000000,-0.540236615733000000000000000000
0.155752870253129194458417452439,-0.540236559783622838330921397743
-0.647656362742000000000000000000,-0.540157742637000000000000000000
0.105717916840466969115381685586,-0.540151903521508177579538284058
0.055718529250322233031501432447,-0.540131929057619122618723939334
0.005719148573892027472904166404,-0.540098908728352829552761666145
-0.044280233776400136366900093317,-0.540068528504200450385261014887
-0.094279616270079401452713916883,-0.540038385188415194708254613358
-0.144299610350114089865379161276,-0.539984492787045854390307231671
-0.194298990065679720742267515866,-0.539950048231435030151277878892
-0.244298369795727887274194136465,-0.539915624704950545258054380327
-0.294297749497768904275772038836,-0.539881160522734274744014151157
-0.344346336752368060424514820031,-0.539823617849437227080683951557
-0.394349438322099320639473394413,-0.539791340891295495060592841072
-0.444355841193604662646709593368,-0.539760967630395551160445804484
-0.494355145773638520694510114766,-0.539667694473847912631950277200
-0.698745237856000000000000000000,-0.539605197148000000000000000000
-0.834015642569000000000000000000,-0.505016875601000000000000000000
-0.784038593180000000000000000000,-0.503432055729000000000000000000
0.835990786580000000000000000000,-0.501740512152000000000000000000
-0.730067126706000000000000000000,-0.500631803376000000000000000000
0.784735761790089145073825461603,-0.500311265031777498083110418004
0.680945179876000000000000000000,-0.497873599009000000000000000000
0.730945016819844671855421481249,-0.497755164431999572888798077899
0.580861241670537012077662527143,-0.497721669585694406350878205047
0.630862303506696972571116423490,-0.497721516230298253841091025119
-0.521486064047000000000000000000,-0.497669101966000000000000000000
0.530850009389465764792401063138,-0.497621149457992450639313445534
0.480850722698034231170232294321,-0.497518735021682825282881361815
0.430851480632928007481658878674,-0.497396459579997169074516153384
0.380849195474778816335357899110,-0.497298705142291886652340560206
0.330814471459485149284928392359,-0.497204321108737104633202191773
-0.571989369258000000000000000000,-0.497154933595000000000000000000
0.280812775840445798197776698512,-0.497143888272617729368693582953
0.230813440493024528068948173498,-0.497068900374680588352277149003
-0.622442927897000000000000000000,-0.496979550309000000000000000000
0.180814146222938668343391643618,-0.496970255242583712406469646454
0.130808609893770630979583930664,-0.496903825177220711882486102953
-0.672757137397000000000000000000,-0.496889799537000000000000000000
0.080747127177398337759079943705,-0.496834484138868220013441262380
0.030747739587253601675199701993,-0.496814509674979165052626925343
-0.019251641089176603883397581323,-0.496781489345712871986664642152
-0.069251023439468767723201824922,-0.496751109121560492819164000895
-0.119250400015569911420606520378,-0.496712374512289622829362321677
-0.169269100751263091185139095239,-0.496666324456936893289354021269
-0.219268480466828722062027464193,-0.496631879901326069050324655528
-0.269267860196876888593954068103,-0.496597456374841584157101165935
-0.319268048519217514412122881603,-0.496563458308187279252374871545
-0.369310730283632468817370712651,-0.496502511977300365665849957283
-0.419310340542237694282678056385,-0.496468223289656779383138832695
-0.469309676152729838835614580426,-0.496393411003906236170845249089
-0.859354234166000000000000000000,-0.460577974432000000000000000000
-0.809354053612000000000000000000,-0.460313449780000000000000000000
-0.759231373312000000000000000000,-0.460018617913000000000000000000
0.811556383340195990536204898502,-0.458114186720184983651643235963
-0.704035118418000000000000000000,-0.457879852807000000000000000000
0.759824843237000000000000000000,-0.456938192272000000000000000000
0.861601547797000000000000000000,-0.456332417750000000000000000000
0.656036679151000000000000000000,-0.454520066106000000000000000000
0.605901692511509756191109153015,-0.454398230838771607366933200184
0.706050880550186725583018894190,-0.454393647648607091500669577146
0.555900609868932992025816316696,-0.454349835935211062585326739523
-0.496309384602000000000000000000,-0.454310201889000000000000000000
-0.546309843258000000000000000000,-0.454253339020000000000000000000
0.505901258273568889800658630968,-0.454247383924824299485036325331
0.455902019326876319618348981089,-0.454123839923480893935631130349
0.405902345156989211558622828456,-0.454028867502551565260101026939
0.355903008153879005299730113697,-0.453954991808703097024003751344
-0.597103881385000000000000000000,-0.453874756270000000000000000000
0.305865956754785428394621473634,-0.453874068716232986045846452771
0.255866623737299824788539540898,-0.453797543064971077439363620783
-0.647523063567000000000000000000,-0.453723560103000000000000000000
0.205867328553328828735788956750,-0.453699362237607205845866674710
0.155867975135708183011167323722,-0.453637586930293129136163957505
0.105837234138142324724340665571,-0.453586065773948177220946989872
0.055776452742721218078803172158,-0.453516998331793848631198798826
0.005777065152576481994922914418,-0.453497023867904793670384449775
-0.044222315523853723563674351637,-0.453464003538638500604422176562
-0.094221694422585680281371252170,-0.453428393009793263858029838231
-0.144221073841953450258543616831,-0.453393521146783445228989330083
-0.194237866248629945118869945543,-0.453347738285338106244091357157
-0.244237245964195575995758301842,-0.453313293729727282005062005334
-0.294236625694243742527684921294,-0.453278870203242797111838506762
-0.344236005396311057596890569121,-0.453244406059178825941439391283
-0.394263822276380464981362749623,-0.453174895398838737434203228848
-0.444263183412399768087200152406,-0.453119719691778492547803125174
-0.733207010497000000000000000000,-0.417247265262000000000000000000
-0.834291811139000000000000000000,-0.416975331347000000000000000000
-0.784291402280000000000000000000,-0.416752222091000000000000000000
-0.678761940056000000000000000000,-0.414682371403000000000000000000
0.835027155621771120615941714778,-0.413966004346782886168720211991
0.785013002000000000000000000000,-0.413746267443000000000000000000
0.734865164773765602847545613563,-0.413531976328756008926509023551
-0.883975489589000000000000000000,-0.411353219409000000000000000000
0.680941809330145531038908494934,-0.411156236754386955594523896262
0.630942431487935534706973515673,-0.411119172477149357701767002367
0.580943060489988433375854500701,-0.411073805326330965872947341572
-0.471259561954757112350200725525,-0.411034868450904716036141353080
-0.571392080646000000000000000000,-0.410991370068000000000000000000
-0.521260652601000000000000000000,-0.410980667427000000000000000000
0.530943773798590019707222466715,-0.410971390873851999737650798250
0.480944540839146855660608652342,-0.410845447092507012797347532508
0.430945234557112278124848137366,-0.410753090804011181355711823158
0.380945899739774827962072287325,-0.410677750293566245169647582417
0.330946541364111532360664739161,-0.410620127462017068580165928570
-0.622187396315000000000000000000,-0.410616932677000000000000000000
0.280941407682674632428783779184,-0.410530026312222398027896303642
0.230941685720542809157546868737,-0.410441810630752340007907587191
0.180920374991556833555673216744,-0.410367315151259875555452091029
0.130897185954161929957850254439,-0.410320167270074450501879351539
0.080865959742101639950314354310,-0.410268231911273044209652648423
0.030806901750240239100119405830,-0.410198864927841419646521854678
-0.019192485839904496983760836952,-0.410178890463952364685707519300
-0.069191865975294969952831237205,-0.410145060810574546551635911349
-0.119191245394662739930003599855,-0.410110188947564727922595409684
-0.169190624223675092982971635672,-0.410074480662274151704022124791
-0.219203083998364419523914783356,-0.410027107391073998811245064018
-0.269202463713930050400803154034,-0.409992662835463174572215699227
-0.319201843443978216932729756797,-0.409958239308978689678992211623
-0.369201212268244916694545469046,-0.409910536649992927843784096628
-0.419215719280404176054277542673,-0.409846590628523529014401507070
0.884828256156885598217962305666,-0.409517460331023619005667279963
-0.753626723838000000000000000000,-0.371567510515000000000000000000
-0.653324966048000000000000000000,-0.371494793832000000000000000000
-0.703626299505000000000000000000,-0.371302051273000000000000000000
-0.854217760612000000000000000000,-0.371116484514000000000000000000
-0.804217411709000000000000000000,-0.370893721947000000000000000000
0.856071448867996378953612315690,-0.368610994919646779874665358882
0.806072432709923624063507577942,-0.368382264736638083871328060564
0.756073207438585851615912450538,-0.368253304918301713931251870426
0.706074134966038846703909279981,-0.367932338659696944853177321374
0.656030859563911554946157369942,-0.367804377046723957735030526031
0.606031482013077174798399209057,-0.367766921768776573385677961476
-0.446208174441217446111729976111,-0.367759222894722307626631872097
-0.596472286739000000000000000000,-0.367735446454000000000000000000
0.556032110661850685392393669624,-0.367721945654239262183009299019
-0.546335820856000000000000000000,-0.367721587756000000000000000000
-0.496212111122000000000000000000,-0.367706623208000000000000000000
0.506026462345914142714424161681,-0.367592281059289378301871711956
0.456023942635925947768944044712,-0.367498061507218732259790701806
0.406020684856660678608177676457,-0.367409048761321563560549570837
0.356021352511721702026499444356,-0.367332084944718203153793499168
0.306021992292000736394827044707,-0.367276085058006480562215795379
0.256017363890295084649921129419,-0.367185024773551434638545756109
0.205988113926738049983347515683,-0.367105927944579519407464083440
0.155948982155897786290993992491,-0.367049545996103585360734461835
0.105926067066472217614172798345,-0.367002423479443699489406527444
0.055895812689835174980673694439,-0.366949752726158011611089941927
0.005837411959800147919734485924,-0.366880696245707185801554802487
-0.044161975630344588164145768363,-0.366860721781818130840740455092
-0.094161355765735061133216149014,-0.366826892128440312706668853138
-0.144160734594747414186184193893,-0.366791183843149736488095569984
-0.194160110330645852182116611725,-0.366751379456737856191824176322
-0.244164260098848063551943339741,-0.366704147588570070203164890011
-0.294163639814413694428831697774,-0.366669703032959245964135539154
-0.344163017212017396956762824428,-0.366632043761549701878814898114
-0.394162378343259431182030091224,-0.366576863725573074049446519415
-0.903901585993000000000000000000,-0.365494306405000000000000000000
0.905547857327240434892440975648,-0.361398217067614297025136649438
0.831427437816000000000000000000,-0.324960442607000000000000000000
-0.671674414177000000000000000000,-0.324957464875000000000000000000
0.781327520637000000000000000000,-0.324920833502000000000000000000
-0.771685659115000000000000000000,-0.324907754755000000000000000000
0.731328001973859189533310944002,-0.324779339233005289925209604812
-0.721681322617000000000000000000,-0.324674792929000000000000000000
0.681162661956343394224559346609,-0.324580174718902055245982447566
-0.621672237231000000000000000000,-0.324549219480000000000000000000
-0.421149206533668764350337963827,-0.324485887702320118238194090176
-0.571416002165000000000000000000,-0.324465759141000000000000000000
-0.521286531446000000000000000000,-0.324447813805000000000000000000
0.631140309074943090650816234584,-0.324440801839819732304577657551
-0.471163260430949916552511635926,-0.324432754753252649396360117891
0.581140931917364059088927518719,-0.324402825230028219498589552526
0.531141560099862699022781925186,-0.324358370489248003931629732361
-0.871793059227000000000000000000,-0.324306255355000000000000000000
0.481106587952364310065625877527,-0.324245315209457710406518642176
0.431099392935474348252273571700,-0.324154019464529114464628462421
-0.821792965977000000000000000000,-0.324084485896000000000000000000
0.381097219234324929430240977893,-0.324064383348597759939502615325
0.331097889482650280888023525230,-0.323985752870859019760548124466
0.281098527424498374613494667334,-0.323931419211248559405486641406
0.231064232573185884462874832362,-0.323849397431858109979930381056
0.181015115396568337009432990519,-0.323787228412209886041121212023
0.130977704333578504306112791111,-0.323731710189666992206955519755
0.080955920515462263178163054693,-0.323683944584662826220850503308
0.030925693181550331782815144549,-0.323631218749359276788442699949
-0.019127163264919022517695993007,-0.323559695077473955838495209304
-0.069126550855063758601576235788,-0.323539720613584900877680873614
-0.119125930990454231570646632584,-0.323505890960207082743609261677
-0.169125309819466584623614659053,-0.323470182674916506525035986516
-0.219124682277866372146133451759,-0.323426454709723942122911200675
-0.269127135610798649114984051337,-0.323382166971987165809931191933
-0.319126515326364279991872420286,-0.323347722416376341570901830097
-0.369125881570864925002976741231,-0.323297388362133112763600756303
-0.921469222016000000000000000000,-0.318620421601000000000000000000
0.895831997740601839050473298953,-0.312351899867834148925545537448
0.806413116650000000000000000000,-0.281659595534000000000000000000
0.856412939948000000000000000000,-0.281593176028000000000000000000
0.756413631433504721751648046675,-0.281528323603518722946698581781
0.706404247715552091896094483615,-0.281419990443006756794216680846
-0.696576021151000000000000000000,-0.281394047608000000000000000000
-0.746576842496000000000000000000,-0.281312345207000000000000000000
-0.596574719631000000000000000000,-0.281255481831000000000000000000
0.656271354568167710222630217706,-0.281216159437756975251392991338
-0.396110547953419495126406212328,-0.281205026363892192654231684648
-0.546366719684000000000000000000,-0.281191909695000000000000000000
-0.646575554046000000000000000000,-0.281190677466000000000000000000
-0.496234396502411721401362858490,-0.281173336189719299093838925492
-0.446110237020516248843545599137,-0.281162844002651491127935668407
0.606220638569057341016972011551,-0.281093954431423179326816063330
0.556221261411478309455083308364,-0.281055977821631666520827969354
0.506221889593976949388937702058,-0.281011523080851450953868137304
-0.796576075773000000000000000000,-0.280908282090000000000000000000
0.456182038251912710548955407431,-0.280901273166768092611356383835
-0.846916871290000000000000000000,-0.280853710317000000000000000000
0.406175927313138599074336875432,-0.280809354051805310843581498942
0.356176642105514695080562648728,-0.280706217756503636997640586392
0.306176087426625284594382544436,-0.280640130939122530234424702168
0.256152346739694867109258836085,-0.280599823030056901164664768660
0.206091233347764148312328105692,-0.280530697496445937306753213400
0.156041350172319680420000076117,-0.280467951503685035319239963294
0.106007547378310447896816104321,-0.280413225271328661205167346092
0.055986109632630398365577299813,-0.280365589369132266676284352555
0.005960482712442920231416050088,-0.280309849092970355218779416609
-0.044091313959774672006991630973,-0.280238449268364711257753335154
-0.094090701549919408090871888136,-0.280218474804475656296938986448
-0.144090081685309881059942268213,-0.280184645151097838162867385494
-0.194089458517826061456022946978,-0.280146242953617200744248026799
-0.244088832029916351599726211657,-0.280103736869217682243396196983
-0.294091178880643109833327984359,-0.280060859258691384228398764886
-0.344090551432373759814355015706,-0.280017238140287959953194187536
0.933936358267000000000000000000,-0.279978626443000000000000000000
-0.909561495502000000000000000000,-0.270058292088000000000000000000
0.895615041319000000000000000000,-0.247862235960000000000000000000
0.781568212705000000000000000000,-0.238258665343000000000000000000
0.731509191586083388914589091220,-0.238172723800783902583722463049
0.681509774489686888425213993113,-0.238054123825036031976550619716
-0.721517882753000000000000000000,-0.238033870429000000000000000000
-0.571507247022000000000000000000,-0.237971163442000000000000000000
-0.371072628761903975783799313786,-0.237923216458438901168380401474
-0.521314889492000000000000000000,-0.237919125102000000000000000000
-0.621508112387000000000000000000,-0.237914856773000000000000000000
-0.471181454421000000000000000000,-0.237901958774000000000000000000
0.832115372825730569361424684772,-0.237894458144103391129326064430
-0.421073861797677786329937766303,-0.237883298324930156932051878756
0.631350668685261172275971787570,-0.237868721699517437168202841057
-0.671517329188000000000000000000,-0.237852749640000000000000000000
0.581296089021003176946749843851,-0.237749912301098969565983483505
0.531296713059462908994026085660,-0.237710392365923163977317403904
0.481297339893525349872267235405,-0.237667481038161833158705894939
-0.821669757501000000000000000000,-0.237660221787000000000000000000
-0.771517396025000000000000000000,-0.237640792720000000000000000000
0.431258572629576961371018705651,-0.237556607754044288990309438309
0.381259288773419465665037237665,-0.237452818351331292235812176612
-0.871684237270000000000000000000,-0.237418089976000000000000000000
0.331242037396000000000000000000,-0.237366625089000000000000000000
0.281201626668000000000000000000,-0.237324346270000000000000000000
0.231181556004059084449146698689,-0.237282404265709766273062088459
0.181117424397640431936929668513,-0.237211395239750531421219446427
0.131069918310735795892895036582,-0.237148728029198965017826607529
0.081037426822280586836210506590,-0.237094690771665353458260025688
0.031021534870239242674567850191,-0.237044587934473468304831349209
-0.019004460496322535326788902081,-0.236988143585375525837597247136
-0.069056986740706170446381942753,-0.236918080606911895829378703401
-0.119056374330850906530262187327,-0.236898106143022840868564368414
-0.169055753623220982742478283011,-0.236863052663288136842888276058
-0.219055128875666720862095270437,-0.236822645561885340636805687631
-0.269054503515343059942379864717,-0.236781487208934184594746359732
-0.319053875112661489176967717281,-0.236736785508807223999349003827
-0.946040709350000000000000000000,-0.235862571940000000000000000000
0.947061388326622064574498794881,-0.231732325520769035045553667515
0.908740785577000000000000000000,-0.199614996526000000000000000000
-0.906978043934000000000000000000,-0.199369095519000000000000000000
0.858661356177000000000000000000,-0.195523317741000000000000000000
0.756611463601399451896673998870,-0.194922919196306622089672620709
0.806610843764877795764873993343,-0.194889131081600501325511386184
0.706612193174615304554862934533,-0.194812850317711067649775458019
0.656587759573255305839580754033,-0.194705908979771628538174568156
-0.546446560899000000000000000000,-0.194693918887000000000000000000
-0.496260309981000000000000000000,-0.194645357815000000000000000000
-0.346036801412400696230555094818,-0.194643308025097597397308299356
-0.596449563447000000000000000000,-0.194635623569000000000000000000
-0.446135525804477031208125803506,-0.194618391580791318870061801867
-0.396038676874340206913020837065,-0.194603064103948659889387309889
-0.646450401274000000000000000000,-0.194579303993000000000000000000
0.606425906740308736128606040605,-0.194524556087839101991412950418
-0.696451233227000000000000000000,-0.194511399341000000000000000000
0.556372623412700459525216397850,-0.194405246880306081062251626274
-0.796606480598000000000000000000,-0.194389853753000000000000000000
-0.746451902880000000000000000000,-0.194376414749000000000000000000
0.506373247626501684977141975884,-0.194365505727746424148665205376
0.456373874271189600694330532343,-0.194322815625438029537658927553
0.406337295240631780472559723099,-0.194197382276784726545263908949
0.356324881510000000000000000000,-0.194112201209000000000000000000
0.306261744665000000000000000000,-0.194052957959000000000000000000
0.256228320242000000000000000000,-0.194007055220000000000000000000
0.206210879685847546331710166220,-0.193964919544412333148135678954
0.156145291388089576993208054823,-0.193891765313351146719237821398
0.106098684472102454499431792695,-0.193829548643411897174681206943
0.056071755099835845778563823788,-0.193773054279916732642169012016
0.006057384721913042801168164068,-0.193723341810423065278048611145
-0.043971136264583053085323848888,-0.193667193167943424874289562253
-0.094021436669770310704758038998,-0.193597007234845310609280965334
-0.144020824141777076074152404282,-0.193576739209287429112817427082
-0.194020202330501410424140109220,-0.193540145362203570475262794143
-0.244019578666887490780525134318,-0.193501102550281842716429011995
-0.294018950264205920015112992743,-0.193456400850154882121031670091
-0.848675316633000000000000000000,-0.193025814459000000000000000000
-0.956888432757000000000000000000,-0.187052620163000000000000000000
0.957695986345837414314911359063,-0.182876983097054225366888726961
-0.881644306133000000000000000000,-0.155434167835000000000000000000
0.887221273430000000000000000000,-0.154482406067000000000000000000
0.833142598871000000000000000000,-0.152509588296000000000000000000
0.731691837756147882851446058368,-0.151556558369748472204512546682
0.781691227289561300969327276885,-0.151542252611613048134338045946
0.681692528185886188722985158711,-0.151465999737556626518371039024
-0.521371996739000000000000000000,-0.151407848833000000000000000000
-0.471214354629000000000000000000,-0.151362665611000000000000000000
-0.321000634623064599821062616139,-0.151362127278472379843228192465
0.631661539917757332248817688200,-0.151360891084714277364432296363
-0.571372926982000000000000000000,-0.151349635877000000000000000000
-0.421099360085000000000000000000,-0.151334750954000000000000000000
-0.371002889208794537767858411159,-0.151323178541086569201915075370
-0.621373848176000000000000000000,-0.151289764409000000000000000000
-0.671374675827000000000000000000,-0.151233399237000000000000000000
0.581502244205189456145541648058,-0.151179776180793371327504169220
-0.721375598446000000000000000000,-0.151119149782000000000000000000
-0.771527795577000000000000000000,-0.151118063405000000000000000000
0.531462854251285801108320394254,-0.151052708792049214165883438293
-0.821528653381000000000000000000,-0.151036257251000000000000000000
0.481463478465087026560245956970,-0.151012967639489557252297006292
0.431464105109774942277434528870,-0.150970277537181162641290739498
0.381402259007617920797303322608,-0.150856148980740090420422057078
0.331344791449000000000000000000,-0.150798728830000000000000000000
0.281286534315000000000000000000,-0.150736369029000000000000000000
0.231255696860402908729418826138,-0.150690258470501842628035453212
0.181241327156857038871241339082,-0.150646787026138754559227014238
0.131173342025530896559640440105,-0.150572171157634733262242381018
0.081132291481320492124082723611,-0.150507494366273970188538123391
0.031106563585018369545330958007,-0.150451205317607224365672806277
-0.018908287415534713217172199001,-0.150402972778128431699807686898
-0.068935932002556397543624215474,-0.150345919225872448768215169154
-0.118986585548903866267138112358,-0.150276336651261038618975507585
-0.168985972545214021023088262398,-0.150254927262243716940021468924
-0.218985350037296324860324621368,-0.150217393637577252138581605293
-0.268984724160030956206408116510,-0.150175612020308308858347647579
-0.930459029912000000000000000000,-0.144607725951000000000000000000
0.950058393133558535174762681604,-0.133464370048435973947866645510
-0.968522054578000000000000000000,-0.112184066544000000000000000000
0.906764551422375489884420634038,-0.108452724195838543985191488888
0.856765161818438955306329425846,-0.108438667080548333485454176568
0.806766006544602187549541602476,-0.108284945671863570759669680713
0.706767300240944986494409455607,-0.108208688624224934714038364783
0.756766690665573715830142572515,-0.108197939937234072065200178099
0.656767983889863423948799044286,-0.108121954587105726828732330994
-0.496286531471000000000000000000,-0.108102123595000000000000000000
-0.295964535519258523603090308255,-0.108080137947799964952223386845
-0.446177536511000000000000000000,-0.108077712933000000000000000000
-0.546287362188000000000000000000,-0.108057012164000000000000000000
-0.396058732800000000000000000000,-0.108051615678000000000000000000
-0.345968033908683756816221932749,-0.108042753653254862124144286235
0.606736871965640633968213726110,-0.108015523376416068311427544346
-0.596288329533000000000000000000,-0.107998594378000000000000000000
-0.646289075234000000000000000000,-0.107938644187000000000000000000
-0.696289749339000000000000000000,-0.107866513722000000000000000000
-0.746450932145000000000000000000,-0.107860238861000000000000000000
-0.846715368670000000000000000000,-0.107842254542000000000000000000
0.556592163883173879866700441908,-0.107827057197267856538044800953
-0.796469355795000000000000000000,-0.107768247263000000000000000000
-0.896716058468000000000000000000,-0.107709222655000000000000000000
0.506539001436050806111855582493,-0.107708266020071746872724373820
0.456531228859611441317910783174,-0.107673354258899858936825545059
0.406531855504299357035099344770,-0.107630664156591464325819268464
0.356418194954863687052040788275,-0.107539962893091632819724408948
0.306369662186000000000000000000,-0.107482084169000000000000000000
0.256311171746000000000000000000,-0.107419841203000000000000000000
0.206286144331412401268950001235,-0.107372125952228264039126806429
0.156271835667735666952881587411,-0.107328619323159644513926550600
0.106206453930398586904942493088,-0.107249829891108773235847146633
0.056166388676601358803601584057,-0.107185233414181840682155412501
0.006139394702662595084699385618,-0.107129969890941761474111832143
-0.043872737135206027662149404970,-0.107081899285395937733052525275
-0.093901080881689953106004284443,-0.107025248642288176777909727267
-0.143952101166619929836319264727,-0.106955877416503353386069416305
-0.193951487818125767928726575924,-0.106933677372654075934346101729
-0.243950864136457217748869913151,-0.106894611446282253223471647549
0.971014680402374814614540774772,-0.088068630355425399349413707182
-0.922986407097000000000000000000,-0.065163451763000000000000000000
0.881841186304700649614793689527,-0.065108000992433540699799155043
0.831841859220827146313808466600,-0.065027692035519314904452426321
0.781842544053163683661576137826,-0.064940278458853559014616491058
0.681843838214859936865088006164,-0.064864016703245577330002246354
0.731843228588799122539378876369,-0.064853034756032404251399282091
-0.471230606312000000000000000000,-0.064806156640000000000000000000
-0.270930085220627884283568800255,-0.064798759060801708603788167053
-0.421137309750000000000000000000,-0.064794855647000000000000000000
0.631844521856068120090638098578,-0.064777287110947934181138531739
-0.521231457020000000000000000000,-0.064769007865000000000000000000
-0.371017458031000000000000000000,-0.064768849850000000000000000000
-0.320933912522684227102983528408,-0.064761904253089803905476902640
-0.571232572150000000000000000000,-0.064723126939000000000000000000
-0.621233371795000000000000000000,-0.064664917152000000000000000000
0.581826605706405575794275983774,-0.064662695691059264222884962990
-0.721363738972000000000000000000,-0.064607232781000000000000000000
-0.671234174436000000000000000000,-0.064596975352000000000000000000
-0.821655990957000000000000000000,-0.064574250759000000000000000000
-0.771380672877000000000000000000,-0.064517490139000000000000000000
0.531671695688863365501024997378,-0.064480668381761147179256413680
0.481623888523071402390402987967,-0.064358798815707930539634889400
0.431592998260068225452546184869,-0.064337182151378254363862339913
0.381553335754306023442059351488,-0.064317701784249393525047991856
0.331467320643069194055949743352,-0.064206422394605621542302916953
0.281394428474272093012039499633,-0.064166030447174994792816678666
0.231339869390000000000000000000,-0.064101015654000000000000000000
0.181316652842291029350590247855,-0.064053958249249153993826325827
0.131307258393315647138355241272,-0.064007619336106730351089651103
0.081236914939855927817688674115,-0.063925461440069563920422195863
-0.872655844882000000000000000000,-0.063877814341000000000000000000
0.031199163842273229532294349332,-0.063863965579957073822230734095
-0.018825751911975098336614781042,-0.063808493022472994959527221307
-0.068837886014339583224529472740,-0.063761228701811665742747065412
-0.118866596499406016675185441418,-0.063704789407530491545003619997
-0.168917574873022134400985201681,-0.063635394028345422248700935171
-0.218916961524527972493392496734,-0.063613193984496144796977631511
-0.972996795943000000000000000000,-0.062379705173000000000000000000
0.931289699494735536019455077531,-0.057706399701923969041240844676
0.974459132818775491272153622832,-0.032480635395366363487949552112
0.806941435293000000000000000000,-0.021664696843000000000000000000
0.756940640536000000000000000000,-0.021579206048000000000000000000
-0.245895752155690945670980401060,-0.021517065724897257099429883038
-0.446177068355000000000000000000,-0.021515541484000000000000000000
-0.396093703608000000000000000000,-0.021510666180000000000000000000
0.656934077045052680846914794175,-0.021507235146860721973261823430
0.706934991433000000000000000000,-0.021497076127000000000000000000
-0.345979134675000000000000000000,-0.021484157317000000000000000000
-0.295900085458606383765469947980,-0.021480884615209612197339425480
-0.496180699145000000000000000000,-0.021475155766000000000000000000
-0.546181773189000000000000000000,-0.021438037287000000000000000000
0.606934753506317598522373147137,-0.021424748556320083279461285217
-0.596182496781000000000000000000,-0.021392201142000000000000000000
-0.696293703135000000000000000000,-0.021329117441000000000000000000
-0.646185955307000000000000000000,-0.021322429020000000000000000000
-0.796561288742000000000000000000,-0.021319929935000000000000000000
0.556906428332641183020815277728,-0.021316139679896759108011712911
-0.746294502502000000000000000000,-0.021265002375000000000000000000
-0.846566712733000000000000000000,-0.021218402049000000000000000000
0.506752958835790399104599202156,-0.021133008093187285375924065173
-0.899318099383000000000000000000,-0.021072861877000000000000000000
0.858219720428000000000000000000,-0.021036079786000000000000000000
0.456689029513047398340191778435,-0.021020686668096426175202739194
0.406626942561000000000000000000,-0.021016543848000000000000000000
0.356606476365637615129115400524,-0.020986496342781070770802720549
0.306456839870798192147034461068,-0.020901556645220511763367672266
0.256423556477219650912956092051,-0.020847811024496523975176728271
0.206370289219000000000000000000,-0.020781159868000000000000000000
0.156352075567871009536063903370,-0.020732958262196239830989443261
0.106343102900488686910787873502,-0.020686376291860128251777816662
0.056267909122126561373547943883,-0.020603161513659850300884693130
0.006233463210140127302872907883,-0.020542167828018605159821357178
-0.043791063764144575917359937034,-0.020487728109233493720564392768
-0.093803401632055646793710630898,-0.020440769467053980509840976126
-0.143832070205808221239851373963,-0.020384306019372560407635154737
-0.193869565289701122716524328595,-0.020307143052628816230573594739
-0.957247739842000000000000000000,-0.014919409201000000000000000000
0.918950898335000000000000000000,-0.009252837252000000000000000000
0.974842243929744584111910245171,0.017517288403981336243980075021
-0.872794758506000000000000000000,0.021356409539000000000000000000
0.832054348621000000000000000000,0.021572180587000000000000000000
0.782053655967000000000000000000,0.021702169536000000000000000000
-0.220875314546625273862867143144,0.021771695636679943643261893796
-0.371055999994000000000000000000,0.021773582916000000000000000000
-0.421120155531000000000000000000,0.021775669585000000000000000000
0.732052462768000000000000000000,0.021787453413000000000000000000
-0.320939031837000000000000000000,0.021799547366000000000000000000
-0.270874695025548074295441096532,0.021805013689454468464184493084
-0.471121128844000000000000000000,0.021818944355000000000000000000
0.632042541274000000000000000000,0.021857760659000000000000000000
-0.521121997374000000000000000000,0.021861001317000000000000000000
0.682044217530000000000000000000,0.021867239105000000000000000000
-0.571122784330000000000000000000,0.021897383091000000000000000000
0.582022498971511317214336891279,0.021926361375972895634902418471
-0.621123870536000000000000000000,0.021943789026000000000000000000
-0.771451781810000000000000000000,0.021945811155000000000000000000
-0.671237548971000000000000000000,0.021950021438000000000000000000
-0.721238372671000000000000000000,0.022004738691000000000000000000
0.531984714773112508464105602961,0.022032923504406407434703852081
-0.821471230698000000000000000000,0.022034217406000000000000000000
0.481823633718346990672982929173,0.022208287544547545552355203674
0.331604923925603043257179608274,0.022313174948776425761087175576
0.431760150558389589791895768374,0.022320865593362162485226898516
0.381697344572000000000000000000,0.022325211944000000000000000000
0.281484962156138545658740038182,0.022417597917150087556037240031
0.231455082308386933623663440125,0.022470943067109809317589624157
0.181406493403000000000000000000,0.022541980973000000000000000000
-0.924074897867000000000000000000,0.022545245857000000000000000000
0.131387920075044049308496533899,0.022588284782050362268322408141
0.081377426498772137460621462362,0.022633990282921998101917832109
0.031298439162744822667823373841,0.022720820266472457611646961235
-0.018732608390504131529800894342,0.022779037111383559372758610799
-0.068756579381860639486541093446,0.022832731125524191512341715466
-0.118768875338457851358376563966,0.022879713921103950627527504116
-0.168784060622487209555390505055,0.022943944956344045610492202866
0.881975003743000000000000000000,0.024404088000000000000000000000
-0.974471280350000000000000000000,0.032025693552000000000000000000
0.929945553328000000000000000000,0.039523315880000000000000000000
-0.847403688418000000000000000000,0.064787427384000000000000000000
-0.897433170491000000000000000000,0.064894432686000000000000000000
-0.195789809879411360701733315508,0.065022783645652805484327674059
0.757130838532000000000000000000,0.065048930850000000000000000000
-0.346013787084000000000000000000,0.065058594915000000000000000000
-0.396074169901000000000000000000,0.065065380290000000000000000000
-0.295899714549828261209222360503,0.065091126429894935761979344625
-0.245835915560199354122987360273,0.065094986779088454013341019703
-0.446079963950000000000000000000,0.065101149513000000000000000000
0.707123675788000000000000000000,0.065130745545000000000000000000
-0.496081163103000000000000000000,0.065144294587000000000000000000
-0.546082011974000000000000000000,0.065186337639000000000000000000
0.607115094952000000000000000000,0.065201157669000000000000000000
0.657116029012000000000000000000,0.065210911817000000000000000000
-0.646174628770000000000000000000,0.065216356966000000000000000000
-0.596083024806000000000000000000,0.065222611700000000000000000000
-0.746355713877000000000000000000,0.065239012910000000000000000000
0.557095797680791953910183343817,0.065269166097540888804067172285
-0.796378643697000000000000000000,0.065290189668000000000000000000
-0.696232733820000000000000000000,0.065303857634000000000000000000
0.507054519713000000000000000000,0.065375123463000000000000000000
0.456895133166330087075825252745,0.065550102895874213261636278545
0.808316185961000000000000000000,0.065578794995000000000000000000
0.356652904692000000000000000000,0.065601471211000000000000000000
0.306635085541743818419830645745,0.065631142692573890630596087123
0.406871576527940416630189776733,0.065685575221117980014414524576
0.256529557554151101028866166141,0.065750114163419179420731099304
0.206501505276597400185086470902,0.065798280299938610892055059681
0.156453679861000000000000000000,0.065871461064000000000000000000
0.106422243673327499858330124406,0.065908651356832488622018039981
0.056412970251621434470790996902,0.065955060014091210458655330227
0.006330672144596538824293614287,0.066043007423729731625737547953
-0.043699188901858670406572973969,0.066100113074302115969823665774
-0.093721503805947755014115288854,0.066153531058908913089913328740
-0.143720865755136839673915690969,0.066207964896820556645654844457
0.972591778542000000000000000000,0.067509030729000000000000000000
0.858236763827000000000000000000,0.068410740703000000000000000000
-0.971542970350000000000000000000,0.081944889939000000000000000000
0.926641113797000000000000000000,0.089414857899000000000000000000
0.782282899215000000000000000000,0.108267861196000000000000000000
-0.170726615012060990820258504456,0.108286803586129316519490335145
-0.220750410892985440961853537319,0.108346074788061315854406816232
-0.320973547837434453502335381206,0.108348981700747867185042131882
-0.371020082667000000000000000000,0.108357145300000000000000000000
-0.270868728265394603271725042102,0.108376593108282642166119505703
-0.421029809789000000000000000000,0.108393210825000000000000000000
0.732258784246000000000000000000,0.108424821871000000000000000000
-0.471035915590000000000000000000,0.108428192881000000000000000000
-0.821638669163000000000000000000,0.108441070641000000000000000000
-0.521045004713000000000000000000,0.108467433766000000000000000000
0.682230069065000000000000000000,0.108494288870000000000000000000
-0.621125188642000000000000000000,0.108499743232000000000000000000
-0.571066444129000000000000000000,0.108515290947000000000000000000
-0.871644199968000000000000000000,0.108523768431000000000000000000
-0.671126202272000000000000000000,0.108546339612000000000000000000
0.582205915714000000000000000000,0.108555758898000000000000000000
-0.771319020974000000000000000000,0.108562206920000000000000000000
0.632207134077000000000000000000,0.108564833066000000000000000000
-0.721305895728000000000000000000,0.108567145985000000000000000000
0.532176302702455997606389545437,0.108616114414503366192016914919
-0.921669878286000000000000000000,0.108643078845000000000000000000
0.482119258447818254440938395081,0.108720493931310950151563971017
0.381698606313525002172545971480,0.108885815138887898078267883038
0.431998764171495901776836684476,0.108912460367913829615297195724
0.331699235064135151248972643535,0.108930904321788814045712746143
0.281685062375664957788946528838,0.108960526514419952992610112601
0.231590888516017388450521623958,0.109087677665967346366107606983
0.181566472399591901608876764668,0.109136292411610068853905969218
0.131504817079000000000000000000,0.109203214034000000000000000000
0.081457787426176796868499656678,0.109229721088001700978755556056
0.031447817574864512287847232471,0.109275728409153442896994016371
-0.018638569783940056947390025136,0.109365625064747105856447644623
-0.068665190790362353268036485156,0.109421536980533411792562204853
-0.118674990564286794403650000085,0.109482013636141093011788186080
0.832196090258000000000000000000,0.111272299521000000000000000000
0.882186375855000000000000000000,0.112302635230000000000000000000
0.967868570677000000000000000000,0.117705721100000000000000000000
-0.966069703654000000000000000000,0.131647313096000000000000000000
-0.145680739821210945549992809971,0.151560852325449852885623658278
-0.195687216025635071080378726753,0.151610094728537826889569460069
-0.245783223598180690110591217557,0.151627681117255504007185287301
-0.295938243553950023809340862757,0.151636950961236345213237664613
0.757412872496000000000000000000,0.151644869520000000000000000000
-0.345968501465882597793363282794,0.151652462524816202586197104469
-0.395986842488000000000000000000,0.151678611681000000000000000000
-0.445992109649000000000000000000,0.151717247236000000000000000000
0.912946071954000000000000000000,0.151723632282000000000000000000
-0.495998765197000000000000000000,0.151751912551000000000000000000
0.707313170896000000000000000000,0.151758468381000000000000000000
-0.796453274979000000000000000000,0.151786503802000000000000000000
-0.546020896620000000000000000000,0.151791256228000000000000000000
-0.596067903284000000000000000000,0.151816746714000000000000000000
-0.696173773283000000000000000000,0.151820789657000000000000000000
-0.646076260342000000000000000000,0.151829991916000000000000000000
0.657304880766000000000000000000,0.151839668592000000000000000000
-0.846458698485000000000000000000,0.151846632877000000000000000000
-0.746313470931000000000000000000,0.151887001599000000000000000000
0.557274440864000000000000000000,0.151896817349000000000000000000
0.607275320572000000000000000000,0.151906422028000000000000000000
-0.896463476050000000000000000000,0.151933442425000000000000000000
0.507238036784006565980334007610,0.151952266197390487477101908188
0.457217315483677967994358761618,0.152086107747809442050016833761
0.406867641860168626065104566848,0.152137058107416686691159861908
0.306759157934960597805284013847,0.152266013773128053267742069143
0.356841455395488615748712973022,0.152268544497547317560099922207
0.256747813214705057321234135892,0.152297263385727324587592247533
0.206647285171453274629979165507,0.152430222318868010399007605324
0.156610169210454347438237036682,0.152462059450412392145396601812
0.106538333937000000000000000000,0.152524793112000000000000000000
0.056492634749419874685555891585,0.152550389483063933417094225276
0.006482296165408934392397271989,0.152596184306139825716641224098
-0.043604612414866886571584876105,0.152687072570126846175958896947
-0.093618383274985965956133781690,0.152749849143807566577950428935
0.807328833668000000000000000000,0.154665792906000000000000000000
0.857319388348000000000000000000,0.155681425077000000000000000000
0.960553692772000000000000000000,0.167168622087000000000000000000
-0.940902254265000000000000000000,0.174852480271000000000000000000
-0.120624132531910117102476587228,0.194828687833116326451785917532
-0.170641340834785025810113032926,0.194884143467858363255702802435
-0.270852738886736110648207042242,0.194888038970209207054303461199
-0.220720028730830320229116409242,0.194891701057732015042347947116
-0.320909915599611937888270273336,0.194953861673019963932921057448
-0.370927395788381645110105243830,0.194976736928054070503008796209
0.732467926701000000000000000000,0.194978899253000000000000000000
-0.420948860676000000000000000000,0.195002745512000000000000000000
-0.470963955404000000000000000000,0.195035801347000000000000000000
-0.520975230858000000000000000000,0.195067140429000000000000000000
-0.571018356416000000000000000000,0.195095013013000000000000000000
-0.671109641853000000000000000000,0.195112478973000000000000000000
0.682401470874000000000000000000,0.195116529297000000000000000000
0.888044784870000000000000000000,0.195128062803000000000000000000
-0.621064389383000000000000000000,0.195134391166000000000000000000
-0.721146734813329386742285402629,0.195137703417782662955078627661
-0.821333367150000000000000000000,0.195157677595000000000000000000
0.632384636160000000000000000000,0.195187909088000000000000000000
-0.771329496571000000000000000000,0.195209517957000000000000000000
-0.871335842520000000000000000000,0.195219428470000000000000000000
0.532355624338469791431742908390,0.195245122003320669370638890899
0.582356515908000000000000000000,0.195254666927000000000000000000
0.432086193172350692282626639306,0.195310705487312299125879483852
0.482343519857285921883097983782,0.195313564440800433049944032357
0.381967811349429676657710641900,0.195495913083254425038450964027
0.331908875105368777039389788887,0.195607967641440855472263168826
0.281835683274433402312762360083,0.195610673988831508379021149273
0.231812384440416920491466634491,0.195635047710853249517191881983
0.181699493749520729375205174150,0.195762989322084290440040170085
0.131653757080827170423937295520,0.195787763737647292276902199092
0.081582579453473733206567793019,0.195851797538372420292318661065
0.031546833950156133658615973359,0.195882204363728458772077242953
-0.018482630182539474176952722956,0.195916983130841089872365908737
-0.068544895931000000000000000000,0.196023900591000000000000000000
0.782354383375000000000000000000,0.198447568032000000000000000000
0.832352199838000000000000000000,0.199002518059000000000000000000
0.950726156374000000000000000000,0.216194188889000000000000000000
-0.948868829111000000000000000000,0.224214542918000000000000000000
-0.900275652104311454529926265947,0.235993858945819590370783460351
-0.095566365740463745830845192266,0.238095851846883331403263806994
-0.145585440938829083392943133527,0.238152388622620095149103268766
-0.245785217066181307164606333166,0.238154566104814968432613918789
-0.195669139640495663768239329440,0.238168649302043374298390311141
-0.295824410932398024727136447774,0.238204949681992825773986837143
-0.345874272976572919532540660178,0.238274988379560052611577754079
-0.395898079238969558863988846287,0.238294217537840946419433165883
-0.445918447009000000000000000000,0.238322582812000000000000000000
0.707559655027000000000000000000,0.238333989082000000000000000000
-0.495943544188000000000000000000,0.238354784272000000000000000000
-0.545964781159000000000000000000,0.238375464367000000000000000000
-0.596001419682000000000000000000,0.238411402332000000000000000000
-0.696087190860127788141118014571,0.238426502441907166034225289825
-0.746146453147160845846549201631,0.238438433684116720576341566661
-0.646037710471000000000000000000,0.238457180939000000000000000000
0.657462742205000000000000000000,0.238459140837000000000000000000
-0.846277531411000000000000000000,0.238491803200000000000000000000
0.607456881603000000000000000000,0.238533424220000000000000000000
0.457212397545958646171365864463,0.238538162180303290125806695429
-0.796276695256000000000000000000,0.238546736734000000000000000000
0.507428585375033029484495004254,0.238587732525577316375729499272
0.557428974424744915344042672903,0.238598092861385711864901662385
0.407184448955486561717884171219,0.238670678238533785089746677162
0.357035231059309837948387457714,0.238835336227147962950614228655
0.256896173693622239377106113336,0.238946110068757545121500404237
0.306995873712488272372195739672,0.238958648373893732707661759611
0.206866431344159942629043498203,0.238966774914924794508998096694
0.156735055259686251223605328608,0.239091588722857640331563249113
0.106690518057036397867468108816,0.239109534890380840356410819444
0.056646527364994314510293323735,0.239189223218832125182939914586
0.006647162122203377308596100819,0.239240542676318148416519252741
-0.043352202365007476089108302394,0.239292593072716729606297373540
0.907452470007000000000000000000,0.241246788403000000000000000000
0.757416213531000000000000000000,0.242204553356000000000000000000
0.857457424267000000000000000000,0.242243902889000000000000000000
0.807418841570000000000000000000,0.242343223785000000000000000000
-0.935968653818000000000000000000,0.273027850373000000000000000000
-0.875220588590612834482691749940,0.279262588424430991514838696922
-0.070436285017958165809128750545,0.281321055157557076799627420609
-0.120532518667517774776989273868,0.281422357932019436527050727478
-0.220725285591353354103467616972,0.281436751969690413885208236298
-0.170612012990000000000000000000,0.281442675749000000000000000000
-0.270761226853165160001728000116,0.281468975872110815683551500416
-0.320786199445346096306319820137,0.281527556628061766094359777124
-0.370831904327298431713581963061,0.281599990349900574925738156950
-0.420846860254745563084394969365,0.281624316593757977007079097324
-0.470873874723000000000000000000,0.281650556321000000000000000000
0.682624043082000000000000000000,0.281673391151000000000000000000
-0.520899975649000000000000000000,0.281686858663000000000000000000
-0.570928677023000000000000000000,0.281697938272000000000000000000
-0.721076959325186546648591397895,0.281732975750541776152422658045
-0.620965646698000000000000000000,0.281734740270000000000000000000
-0.771117795760449238468170894240,0.281755534307986900429872701777
-0.671007235974000000000000000000,0.281778274616000000000000000000
0.482319404786499753405906367519,0.281825079906529710064256802095
0.632574957325000000000000000000,0.281831070783000000000000000000
0.582519826723000000000000000000,0.281874202251000000000000000000
0.432313097633666886554705434874,0.281896714073170684022593983883
0.532510842777953496813742223573,0.281945824908194101755001939633
0.382247768792935253074510407139,0.282012495691374436195936917448
0.332140099646452298392363032912,0.282196281677002730396094777664
0.231959288464253039663159737662,0.282283056355107663657183307314
0.181908496269215235390972588351,0.282291601921660457008323722273
0.282089460974521289359981255883,0.282313114843852316516746805417
0.131776274095429004278462394001,0.282417304068413045216169108454
0.081745799702222964605962043150,0.282441972908195634178107501653
0.031711150619342091654372505189,0.282528809972087695132717252010
-0.018288216412340995285149768210,0.282578355908041214116027134995
-0.824155298819000000000000000000,0.283338527676000000000000000000
0.932565284507000000000000000000,0.284488772755000000000000000000
0.882567114995000000000000000000,0.285487411960000000000000000000
0.832526428465000000000000000000,0.285590733059000000000000000000
0.732494282278000000000000000000,0.285592821407000000000000000000
0.782499068719000000000000000000,0.285691697875000000000000000000
-0.920761507131316174044121003625,0.320659974315872045939507265637
-0.045390440543723704827281612780,0.324595121674827974611201893764
-0.095396897504057005979988093351,0.324644339690098394398854431394
-0.195667440477000000000000000000,0.324712920710000000000000000000
-0.145556919812171823987804754825,0.324718949367223476220391603655
-0.245706803739813215533230573892,0.324747985031875305588654733459
-0.295722420356065553487095847755,0.324791925647945450999079287981
-0.345746399944074189069304573793,0.324851078523586614613865564700
-0.395791852924797086651632061564,0.324923657373583508115121157150
-0.445815155376979659145741572831,0.324943173885447333622756767842
-0.495834647371000000000000000000,0.324976801708000000000000000000
-0.545855452768000000000000000000,0.325019314544000000000000000000
-0.595859231484168170664641528369,0.325040015608755220855842399520
-0.645863059731767449261368172195,0.325095639618686470314524397046
-0.745863239928923070008589097766,0.325156235096214593822909465899
0.457379861116103423255675907627,0.325160496367908288112565552194
-0.695863848764814947330855770342,0.325162683912670608185048011670
0.507379251764125026256131003906,0.325170150136962950191938305691
-0.795862610162857028584785266345,0.325202436597553173894192992260
0.407380526562973965329701290309,0.325236142520873747081684869935
0.357347273846000000000000000000,0.325376994477000000000000000000
0.307215558926052401222587925201,0.325540633395103800059336032611
0.206999610097761221992739868734,0.325606879065136466500790828707
0.156951026924384675873847145174,0.325616697216080410270736366588
0.257156224751188724532070977674,0.325652160631689223549763189666
0.106828816888085216203014025675,0.325748165325217964358833851768
0.056815020139920642887919892075,0.325782431936505612961544594368
0.006798096672199887686207879431,0.325880995953754006403621503917
0.659264947642000000000000000000,0.325886462995000000000000000000
0.609214610181000000000000000000,0.326044425479000000000000000000
0.559208775869000000000000000000,0.326113635755000000000000000000
-0.871483405562791799725734042161,0.329122117316963595320397624639
0.910304973876000000000000000000,0.329299855451000000000000000000
0.859227653282000000000000000000,0.329736231257000000000000000000
0.809197315925000000000000000000,0.329836261715000000000000000000
0.709130847183000000000000000000,0.329841660795000000000000000000
0.759162334631000000000000000000,0.329916496522000000000000000000
-0.831982560876107356912971319053,0.359775378601974697990003480857
-0.020346589501838921191284039752,0.367870341874852532447239984298
-0.070351053029822544998140956212,0.367918406207369292210428925665
-0.120412570915005392150745102465,0.367935854357126354935385806618
-0.170613875691796490667788275028,0.367989127444908449852421454965
-0.220650066454353030136290807246,0.368024041698907780419649118030
-0.902866569280310331839102356796,0.368045583162750703001011428252
-0.270667725254174002895639846422,0.368071091517013786157717212889
-0.320669838583068707105045564252,0.368122809347400715185070147977
-0.370691142222428673480628963087,0.368183502769585146337010250813
-0.420743339892963553173757518275,0.368252198272696947875948284495
-0.470760239618000000000000000000,0.368276970489000000000000000000
-0.520785090448000000000000000000,0.368309991506000000000000000000
-0.570790019076000000000000000000,0.368363936028000000000000000000
-0.620790290380386616031435268586,0.368380313954313644191281473863
0.532509641430455061227625933108,0.368395406388355111186179760201
-0.670790926716712926804717396130,0.368437773921805327698901839124
-0.770790434742014338039672214129,0.368498755986431891812679846243
-0.720791043649840648246229234076,0.368505740296660832599600316680
0.432500226008839995908042964259,0.368530335142085812605514915353
0.482500633093596891982054453578,0.368540571986596555330021562069
0.382496865246467704289559481836,0.368603671362786528889064896543
0.332421542338000000000000000000,0.368722052085000000000000000000
0.282298306042000000000000000000,0.368889278989000000000000000000
0.182045251049880404979491262757,0.368933765900889804505199731070
0.132003706008442000478762995058,0.368947636941474045056166866136
0.232198487874595526607021616884,0.368977101813039569377714607012
0.081907510676044189246943941065,0.369094072341387465835608039344
0.031908137206364501055524810457,0.369136628283605127531926977632
0.636031764512000000000000000000,0.370161866428000000000000000000
0.585953054088000000000000000000,0.370320811580000000000000000000
0.898734436389000000000000000000,0.377978294852000000000000000000
0.848707321562000000000000000000,0.378637442106000000000000000000
0.698300505058000000000000000000,0.378688588944000000000000000000
0.798504696108000000000000000000,0.378715513807000000000000000000
0.748335271100000000000000000000,0.378760994251000000000000000000
-0.863365724593625889026339640251,0.398698844447761805670617281197
-0.806933468979447419705695709156,0.403047565437416843969082718677
0.004748144895958959914220879741,0.411116075350800271446034113404
-0.045307201987937761362143413044,0.411193626407393850046467014086
-0.145467335072855174797647105397,0.411204757178474309310391193297
-0.095364889691656789052507866241,0.411210982173968971741084008388
-0.195597105528312755481614547829,0.411302155394651472988895227772
-0.245611070610282028689238278104,0.411347100569403321144226473435
-0.295615016340526128698583128080,0.411402048416458585577399060449
-0.345617998810578919233618532875,0.411453265837394040605918604969
-0.395657832783373295980021005799,0.411503284865098574548313894967
-0.445697842943714792800792883202,0.411579002168885438469061981618
0.557703356379000000000000000000,0.411584512559000000000000000000
-0.495723190932000000000000000000,0.411600414355000000000000000000
-0.545729568154000000000000000000,0.411646717777000000000000000000
-0.595732458426000000000000000000,0.411700918780000000000000000000
-0.645732151749976911047673188270,0.411714396496682836794965812467
-0.695732125787081073981440015484,0.411772237657970266716268653039
0.507671704260000000000000000000,0.411792184497000000000000000000
0.407618688463311640917552005766,0.411899082503972919550517159106
0.457619112562956711571156931733,0.411909329110268641137144531865
0.357564956242683963329340239389,0.411943480681653799647951431735
0.307500380689000000000000000000,0.412073105344000000000000000000
0.257344447234000000000000000000,0.412216996186000000000000000000
0.157095508297955175957696665987,0.412263311190235752062357590016
0.107082097551185795821287964221,0.412293370183304700575650049505
0.207248592734341834685384873618,0.412306559354752139277160265884
0.057016393264117610449229640173,0.412459840341943405451342060338
0.661883117005000000000000000000,0.412998717814000000000000000000
0.611773964860000000000000000000,0.413889318666000000000000000000
-0.753548112765000000000000000000,0.417264984307000000000000000000
0.726484342265000000000000000000,0.423771373217000000000000000000
0.878045413641000000000000000000,0.423825034305000000000000000000
0.828009999255000000000000000000,0.424188430302000000000000000000
0.777721413407000000000000000000,0.424226096434000000000000000000
-0.865645510485245507746833412614,0.448646234115862572540527583879
-0.815776789660754958723116823884,0.452258690578956591721978857966
0.029786903633471759708879233039,0.454394242124051579283437749261
-0.020212467590139880256638464296,0.454439359883341589045261142301
-0.120419242767796165254988920012,0.454480123028680571519706631577
-0.070314470662160057970518892684,0.454490325776407413754804733362
-0.170448163814284246379204173897,0.454516387876938184187035684131
-0.220558654771506339153882024652,0.454624954810948292489169336031
-0.270558138861958084965810649798,0.454678185762540864479722492378
-0.320560060505644259429769450001,0.454734298876930091009272909892
0.582950425056000000000000000000,0.454746545611000000000000000000
-0.370563015451016167808446915347,0.454785532142966333610957719321
-0.420574124560656540019508135021,0.454852074495698579276515937844
-0.470608281904070562068894238397,0.454931155393046248028521064882
-0.520607652255221052206005441488,0.454977229867762808529001437224
-0.570607019084521297217134410705,0.455026979619495437626679220476
0.532874576353000000000000000000,0.455034132466000000000000000000
-0.620606382253765095822419433008,0.455080281015291624807607621733
-0.670605773285631754725987109876,0.455087684475227127350587429491
-0.720605130999074987794632369939,0.455145879078686266970195330204
0.482767192944000000000000000000,0.455151799535000000000000000000
0.382693582199898945713377440902,0.455242804496048223160858830162
0.432716380338279276427559494078,0.455265909765513343404835835686
0.332655314455872634302443906141,0.455296091957348254564493731894
0.282543981849000000000000000000,0.455402284906000000000000000000
0.232378449430000000000000000000,0.455537671837000000000000000000
0.182356630921281662860433831882,0.455669324435704729031444841034
0.687960878684000000000000000000,0.455700680754000000000000000000
0.132357259257799206770562542817,0.455713952069237172880804940731
0.082357882152916881899839290617,0.455751997995382815296845145626
0.637548759511000000000000000000,0.456739740396000000000000000000
0.752398119716000000000000000000,0.467378760472000000000000000000
0.855033248925000000000000000000,0.468468055007000000000000000000
0.804984308847000000000000000000,0.468597904955000000000000000000
-0.768654256964751523842644672159,0.468974134655702334746585480485
-0.839134157824557635712675534770,0.496466976123968448196882540680
0.054974408285522813065034960974,0.497586009485108172657075521673
0.608736904206000000000000000000,0.497622044707000000000000000000
0.004817864233048271490509833458,0.497722400987102096295079384900
-0.045219451968236412762720947123,0.497735894279091592003093782442
-0.095368199512912436939643957615,0.497759828073541650314933165162
-0.145398708565453536625869827899,0.497792539803000527236821400044
-0.195409609818486309619447094983,0.497839192169227850613085817269
-0.245505833646876496668482022290,0.497955976314358664516504923746
-0.295505940387481217682555763128,0.498008848778606436175595991218
-0.345508509468837798908624134045,0.498064589121742140956895980505
-0.395510733182858247649742933285,0.498116243403469078393686981010
-0.445522780736862894043418460841,0.498182245432012315912299077669
-0.495561803059267675764370089030,0.498258524806915089539767389738
-0.545561171893596561599648479242,0.498306216918090906156078109798
-0.595560540306326529335760990548,0.498354348995002681893065767295
0.558740007724000000000000000000,0.498496056425000000000000000000
0.357780755848579165883883720708,0.498593585821852650701598401149
0.407781261999586079299757046141,0.498603872705689630690454647053
-0.695220667848275497768016763573,0.498608324682359404649538794438
0.307762993866791138640718909448,0.498658651084539036120974074721
0.508598111853000000000000000000,0.498758004877000000000000000000
0.713430740008000000000000000000,0.498760947517000000000000000000
0.257697569868000000000000000000,0.498792654585000000000000000000
0.458590980900000000000000000000,0.498924412820000000000000000000
0.207610717205397019909737418251,0.498971930358138996309325752767
0.107483118510655389498232370387,0.499086942287344186792524603433
0.157565957676311232541747887353,0.499090076138431322534378396979
0.663409159753000000000000000000,0.499538929393000000000000000000
-0.645380131452638768055265773675,0.502590797552817858570296186991
0.777815296516000000000000000000,0.510605807112000000000000000000
-0.743363789649628493943049010324,0.512105694114541993281826395329
0.829645056232000000000000000000,0.512134059855000000000000000000
-0.793194975478657167065883537527,0.516203507829382999290376625678
0.634585734930000000000000000000,0.540429287087000000000000000000
0.080013131727300064822971200574,0.540864196678831079681125119152
0.030013760466909036721537904940,0.540909273660881659992358378810
-0.070273180818988791731846015452,0.541005396576225828563222228186
-0.020182906535178331341111077274,0.541025562637255598211261679149
-0.120350799174405635845499784613,0.541070437311028566527716832427
-0.170350165088780809012947043695,0.541121098234285037251704871801
-0.220355200242235390056342760536,0.541171128160818224833007367846
-0.270454451315775073529142299774,0.541286169422396491896966822130
-0.320454585414149385704902586204,0.541339026134602023885163976856
-0.370460253710690957813491272451,0.541392981864352324497045133606
-0.420459616879852814950996630011,0.541446283337013632953134243199
-0.470476301892060007738894310876,0.541509614845881157423545423405
-0.520520457336841786093867543016,0.541584160636706358040082175513
0.583974369857000000000000000000,0.541735193770000000000000000000
0.432925276148000000000000000000,0.541837884668000000000000000000
0.533908362162000000000000000000,0.541895075966000000000000000000
0.738779030359000000000000000000,0.541899768984000000000000000000
-0.571029386429605810563738877403,0.541929269945531523647863707675
0.332884742345759415665792667622,0.541954024819124619804185056619
0.382885300625621864374643364574,0.541964341633444654845774077869
0.282864902563790719454879024873,0.542017897017052461033332548556
0.483767093394000000000000000000,0.542166443176000000000000000000
0.232825757718000000000000000000,0.542168722698000000000000000000
0.182792739535159335879090027425,0.542377081466369351041059255109
0.132774181569981410170741192765,0.542510198154178132344533441963
0.688435605374000000000000000000,0.542856225050000000000000000000
-0.693744929023939099163445755761,0.549094410551089376054481663132
-0.631159091036858615338849326159,0.550525139812428290774933306257
0.802023840749000000000000000000,0.554392247016000000000000000000
-0.743921541931278700090999816398,0.562101974683810754471862941333
-0.793752727760307373213834343869,0.566199788398651760480413167370
0.659148859362000000000000000000,0.583992766494000000000000000000
0.105069488543345160322815353069,0.584132177235771307402234641870
0.005018283020772896316509438824,0.584212452130925018030300663703
0.055050932508617949337672592017,0.584220725871005421532732777831
-0.045237575420782046221412494978,0.584294520625650560231830615490
-0.095255780480481990637701842457,0.584316005813712744776005883484
-0.145305760042774065510618689965,0.584396977519391932743693134752
-0.195305125957149238678065945005,0.584447638442648403467681181096
-0.245304489131777676872806354378,0.584500934787145198312613533530
-0.295404631011191915812346727553,0.584615463110790908437759780294
-0.345410700386446915077088001144,0.584664901588632888501346543581
-0.395413774865888071508967123062,0.584720351278221166008291458451
-0.445413138035049928646472480059,0.584773652750882474464380569012
-0.495433199305439546188707287507,0.584835039597022106826355789278
-0.545478049654953644344873924508,0.584909185091998371827612345157
0.609132490226000000000000000000,0.584984331078000000000000000000
0.458097724009000000000000000000,0.585080477646000000000000000000
0.559109031158000000000000000000,0.585172465073000000000000000000
0.408032314675957771423946841085,0.585206468896447572789597007035
0.307980547317615154473092864949,0.585309765250685487749101767519
0.509107130115000000000000000000,0.585311517948000000000000000000
0.357981172249120058286992938798,0.585320120350651944911668730075
0.257977573738864102597708485713,0.585383321289492178910139630914
-0.595473384083030554347478255338,0.585546126057453353838142046582
0.207971008816563135076229211472,0.585574233159065999342485106084
0.157895526247098831925949655143,0.585740479207881580078190460983
0.720361242471000000000000000000,0.588406585143000000000000000000
-0.663343087649463145708886788173,0.588789085249465846861538616462
0.772483244131000000000000000000,0.594775358435000000000000000000
-0.711942619520531728095865171680,0.600537474938343050169018842072
-0.761203566833000000000000000000,0.609230638217000000000000000000
-0.627657380695635084717515710064,0.623810071494490909924747347963
0.686910357845000000000000000000,0.625588712225000000000000000000
0.130222226274229104461243043586,0.627383337262778525822466314668
-0.020038448615034341629150524422,0.627480215628705485490820866823
0.080155728585162698493354489297,0.627482422023024715853634491736
0.030050263341031526835146464111,0.627520907158635392730742325972
-0.070211360223048639866877662475,0.627610213290305078145805885042
-0.120210741348850420302820744860,0.627642546022076110991982200733
-0.170253910828801967787932107748,0.627727439445458939029796918283
-0.220253276743177140955379364532,0.627778100368715409753784953607
-0.270253497267794361832991164091,0.627830903070051895513798029973
-0.320364858372482171635058490184,0.627938969529840421556503775794
-0.370364221541644028772563847191,0.627992271002501730012592886334
-0.420370668277500544892758982561,0.628049672286081776378111553452
-0.470370035448429467096285464054,0.628099077502023423867190951808
-0.520391490473726198853062746776,0.628159661468744790896995130274
0.483407823315000000000000000000,0.628202368983000000000000000000
0.584278776626000000000000000000,0.628410736602000000000000000000
0.433203736290000000000000000000,0.628448616762000000000000000000
0.383137639653479402589447006836,0.628567676373799016127801867991
0.534248775751000000000000000000,0.628592672072000000000000000000
0.283139063176513867307418170902,0.628701467499342895536677366310
0.333138453825560731137905908863,0.628711115956842788267924527906
0.233139602681642522863490264576,0.628777034568368765678609593003
0.183072119652974597810767572466,0.628938607672479904585395882492
0.635339296100000000000000000000,0.629890123656000000000000000000
-0.576626743943000000000000000000,0.632172522695000000000000000000
0.740532726092000000000000000000,0.634197505617000000000000000000
-0.677786266856884802300472141255,0.637051619198962203443607325691
-0.728878775306980466450329196668,0.647581133230889411313349269330
0.155398819680104870346060957490,0.670581465727376850329671733899
0.105274633738441623956922373026,0.670714120604844335776053938340
0.004986547299127610076654237536,0.670784625174306853913603610077
-0.045012843085842992233444606446,0.670795556781525341760200966077
0.055220925220477522126144543718,0.670820566186488982749603902889
-0.095159510364663651948928031431,0.670941687586523816264426057928
-0.145158892134878322580134159213,0.670973007948143117278085966304
-0.195198943566326642169156495349,0.671059696484442603583113494896
-0.245198309480701815336603745784,0.671110357407699074307101541170
-0.295215868734540251594675097681,0.671153174122305351338844269321
-0.345318380165009306348849005057,0.671266339312578368873593839614
-0.395317743334956169276307674229,0.671319640048861135630430352979
-0.445326137992958522925427153740,0.671376866717938861156355661190
0.707007307831000000000000000000,0.671384391765000000000000000000
-0.495328326616716119760640918191,0.671423699373746107937830275857
-0.545349209039296384193943199490,0.671484613198325752827271218702
0.508559261141000000000000000000,0.671494650095000000000000000000
0.458540547229844714791442786196,0.671579627384616088976184564319
-0.641802944878537432257400387959,0.671766741232037504238808408173
0.408287554548000000000000000000,0.671804294235000000000000000000
0.358254440865892605189497207248,0.671949260688771252909017911011
0.258244867185765813405640243585,0.672062949996404162565312071347
0.308244257834812677236127972349,0.672072598453904055296559240897
0.208245532819819288202812931954,0.672138589476874885954628529898
0.608541222064000000000000000000,0.672161620791000000000000000000
0.558541726806000000000000000000,0.673245239539000000000000000000
0.657843216361000000000000000000,0.680551716400000000000000000000
-0.694722422643333540654936158080,0.684095277491508564587937767062
-0.593537483799353941217159869645,0.684819879750514609973511228655
0.180572232846949560738106310949,0.713781447531771831698904403275
0.130450855648043181786232426720,0.713912465581558728222637612076
0.030072804726955634300577965145,0.714035276575568666312196316054
0.080338037797405368990349440329,0.714053306258876946883650239375
-0.019960229438058625259036921294,0.714122948965525293662234180782
-0.069960022518333742536740477803,0.714126577964181971829454126756
-0.120104542803949613575093316409,0.714274424404295722323326660978
-0.170103924872402996961358550171,0.714305264987126781831402560839
-0.220150232212557546077563173475,0.714388351590055977339655201040
-0.270170026722328465604352432654,0.714427242064527448022506439792
-0.320169389891492481892045373649,0.714480543535163368979411715282
-0.370272579240224261529383573488,0.714594100344013041248375389285
-0.420271943238252802485203885095,0.714646618544424813653338514101
-0.470286677083949546348430010439,0.714700193536822889565474744348
-0.520286045182286305101521371867,0.714748651103327069868106382312
0.483670385625000000000000000000,0.714865733883000000000000000000
0.433636479516644228304112142934,0.714935440947563471245111026595
0.383383925446433044665923834736,0.715174810576367910144838507536
0.333355134960778604145765546946,0.715308960561895614267288964583
0.233310705714409254188863263051,0.715401463469861523414308501740
0.283310096363456118019351002981,0.715411111927361416145555660363
0.533643958793000000000000000000,0.716645209693000000000000000000
0.584887678807000000000000000000,0.717285903287000000000000000000
-0.658739100664986170611864412173,0.718810399524583865383138833141
0.646990029906000000000000000000,0.729383951823000000000000000000
-0.575311085610063524703041202555,0.731378848461324325680134196430
-0.621023437705432030644411721236,0.751635206087457056916645159105
0.205637405741539526724156649205,0.757044321524758469158584355039
0.155624640339093024998803529241,0.757112230889918814778697977073
0.105509940250622171123757892305,0.757254168348127724158543008689
0.055189917303883481164782866178,0.757268016647956630446242668402
0.005161197249948511705710247766,0.757386758341250562300941614134
-0.094904569014239724692962585133,0.757459114913711152162939502897
-0.044904742875558756045256466921,0.757460289495376867951034450864
-0.145055829582438734765657381826,0.757606272856424886464397862298
-0.195055213518633900869765225433,0.757633920092740155587944249994
-0.245126467660776244485788181537,0.757702631235501667330212090798
-0.345122913562167225763964406327,0.757807911500293703574146823090
-0.445232931869934059938448026161,0.757969686359363844366417008635
-0.295124334992967962832644049938,0.758093042046421753413025090688
-0.395230530628000000000000000000,0.758171060330000000000000000000
0.458722744902000000000000000000,0.758202410649000000000000000000
0.408716105908723579377721552899,0.758281884142021526727266366203
0.358483521358698616614063679336,0.758535148867199097215705047027
0.308420973489422044928988571811,0.758647474035352975116285378065
0.258388027789945593166850902668,0.758774607977865405542827630786
0.558728997209000000000000000000,0.759903362021000000000000000000
0.608724343874000000000000000000,0.761610288182000000000000000000
-0.535962265683903026186328481145,0.762227017431091746779226880623
0.508758245561000000000000000000,0.762325546976000000000000000000
-0.581674617779271532127699010249,0.782483375057224478015737838258
-0.494000984079251148543055618530,0.789415066358218368360728046160
0.180689813233682990984853866150,0.800375104882905452238377948208
0.230689198369834586590687366856,0.800400489435491261487069198648
0.130689833832734261442397769063,0.800450373245806379593546002786
0.080361819757100283298191318150,0.800468878737207407721135437707
0.030353168854000000000000000000,0.800666086376000000000000000000
-0.019719948470742917169941754162,0.800755730498709467090741721119
-0.119853024274065384509396767390,0.800789401533086340220627334544
-0.069853129925028899242271790084,0.800793155350852216258071540000
-0.220031448966852599277990231301,0.800948199738185845578501159813
-0.170028661480000000000000000000,0.800959001863000000000000000000
-0.369859815075435430313723282127,0.801259319554482192738895118045
-0.270029316299044317624846112664,0.801338610549105931661314144643
-0.319946868408458423250539721166,0.804198182155597797112650878944
0.342700079793320515429576203592,0.805977978996956554268845151937
0.292700866033885846304028381787,0.806111327439339490435000018749
0.445713253411539667219850844968,0.806479770909947054351480585033
0.395713927973974659898380243234,0.806561098378811414827865371659
-0.447550165322580953889452496762,0.807915352712859031761690026564
0.545487611954000000000000000000,0.808123429136000000000000000000
0.495546461567396329854095305128,0.810552917514697256023929195987
-0.538442066108542554782153501021,0.812836465281839684547541225104
-0.406032877674725029244589216497,0.835776687654564839379939290731
-0.496065029439281821727746867056,0.839371836421148407063427988147
0.258113555158984834772157596377,0.842217519218751526879184110235
0.105541713339212373616831192689,0.843665083634886063156138419934
0.055538886636000000000000000000,0.843888718455000000000000000000
0.005386525637933689740815392126,0.843994649497674719563115758201
-0.044678029018152239763374024180,0.844080473703462054090819920753
-0.144793362715772573861907908436,0.844124360593662706482275688408
-0.094793843822843113208791241828,0.844135776520399120813045219538
-0.197315759212172769462760290443,0.845489602919247181643025105262
-0.247313626544364487809616156898,0.845880013730167267725838103261
0.160684048683421240387153585545,0.846197681666934276103659252687
0.368740726267684098183690802429,0.848660807974965294051362777579
0.420786109879437502781687734939,0.849822321292898728600793500714
-0.309459629832298859882132435280,0.853085368466689968909915964888
0.307720279463000000000000000000,0.853802000875000000000000000000
0.470619107469503542722566689168,0.853898043260501443996263070382
0.209851218521828415107530370865,0.855282205234516171637340003889
-0.359399318369792839275581752395,0.855528044693048988415627077835
-0.452382737300345866778121610880,0.863698704527367529824536643927
-0.407510776665605165309648790429,0.885754232341568847599055816369
0.131200082572589677606460745071,0.886578802264858041802467687235
0.030533123329307260195221099959,0.887210246021579518152070522774
-0.169949117462214685849594052383,0.887334627446640856637844134761
0.081206527451487755556056879744,0.887342742525657849657569934034
-0.069634620881662291313370785347,0.887406074460138365720895494003
-0.119931962752000000000000000000,0.887717733149000000000000000000
-0.019483708283000000000000000000,0.887835588828000000000000000000
-0.273894332400155707029318726837,0.888228629227921541801821563486
0.270963202587569408954792727636,0.890537553566108906783415849421
0.393819164738618704275624777834,0.891926038802648345554330584526
0.343819838634828924485495876302,0.892006955646463543950728462716
-0.222237875121808216126144437208,0.900334132567540776913081488076
0.222700865950412989290165507762,0.903602239581873551541571750728
-0.361567151060637882560701060182,0.905480418608542040119385876630
0.173601114696848870866530451881,0.913128147616425560394417274101
-0.314672682257493621619269593061,0.922825387736207178778057408318
0.306701095030553740697022510865,0.925505284434759942074973616409
0.055779344946884512874246737482,0.930393846440032982215098144530
-0.094194735310635410198216371204,0.930957652360421996028355471641
0.005783978764066048621625465532,0.931028289987260784993860539565
-0.044206085539093525667697206865,0.931994017347698481506422847967
0.118867074985933786731160342687,0.935033276591138946494942840152
-0.170210002954544022300952735072,0.937333338401310669746124048670
-0.266950692539634228878898826437,0.937743526217172204705497358520
0.258852203384254466908093988259,0.940011239301277301636666140960
-0.218526680391071843849061266338,0.950195602582365667549324741889
0.210322586577500104092285738606,0.952045168458386029438100109125
0.161239866978405334216474688934,0.961575425282069494427699265242
-0.129500260254403331543149795216,0.966361876215969348059870830667
0.084483146952004199440717679897,0.971333202917872422667021714333
0.031619193728000000000000000000,0.974446018727000000000000000000
-0.018412230567491571841331689675,0.974826437359562068294163261001
