0.005224088622220702312485193921,-0.974948955735658759797331948080
-0.044744256143096605426362537252,-0.973983948033581430666343222482
0.057442836433848126675497421673,-0.973317574087366133069705808551
-0.100641815498365553444525263754,-0.969803075092090145843332823960
-0.182515521995020883176670958453,-0.957775998715652896771214065494
0.186043365930000000000000000000,-0.957094687891000000000000000000
-0.231353833410919884010821972539,-0.947165341031307807608942944062
0.234843164071000000000000000000,-0.946286073245000000000000000000
0.140667665530260639538357974142,-0.936145194782808968933531643232
-0.137504588243746566827173570502,-0.936055442523670225597896074668
0.090690205685336763938802245284,-0.936002976993120963538642564712
-0.279584276670369753014203887340,-0.934066063896760693468274404002
0.283141579091000000000000000000,-0.932990520598000000000000000000
0.030345435939196645738227777645,-0.931323555407521454103075733302
-0.019629217169698715444504691869,-0.930775134860625763173460322104
-0.069606666531552964010751415377,-0.930629279679104775783303269882
-0.338789203309614637104148094764,-0.914223748175122238059940588652
0.201587860842130590318532389065,-0.907339581957373574279173787595
-0.194630800315000000000000000000,-0.906908184693000000000000000000
0.358540297674000000000000000000,-0.906688254066000000000000000000
-0.244124748270914389537346347407,-0.898846913365566720533400246081
-0.385204165492456127165382360418,-0.895692207386076215037298754555
0.250132853050045540806489352193,-0.895458906472193495598420505974
0.310934119256000000000000000000,-0.891445259200000000000000000000
0.155378555010349185158801848097,-0.888301021796595260399166893811
0.105400930830842012294093568650,-0.888239379095306756403437993786
0.055423482235546754710656737970,-0.888093261487530547571538249278
0.005448829126651393527924256339,-0.887544840940634856641922837889
-0.095642062903196568784422620352,-0.887476637635262024427915899928
-0.044528620235202855038322452869,-0.887398985759113869251765776455
0.404772330073000000000000000000,-0.887020621677000000000000000000
-0.145614298051996786652728076421,-0.886740137340830158941263589686
-0.295487528309366275002277383998,-0.886686180974180179830147125077
-0.419202139324055358439593394724,-0.859060192784138526323585684384
-0.468998122103456825556493317665,-0.854802632745309397221710825744
-0.221617536443226736543086567020,-0.854224137407606875380351203379
0.279403654982000000000000000000,-0.852573103820000000000000000000
0.229492998656000000000000000000,-0.849935256357000000000000000000
0.434614412222000000000000000000,-0.846928660964000000000000000000
0.484586030645000000000000000000,-0.846062006428000000000000000000
0.328768513729000000000000000000,-0.844755166643000000000000000000
0.179789303740687157425514227947,-0.844690448940062118633498252888
-0.172565125556136153585933312678,-0.844651901273102074845870275424
0.129811634078701649611548989271,-0.844628780780268505698253382312
0.079834185483406392028112143622,-0.844482663172492296866353646187
0.378746575208758250540337636360,-0.844353716006393501637440721791
-0.070308435989030945738799999215,-0.844317205770993806511749542083
-0.371490058913217801757569306564,-0.844183227323385004569990646370
-0.321512665415906012864188969907,-0.844019344238414419543596411341
0.029859532374511030845379678925,-0.843934242625596605936738230972
-0.020235901370199297719683698813,-0.843722555861552616823123152142
-0.120281756878197333749464752127,-0.843658481428731821929869941836
-0.270419996800706507695191461110,-0.843449789097509528025591208246
-0.443968969503355908479695600100,-0.811544012349236389082272763458
-0.493946609999073247153834692998,-0.811497440560388164004622577889
-0.543872699602591352164240363467,-0.809227573746638170991618240647
0.254197730154000000000000000000,-0.806484164132000000000000000000
0.405057302368000000000000000000,-0.801573004512000000000000000000
0.303919012196075234313614822272,-0.801392727420622180653574963741
0.455088075323000000000000000000,-0.801335433933000000000000000000
0.154524175653850066645342110839,-0.801187867002776781963409368338
0.204501831272586607962731271292,-0.801162229029885406884247917053
0.104546725181929185946656772296,-0.801042392684158351694976290007
0.555890608542000000000000000000,-0.801016317109000000000000000000
0.353897025790310981137370040645,-0.800991674862660090751893537782
0.505909865858000000000000000000,-0.800859062409000000000000000000
-0.045382710219870014459440887145,-0.800532224499906354485572183936
0.054572072073033824763924286845,-0.800493972137262660765360884727
-0.145436250154139954485114422169,-0.800472625104221598807495544650
0.004594618362018752081365598017,-0.800349614892803308068038890422
-0.095359994637298688973887933590,-0.800337903347884369820408457678
-0.195413183332337293188669824422,-0.800202683346280721235488410391
-0.245390844200605590618393747883,-0.800191168701436519886153159617
-0.295368484696322929292532837426,-0.800144596912588294808502976005
-0.345346117737350936140881097291,-0.800090614813445914600245251797
-0.395323778908221245359364581453,-0.800080498471995071017766840990
-0.468917457398972330077036980636,-0.768238820164315155865184528350
-0.518843547002490435087442646681,-0.765968953350565162852180175872
-0.568821187498207773761581733952,-0.765922381561716937774529995474
0.588242429004000000000000000000,-0.762915613159000000000000000000
0.379964924004000000000000000000,-0.758344816848000000000000000000
0.429953956901000000000000000000,-0.758135649147000000000000000000
0.480090015992000000000000000000,-0.758059409439000000000000000000
0.179477111223974536461069635672,-0.757869244012456914744517634343
0.229454764328863508717146041814,-0.757839101383775451967004024051
0.279432424446269419746766388213,-0.757824691673967937299124124039
0.129499616822994000917043716261,-0.757739737832521831709452324595
0.530876563661000000000000000000,-0.757561256521000000000000000000
0.329408486256090669602318519620,-0.757424736136928958601726704259
0.079524963714098639734311249345,-0.757191317285626140779836909412
-0.020449134601969568578848023243,-0.757099445460425261473818701464
-0.120406579785335463524210193943,-0.757089373998635673989212901028
0.029547510003083567051752548416,-0.757046960041166788082514925499
-0.070426739758720093292029215120,-0.757023938860544737527375365470
-0.170384030732236376111872110629,-0.756944062950207713096050358679
-0.220361671227953714786011189277,-0.756897491161359488018400178038
-0.270339332096222012215735124833,-0.756885976516515286669064921510
-0.320316965137250019064083381134,-0.756831994417372906460807187830
-0.370294605632967357738222475229,-0.756785422628524681383157007085
-0.420272266803837666956705939357,-0.756775306287073837800678603782
-0.617489055479208028391555531590,-0.754555528671201799394454485503
0.633315977209000000000000000000,-0.741312854261000000000000000000
-0.494445007172112940385124290066,-0.722351548881750594363896388316
-0.655342568018889525514960439883,-0.721923055475643087481187728070
0.563353026844000000000000000000,-0.719570168244000000000000000000
-0.550243520219000000000000000000,-0.718587693553000000000000000000
0.404787410800000000000000000000,-0.714954328496000000000000000000
0.454958087009000000000000000000,-0.714857489047000000000000000000
0.505055447093000000000000000000,-0.714761478115000000000000000000
0.204466248923369129101996176721,-0.714539974269766790396935651304
0.254443910280067308825002919253,-0.714530821899602774674314371382
0.154488654068484513496114259802,-0.714457931770457253242769760828
0.354812785771109838463126915778,-0.714385355511716901779021617335
0.304420032995238880091996713979,-0.714138550553728196660349708124
0.104514000959589152313381775478,-0.713909511223561562313154353655
0.004541978014116423384701856873,-0.713774681520161876230776067405
0.054536547248574079630823085659,-0.713765153979102209615832363910
-0.045435674330629395808970424606,-0.713743303846492874834305253467
-0.095415364707394077957943677724,-0.713741894758802150644287096328
-0.145392965304145678628813322837,-0.713663427936155850402980258147
-0.195370605799863017302952400666,-0.713616856147307625325330075119
-0.245348266668131314732676331868,-0.713605341502463423975994808790
-0.295325899709159321581024604101,-0.713551359403321043767737086639
-0.345303540204876660255163682071,-0.713504787614472818690086906280
-0.395281201375746969473647165441,-0.713494671273021975107608496244
-0.445258863503883496028340714691,-0.713492091251682335100231339675
0.670485881305000000000000000000,-0.707877243532000000000000000000
-0.603370083767387020582234826580,-0.706613674761997575569572574278
-0.691533374934519755812702553715,-0.687334249718835278896139514724
-0.519431603872158769456759051551,-0.679068333846359091663449134926
0.633723312207000000000000000000,-0.674012836555000000000000000000
-0.641223596307068517705639725647,-0.673981201566438863656305824572
0.583742892874000000000000000000,-0.673934365966000000000000000000
0.533762533600000000000000000000,-0.673848038026000000000000000000
0.429789553320000000000000000000,-0.671677148571000000000000000000
0.479927022141000000000000000000,-0.671557381113000000000000000000
0.229475705956125762213244230922,-0.671224937477914690960641598968
0.179498057492207524905718897252,-0.671187890646832770691796663377
0.379814260481569106992940312194,-0.671110732685481341482343390344
0.329827290682000000000000000000,-0.671100664560000000000000000000
0.279453854427000000000000000000,-0.670840251003000000000000000000
0.129523404383312163722986430893,-0.670639470099937079762181247268
-0.568691017952661281056950157022,-0.670625772452073998456709777191
0.079543768843670024334177808208,-0.670493851866218557770288855239
0.029531015259606935963772397989,-0.670492875458097297764093516312
-0.020446637085138883229899896665,-0.670461497784428296367622699371
-0.070424299279303380474884893131,-0.670461259744750287951216999073
-0.120401899876054981145754524349,-0.670382792922103987709910145180
-0.170379540371772319819893623381,-0.670336221133255762632259973096
-0.220357201240040617249617544221,-0.670324706488411561282924706780
-0.270334834281068624097965818733,-0.670270724389269181074666984665
-0.320312474776785962772104896556,-0.670224152600420955997016800567
-0.370290135947656271990588377527,-0.670214036258970112414538396338
-0.420267798075792798545281924640,-0.670211456237630472407161242968
-0.470245460203929325099975485194,-0.670208876216290832399784094220
0.695552273935000000000000000000,-0.664630694721000000000000000000
-0.697181315781423094111476113186,-0.637676747942763589778407795606
0.737614727438000000000000000000,-0.637607491810000000000000000000
0.658784008341000000000000000000,-0.630766314604000000000000000000
0.608800596702000000000000000000,-0.630686965682000000000000000000
0.558820318372000000000000000000,-0.630602860264000000000000000000
0.508583595729000000000000000000,-0.630575465308000000000000000000
0.454760201759000000000000000000,-0.628376312994000000000000000000
0.204535559137289605525845280420,-0.627911223044187387631685506972
-0.597325178042000000000000000000,-0.627820758747000000000000000000
0.404784399855000000000000000000,-0.627817575799000000000000000000
0.354793373557000000000000000000,-0.627802488339000000000000000000
0.304809652800000000000000000000,-0.627769649492000000000000000000
-0.746139312273879586236757715479,-0.627632779708280768016975520841
0.254511766381220375858864618023,-0.627529872860807656898013309108
-0.496191992081000000000000000000,-0.627457351326000000000000000000
0.154560661680351681164502632724,-0.627385540041588351784049679235
0.104582311984300378956179077232,-0.627240666135622079831598093688
0.054530065203340683709185971119,-0.627216851838067374073175496790
0.004538012058430072449712711758,-0.627177158519245545897660625216
-0.045456634714444127215534012319,-0.627167121058002473715990802224
-0.095435316020715689542140596331,-0.627088031009777993353270774435
-0.145413495731745541526181546976,-0.627041148278681740889362421554
-0.195391156600013838955905483982,-0.627029633633837539540027166342
-0.245368789641041845804253740756,-0.626975651534695159331769433428
-0.295346430136759184478392835355,-0.626929079745846934254119256368
-0.345324091307629493696876299845,-0.626918963404396090671640844816
-0.395301753435766020251569865986,-0.626916383383056450664263700184
-0.445279415563902546806263413659,-0.626913803361716810656886539911
-0.547065558417858508404290929899,-0.625569072413574840687090729094
-0.648943830597734602200024166439,-0.624603426191803913455868187096
-0.777320074995999104859445990981,-0.588574787510555550788492516912
0.729651480314000000000000000000,-0.588242722224000000000000000000
0.779564226382000000000000000000,-0.585594677132000000000000000000
0.679748438816000000000000000000,-0.585392481218000000000000000000
0.629762622738000000000000000000,-0.585312200095000000000000000000
0.529769765955000000000000000000,-0.585284228313000000000000000000
0.579752988959000000000000000000,-0.585217403728000000000000000000
0.479790706803000000000000000000,-0.585115481465000000000000000000
0.429814624350000000000000000000,-0.584558679063000000000000000000
0.379803778648000000000000000000,-0.584529458752000000000000000000
0.329823336947000000000000000000,-0.584498994997000000000000000000
0.279842632321000000000000000000,-0.584444770096000000000000000000
0.229599541085343307100453175516,-0.584203205951369759069403062182
0.179621912196973308717288587617,-0.584145507190145993478680285122
0.129643949836307812316004493530,-0.584000857780062611658713123302
0.079573194710421709327648326153,-0.583966321402681384182384055063
0.029564140116866595974707598421,-0.583916788284428804112407876211
-0.020450622569573366653897314341,-0.583895120005806399173390039730
-0.070428223168383831675382743731,-0.583816654494516371016003564558
-0.120406615384953777898156712212,-0.583769648954392987962992816333
-0.170396381070107690581555004420,-0.583751141115494355257189954836
-0.220383677151273181216691740093,-0.583691579726184721551529546111
-0.470309624541061009307827846492,-0.583655794195662276752375355513
-0.270366261663109872361704806263,-0.583642154451033268618960228049
-0.320365544498739316110747649118,-0.583619567800772244122542461321
-0.370354323069401925685808058370,-0.583610581963776645170974988441
-0.420331985197538452240501617628,-0.583608001942437005163597841899
-0.520286477299063228484707680625,-0.583371352891263397457945615361
-0.724679057202697605245035834141,-0.582497159952587923145254299834
-0.572329940857314670467879948994,-0.582447410822170674770472437552
-0.622307428965421663963548257824,-0.582315498522872218726229269663
-0.674706574642072974560709734841,-0.581777642629134684899636104570
-0.806499203597000000000000000000,-0.547894992011000000000000000000
0.808635391204000000000000000000,-0.544747935317000000000000000000
-0.755859819924817123867724111311,-0.543439167754862705916771282179
0.754745014835000000000000000000,-0.542209416350000000000000000000
0.704762434603000000000000000000,-0.542118824982000000000000000000
0.654779409846000000000000000000,-0.542040233014000000000000000000
0.604798469377000000000000000000,-0.541965090393000000000000000000
0.554796920597000000000000000000,-0.541913428348000000000000000000
0.504817470798000000000000000000,-0.541851446287000000000000000000
0.454841440080000000000000000000,-0.541297009046000000000000000000
0.404835554120000000000000000000,-0.541269361561000000000000000000
0.354842407618000000000000000000,-0.541229989558000000000000000000
0.304862094991000000000000000000,-0.541177437162000000000000000000
0.254882664165000000000000000000,-0.541092027407000000000000000000
0.204673399609042037763608309715,-0.540884592674204492683118537832
0.154695904297374018858491043890,-0.540755438414176620168407111543
0.104636484643686779843312557290,-0.540727470629658103764447887149
0.054608149943318462735729264822,-0.540666767587748617483821795000
0.004575505488863156871097578079,-0.540634749770989657388137274798
-0.045402095109947308150387862245,-0.540556284259699629230750812553
-0.095388973811101293261178245545,-0.540504370398339174744557191354
-0.145387025412495622593327470511,-0.540481072383843958169110351043
-0.195369347331141628092022175711,-0.540424386356376696776625360299
-0.245349129970087048962641158627,-0.540376581066358991784092334110
-0.295349102260876074234105197877,-0.540353595764883184345024392003
-0.345358328704520894298766057397,-0.540332793386245123132275457130
-0.395352856766635942139043439784,-0.540320476472815158678809200015
-0.445418671492107730443799194177,-0.540317506564913809116992450467
-0.546112930067410093358143581000,-0.539898203265593206365072915247
-0.495771546579624957819863562737,-0.539819258908633538716902938403
-0.647895435154763677470286646342,-0.539385082059659600990537484380
-0.597204445509104088097167456720,-0.539099680353566106998972804307
-0.699420662187645535323416444722,-0.538338252725034312086217349809
-0.834893708928000000000000000000,-0.503489371917000000000000000000
-0.784906584690684676658015961331,-0.502769127490719403146640065153
0.835490130821000000000000000000,-0.502591108018000000000000000000
0.783668611763000000000000000000,-0.501448418613000000000000000000
-0.731345983934592683308252915617,-0.499886457580924516433929920750
0.679893296226000000000000000000,-0.498761759531000000000000000000
0.729935647751000000000000000000,-0.498727821089000000000000000000
0.629846645705000000000000000000,-0.498714476573000000000000000000
0.579841716818000000000000000000,-0.498660764441000000000000000000
0.529861250183000000000000000000,-0.498598069181000000000000000000
0.479885149188000000000000000000,-0.498045362451000000000000000000
0.429863476497000000000000000000,-0.498007144682000000000000000000
0.379874068205000000000000000000,-0.497969715865000000000000000000
0.329891893848000000000000000000,-0.497916103431000000000000000000
0.279911650401000000000000000000,-0.497831631741000000000000000000
0.229932693284889413747716048290,-0.497759950050201462991314398873
0.179766350438707257926221205150,-0.497520736510206107637479986992
0.129689293385157570256148047655,-0.497482546157369255656539544781
0.079672336957285052154221974897,-0.497428436817706271417370344874
0.029619515315315023632119238896,-0.497384729074309470759551209424
-0.020358085283495441389366190494,-0.497306263563019442602164734356
-0.070358326932743770343559361987,-0.497246614616264060824558891707
-0.120369719917566310016599272190,-0.497215599495823171159723817800
-0.170352032147253247520607135524,-0.497158919070784252358333701545
-0.220330584253697966616546863900,-0.497111825332764104702424141368
-0.270333267690308292792342990972,-0.497087272380654336522023855801
-0.320342351932232558413230051258,-0.497066552220886043492471853328
-0.420383198153641604742595009958,-0.497062543922811874918583414782
-0.370349578153240918084234768797,-0.497046895883365143066478632647
-0.470360084723026778518752691755,-0.496784106709979262646965378582
-0.521009946611092517491762780967,-0.496682385096287094637816469531
-0.570987434719199510987431086497,-0.496550472796988638593573302333
-0.622766351199882408968965834606,-0.496153717843611378405066625008
-0.672791159465415090634501845321,-0.496045980343222011396629719615
-0.810286903366800290239080634627,-0.459715601010888518736026353987
0.810521472535000000000000000000,-0.459294395726000000000000000000
-0.760312339491546651178122089561,-0.459159108487240501615080301834
-0.860258147801469556445764307442,-0.458914696459011051468171273171
0.758875220237000000000000000000,-0.457946991545000000000000000000
0.860814736332000000000000000000,-0.457866573785000000000000000000
-0.704316591355709127340407123055,-0.457254974551587353989891741625
0.654903491194000000000000000000,-0.455468761730000000000000000000
0.604890590374000000000000000000,-0.455407279389000000000000000000
0.705074967233000000000000000000,-0.455352190948000000000000000000
0.554904801235000000000000000000,-0.455343831328000000000000000000
0.504928717757000000000000000000,-0.454793383730000000000000000000
0.454908448116000000000000000000,-0.454754709643000000000000000000
0.404907451047966913490024844019,-0.454705108840199615048179642839
0.354929812002060975303961716634,-0.454657006368118212831808765040
0.304952219267547750900185869133,-0.454573682219078920486901724651
0.254974605561066456732016486947,-0.454504064287371385838876712793
0.204997098880716792486160999526,-0.454379386838380637477221078864
0.154760743888403139710185237098,-0.454248426666925257028308847937
0.104725984208512696373005600549,-0.454183998124832297839102052672
0.054683702329281613050611955322,-0.454146398304267124693099742357
0.004691417449161144203516479465,-0.454059424010315566338348477185
-0.045316763861092247826173012978,-0.453995177213800996302734681365
-0.095338288591714608642375687788,-0.453958297635560870550258353864
-0.145320098836753537812622042366,-0.453901907694715086833602521622
-0.195310292231506754961943726866,-0.453848079475811808597427327202
-0.245313673986863199160997406621,-0.453823122679484745853018960873
-0.295325519814638971234383243375,-0.453800805616316510025603119226
-0.395382532353843103766474184316,-0.453787453766724762071763021627
-0.345331610676775085121379003636,-0.453781805778325722739508999250
-0.495885275763192216012775774274,-0.453479171868156123784711123848
-0.596773784512960106610962147658,-0.453467031447539603626556608747
-0.445563393858031570450046652980,-0.453391816604517608673914976798
-0.545943559164163836890477216896,-0.453300374350458268133810258899
-0.647685569472685356770566813079,-0.452831676350589770936104096392
-0.733415850887000000000000000000,-0.416617868132000000000000000000
-0.834582660994461714531300614039,-0.416036542398069383964012965920
-0.784608049504180958366327428544,-0.415484342392472882009583692461
0.834442403156000000000000000000,-0.415410313989000000000000000000
0.784463651288000000000000000000,-0.415010751438000000000000000000
0.733945730324000000000000000000,-0.414535331041000000000000000000
-0.679203340836384603565612926829,-0.414045121892681784720682326174
0.679862595629000000000000000000,-0.412166602598000000000000000000
0.629852959244000000000000000000,-0.412103764050000000000000000000
0.579871783542000000000000000000,-0.412046232102000000000000000000
0.529895658315000000000000000000,-0.411497257816000000000000000000
0.479905274099000000000000000000,-0.411474661772000000000000000000
0.429918989025000000000000000000,-0.411434142268000000000000000000
0.379931713383000000000000000000,-0.411381946857000000000000000000
0.329952355550685350984149578859,-0.411298205547647025849895279816
0.279974745799921468556103368799,-0.411225803537778106066911037553
0.229997232059589474870569973928,-0.411103988983602786503014974412
0.179964662738490949331799231195,-0.411091397192587353499610026893
0.129797650941115201535844480645,-0.410950004026437976802905767531
0.079737349580509257269395576529,-0.410901959611393151114831466013
0.029757188711502028096952475624,-0.410822011628505666342445192133
-0.020263302135657547159614273677,-0.410750631037168957691683057734
-0.070296569464665622801760496132,-0.410706950585871526383659541182
-0.884291653911000000000000000000,-0.410689800994000000000000000000
-0.120284938896278830130781306776,-0.410646763662987107990905385304
-0.170279212472839793194899457768,-0.410590574178280661297511233380
-0.220290420262545130442418015762,-0.410561089769563787530948305657
-0.270300783315098390693015971314,-0.410539630394424495303626406596
-0.370362527063176454304627628366,-0.410523542088448431862704850085
0.884356325207000000000000000000,-0.410519974997000000000000000000
-0.320312188757400796820397793797,-0.410517556735137470943479550543
-0.571538800657796067317114239328,-0.410328159089997706023150633496
-0.470813437459730709690086655162,-0.410245277265243438539237754283
-0.420395768667051434007872942808,-0.410213611909358915588210898040
-0.520850551641262464961107087755,-0.410078762951688123347724702058
-0.621846312182239358821480748906,-0.410052014113390942138113507581
-0.754192565199150833054291561125,-0.371055134410066860868843735527
-0.653092528349432317697464793400,-0.371046364603560555056116134897
-0.704215678187086165237074948428,-0.370776776665421455155486785163
-0.854740461409236478112664883093,-0.370304389585318609998871215521
-0.804765849918955721947691708144,-0.369752189579722108044441937218
0.854569610263000000000000000000,-0.369661982152000000000000000000
0.804592741587000000000000000000,-0.369186992712000000000000000000
0.754614229177000000000000000000,-0.369008290409000000000000000000
0.704635960498000000000000000000,-0.368748752643000000000000000000
0.654657754982000000000000000000,-0.368702195163000000000000000000
0.604679914309476172932524254114,-0.368650633567989553964038438459
0.554705190146704875793434459135,-0.368108726467459553863462229016
0.504727535370543709460619692262,-0.368081495500948675776412409834
0.454749887223475152036510988145,-0.368044023664898834599153795125
0.404772242761113464873640981819,-0.368001923255751854603554482882
0.354794645381578378728120204050,-0.367921433382041878535140066184
0.304817026315765193800497744145,-0.367855775456788409583528088033
0.204840862120719118642949005525,-0.367744639265998276185471115524
0.254839503417923913559818313386,-0.367737777802435961401573521146
0.154863210280010960334264349208,-0.367712468788187198725606802133
0.104809016313111762432234461248,-0.367667965512998830078635164912
0.054812911734484147597273391377,-0.367578775599661965610152985723
0.004804900102952657817972473356,-0.367514628042271054372708068218
-0.045243041273217914008545610558,-0.367462442915983352997267552600
-0.095244285423835450820027505200,-0.367394799636787193848270448698
-0.145241463415841280314000529892,-0.367336928775731615149368199756
-0.195259308625026667729556675631,-0.367303602918837358146788625864
-0.245277033631481717707408881251,-0.367277884356817822948493725657
-0.345342531340212660511102976473,-0.367259624877063658515950549252
-0.295287441521737277318217729525,-0.367256387723634404574504090303
-0.546441200514421209904199013057,-0.367109214337794969090849410742
-0.445730876693914705978423811372,-0.367017602520008415120439160893
-0.596505670068754507366731708166,-0.366975122678110237121568398977
-0.395383718784028406128713027446,-0.366945100505569555564168901380
-0.495759686258212911104614617188,-0.366855907969857414546539103732
0.904288033652000000000000000000,-0.364566186897000000000000000000
-0.904365311059660648074264227101,-0.364376403787134011295759975670
0.829821042619000000000000000000,-0.325871808183000000000000000000
0.779759829175000000000000000000,-0.325803954565000000000000000000
0.729775618793000000000000000000,-0.325552369592000000000000000000
0.679683446476000000000000000000,-0.325437916648000000000000000000
0.629703110537000000000000000000,-0.325387398516000000000000000000
0.579728210525628655467771145488,-0.324845868563905276234853260886
-0.672072566293000000000000000000,-0.324806086942000000000000000000
0.529750565412015264197151878463,-0.324804548491329442349149341203
0.479772911920230983084378987809,-0.324775054325387497885157162457
0.429795266343553980963913984202,-0.324734298187937518799491354920
0.379817663954614086924776661554,-0.324656981283501595272350557469
0.329840045426997488353406443903,-0.324590914962911968609392862809
0.279862516254452849688194192531,-0.324475605561162751803391568168
0.229835583221719143160623387863,-0.324464567922967748400482471672
0.179857930409258893937160288870,-0.324433944274160033028702730934
0.129874575652007521230654323579,-0.324430430274748052001336216386
-0.772137871830561258484597094214,-0.324399069487832696115440032138
0.079879366799729809261554953824,-0.324341759642120419874663374368
0.029861617505243721105166179175,-0.324271968185684915520616813254
-0.020174845045506177944726209484,-0.324226436435971565913307372646
-0.070189241267004072873389146335,-0.324151170270718577720376041903
-0.722160923204196639812629705350,-0.324132003113322889516942589578
-0.120200157391486917703553113339,-0.324085342549960472182105721938
-0.170221555909368628297376356401,-0.324049959634135425086654690956
-0.622094617008531203315601203382,-0.324045266948513672067408323603
-0.220245921993963254994547537031,-0.324020397506091393564334059492
-0.320317784104549141008922915526,-0.323998455865560592146975102903
-0.270263637203247983679842710107,-0.323994673288343716065236003709
-0.521336340814000000000000000000,-0.323887054323000000000000000000
-0.420651650859236316469595148258,-0.323787992875878129561126792125
-0.571408506412953342942519859302,-0.323755924456895914262935654728
-0.370318981152883827278584568297,-0.323707088919320969109921079033
-0.470669668892308545012809633648,-0.323632560725233942508800837617
-0.872244471905682417231881659495,-0.323492250828464180785081989272
-0.822269860415401661066908477426,-0.322940050822867678830652716071
-0.921863250719974737333553203864,-0.317513663417627254843612228417
0.891480923648000000000000000000,-0.316255912852000000000000000000
0.931869350552437833345431877898,-0.286816632919896708136281425027
0.854641645153000000000000000000,-0.282480472319000000000000000000
0.804662397057000000000000000000,-0.282466907933000000000000000000
0.754682640414000000000000000000,-0.282219351819000000000000000000
0.704703000934000000000000000000,-0.282170020090000000000000000000
0.654725347924454822084997956206,-0.282120178616812571458723780002
0.604750608363605191378265760035,-0.281579693394134821236753303442
0.554772963366252114524774437114,-0.281538232940312797824584761229
0.504795313755830149191859500157,-0.281502766497421887357227023636
0.454817665242303880564859471678,-0.281465786650103255425714276971
0.404840060561017237598488951000,-0.281389965995149687865580127062
0.354862440827418604208784737060,-0.281324818359009745564535638475
0.304884903562221988112387939359,-0.281213071517597110408085350067
0.254858596058248079288999261481,-0.281202395681694538802300529431
0.204873179407917485350652364117,-0.281167282327739986872176452397
0.154886344635123937251278536132,-0.281142067179539813576422574421
0.104908717046232104775685777143,-0.281083253603555037673046265780
0.054925743208108081024759570191,-0.281033601875176648200191976988
-0.696887532000052968445082010692,-0.281015620896200411391181690000
0.004881993622382808014913547605,-0.280983846846285040468797642596
-0.045120177867482682977526616635,-0.280915666587733002820908956067
-0.095141341993015999640835276494,-0.280843898433510811668241053391
-0.145180249885014265686928942021,-0.280798373408364282119392199087
-0.596933595739619274791721203346,-0.280788069805815100925465598402
-0.195208169278305215562367198090,-0.280766754221389460504200124046
-0.245232525565729520966981368763,-0.280737186437617286681076324564
-0.746934902950523990479447876335,-0.280726742533765895278868863607
-0.295264533015556668711810959738,-0.280719716014733748774299671369
-0.646911104665567414027533224431,-0.280664295788120644711249817215
-0.496225217362000000000000000000,-0.280656999843000000000000000000
-0.395576705356792431107964987244,-0.280555900323005427758385663695
-0.546307996067887772293342742974,-0.280538669814011222750790313727
-0.345242317362713799527775314950,-0.280475993032153621755247002423
-0.445581286688262816013945420963,-0.280408264353466319174970316568
-0.796905344385046722933488189046,-0.279877212493322452155439053032
-0.847597741562740709345115591663,-0.279855655097304237051009371352
-0.910124633303780883619794705151,-0.268934124724810167830420908953
0.895030502686000000000000000000,-0.253039094701000000000000000000
0.829682741243000000000000000000,-0.239179618384000000000000000000
0.779703417190000000000000000000,-0.238950274597000000000000000000
0.729725104295444462745642376522,-0.238902141896842697998150546609
0.679747465928974129496817525252,-0.238853338608073216212166281906
0.945342133617851922386312172714,-0.238689189242479417956625708180
0.629772720740356948913765313580,-0.238313373994912207914436489958
0.579795075891409616976613327848,-0.238271735032744832697906897373
0.529817426449933186129674489715,-0.238236031313432172256509415433
0.479839778945603235425826714448,-0.238197711819380091291224645056
0.429862172212787428434386459163,-0.238123255720326517269826495549
0.379884552508729916458635889289,-0.238058085425832119710689769360
0.329907006385798062772972219314,-0.237950372933978122420979209895
0.279880983366017217713193012475,-0.237939861638128897406994297385
0.229896290489467949201013293047,-0.237905166911927637431825941148
0.179914778455653404077001013924,-0.237867802650072894165753631186
0.129937135274082256391343309889,-0.237824208312858891364155934716
0.079959494772576743236929763390,-0.237777642735895677165003856871
0.029946061418449889179308214325,-0.237745446968805355847094371812
-0.020061583586746491129749919951,-0.237674094332273355006599017448
-0.070071566210940463394208411000,-0.237608807816199263209621755155
-0.721718781878857473396795346726,-0.237576841530985622162222554944
-0.120121434486543347624211101876,-0.237556929291914621605527543281
-0.571784269479737356294380007382,-0.237541853519134597154144210050
-0.170166863253950852951919778302,-0.237515167995618317536937649918
-0.220194772850071481534801026908,-0.237483543152915353620942402076
-0.270214634446310558955399065174,-0.237451380977518982135800299672
-0.471111223071000000000000000000,-0.237424526317000000000000000000
-0.621764401306958293006773902648,-0.237415292475700676084766022176
-0.370493569470654944053500650445,-0.237328559292492760572132473619
-0.521207744828268662686329066317,-0.237321264684148537889459086155
-0.671741934069279545424129675400,-0.237291532104278371082829954653
-0.320192887946940921645171728957,-0.237229111012811526585326020365
-0.420484733064093437328216560599,-0.237188711895812700136246731061
-0.822236647417340821531552636110,-0.236753466054896981557222727220
-0.771717745863427828753080844401,-0.236710656003785047155473750619
-0.872218205935006722400388350825,-0.236363133297060668360747828338
-0.946382142000911061676244441314,-0.234537035000122533210862968154
0.908503878317000000000000000000,-0.204909032847000000000000000000
-0.906309316257503538146409925598,-0.197285011286066099372560641847
0.854713685105000000000000000000,-0.195919017726000000000000000000
0.804733672991000000000000000000,-0.195688390565000000000000000000
0.754753350980000000000000000000,-0.195638240691000000000000000000
0.704770282088000000000000000000,-0.195590252125000000000000000000
0.654795103340253679712005438648,-0.195050039007712428469149969779
0.604817458842797027655617644194,-0.195007980280639606226757397663
0.554839812514457819084456347130,-0.194968156542435090068847418282
0.504862164143933817318832427254,-0.194930983932333719055658537990
0.454884555509066977235750345992,-0.194857815696290866225689849547
0.404906935031985766328442240136,-0.194793240937174055819243529518
0.354929383994778507901565345703,-0.194687833280783047663186380377
0.304903086189593292373777293933,-0.194677163054509909419888171760
0.254918677797237087625207041740,-0.194642632868361996036519713100
0.204940245032965964660953963248,-0.194604329580258301554033022085
0.154962599553763188595053111788,-0.194563454088769179147311525206
0.104984959052257675440639580270,-0.194516888511805964948159434119
0.054980255743042229117342448467,-0.194489744073473382820730566821
0.004999964503589072752472258629,-0.194434233951295249811089584856
-0.045010553899620826735772422090,-0.194368636905545270279555031970
-0.095051658704467811377584239165,-0.194321838674603073146908232006
-0.546676475898585223979252687346,-0.194319980329857746733892253642
-0.145108047855479934889201942820,-0.194273723879168657023072978111
-0.195153466825717118924353611722,-0.194231956927144210653679911966
-0.596658211701839479298890591812,-0.194193800312765485095915215397
-0.445993561507000000000000000000,-0.194192649527000000000000000000
-0.245161915634250345964002129263,-0.194189103560225076839641403107
-0.496111943662012294034289892733,-0.194101275301058591965614992495
-0.345436843817864331829753358964,-0.194085904216613492527786099937
-0.646640635931000000000000000000,-0.194067802057000000000000000000
-0.295139825087357907077174834948,-0.193984333758159557430098991356
-0.395423460386078729886752286324,-0.193948691888776675508015569108
-0.696628631563000000000000000000,-0.193935478938000000000000000000
-0.796912499301236010812231724427,-0.193548275188325678556509511402
-0.746657296029655351891093704516,-0.193470159098919867354330496392
-0.846889437471283636651143291922,-0.193279259207538623244760580192
0.956332327001574434570958303846,-0.189934883095852081552995858997
-0.957156941300777236236716083456,-0.185734674211956910372899565861
0.888513165363000000000000000000,-0.159101103135000000000000000000
0.829929724992000000000000000000,-0.152516419245000000000000000000
0.779786931679000000000000000000,-0.152379076374000000000000000000
0.729803334638000000000000000000,-0.152330746970000000000000000000
0.679825737076000000000000000000,-0.151790944417000000000000000000
0.629839391859982733999358852210,-0.151744234095459661792886037451
0.579861746082963880092263969192,-0.151703724374259980398591106729
0.529884099122352559857233427107,-0.151664702185953555889568654649
0.479906488645772761505903406270,-0.151592802937394627718729344649
0.429928868111014142956126024178,-0.151528272833134582953508023517
0.379951312546800915219796011105,-0.151425033903163388224443650739
0.329925463798573737502370419771,-0.151414623401314834662095328492
0.279941667035534294498037128960,-0.151379423248995133100452219823
0.229964019613921318130588498973,-0.151340996023959064663271756618
0.179986372850804009446419315625,-0.151301721709806487822986987234
0.130008732349298496292005771458,-0.151255156132843273623834906201
0.080012183516615963293621553000,-0.151225697716251068888688069890
0.030034543369229420271155093361,-0.151178753610987898089685312010
-0.019950857425378676892900445142,-0.151127703392616369571902948018
-0.069990646393148174719148246930,-0.151081667763949080216841521547
-0.521546316941773582524872651548,-0.151079660102225724873518152600
-0.120038272073404398642575075431,-0.151038633261857108564453682828
-0.170094651427246200861635771592,-0.150990512810694550139815256116
-0.571528471390186879084031038084,-0.150959341052558188376977813537
-0.420899506935000000000000000000,-0.150945110879000000000000000000
-0.220101406888228857750548869346,-0.150926449135547955842135303938
-0.471012808104493735582694885736,-0.150883222213072435906093637704
-0.320375180659000000000000000000,-0.150842186772000000000000000000
-0.621510378079336981569615771126,-0.150833258978553975590196532754
-0.270079184740539428174053412686,-0.150743947267540675048262727094
-0.370357930521037656457427734909,-0.150711139564027576863392696794
-0.671496523257000000000000000000,-0.150698831082000000000000000000
-0.771870974381070378608325042456,-0.150296815697073758664351176023
-0.721503411931029920191162473596,-0.150283947952263336299421722340
-0.872311512449065147992677947344,-0.150250375625986831755611882941
-0.821847912551118004447236599565,-0.150027799716286703352602229486
-0.922288151390302371044068263284,-0.149930565388668927297794880017
0.945056456001008552003165262876,-0.141245855054318129406433900981
-0.967551126417000000000000000000,-0.119974457924000000000000000000
0.904671272792459071862691781869,-0.111804324936768612447579587601
0.854763907218199108894887110997,-0.109141645484360124580271184245
0.804786264224359355833080828587,-0.109097836455811183602699011420
0.754808623115101022422151888158,-0.109051927798091549183209996621
0.704833879755909374618558022436,-0.108511793894681982654164274314
0.654856235241246596010852150325,-0.108469755618318245587527769246
0.604878589138629057304204342931,-0.108429649606298834443593428725
0.554900943503820172697601897674,-0.108388964816135936786323905145
0.504923331122927365004356050930,-0.108318401681907790576918138354
0.454945706203771814224078511729,-0.108257361605857020787404777120
0.404968140242838338244323558628,-0.108159284741991371390522357022
0.354948581602069955342310482252,-0.108151136877865619925993265724
0.304965249276413581925025145559,-0.108116189140265308417566033060
0.254987602099848030315234828901,-0.108077444522426119170680290306
0.205009954678235053947786180528,-0.108039017297390050733499819116
0.155032313382089865012613018395,-0.107993312543532308918735125580
0.105041330698952889820030899738,-0.107960865824755283858785227862
0.055063685108217052979487770322,-0.107920126930748160054884774954
0.005086044600808326783214524890,-0.107873567689983317568646372053
-0.496413292243512604406993128030,-0.107841589763150964188538444096
-0.044930949918906024876276272218,-0.107840734251020179509189425574
-0.094977259762084761984139088422,-0.107798462351203115634386955371
-0.145024875645170664615008910519,-0.107755422193383001681195945848
-0.546396027392937000982425312279,-0.107717711242147702184298915346
-0.395813921433000000000000000000,-0.107697131095000000000000000000
-0.195022883187375098422184342013,-0.107673657202698451235113996784
-0.445934637907110838361094046452,-0.107653000168745871803909901878
-0.295304144812000000000000000000,-0.107598398968000000000000000000
-0.596378478361522547167469678666,-0.107597562122545978208437473295
-0.245000297744999657958541198047,-0.107514141051046616434460231167
-0.345286327042557117436200737569,-0.107477108784229532530436159741
-0.646363597955000000000000000000,-0.107464507281000000000000000000
-0.746719300539766546717375399680,-0.107109317257926409701846096106
-0.696362989104033429862215868771,-0.107089899073621316191541138421
-0.847273851546077989327561664803,-0.106996679194841083770204461038
-0.796696238709814172556286966628,-0.106840301277139354390097158607
-0.897266275427846619078124095179,-0.106667735594835963167221990634
0.970075476379112401420537258947,-0.097981373805021883243048636031
-0.972454029933000000000000000000,-0.070145483271000000000000000000
0.929690690218160622746086590391,-0.068539299061809918912985140051
0.879785036568615881194645426725,-0.065857424295463851098220232476
0.829807385156245681817744153035,-0.065824595127134865695399164808
0.779829740464889816987404069382,-0.065782767441672963226661807340
0.729855050010342502882986894865,-0.065237760631752458278506182172
0.679877404478575239036417570288,-0.065196949460416605162484307058
0.629899759062426133787795399110,-0.065155996947032370988514464098
0.579922113402022186841676685580,-0.065115343610285098342257517388
0.529944498740540718318238274936,-0.065046414667490972789654081052
0.479966871642009517314299174763,-0.064987185866710234002182162628
0.429989292566686459554774133349,-0.064896036426157851258712991042
0.379966209517231172755333054713,-0.064884925377090052116691607309
0.329988116745574095543306923613,-0.064852846927818894385317786511
0.280010469168397457313388566991,-0.064814622561084308843142799552
0.230032821991831905703598245740,-0.064775877943245119596257056788
0.180055179896446522097282580520,-0.064731055669261747119568610594
0.130067541769437916981957487051,-0.064697505624399717107183888857
0.080089895689282869960670610463,-0.064657371630765632864789038190
0.030112252975808637782964559487,-0.064613243918405434814751332777
-0.019894047892719021200161302934,-0.064586598548387127505932863187
-0.471288119634784904582962149935,-0.064583664409586787651624131655
-0.069917563287842612141267111921,-0.064557528838274214926734878380
-0.119948987061088157852727883143,-0.064506666891152134738709205934
-0.521272299673612896654589173941,-0.064484970106622151482462702063
-0.370722869861000000000000000000,-0.064453520905000000000000000000
-0.169926579742842967316560625542,-0.064423311103768955436018244016
-0.420859867920835985449000814743,-0.064420805815624123629004642655
-0.270218895687000000000000000000,-0.064365261668000000000000000000
-0.571255575639033343674231099459,-0.064361401673058563560239186066
-0.219904075672161638687951326103,-0.064294396071217316789083463505
-0.320197514377112168088166750922,-0.064253062265088231135184778859
-0.621240037239000000000000000000,-0.064234646792000000000000000000
-0.721560080175195711827268318143,-0.063915966655092417221241971370
-0.671234372133827908727577366579,-0.063888980939681370345451792900
-0.822119521870904819836015057945,-0.063810727578101356926249656135
-0.922855499719423001627716223091,-0.063738045185911752756576332713
-0.771537072294795349587771363113,-0.063657167257570197315679890483
-0.872104978416119560506310968685,-0.063485842964494514109890869258
0.973956495374771857765204472975,-0.045337893667144440748904533185
-0.952632474106506580845395158162,-0.023599553500228661318893066503
0.854828641199296702117205047928,-0.022556788634761289158463696693
0.804850899092843730276119760763,-0.022519522771798171219190970638
0.754876220969049212932523961587,-0.021973386457481079430480229506
0.704898574694369231571045609613,-0.021933495435328990677986854666
0.654920932792805418484548317294,-0.021888457565317559716106993846
0.909757433425000000000000000000,-0.021856511639000000000000000000
0.604943287070521284513179084762,-0.021847880372997708107732763080
0.554965673925018468422747225813,-0.021777860881809394698479107941
0.504988042083657057595312768243,-0.021722779305759016556514860959
0.455010460892676639462141207506,-0.021632797365112642278812550499
0.404988398289930848595955193915,-0.021621078265425093666854016507
0.355010750035177085135394053204,-0.021583750329636214154624934985
0.305033098299105789253482051863,-0.021551417704442113120079817200
0.255055450721929151023563678013,-0.021513193337707527577904822254
0.205077808367256992993164796177,-0.021468661111603852813997064741
0.155092604945293786413974698555,-0.021433982208590480254459547796
0.105114958209417797038834795449,-0.021394673244393720613730003431
0.055137314014592500347186445490,-0.021352256430186628519445844597
-0.446173047033902280822360303411,-0.021327770628479247869927177014
0.005132160482281289799588734121,-0.021326274776809244752037804084
-0.044880661261655608465152144908,-0.021303393135641162923478296058
-0.094880326120054001446002901176,-0.021260563699439740549973725417
-0.496155997692262779919028042559,-0.021232132033336319393147431645
-0.345625160119000000000000000000,-0.021223848179000000000000000000
-0.395780823291484520601912851522,-0.021191091047542671428508260815
-0.144857921287049220126280530189,-0.021178711548470341708632587222
-0.245117968848000000000000000000,-0.021142768141000000000000000000
-0.546139432575280847177419699278,-0.021133010292774456728562058306
-0.194835439256933224141208237911,-0.021058644814511183052048397479
-0.295117136356616185126589312219,-0.021024121070563189232702536883
-0.596126826862000000000000000000,-0.021002207905000000000000000000
-0.696413776445143864413723587236,-0.020706823216371514560684393782
-0.646129069232630273176827306976,-0.020674510160904040270601350630
-0.796940263399622152828671356382,-0.020617132404629725548932740065
-0.897633117762471312027739651645,-0.020519800326570204965312935750
-0.746390860768784353879824179906,-0.020466488120286492084892328340
-0.846917039252177764271777561964,-0.020319485240866160659781978391
0.975000181051488089089602311012,0.004628869672688764217912229329
0.881760958045049189750221066894,0.019546045632897859417917340975
0.829872043249323674067844526990,0.020743730267603890363394916737
-0.974748496056000000000000000000,0.021274364832000000000000000000
0.779897394730330357751457522276,0.021292568908518771231377649200
0.729919747657454121861309646285,0.021331447047717659104054792642
0.679942106728478568760650127917,0.021377551549339204682976966182
0.629964461677273358866516556181,0.021418947037324615904877241575
-0.924718903167809210745852025549,0.021481710925129615735340423045
0.579986848595562267375957131021,0.021489012046155944139700672282
0.530009216033294905403634074606,0.021543435585872106980338828518
0.480031629572731134949809053598,0.021630441491160498906824308371
0.430010844629233665139766647273,0.021642899106825041558600021316
0.380033196388067515229218904991,0.021680245230374879706440821127
0.330055548133313751768657774600,0.021717573166163759218669899128
0.280077896397242455886745766376,0.021749905791357860253215024900
0.230100253512831266790664287919,0.021793839479409244763716772962
0.180115932850694215861544906314,0.021828815594854526499851764505
0.130138285899684532453211385747,0.021867850078515170697423083968
0.080160641255389666855595278158,0.021909733956880176234508761067
0.030157221521065152363810615907,0.021934712711409561543267664409
-0.420989037008870387133970008633,0.021963429916422172347946060499
-0.019842962733587219436803523129,0.021963561660891325183520716145
-0.069820606293962236758909905253,0.022006719542995521625741900561
-0.320522447191000000000000000000,0.022015412056000000000000000000
-0.370699613115708173905082593887,0.022037367340066008104034402889
-0.119798237661457712323360388790,0.022062229410717202548660327174
-0.470969528083281236877599010146,0.022064639376249372454664388783
-0.220039538091222467373142868549,0.022098291592858579106777795066
-0.520950178438000000000000000000,0.022161919709000000000000000000
-0.169775755631341716338288083559,0.022182296144676361205244518098
-0.270017439832917330693425087821,0.022193606228184275092224817507
-0.570930437593000000000000000000,0.022267052553000000000000000000
-0.620911762448715231655003510368,0.022474697908498514904562072153
-0.671289699091638766676264255141,0.022507771200189567354770631606
-0.771714209104958339748770190001,0.022620571973150799415960891671
-0.872376505266491976196781449783,0.022687285257703733394178461008
-0.721266835130084210073703277005,0.022737100320450927620402592602
-0.821691453679517147556991876669,0.022824883464296958267444935630
0.930971339308000000000000000000,0.028284162690000000000000000000
0.973482112925142573663219938773,0.054583470938382557899147013272
0.856802098063511654265767898221,0.062845260716692234030256483705
0.754940917130782336561082000148,0.064594685445203236471713064565
0.704963278678433724781591626334,0.064643400709829574802919340350
0.805625216115000000000000000000,0.064675232303000000000000000000
0.654985633489586227007314928781,0.064684629684479885477673007832
-0.899463916614009376575288156944,0.064687747933025153348917143940
-0.949899465357000000000000000000,0.064706995363000000000000000000
0.605008022784477569723090039649,0.064756369905351426556772003776
0.555030388310195518855961336795,0.064809008348873537550505117641
0.505052797841435877930682071158,0.064893680585336573464162974220
0.455033648572181729311747830274,0.064907082584790363632876375926
0.405055692470626513363833094844,0.064944251270371239190156814355
0.355078044229460363453285347996,0.064981597393921077337997621775
0.305100395974706599992724215295,0.065018925329709956850226704133
0.255122747763607805561640601700,0.065056311668600389288104800485
0.205139459583294446470364225859,0.065091939724776592492549489605
0.155161812467278084408158677683,0.065130762367957669535065905393
0.105184166964926702966018930044,0.065171609546304418520492269863
0.055180548761862318872219450959,0.065196703098476366297222286043
-0.395899392927459883726312456060,0.065196813767121964005019722068
0.005198149964501323518238434301,0.065233805836843593054641665330
-0.295395174554000000000000000000,0.065249840014000000000000000000
-0.345617475406316666866553108352,0.065265287558112616341157902289
-0.044779494721811570222358949081,0.065275639547445623632682360921
-0.445883042327572142573349897850,0.065299964360735216298432454414
-0.094757138282186587544465333512,0.065318797429549820074903541361
-0.194969567690894986812592371030,0.065345226447872764476773938937
-0.495863563776000000000000000000,0.065401914081000000000000000000
-0.244947414982696217395410002173,0.065428552422900164933507974981
-0.144734667681212258067298421176,0.065434008627820463912648685169
-0.545843830863000000000000000000,0.065503206251000000000000000000
-0.646108025899106707472440210530,0.065677784562188824518986150672
-0.595834967885553624586319017894,0.065705717939116235941408478373
-0.746585525445467653906747271307,0.065826897711067546379307634744
-0.847088899765924931861043098977,0.065868308638633306361059007076
-0.696131513930704030430634945593,0.065934118118612312790579461126
-0.796562791937878475657879874886,0.066025775556069635758567311862
0.914308443506000000000000000000,0.075630079736000000000000000000
0.969406279627605900930980436556,0.104394657446850447335604072129
0.779962085260157829768314680021,0.107857924619959976355495149512
0.729984455984701928574910686490,0.107915287114461263000877413549
0.680006808363005078414191189221,0.107953453227458714419999439508
0.630029203927592774225161371402,0.108029435778998767799306166583
0.580051565924843152494879795167,0.108078610130026091711857482285
0.530073965082345289420003505039,0.108156920273935066884044186860
0.480056187775037061141398913087,0.108171113545703937396768577927
0.430076877897048736428576414559,0.108207501935178923767308248459
0.380099229655882578472449865527,0.108244848058717995092003297456
0.330121581414716428561902134709,0.108282194182267833239844092848
0.280143933173956142500991699803,0.108319540848952307200999579000
0.230161984907508737892159344834,0.108354429827387235938890825114
0.180184337835758962687719653282,0.108393309414618549031564392012
-0.370808563793338066978693434076,0.108429807529125356788447550293
0.130206692257637869913581941881,0.108434063781198583691075871686
0.080210676772036560899776689344,0.108462388079801619328712390207
-0.320501811138687842378211504289,0.108473737273954479910973892164
-0.270308515719000000000000000000,0.108494051858000000000000000000
0.030233030637231964130916652648,0.108502453962211798189570177591
-0.420794447060704619962074626720,0.108532745719181058173839983285
-0.019744615677991628446983651638,0.108542294156737134619139001999
-0.069722260364304522187581048818,0.108584127867339165197179697611
-0.169909938595826512794511113639,0.108607755891944523308423625719
-0.470777455364000000000000000000,0.108636992818000000000000000000
-0.219887571468791926040876088008,0.108669400720653426940874313990
0.876704991460491975758216755032,0.108688924977734012978705932666
-0.119699811837374064130226945668,0.108689328662804863366704894349
-0.520757714161000000000000000000,0.108742296140000000000000000000
-0.620961990751802575089750609790,0.108910809039118396550621104076
-0.570747092503125259122065528772,0.108930308477910550270728903880
-0.721450204246087474263678944392,0.109023915509228931549484511159
-0.670939302449206288821438200039,0.109097982624958075346903800381
-0.821891213750099054714146367126,0.109109853438193455855482495965
-0.871991510687339417960765022378,0.109199898590391713042077264577
-0.771427470738498296014811534248,0.109222793354231020928744195736
-0.922181501193000000000000000000,0.109238164661000000000000000000
0.828225639990186772686637076266,0.120834673183147251437853275503
0.923914857397985758555692129337,0.125090000449011694716405147830
-0.963972481934000000000000000000,0.146269941860000000000000000000
0.755018293876107345091788574322,0.151186792941226599804093724288
0.705027916903033376062306702401,0.151216726865485751136540002658
0.655050318631930869591077540984,0.151296661232149367770453173083
0.605072678683366170134303300585,0.151343816532085032080440275316
0.555095074848699741203043854095,0.151420193202722181807803772079
0.505077777513453162111552062178,0.151434597261863206367848794630
0.455098045179930170002062659106,0.151470742142875451874809396613
0.405120396938764017802848984678,0.151508088266422227264596596280
0.355142748697597859846722449476,0.151545434389961298589291641401
0.305165100456431709936174704959,0.151582780513511136737132450268
0.255184480307101608271068580632,0.151618414171914755039953887479
-0.345681288524524246532520941852,0.151645031405898628525265131680
0.205206832081864820516035752501,0.151655781606511159309210254402
0.155229186503743727741898057151,0.151696535973091193968721741824
-0.295426242161205076238808440416,0.151705468200511029939538445376
0.105239502483846596088127843724,0.151728476275770843429461968383
-0.245235026730000000000000000000,0.151742843981000000000000000000
-0.395703946186253345486070752933,0.151765550905248560184540350128
0.055261855437236943028602518654,0.151767388165876316980871456948
0.005284209302432346259742467577,0.151807454048286495841729251331
-0.044693437012791246318157830389,0.151847294242811832271298064778
-0.144868480045393149771194973675,0.151866925389409871411581042854
-0.445690874888000000000000000000,0.151870707034000000000000000000
-0.194846161183431072947790648714,0.151920926582418186597892499726
-0.094670997453718167952623491640,0.151948144746918652707283626502
-0.495672109257000000000000000000,0.151977294209000000000000000000
-0.595866037976952316935443469691,0.152139111501250036320084478600
-0.545660234166358912073380280560,0.152155489301612132431309206163
-0.696257992764589732654482199441,0.152187780015574694105808836640
-0.645843380368083603996304423373,0.152317901798284869170816747193
-0.796698280845388281352802072256,0.152340688421038133390737486482
-0.746386709440511907484192448825,0.152474694954830608852212399862
-0.846720090702664213596278528333,0.152483734838467755337887264077
-0.896701369530914800685273444206,0.152641694068724115952315646618
0.962264529372555783654191792996,0.157142467195519806901618185130
0.859484880961000000000000000000,0.160310679456000000000000000000
0.803307582488223655896520931234,0.164157382341042049387590286504
0.915333583839878631131191829645,0.174325439540905793499060937409
-0.933810055069000000000000000000,0.186130678908000000000000000000
0.730049020130498680301429979366,0.194480003576007892227481970948
0.680071436888241581635387600742,0.194568838895248534879875959739
0.630093790868320494786325844911,0.194609047826446765872003108696
0.580116184079674954451768472813,0.194683466441143348801369175307
0.530100550038137094383640274153,0.194698830518895278266298317418
0.480119211992240285120758267424,0.194733982079363858098045979387
0.430141563751074127161976696438,0.194771328202902925869704070528
0.380163915509907974962763038106,0.194808674326449701259491262225
0.330186267268741817006636483951,0.194846020449988772584186304405
0.280208600075776617472086687009,0.194883355650581133654947931780
-0.320592623802337066002903406548,0.194884397709515498715354761878
0.230230951834814515431926891666,0.194920702047192656387970897906
-0.270365546751608293335647160161,0.194945822778591178830605838524
0.180253303609577727676894061824,0.194958069481789060657227265889
-0.370572264235428438513158649099,0.194983306020952925955046467386
0.130265650203953596331749792052,0.194993055161817469586053953832
-0.220176469146000000000000000000,0.195004272429000000000000000000
0.080288003131150706553019092457,0.195031933395302290406834637563
0.030310356084541053493493750128,0.195070845285407763958244130125
-0.420600274349000000000000000000,0.195103523127000000000000000000
-0.019667290050263543275366287134,0.195110911167817942819101918528
-0.119832161247468739409548898831,0.195130115000656931014885240792
-0.169810554269466685747266583455,0.195175811912287467504703549220
-0.069644856951338315370791642793,0.195208507782910674502850546386
-0.470583113189000000000000000000,0.195211378815000000000000000000
-0.570773402569203773798755464825,0.195365831564081826152673631326
-0.520569292329402924947215156212,0.195378299901863174779902576063
-0.671097368561207646030765927828,0.195445651551688809548180521576
-0.620750762189063761515437247436,0.195539739234615651356312315591
-0.721074879714908578879863037323,0.195568522754096084173922707320
-0.771598378138736232475893122176,0.195627197546240738185071436984
-0.821580445262917251126766005690,0.195684022537713299266863031541
-0.871566454148000000000000000000,0.195849204307000000000000000000
0.778317461788648262698994468537,0.207438562845637064626282769743
0.828295122059390233107668154126,0.207452430541256542833649658789
0.952663294963851832579859396636,0.207555838061708904361191858776
0.878271173313349509742874473639,0.207853702908007071572463478338
-0.946384123970000000000000000000,0.234509982126000000000000000000
0.705145696509000000000000000000,0.237864817212000000000000000000
0.655114930933453403224161200095,0.237872303232064162752999445822
0.605137324144807862889603821099,0.237946721846760745682365500661
0.555122575340718159639592883321,0.237962632799272576224191934513
0.505141316694092997342294467355,0.237997830384114330210158671327
0.455162730563381588710059275162,0.238034568139389802695956675640
0.405185082322215430751277707622,0.238071914262928870467614758960
0.355207434081042603757525388254,0.238109260386471798810488688040
0.305229785351959121162813348429,0.238146606228797590646133935690
-0.295486751780704920242398201084,0.238151051354965734309233644075
0.255252137110792963204031769920,0.238183952352336658417792028740
-0.245322807290562021177533110847,0.238196579057953948184988115663
0.205274488869830861163871980951,0.238221298748948181150815000426
-0.345481550761060409681505861080,0.238223848943858747234815353626
0.155290638634968459094345187742,0.238255091040045210544407538352
-0.195122876604635278214159323605,0.238269350365879409360633590115
0.105312993056628479459207912208,0.238295845138200364516755038153
-0.395466049416000000000000000000,0.238321921408000000000000000000
0.055335345983825589680477197076,0.238334723371685185337535726889
0.005357698937215936620951872578,0.238373635261790658888945210481
-0.094803702785351805386616665937,0.238391828576372404469784400334
-0.144781783865772963797619659169,0.238434653442428648115207698834
-0.445493351242000000000000000000,0.238443713262000000000000000000
-0.044619871241346817760742570325,0.238469538846275351291121595418
-0.545673888433653874658847845704,0.238593389403407251614647549233
-0.495476700709432142433348117294,0.238600152757149865021748959490
-0.646003825182238376587418985889,0.238668030736986075171345325158
-0.746259836162227079755559658376,0.238736620780269908551894061630
-0.595651280883777840444937732098,0.238757591525726609722865293168
-0.695981338973048287616480181037,0.238789824579553399066302021686
-0.796558068546000000000000000000,0.238960564065000000000000000000
-0.896585057777000000000000000000,0.239124448702000000000000000000
0.915600884437322711191542043116,0.241084101428810182434594398641
-0.846444202458000000000000000000,0.242732758712000000000000000000
0.753458628620581316427348532017,0.250795282416805001740860535893
0.806699638787000000000000000000,0.252611822072000000000000000000
0.856894659194000000000000000000,0.253033792801000000000000000000
0.680136096874562020648834550213,0.281135543672398590766674481845
0.630158490085916480314277182538,0.281209962287095173696040554614
0.580146284857473237242903557169,0.281227371954973993311274948200
0.530163711271018386663087417847,0.281261845526537397054541659604
0.480183897426320662146382195239,0.281297875903066251440575491563
0.430206249134516217504821641392,0.281335154199411900246954095446
0.380228600893350059546040061802,0.281372500322950968018612179820
0.330250952400849615867644347377,0.281409846301640128522617517748
-0.270404626940051656035066162792,0.281424683822344878024867699098
0.280273304159683457908862766642,0.281447192425179196294275609049
-0.220285491332122716122271824063,0.281450475160478199991222203001
0.230295655918517299950081200691,0.281484538548718264065933698040
-0.320385312701316464024068879159,0.281484968585390193027373877859
0.180315485772656863514978013460,0.281520431336633363903758532036
-0.170071995686995542432177312086,0.281541171563107055556883626779
0.130337837546897403972081234120,0.281557798072167834240723395111
-0.370377450135000000000000000000,0.281559613155000000000000000000
0.080360191968557424336943941330,0.281598552170322988213070898910
0.030382544895754534558213240016,0.281637430403807809033851581669
-0.069777655523900646860801570014,0.281653478088118141701658105416
-0.420373280258000000000000000000,0.281653967229000000000000000000
-0.119755656336257074832583861209,0.281695023983226020087097248153
-0.019595030354257956899975060671,0.281730653684274703903843098019
-0.520579877832877450835185670609,0.281817087324415804592343387134
-0.470414500647771126703919636963,0.281839635253127551465838120647
-0.620904343876952455516919469893,0.281885883028097033537898317652
-0.721141097188156214674766477358,0.281972613801742270244240544397
-0.570557278964163537149162470820,0.281978625596061805934868279783
-0.670887105515955507074140518570,0.282010724219098241300838783547
-0.771155635408992765476999364470,0.282072124680829588935533301004
-0.933121871064000000000000000000,0.282703797976000000000000000000
-0.882948863268000000000000000000,0.287215346898000000000000000000
0.931345689529612643488863368951,0.288516873127884264415117207916
-0.832133975606000000000000000000,0.290692432602000000000000000000
0.778631223723000000000000000000,0.293977632457000000000000000000
0.728417211835705984529998618820,0.294046804515534037718945412093
0.831789553726183335889841424563,0.296249097366121354685155094476
0.881971035780000000000000000000,0.296268261665000000000000000000
0.655154089736537594235275844955,0.324487978837724568328179193354
0.605167950353700838507045406260,0.324490900843730397330241304409
0.555187268120911317008489717452,0.324526496680477442114351780999
0.505207316950319570945017284467,0.324562481791614080726408566768
0.455228767434088133601385177636,0.324599240841384981963535327100
0.405250763821596934259962390811,0.324636314359935914791641537245
0.355273115580430776301180816026,0.324673660483474982563299624626
-0.245321484756095375842789353050,0.324705136778915118422974921016
-0.195256796477272980499881293559,0.324709360401703505159404925718
0.305295467339264618342399238072,0.324711006607014050334957643387
0.255317819098098460383617671704,0.324748352730553118106615725814
-0.295308257336989582010265862856,0.324755687866832371494663684067
0.205340170856932302424836087986,0.324785698854092185878273823273
-0.145027704507343937004585142491,0.324812193413615897457747708952
-0.345288194909000000000000000000,0.324818206782000000000000000000
0.155362522615766144466054521614,0.324823044977631253649931896562
0.105384874390006684923157726677,0.324860411713165723986896764644
-0.395266061672000000000000000000,0.324900369862000000000000000000
0.055407228811666705288020451716,0.324901165811320877959244259476
-0.044752701640258195685603531910,0.324914658754627329188362162969
-0.094730676471101766520388545243,0.324956058427622441205250275303
0.005429648911779210606977188224,0.324991862013245956169458345523
-0.445244174635415887439002971350,0.325016265585778979407345544852
-0.495494891414422352324106670978,0.325068569052641484245356288370
-0.595809996727515035562976385194,0.325107119240231594545678016935
-0.545472367565382809442443564893,0.325204936317264961515221642386
-0.696005148498219444930993665802,0.325217791178009297431394756688
-0.645787624210669586003640997422,0.325228576510209199667391758997
-0.745990202286784445088289780632,0.325334909569471296709176625032
-0.795971737580000000000000000000,0.325454593186000000000000000000
-0.917407987464000000000000000000,0.330152507230000000000000000000
-0.867636640683000000000000000000,0.334798325034000000000000000000
0.915337453822353909234350588185,0.335861388206101388443057606035
0.753436211677508591626856243481,0.337311297640573227047386290627
0.703450595653085198996263416997,0.337341547785824717108590248042
0.803413811710185827237329385024,0.337390122918387742017979248396
0.856862289020000000000000000000,0.339486559493000000000000000000
-0.827339358770000000000000000000,0.364369112372000000000000000000
0.580216130494841706274673239227,0.367794173285680153419674417828
0.530238482252024077860330672029,0.367831517199108934444572631145
0.480260831273764408989165531135,0.367868827410242654878638829103
0.430283170764514754157512509642,0.367906098557567204149010436943
0.380305520612801862089397710068,0.367943375674515382443297867107
-0.170230711366956876164859575551,0.367969755481983305319540446105
0.330327872371635704130616077991,0.367980721798054450214955928687
-0.220251139033390567618578865599,0.367988102973988706879566046302
0.280350224130469546171834511573,0.368018067921593517986613943567
-0.270229010626147748983282465667,0.368033901744966873286860939015
0.230372575889303388213052928967,0.368055414045132585758272035948
-0.119982521511395955989373701247,0.368085063059211748289112230768
-0.320206812846121850525641432746,0.368089608206554016836114766086
0.180394927648137230254271361470,0.368092760168671653529930123387
0.130417279406971072295489778908,0.368130106292210721301588200742
-0.370184495506000000000000000000,0.368153906597000000000000000000
0.080439631181211612752592997847,0.368167473027745191638553062851
-0.019728022374221028178651260361,0.368175867083598581453977437842
-0.069705836202597441061703844259,0.368217173623448432735523730117
-0.420162975257448195049196527344,0.368244730238289079835592731215
0.030462034850400072752437715848,0.368248611459668981355758852815
-0.470334670775507495550511351597,0.368251088847713714766339122527
-0.570712600083932135011613853573,0.368340737931008588882108405216
-0.670896245601463837050016242517,0.368441119253079949736250353662
-0.520412415714390095910609146256,0.368445721829054742463680292830
-0.620693625704559588697545353841,0.368449612562414512124440724384
-0.720891266222000000000000000000,0.368565282300000000000000000000
-0.770874207749000000000000000000,0.368680041091000000000000000000
0.632430534827000000000000000000,0.369036871311000000000000000000
-0.899284694810000000000000000000,0.376734052907000000000000000000
0.896925427825215158035418731279,0.382323889399336443683769714602
0.747407053832556658078042913519,0.386923957054591104444690146229
0.697429401387359700288090138251,0.386955174321939536074445753989
0.797384651953779195220048783025,0.387003985076281529133120148154
0.847338139383264081652752221963,0.388558273364527178477999762845
-0.857528062365000000000000000000,0.404205566518000000000000000000
-0.802242204510000000000000000000,0.407594590344000000000000000000
0.605237298375804343496051479731,0.411057412604105742712500138112
0.555259650135560701686969605899,0.411094759962161843066664439667
0.505282001892743073272627051380,0.411132103875590624091562639156
0.455304353625920714525985109064,0.411169415649472849161017504358
0.405326705334036090850983052261,0.411206693838325245755326171414
-0.145204309775557649223129290390,0.411231651744859628123848342304
0.355349057042151478323367542614,0.411243972027192587286127864243
-0.195204872265855788273999683782,0.411260147093131740849089214185
0.305371408800985320364585977395,0.411281318150731655057785944087
-0.245182515961168504122672378819,0.411303148430916766505214290634
0.255393760559819162405804393875,0.411318664274270722829443968914
-0.295160157049490115757704572980,0.411349079875369907220194207265
0.205416112318653004447022827523,0.411356010397809790601102051453
-0.094938870478259542260968296751,0.411357186369087993305336223564
0.155438464077486846488241246402,0.411393356521348858372760150445
-0.345137787432441193504099634549,0.411405469198893667931515585510
0.105460815836320688529459681146,0.411430702644887926144418216527
0.005304377213045395005149893295,0.411432624481299243120839973312
-0.445235829647962428710479961762,0.411478035584546764206560255070
-0.044681156936560273554751588863,0.411478381952419685001138974450
-0.395115373551846127157564964394,0.411492670851088234678340222574
0.055483219505509148529304391194,0.411511841076811715861623878209
-0.545626113781355354865721729496,0.411597038706278715793341097975
-0.495213329111812012336176211837,0.411605572997084178740891963564
-0.645794570391103992256907652122,0.411666614937564508540563476729
-0.595608833456017744104713950951,0.411675992428165207970528922263
-0.695779202421958886103833070238,0.411783998464319032769287656187
-0.747415523837000000000000000000,0.412881534885000000000000000000
0.655149983188590508603474681585,0.413605080798778561492193513880
0.874967599914000000000000000000,0.430204415031000000000000000000
0.722456023519849994473290911863,0.430227684432093787152900249260
0.774181325982000000000000000000,0.431273994906000000000000000000
0.824137657922000000000000000000,0.432827082740000000000000000000
-0.862913069566000000000000000000,0.453897062462000000000000000000
0.580280816974300233645458849180,0.454358035296507917282319265697
0.530303168706695327403384194533,0.454395346022183938843442702212
0.480325520463877698989041623303,0.454432689935612719868340910658
0.430347872197055340242399697543,0.454470001709494944937795766753
-0.120172328416599655626497097168,0.454496951307305986254048492393
0.380370223905170716567397624058,0.454507279898347341532104440824
-0.170149973364845763267887112563,0.454538470913909060914737485593
0.330392575613286104039782132097,0.454544558087214683062906126554
-0.220127618172616883873172531021,0.454580159269003820261272877757
0.280414927372119946081000548540,0.454581904210753750834564214315
0.230437279130953788122218983273,0.454619250334292818606222231234
-0.270105261867929599721845211660,0.454623160606788845917397955195
-0.069896677412739595381303939360,0.454628633928115765569574879892
0.180459630889787630163437399233,0.454656596457831886377880316789
-0.320082902956251211356877425922,0.454669092051241986632377878835
0.130481982648621472204655832884,0.454693942581370954149538411664
0.030328877168570603511017343061,0.454697785318506643228928712720
-0.019648771072595554447764225173,0.454735131442045711000586804955
-0.370060519812913190506882056783,0.454736410543341498473440996730
-0.420142862402610765863278948880,0.454752253838855625563875278137
-0.520420394900436508163516732287,0.454760764489865654772820604491
0.080504386317809932204500551939,0.454775081013294743866744060551
-0.470120468298559152310133590370,0.454827269570187381876790694568
-0.570549107028483504951327573803,0.454916908582056121999190783125
-0.620616127532405170365181966035,0.454947252652796527330467011000
-0.670595117471000000000000000000,0.455058060804000000000000000000
-0.720578159809000000000000000000,0.455179569340000000000000000000
-0.812994263857000000000000000000,0.456407313550000000000000000000
0.680171152300393854518776920138,0.456868937863655372990290232392
0.630193503602665281215578519084,0.456905667920987188056885969917
0.747453373022501751944063723795,0.473504690293092975399948116163
0.851771778343376344570708921996,0.474475600105691493909894632551
-0.766532873683000000000000000000,0.474836729918000000000000000000
0.798669117476000000000000000000,0.475852133564000000000000000000
0.555324335545434859361873433369,0.497658621356530013059097524303
0.505346687277829953119798764904,0.497695932082206034620220966702
0.455369039035012324705456209803,0.497733275995634815645119171239
-0.095147490202551031251652246000,0.497758242921295582807805845435
0.405391390768189965958814269101,0.497770587769517040714574035047
-0.145125135239983133877822389108,0.497799655034505158530034576929
0.355413742476305342283812206177,0.497807865958369437308882705493
-0.195102780104139826586298257287,0.497841275737458302603401783375
0.305436094184420729756196709573,0.497845144147236778839684391062
0.255458445943254571797415131241,0.497882490270775846611342479335
-0.245080423799452542434970954607,0.497884277075243328259526853836
-0.044849676956396824227873444226,0.497893920362571188358038773676
0.205480797702088413838633565875,0.497919836394314914383000496247
-0.295058064887774154070003149320,0.497930208519696468974506783449
0.155503149460922255879851976199,0.497957182517853982154658582823
0.055350043980871387186213502441,0.497961025254989671234048877031
-0.495321741946639634896878182348,0.497985843746881940539872481180
-0.395088008663677829212596039678,0.497995993531108889358976037885
-0.345035681744436133220007790577,0.497997527011795980815569894085
0.005372395739705229227431926800,0.497998371378528739005706972969
0.105525553130110715879696699869,0.498038320949777771871864229729
-0.545350070647326006444964760247,0.498076789072064235077508306419
-0.445128641732975649819571402163,0.498107465079986975111248944991
-0.595554964435000000000000000000,0.498189228964000000000000000000
-0.695477180656000000000000000000,0.498407786990000000000000000000
-0.645512782659000000000000000000,0.499774475054000000000000000000
0.655215166146559899955093563312,0.500169809373826275102798709582
0.705192826178583477209957486992,0.500184512235970917064666359560
0.605237022182092287364762009219,0.500206253985788633423501538963
-0.836648823873000000000000000000,0.500659819090000000000000000000
0.826339920095237123563187089772,0.517498702091685428399656888802
0.771012493396198962240624672561,0.517581153010379252383712689181
-0.741434435030000000000000000000,0.518059060343000000000000000000
-0.791378049755000000000000000000,0.521841347914000000000000000000
0.530401967805168553129185400165,0.540978851095874834383448562355
0.480390203934127190120428643824,0.540996517038603202391734566794
-0.070115084854512163127446043977,0.541014981135614947170283923850
0.430412527845643412969859109308,0.541033844903047411717677226517
-0.120099840050359965776314211991,0.541061209973487648501211527899
0.380434850480800903441432417140,0.541071139906119280653894648054
-0.170077485087792068402484342438,0.541102622086697224223440245449
0.330457202188916290913816908007,0.541108418094986622184696333632
-0.220055129205677471067509619371,0.541145129458725722412499163579
0.280479553947750132955035341652,0.541145764218525689956354424269
-0.019802889724444575859075808533,0.541172110158593289844407545891
0.230501905706583974996253759081,0.541183110342064757728012439319
-0.270032770293999082702541830215,0.541191060903178863127479081248
0.180524257465417817037472192728,0.541220456465603825499670531774
0.080371210793172170861409656138,0.541224265191472699239169058718
-0.320010885790546056229907730419,0.541258667841839390445141637221
0.030393562552006012902628086856,0.541261611315011767010827156435
-0.370034305386987126032856535865,0.541273796888355035860148716234
-0.520257251880613480789011153069,0.541298510055750225277912334066
-0.470271684632519843631364582543,0.541299988879857276930865009900
0.130546661134606277037316904703,0.541301594897527615216876180950
-0.420011950334197538387994475166,0.541315317741618145249781040673
-0.570351042793577016797746771416,0.541351702245784911029581613857
0.630305034237655387165977734021,0.543497076155053767749875456394
0.680284503896114093428832461768,0.543512819374876325088322124097
0.580321540894989392500190283436,0.543530444811269813215807708572
0.730178669474166221637172545147,0.546400545075250288312258712965
-0.628466564313000000000000000000,0.546760979178000000000000000000
-0.688838554509000000000000000000,0.548486454549000000000000000000
0.798738234942984872318006737285,0.559162999700148957799859162630
-0.735401885970000000000000000000,0.567674007382000000000000000000
-0.789743464432000000000000000000,0.571794893295000000000000000000
0.505414097387023516561625227586,0.584261330812460786395280035786
-0.045089786482862504327328646012,0.584280573025874872131272601890
0.455433692744758278384831549619,0.584297085946015798464292609120
-0.095067434702321097652107999536,0.584317948187807012863689588422
0.405455987558254350452477251702,0.584334397039649651656997833639
-0.145052567575260060594744822597,0.584363959395652234023552278681
0.355478298347599972031576569463,0.584371698893703065511873732447
-0.195030211919240053973180686201,0.584406200102638916004281158417
0.305500650106433814072794990404,0.584409045017242133283531819408
0.255523001865267656114013423995,0.584446391140781201055189838206
0.005240119927770547360919038658,0.584448079596175678528318810060
-0.245008813449403770881534855028,0.584452687112679051106589017540
-0.595632712730533798961619502945,0.584463230676698350538233603654
0.205545353624101498155231841450,0.584483737264320268826847926898
0.105392318797667732019029857800,0.584487539139222542584180998667
-0.445152502851885302687307621127,0.584509291135554313357982243822
-0.294987235229561432223715436181,0.584520471214473038317389290159
0.055414670556501574060248290141,0.584524885262761610355839093358
-0.345010658242501853126239146748,0.584535602237172556107494082408
0.155567757293289958155076566110,0.584564875696244058544053572200
-0.545248127126490587150108480242,0.584579254884088023144360170601
-0.495268160266639054116373102312,0.584580284727765178838576593213
-0.395009887671979740880617884689,0.584589600879357317477724644038
0.555345629273344357461127639856,0.586819826385952289078286174881
0.605469869841072403091202669320,0.586867357775598717837457694100
0.655818002835896542384715555171,0.587092138372780085449037769484
-0.655603017065000000000000000000,0.588741677313000000000000000000
0.714087407362000000000000000000,0.593722825242000000000000000000
0.769036149527772443160787055786,0.599356940044908729277806956136
-0.703067318346802339242213392837,0.605784478292646580259021912861
-0.759405453352292274451498201800,0.611512511589504804076390143932
-0.621061020477285607055104297847,0.627488431240869624855213700030
-0.020064154836184330203106392329,0.627546344028991978222381634639
0.480454857643872772186442312867,0.627560326988984400132374300227
-0.070041803045969344835035614104,0.627583732124087603476983730518
0.430477152457369215867449691581,0.627597638082618038403613239200
-0.120019451265427938159814987211,0.627621107286019744209400723255
0.380499447270865287935095392951,0.627634949176251891596318461364
-0.169997087984702512707930637196,0.627671569221177825777912103538
0.330503036183647695825510279709,0.627683141297772632643783660225
-0.570501537630635384334241952467,0.627707342905235348032737598165
-0.219974731912367983782052327342,0.627714299657225487683309195434
0.280525387942481537866728699997,0.627720487421311700415441673948
0.030282011221429904803351538484,0.627723451826918771485802545631
0.130413414956351413136789517073,0.627750819937938985911358401020
0.230547739701315379907947134789,0.627757833544850768187099768302
-0.269952356294467215829522137596,0.627775777884936698678902099137
-0.470149075215699776771582099489,0.627786745872533342782256176139
0.080435766715185255178007940351,0.627788166061478053683016496660
-0.420129031156385278649558068605,0.627796028052412589398371023761
-0.319985890735595517653606738664,0.627796759522617047882647864471
-0.369963535695357861092057337333,0.627838265264675061214705056317
0.180570143370503839907791843266,0.627838971976774557904305411884
-0.520432040311000000000000000000,0.627968334792000000000000000000
0.580369655375257543797069067287,0.630084784263310600507820088297
0.530367544552967900750068040703,0.630107954113452566631580080674
0.630452339321898141343983006028,0.630154300800429866057718674690
0.680427364540322984212973116495,0.630667694283523626918390857872
0.737314131492664205143987446213,0.637976627902670472709383523022
-0.668827321881219611894441946942,0.642190375623814843835558983370
-0.727072927573959484057998875582,0.649622543014893680868867728120
-0.595967945225968165222671348765,0.670710003318738359647912054652
0.004957048308860096964233868908,0.670809562952519860165175154014
-0.045020599900924917667695357559,0.670846951047615485419777254622
0.455498317356483709669060456004,0.670860879125586640071694908354
-0.095001546630844063707085351065,0.670886233729213561052733714822
0.405520612169980153350067832199,0.670898190219220278342933845879
0.355542956433539514705714977090,0.670935529813665483716015782527
-0.144980013028483649158116786877,0.670943123930189775262602875022
-0.194957660045516350841883213123,0.670982073789810224737397124978
0.305546448323663488630176090483,0.670983788911742699308302573978
0.055320212177152350088499435006,0.670996679559373082573990679891
0.255568800082497330671394511464,0.671021135035281767079960664445
0.155415801033565294889504795238,0.671024916218469485271610229004
-0.244936071265644289560473480448,0.671041840818919634404712831292
-0.395078101850722225210530307759,0.671047353258736090457553059534
-0.294950979945719672837935951231,0.671052047756469335567872308934
-0.445147082706699141828793307243,0.671061069541778114615965998406
0.105438152792399136930723227423,0.671062262342008553043268332632
-0.495127427108836341816301828457,0.671074719435098305318280257165
0.205591203751685790671239234881,0.671102273467205556797166304086
-0.345023758236531645002838402368,0.671148474439359335935612403551
-0.545556227787000000000000000000,0.671210080516000000000000000000
0.555388652557463461907688250078,0.673371228061202409976592018957
0.605366313988500671285474000787,0.673379965068579898833599885773
0.505411004265578838232686179441,0.673408506250054806570900702943
0.703654661128104616449805294397,0.674919919218253291890290408271
0.654368606935616933777165666886,0.683205544154602358571782401951
-0.692830796746831055704341733116,0.686026432846455680206709928010
-0.642889014962781436172304391711,0.687919882260897945967479448660
0.029978239968911211127404580525,0.714072788518370480491010650647
-0.019999408240873803504524641360,0.714110176613466105745612759721
-0.069977056460582393209101336612,0.714147551441104390452680131785
0.430541777069094647151678592637,0.714161431262188880011015533661
0.380564123193877928315639635175,0.714198771929358656955725471676
-0.119954664358903782396249987157,0.714221221057131986698987982796
0.330586474951060299580528295366,0.714236115842787008693278931347
-0.169932319720378522841924626938,0.714247355714912190074954072833
0.080345587709137036019557587439,0.714284130603259567505914289727
0.280586723214125238950359275546,0.714286250782620747152426929832
0.180436861414747245652952187088,0.714288217708900484164471138244
-0.219909951805109903162341793354,0.714302216027622392836577716499
-0.420100742525157504426046484584,0.714309740757911159821714626248
-0.269926420549325563758068773648,0.714323236901167562416332025612
0.130459213173581087694170611537,0.714325563832439551936129229060
-0.319904072911630080285246088434,0.714354586595263934619850064587
0.230609126883313698950203992058,0.714367389214544536869632579930
-0.370108091056637397492402854291,0.714375120913737238383813263150
-0.520055414435581375677788642099,0.714391715710097812003962414470
-0.470077934247927966951658719319,0.714526595446875280279153875757
0.530432112270074399390306387493,0.716671780197804649915912636159
0.480454463978189775715304329584,0.716709058386657046510221314526
0.584529287978747778678606289158,0.718806664987455401534659629259
-0.589461497892100672967813625120,0.720262327800464650902584381031
0.643966538905169699512445658371,0.732088707914128293679050423906
-0.637623980051755615105663193361,0.737619440868961674744792481676
-0.551737364029447996111285311673,0.753044280804569573878892440919
0.054980778902688667975313555115,0.757346796482916872720984821391
0.005003130692903653343384319582,0.757384184578012497975586923338
-0.044976345676886202828004532293,0.757422615609290890966165068539
0.405585288092992422117250404040,0.757462012972327258623807138029
-0.094953952809954580251810861111,0.757496802557974589295384387588
0.355607639850174793382139049153,0.757499356885755610361360605723
-0.144931637275000000000000000000,0.757524066642000000000000000000
0.305629991607357164647027710707,0.757536700799183962098914066887
0.205454784546375153931916941304,0.757553333456239464236937397030
0.105383533738322395343193172772,0.757557230690320783361604695851
-0.194909584705081552282614448589,0.757577478745652218595430091574
-0.244898861597482719575595458247,0.757584095675337972642928412645
0.155477136305208995973135372804,0.757590679579778532008595498932
-0.344970100300757243840690328819,0.757591850493182001537275181322
-0.294931525793006558883346443607,0.757645909153702943533359673874
0.255596703928863722206277903419,0.757650038299869521497361258448
-0.395336621936506326263883769151,0.757720627064475150345148554467
-0.445313788825783382482163385552,0.757943131383604576206990337968
-0.497821026445000000000000000000,0.759196007725000000000000000000
0.555824036146117090684133591143,0.759718463232899645094194656542
0.455497975002087550680876126252,0.760009640096795425123012931690
0.505809180425000000000000000000,0.764027714669000000000000000000
0.605607065804101891166400620228,0.764124899040089841362827711595
-0.598989435047996791967202662432,0.769323362563339112031994935377
0.080001969315146052119849582042,0.800610022770310567698131334557
0.030024323861716678586990198698,0.800650929762285361350809279763
-0.019953326866528913191455631516,0.800684784395277423043786168896
-0.119908497357589662662477214048,0.800798611319171358413967419904
-0.069930836126102697623169055539,0.800808423628123614900124517778
-0.370042987352373438226590874470,0.800825136897844545261043288836
0.130418979304339874271844003545,0.800832505237010859152333828620
0.230442361591925177187990859829,0.800835982541564448864666092707
-0.169886142905374894185355505224,0.800839402870075715687306738476
-0.219884079766125594374503911325,0.800867677577449802586670144729
0.180464713350759019229209278853,0.800873328665103516636324183182
-0.269861740186773423812757073183,0.800880994074496010916506514106
-0.319973395204000000000000000000,0.800903227473000000000000000000
-0.470531425370000000000000000000,0.801094133477000000000000000000
-0.553017986505484596862170228831,0.803005533035919340592491088430
0.342696021703505269621151784261,0.805780376295926274339955187902
0.292718373460687640886040430961,0.805817720209354626077508656957
0.395462903787670316049608333150,0.806403856566802230767713729242
0.544954105453304548529188175561,0.808499723212364443710735731669
0.445375590696765444613234070445,0.808951483691270397266919508334
0.495184490141313446640252755083,0.813055171614783574526190560141
-0.427297476643000000000000000000,0.826192954023000000000000000000
-0.511144094498218593406544391259,0.830288199449129514016989575326
0.258469508062552146785496598962,0.842215274212214205880454919401
0.105020043321441030794056295525,0.843875051274475795773381063443
0.005064817469800806903719442301,0.843949772230907925005894734514
0.055042474803024306264131048619,0.843971816131958683674711508812
-0.144867880377206664011402099713,0.844104322360609100399116346269
-0.094890218446536470580368268252,0.844109459901015859016982474820
-0.044912557219333735657985466346,0.844119294006901874139840520119
-0.194845531012781183175873198694,0.844138313523284390433382146682
-0.294800411015942206307661969146,0.844191840472656462798337131675
-0.244822892505711865677682009250,0.844311682077559898269961997121
0.160938783480540507409760339123,0.846878815089594135726934376022
0.368577977482697894675603083712,0.848534219205009893162671169262
-0.382856571844492337026582775447,0.849132266505326008821925315952
0.418490664391793023239228805853,0.851081846329478059661876963383
0.307066166473029464288343219221,0.853882815075055285214784471057
0.468299563836341025266247509069,0.855185534252991236921148005194
0.210189823439974252850492879186,0.855370091870205082675546248182
-0.467927202403935974476800367797,0.855389334008384293427411015728
-0.333290942652750208460602403315,0.876070449174520546127454274026
-0.423480859983786159978581802086,0.878242985006014262661769677604
0.130758861834785176559546937622,0.886715218640953425064028456819
0.030019456605098009020722767352,0.887251420052645326712443992983
-0.119899757888569662062002840892,0.887398196960176893782591907645
-0.069922096003979285255373763223,0.887403764746489524477540933947
-0.169877408524144181226473919459,0.887432188122852183816857716599
-0.269970870193977291722677437874,0.887565341841822637497341552202
0.080722556442000000000000000000,0.887672172202000000000000000000
-0.019950060454117405761124692458,0.888153685711673643445245190123
0.341415324218990598166668059911,0.890486060477191183568031053122
0.270300528923122687181757053999,0.890772391752770779440668459551
0.391328011128085726730293798045,0.893033687601659350067236835301
-0.377774846005614050701272711591,0.898850902658675578901039553886
-0.220564487842000000000000000000,0.899870488587000000000000000000
0.222084676895729445179804779417,0.903925274772215647610052461763
0.173014026330980974114778764594,0.913403564259408614494366978516
-0.315197237345714944420911532149,0.922657835307602171067538532276
0.305999330146466622223110522386,0.925748988352023539275316089231
0.054985605475616617615181015030,0.930546432802681381665176443554
-0.094931097633862792276780026882,0.930691761418831757811837792101
0.005016387196173448706282182293,0.931465096501781780264422672088
-0.044961163576892264399151259779,0.931570629322841864554571797148
0.118060142345916387740682345494,0.935052670392092584223050424787
-0.170764263081300354021845535075,0.937401981072644696300804363656
-0.267504585848406692840797187437,0.937596968870395668833191436838
0.258017106004000000000000000000,0.940243085953000000000000000000
-0.219109082286604901585989120896,0.950072623300136510835240655445
0.209385957406860656360940191041,0.952262726523354806769074413232
0.160315306842112185295914167298,0.961741016010547773653388927570
-0.129993120731034922603873997937,0.966306663563636960280732462474
0.083764687779983951688847669269,0.971406329280390831852287773121
0.030444406959000000000000000000,0.974505190972000000000000000000
-0.019889828269131671308259697439,0.974804815614901522148790212475
