0.000315884394000000000000000000,-0.975111677206000000000000000000
-0.049861877727000000000000000000,-0.973881739716000000000000000000
0.050420233312447495443594928455,-0.973853988183720654263431027601
-0.104242282982206361194397918888,-0.969570697096027947971118107393
0.108930445278703568312753597524,-0.969055005588931935564841442182
-0.185766119786855845557742103022,-0.957300756799009061002066541021
0.195984242397000000000000000000,-0.955251734526000000000000000000
-0.234282677961388589729291977731,-0.946596755242621911362914428430
0.244401343869000000000000000000,-0.944020944814000000000000000000
0.148864262338000000000000000000,-0.939493037542000000000000000000
-0.140876289313737162525033992464,-0.936009087383093740692447206196
-0.282191085620260232684072381867,-0.933435579686717816277934540341
0.076398581764263635341005934546,-0.931503575220704809185072243365
-0.024103204972352152572747622445,-0.931389643842683906100360124787
0.025576937243746238010798952871,-0.930827918099819066184804624258
-0.073775125555427408176211444465,-0.930325514146348293696094152254
-0.342772700414384518446220352238,-0.912919510501822199468089577811
0.342803969360000000000000000000,-0.912904767020000000000000000000
-0.197413418494000000000000000000,-0.906940216911000000000000000000
0.200340110259000000000000000000,-0.905726329434000000000000000000
-0.246587707706462600632655275838,-0.898257091398514670520315596914
0.248764634121000000000000000000,-0.894504925635000000000000000000
-0.388829066691869901432458868208,-0.894285048026718020350306032012
0.388879630876000000000000000000,-0.894253934963000000000000000000
0.298327741654000000000000000000,-0.890710652942000000000000000000
0.151132772850000000000000000000,-0.889859552459000000000000000000
0.101398923941206057510644042779,-0.888568566690861096169666744878
0.051474397902302860936891744276,-0.888427993596814694329838990597
-0.100453291938000000000000000000,-0.888216868064000000000000000000
0.000824563211000000000000000000,-0.887745557483000000000000000000
-0.048875647851283560744104120463,-0.887331932340655458402147628995
-0.150126570144877454875410689633,-0.887194495599826751812760766612
-0.300172414740851301832719594365,-0.887120313634594762851362835764
-0.434008711636000000000000000000,-0.873238863831000000000000000000
0.423856274925000000000000000000,-0.857027063071000000000000000000
-0.225181181721197691633789955199,-0.853421918691541222526164254727
0.473426915196000000000000000000,-0.852471039624000000000000000000
0.225540940615000000000000000000,-0.850555751312000000000000000000
0.324860521638000000000000000000,-0.846897306104000000000000000000
0.175979340897000000000000000000,-0.846812018904000000000000000000
0.275112209247000000000000000000,-0.846756814039000000000000000000
0.374668093502000000000000000000,-0.846632598032000000000000000000
-0.377499753010600473330807441813,-0.845910687897271760949661223423
-0.327816488533583935862750467859,-0.845837905146669650930068521178
0.126270772533749699753843625405,-0.845558995500118640620589074173
0.076399315972201040038516697282,-0.845449155482798375642095244075
0.026699832627000000000000000000,-0.845330634765000000000000000000
-0.074957088756317304371502503632,-0.845044930712032140042046509892
-0.176230467299369476995437004372,-0.844921352591887752885506418244
-0.274114029457468450991899807934,-0.844819100615997593741733230312
-0.124637916995185600583074116917,-0.844547565733344427515660681363
-0.023669025865955782962279434653,-0.844517702527300776478295750700
-0.489563151409000000000000000000,-0.843358611153000000000000000000
-0.443601993422000000000000000000,-0.824476860843000000000000000000
-0.531886750205000000000000000000,-0.817326702037000000000000000000
0.499272617692000000000000000000,-0.809926873895000000000000000000
0.449500859004000000000000000000,-0.808818422093000000000000000000
0.548892925257000000000000000000,-0.805950664771000000000000000000
0.399962118838000000000000000000,-0.803840415559000000000000000000
0.300089933822000000000000000000,-0.803755397098000000000000000000
0.200692782129500901707326899207,-0.803680530626258092738262618025
0.250389303006000000000000000000,-0.803634006461000000000000000000
0.349791891515000000000000000000,-0.803601385860000000000000000000
0.151023946552117746345836636293,-0.802481014553487127720472790577
0.101340628778267064355193945567,-0.802479829424179239983187966970
0.051657444424973213628566088532,-0.802364681959701488593082243694
-0.299817921736681855312298160077,-0.802301551437798809583793037219
-0.049696080720197451201308693696,-0.802197205341702238463918387967
-0.150485806195708853850219162879,-0.802117403227181056254823974418
0.001975738617951345556192253748,-0.801964463861050071095193455320
-0.099377518914796011431694096159,-0.801765041786735006810138399072
-0.249846936751164171779968685836,-0.801465435511353993181103913180
-0.399542898289783829652477164526,-0.801385056934614139388209736224
-0.200163688209914374738374967976,-0.801382484861215024479633931329
-0.349831042155555750381057997714,-0.801298130840469061180474277163
-0.468467768428000000000000000000,-0.781457639974000000000000000000
-0.561855034056000000000000000000,-0.777692759631000000000000000000
0.474410904457000000000000000000,-0.765719737067000000000000000000
0.573919632177000000000000000000,-0.762917645295000000000000000000
0.524104479079000000000000000000,-0.762783541823000000000000000000
-0.514481582669000000000000000000,-0.762709471325000000000000000000
-0.608895815604000000000000000000,-0.761693990748000000000000000000
0.374969302019000000000000000000,-0.760753731186000000000000000000
0.424710776304000000000000000000,-0.760737114630000000000000000000
0.275276941980000000000000000000,-0.760583502198000000000000000000
0.225577452682000000000000000000,-0.760564033802000000000000000000
0.324985054169000000000000000000,-0.760531965989000000000000000000
0.175848949167867666094002266133,-0.759444386995673443873063482179
-0.024469038292796167689422561161,-0.759395004501230797577780396957
0.125974393387412645153891654630,-0.759333454053782652819772066560
-0.125012436754979685665519197680,-0.759205870580648399678912292403
0.076258830814159707369850696898,-0.759199836840647625656679626433
-0.074171821007221538994607692453,-0.758950267941553313205429719328
-0.174693423224029045992855883545,-0.758724570379014392669130041439
0.026432981779933482804851358863,-0.758717783949898087353989131368
-0.324467444843731276921220013173,-0.758576707668650815831146069020
-0.274784196302481479879626298199,-0.758493757018511847129676096287
-0.424457345421718390349854568915,-0.758400148064965522835950273370
-0.225077149850820055330609937137,-0.758397004807026030971230804967
-0.374762192647537744097311034624,-0.758322907727981273236986210039
0.648277255420000000000000000000,-0.728442335818000000000000000000
-0.650429133583000000000000000000,-0.726549235763000000000000000000
0.499344664932000000000000000000,-0.719599070936000000000000000000
-0.549908877369000000000000000000,-0.719272257993000000000000000000
0.550249057605000000000000000000,-0.718742212373000000000000000000
0.449523874815000000000000000000,-0.717667404573000000000000000000
0.399745977394000000000000000000,-0.717660963058000000000000000000
0.350006681709000000000000000000,-0.717581254106000000000000000000
0.250443391252000000000000000000,-0.717522033410000000000000000000
0.300143536510000000000000000000,-0.717475170715000000000000000000
0.599941818904000000000000000000,-0.716781114822000000000000000000
0.200721447152948141930905536074,-0.716435191346322754895855590484
-0.099749482309609518119541282164,-0.716356592381359450155029181750
0.150893928861838279714084669839,-0.716351494836445887407112553807
0.000526862357423257626386568042,-0.716323149349649472398610228267
0.101185807853902575119971063344,-0.716222192860525931914501693284
-0.049155558026113687174397684379,-0.716024533784965944968481127163
-0.149436111788042743171179153648,-0.715940224112563691073979275129
0.051443272683358913053611237817,-0.715788569941859298905180283566
-0.199606884864934726585090852085,-0.715739090324825399160726898082
-0.349396593176877993946061359313,-0.715600323109152016323077776895
-0.498972512065912910361824508054,-0.715508766459010559487616500761
-0.299697657943387160471861259741,-0.715508276964322853621272964835
-0.250014409402137363430267546391,-0.715425326314183884919802975084
-0.449289394867648324022716176238,-0.715367586129416653665623194600
-0.399606126928822515179321960357,-0.715297206154977702883925155919
-0.602806118126088385826927708449,-0.712383339524199577545360320413
0.684567148741000000000000000000,-0.694451957984000000000000000000
-0.686591314645000000000000000000,-0.692476870701000000000000000000
0.635826398478000000000000000000,-0.679453911294000000000000000000
-0.638913011995000000000000000000,-0.678189231286000000000000000000
0.524093800520000000000000000000,-0.676433657879000000000000000000
0.424589996008000000000000000000,-0.674619886576000000000000000000
0.474344910838000000000000000000,-0.674604279501000000000000000000
0.374847801309000000000000000000,-0.674527585734000000000000000000
0.573788501732000000000000000000,-0.674490395376000000000000000000
0.325093297384000000000000000000,-0.674483876503000000000000000000
0.275299192491000000000000000000,-0.674426769304000000000000000000
0.225550359835871222672812798800,-0.673400819486078995229294527884
0.025486811203730246263715160807,-0.673364645883959504415756645695
0.175770472289900636718261272387,-0.673344638947021860382002864362
-0.074555397729442926423282731259,-0.673324648428361787139870316323
0.126064601206710389779825435253,-0.673216638478211032387499558655
-0.124238297366695613837888642918,-0.673120810118333116165144199955
-0.024195609179806698537069096128,-0.673066030319275976985627544527
-0.174349573428948423763414125149,-0.672954744058374697565576148858
0.076314023865909544122061338311,-0.672778364152563022282364701349
-0.224544144416252034684748459294,-0.672767411831983253109299086360
-0.374284102865805121617400776104,-0.672551128396030898491586896092
-0.324600796926425641836730623228,-0.672516815774763040342342854081
-0.523761274152177783680605564485,-0.672449368956559796391513964699
-0.274917548385175844795136895007,-0.672433865124624071640872878416
-0.474078151640427824383343255860,-0.672310071058503225329430720132
-0.573444380475286710244076357079,-0.672304412036709922110735801398
-0.424394883701602015539949054969,-0.672239691084064274547732667657
0.695806079950000000000000000000,-0.646017810459000000000000000000
-0.695516812429000000000000000000,-0.643599857364000000000000000000
0.449389960509000000000000000000,-0.631540813038000000000000000000
0.499112832945000000000000000000,-0.631510902146000000000000000000
0.399679178837000000000000000000,-0.631467627912000000000000000000
0.548863417981000000000000000000,-0.631440210982000000000000000000
0.349953947175000000000000000000,-0.631439270892000000000000000000
0.300244792791000000000000000000,-0.631433247947000000000000000000
0.598584764666000000000000000000,-0.631392643759000000000000000000
0.648307389912000000000000000000,-0.631323919967000000000000000000
0.743273495192000000000000000000,-0.631221208833000000000000000000
-0.743556072075000000000000000000,-0.630916965601000000000000000000
0.250569498982575325701268479994,-0.630476761630608051291693385268
0.050396518509467036474176761036,-0.630376990116699041445815710984
-0.049537239138145733020434307785,-0.630331572823286021354941829388
0.200635606861992093733738360704,-0.630331185829029336692113294739
0.150931154326692289262126348280,-0.630204005422873940831380888888
-0.099220372076473146792707825053,-0.630196044765511376467104388747
-0.149151759007601294430123612066,-0.630135330064144122656741057591
0.000714098125930091673392513251,-0.630078374552015514015686602013
-0.199286832980265731863071731675,-0.629983065565532551514148319864
-0.249447283399290516049617810650,-0.629775950642423439830368974511
0.101197439794875226745681915896,-0.629775484270768413603126282731
-0.349437147098063750335535433195,-0.629486735870424839569365821067
-0.399120460326841337452890885143,-0.629465451295433201562294916676
-0.299753898556813953293941717700,-0.629403785220285870867895833581
-0.548575027736431541575197970011,-0.629292446124340321228155811271
-0.647941647514938330050544999176,-0.629280170166851664382182466585
-0.498891716542924523481516024973,-0.629266847860750683611712851293
-0.598258334248677580834924548925,-0.629258973267144240402590655170
-0.449208448604098714638121810225,-0.629196467886311732830014812801
-0.774939289215000000000000000000,-0.591901551656000000000000000000
0.474197903157000000000000000000,-0.588478933060000000000000000000
0.523923698123000000000000000000,-0.588440476466000000000000000000
0.424489807102000000000000000000,-0.588395500692000000000000000000
0.374768182449000000000000000000,-0.588369310063000000000000000000
0.325027514244000000000000000000,-0.588343885572000000000000000000
0.573735478753000000000000000000,-0.588329242995000000000000000000
0.623539839060000000000000000000,-0.588208808313000000000000000000
0.275300908086697294792996085183,-0.587386281589808882382664915593
0.075298527991499282338907706622,-0.587374652054962709838220164054
-0.024603275185587088575314986694,-0.587329542111500414379187745361
0.225518984189579066928548341435,-0.587328283610750055217991413035
-0.074286477476970083970868013289,-0.587222413705024638005777121325
-0.124133833717378827384942799397,-0.587210564711322382958701263424
0.175816544013000000000000000000,-0.587201942065000000000000000000
-0.174089018558918602529781218624,-0.587163651571301976605313244762
0.025616047419151160521341648446,-0.587086224247340065356873669600
-0.224189971963304213227941086044,-0.586991604375972738235218225184
0.126097864192143549458050849031,-0.586782450750698175939675969214
-0.274285145077722342109903934291,-0.586744968281190882476643154699
-0.374254125879427445202431655725,-0.586445480886545678733281087100
-0.423937437241645285945581997179,-0.586420212192986863878206272186
-0.324570877338177648160837927512,-0.586362530236406710031811111618
-0.673153316244000000000000000000,-0.586251334449000000000000000000
-0.573393977896256028422050345797,-0.586244579439895928809871015609
-0.523710663315446788982488791673,-0.586226727652685915894293399464
-0.623212261792000000000000000000,-0.586164386331000000000000000000
-0.474027395376620980139094589635,-0.586156347678246965112595349123
0.779382118082000000000000000000,-0.586053937042000000000000000000
-0.723277521213000000000000000000,-0.585558355424000000000000000000
0.679804941919000000000000000000,-0.583661398869000000000000000000
0.729732311462000000000000000000,-0.583381093888000000000000000000
-0.804110511125000000000000000000,-0.551635739401000000000000000000
-0.754211604963000000000000000000,-0.546662767268000000000000000000
0.808264094344000000000000000000,-0.545529464216000000000000000000
0.499015097575000000000000000000,-0.545410563996000000000000000000
0.548727604712000000000000000000,-0.545370138951000000000000000000
0.449303965210000000000000000000,-0.545326539624000000000000000000
0.399584930928000000000000000000,-0.545299378845000000000000000000
0.349850929591000000000000000000,-0.545277265655000000000000000000
0.598537732965000000000000000000,-0.545237948365000000000000000000
0.648374157058000000000000000000,-0.545133048391000000000000000000
0.100209370610387920574493220312,-0.544375515696641633388937000083
0.300146605415842768290937408688,-0.544361598085447667290688638597
0.000315845354676195174901750877,-0.544327227043024161700900851769
0.250394001757032171983497472474,-0.544320545150783830537531767345
-0.049367396197959917603668574938,-0.544240191163233670093108861096
-0.149071093268696135484600407086,-0.544238886218480236907273432502
-0.099199939117875764563102982464,-0.544236933650835644497373978985
0.200695240182000000000000000000,-0.544195468607000000000000000000
-0.198990641849520466949814081787,-0.544171312440767181557111636589
0.050526821273531093811948316087,-0.544099186522022219429181669112
-0.249026313469147152018375482475,-0.543961519469861968780557006197
0.150998272180934103833295575252,-0.543789407727277118006882348111
-0.299104207406533158953205647442,-0.543702469418181977563419412104
-0.399073882886100155190504686498,-0.543405827907558040497478006943
-0.448757193758395530676467592020,-0.543379613621096290223142934598
-0.349390634344850358148910971004,-0.543322877257419071796008019627
-0.648203075115000000000000000000,-0.543208208496000000000000000000
-0.598217514100784138552686189772,-0.543207106039097402010642878290
-0.548525857330365139638477139301,-0.543184443647025632722022867959
-0.498842589391539330795082927433,-0.543114063672586681940324830610
-0.697924101297606812545907054817,-0.542829160503439407044677359411
0.756969278679000000000000000000,-0.541682264431000000000000000000
0.704534723655000000000000000000,-0.540525516778000000000000000000
-0.833206529200000000000000000000,-0.506584418856000000000000000000
-0.783392195214000000000000000000,-0.506445035290000000000000000000
-0.728863720958000000000000000000,-0.503743913002000000000000000000
0.523799292241000000000000000000,-0.502335011528000000000000000000
0.573515458053000000000000000000,-0.502285250854000000000000000000
0.474091040488000000000000000000,-0.502240120059000000000000000000
0.424376305801000000000000000000,-0.502215958387000000000000000000
0.374666942991000000000000000000,-0.502204137339000000000000000000
0.623352516492000000000000000000,-0.502166880930000000000000000000
0.673107183469000000000000000000,-0.501999262164000000000000000000
0.836276833444000000000000000000,-0.501481244667000000000000000000
0.125115799746622190515769809674,-0.501376940217425825104927766627
0.025230487230769202146283795231,-0.501337900872278661077442169634
0.324966812621357783820700900210,-0.501322204726604201048553361015
0.275228110639230113404173455623,-0.501289171683869067467412620452
-0.124137198669193072662760589571,-0.501265255157993498445946167093
-0.024452762043935180745860717555,-0.501255390693846090905716757253
-0.074281354395300550842222950873,-0.501254423232692316577811539123
-0.173970998868041906059311476861,-0.501245552228597250569995888581
0.785802883540000000000000000000,-0.501169435310000000000000000000
0.225530748438000000000000000000,-0.501163555276000000000000000000
-0.223830262331196361397222140091,-0.501141067890321997372792906949
0.075433201212015513153216442746,-0.501109602844323973835256005079
-0.273843280503304107474957481110,-0.500920257712711708753814477771
0.175834331740675791665884993074,-0.500759160087193496447417627375
-0.323927397621094791007198552534,-0.500660767113030475056217095641
-0.423889076901018505846493037075,-0.500363543901897757325207478465
-0.473572387773313881332455924084,-0.500337329615436007050872408142
-0.374205828359768708804899308864,-0.500280593251758788623737501157
-0.623170935177000000000000000000,-0.500236569995000000000000000000
-0.573342313544793354947722484449,-0.500142887362670326240123119278
-0.523659045605967546104328282982,-0.500072507388231375458425068081
-0.673002194900797879648839690403,-0.499848575956801927016927801292
0.731693434455000000000000000000,-0.498880142066000000000000000000
-0.808270906705000000000000000000,-0.463437175432000000000000000000
-0.857983496465000000000000000000,-0.463437153075000000000000000000
-0.757995164266000000000000000000,-0.463432886218000000000000000000
-0.703772743658000000000000000000,-0.460790365206000000000000000000
0.700400471609000000000000000000,-0.460259164895000000000000000000
0.548607890759000000000000000000,-0.459262528483000000000000000000
0.598323752260000000000000000000,-0.459219590788000000000000000000
0.498896489558000000000000000000,-0.459166929463000000000000000000
0.449181312871000000000000000000,-0.459139263940000000000000000000
0.399468471378000000000000000000,-0.459131192373000000000000000000
0.648084218612000000000000000000,-0.459048898431000000000000000000
0.760512902916000000000000000000,-0.458359655844000000000000000000
0.050142484281196605807508730413,-0.458344994772377980252751395529
0.149998336092733085128931762298,-0.458321754472553902993105715294
-0.099217186203824301439240996661,-0.458281916226014503938536161633
0.810984496022000000000000000000,-0.458281647946000000000000000000
0.349784761797529872605475132578,-0.458281509273220810082017771743
-0.149036021524000000000000000000,-0.458270018488000000000000000000
-0.049367400818316122692094000304,-0.458269228297856632142878384121
0.000459224528160721624025816230,-0.458269055755244125755413412905
0.300069121684861227438153362538,-0.458261782306255282823416881598
-0.198812294635839301259525240600,-0.458216327252596192795124478345
0.860762204997000000000000000000,-0.458189784272000000000000000000
0.250376493204943786909936474435,-0.458137071227679572392713805473
0.100315486475570434426886685191,-0.458106068728102361075044036745
-0.248649568845816975189782086168,-0.458098429641722544863821467855
-0.298664057364654141257119507847,-0.457879980473357007633065321082
0.200694738465453459368163373515,-0.457742974250922658145521584935
-0.348749127904335882473259141442,-0.457614582560058015370607166295
-0.448705533088970727301961696544,-0.457321937390105084044805549870
-0.498388843987742096641701278588,-0.457295773331080700568972657476
-0.399022284463993118651320746711,-0.457239036903863309784397096003
-0.598178086888323546850757100406,-0.457108463031904784286683279125
-0.548494813433123207280212158969,-0.457042091368192964357594585464
-0.647861276781477746512536689842,-0.456995731214129367972581144546
-0.783153585387000000000000000000,-0.420524099061000000000000000000
-0.732853149646000000000000000000,-0.420454923432000000000000000000
-0.833014887417000000000000000000,-0.420351618519000000000000000000
0.729293011474000000000000000000,-0.419615399290000000000000000000
-0.678605853674000000000000000000,-0.417895674509000000000000000000
0.675219662423000000000000000000,-0.417400874966000000000000000000
0.573336685897000000000000000000,-0.416155148411000000000000000000
0.623049939246000000000000000000,-0.416098187571000000000000000000
0.523628598493000000000000000000,-0.416048385399000000000000000000
0.473919671335000000000000000000,-0.416025086720000000000000000000
0.424219769514000000000000000000,-0.416018431081000000000000000000
0.075049095665241640732796358032,-0.415327083678878820067591845157
0.174863051503856240680634698202,-0.415298557384087836541161557102
-0.074301947300000000000000000000,-0.415295290922000000000000000000
-0.024455963005345432602672372027,-0.415282575340078532478412828963
-0.124109839327000000000000000000,-0.415282295613000000000000000000
0.025365801966267437123104435837,-0.415278158803521186860537707914
-0.173887423974000000000000000000,-0.415235352086000000000000000000
0.374512409306631494227709173766,-0.415188870515683822476120443261
0.324818250343402309055706753600,-0.415181477095347838682839514175
-0.223659056444243644109908463385,-0.415157698903543809213055477475
0.125180161642719916380558420115,-0.415092350041454278555688638830
0.275123973701000000000000000000,-0.415055365237000000000000000000
-0.273476115000979257084993019022,-0.415054758630310465718914363337
-0.882443764507000000000000000000,-0.414973104600000000000000000000
-0.323479428427137190254000872935,-0.414837551868879569523863059993
0.225435730335475837302961115438,-0.414657995572624056000719065943
-0.373575191786098120525459141365,-0.414567295192695937557001763691
0.783523864704000000000000000000,-0.414283211068000000000000000000
-0.473522226728049560346550548807,-0.414280517998476480948011988995
-0.523224611814897757817585155742,-0.414265357311042289468142162925
-0.423832150697382612262998146738,-0.414193681708403737596275008464
-0.622970664743319224468941379906,-0.413997016131143031967307861338
-0.573287348015686216167609854149,-0.413986751450891465785187421457
0.833260958947000000000000000000,-0.413829072893000000000000000000
0.883004540477000000000000000000,-0.413719882027000000000000000000
0.702492374462039977036876696153,-0.375845622040972861744750653312
0.752240078449000000000000000000,-0.375507964280000000000000000000
-0.753509214141000000000000000000,-0.375214647590000000000000000000
-0.803240824235000000000000000000,-0.375024741863000000000000000000
-0.703786976545000000000000000000,-0.375023179593000000000000000000
-0.853071004689000000000000000000,-0.374894260517000000000000000000
-0.653496063000178022739021394360,-0.374797116543489489059340258203
0.650182580764000000000000000000,-0.374459962583000000000000000000
0.598140438223000000000000000000,-0.373082237127000000000000000000
0.548429844996000000000000000000,-0.372973263154000000000000000000
0.498725558933000000000000000000,-0.372946886611000000000000000000
0.449029118075000000000000000000,-0.372940145591000000000000000000
-0.049381735933000000000000000000,-0.372302461662000000000000000000
0.099934932227289898060090253901,-0.372300873574939764296970274502
0.000449145784000000000000000000,-0.372291112878000000000000000000
-0.099181222043000000000000000000,-0.372287716192000000000000000000
0.050251621555855792665880774145,-0.372274281325683511004108445463
-0.148969071377000000000000000000,-0.372250407049000000000000000000
-0.198733419856000000000000000000,-0.372178069830000000000000000000
0.199674844273002967203333050840,-0.372174954065473822420323345228
0.399342139988971605225084991324,-0.372154970614972794201227192454
0.349644832502146133055934758065,-0.372145760710731892440950046836
-0.248495411551929526957717734924,-0.372108320808151181531926402512
0.149991688808134097582958972191,-0.372047952192931961356664476763
0.299956262875557470963955463307,-0.372021353758156474918020451449
-0.298299239522429058728842751642,-0.372007770721351252146427642599
-0.348295854129821721833360280764,-0.371795959533379374226572215129
0.250274491910534942800161671387,-0.371629307586126886161830097573
-0.398391551176106889624200018830,-0.371518068503435914481982864009
-0.498379115130348793099432985433,-0.371240557939981592269270630290
-0.548062399943412435033039257081,-0.371183316294667732901614798988
-0.448695834995721495676332221598,-0.371179390251557734702078620521
-0.598070522174841953880004268633,-0.370926022880430493424613378956
-0.902631945694000000000000000000,-0.368912469184000000000000000000
0.803537164678000000000000000000,-0.368778322937000000000000000000
0.853246399658000000000000000000,-0.368299236119000000000000000000
0.902962449837000000000000000000,-0.368179754485000000000000000000
0.722394811765005839621533337302,-0.330322824940800386896956045507
0.672680076583000000000000000000,-0.330134346688000000000000000000
0.772367721742000000000000000000,-0.330057484363000000000000000000
0.622966159802000000000000000000,-0.330030604479000000000000000000
0.573258911474000000000000000000,-0.329910036796000000000000000000
0.523550018278000000000000000000,-0.329883467614000000000000000000
0.473846744288000000000000000000,-0.329862147554000000000000000000
-0.024470212670000000000000000000,-0.329298668921000000000000000000
0.025334752220000000000000000000,-0.329287333526000000000000000000
-0.074258309681000000000000000000,-0.329283816149000000000000000000
-0.124048008847000000000000000000,-0.329253077766000000000000000000
0.075090107577785843853096576575,-0.329243103164997881993767650787
0.124773425301620027932580764735,-0.329240578387266432496328060583
-0.173818583984000000000000000000,-0.329191118799000000000000000000
0.224529418677376421673137390955,-0.329136681512403656989063108868
-0.223576433723000000000000000000,-0.329125900800000000000000000000
0.424161995483966953141927825959,-0.329115374431580136859839891756
0.374471138129530003495242992786,-0.329109884801001804429017265455
-0.273330365591901010172630649954,-0.329054454189756682356717968088
0.174846218949755388575121147195,-0.329028370629867016872798404950
0.324785110499842518283533773739,-0.328984850840881722594006538549
-0.771838368527756050721904788550,-0.328964077312769928021595703889
-0.323125080239885727410748116355,-0.328960644567761636037603123488
-0.672472783037708081229947048255,-0.328880689810367168745950075677
-0.373105691972856173409003611802,-0.328750587974705447563260640478
-0.722155764244249712270183291980,-0.328697810472032683151305257691
-0.821520633012147765524588043549,-0.328640562050520648413729192015
-0.871203950616685466666346479238,-0.328636292554917037419948021927
0.275103323132924934735571269818,-0.328594888726892473791927131760
-0.423296408114237054710607605721,-0.328479259332389768650584425536
-0.523171184817884393387088132866,-0.328184950325753953709707362812
-0.473487904683257095963987355848,-0.328123782637330096142515364050
-0.572854456622397031271610654424,-0.328117354313459631567896260096
-0.622800476982177949825191392104,-0.327834708191167671781927397855
0.830099386658000000000000000000,-0.324303433772000000000000000000
0.879853869144000000000000000000,-0.324170160846000000000000000000
-0.920447519156412180770944343121,-0.322040610338861144304102861214
0.925994202572000000000000000000,-0.305644079929000000000000000000
0.747153053452871785384489300790,-0.287247756340191340759190715046
0.697467110271000000000000000000,-0.287060427821000000000000000000
0.797247330052338671205781272331,-0.287010488555669960874512617877
0.647754850540000000000000000000,-0.286958421008000000000000000000
0.598048441969000000000000000000,-0.286828525206000000000000000000
0.548358766425000000000000000000,-0.286780123991000000000000000000
0.498670251178000000000000000000,-0.286766418503000000000000000000
0.000432915397000000000000000000,-0.286285577290000000000000000000
-0.049360024008000000000000000000,-0.286266151965000000000000000000
0.050173829864000000000000000000,-0.286256530399000000000000000000
-0.099135269249000000000000000000,-0.286243798533000000000000000000
0.149629563285710943228098928385,-0.286220049668364990726148311627
0.099933820672874375555360783750,-0.286212377073365846391465697748
-0.148903581119000000000000000000,-0.286204232098000000000000000000
-0.198661460566000000000000000000,-0.286138996881000000000000000000
0.249379783708786822083569923926,-0.286089223387825367042344597712
0.448986086246295336529469558603,-0.286078220898317261638674717055
0.399300084310542805712393008562,-0.286075532267678750523636985530
-0.248409184428000000000000000000,-0.286073052010000000000000000000
0.199696535030808168996379280023,-0.286006354671828414699322134886
-0.298158064565937152892129713793,-0.286006247880591592971526091055
0.349615526277325317598957440745,-0.285949557387845278788481146222
-0.347941239296000000000000000000,-0.285911259832000000000000000000
-0.397971600773294026150795017104,-0.285734830460710167572977638091
-0.747225238985735746809830492343,-0.285602160813189209728739239797
0.299933724964480293434439775159,-0.285561376073316878750496738062
-0.697542037258537280368789066093,-0.285494771072236527045179464638
-0.448108295427605391069682848951,-0.285411869773909932095304283989
-0.796908090701563485981348885314,-0.285386959035707616854804511678
-0.846591907084000000000000000000,-0.285239383153000000000000000000
-0.547949477304607979561128779904,-0.285121412525611057840165319542
-0.498266197169980682138028017899,-0.285060244837187200272973310892
-0.597632640986761617591864911778,-0.284997667003315019620162176478
-0.647861869527802790113783325848,-0.284935306445967794802001562982
0.854914271204000000000000000000,-0.281171248827000000000000000000
-0.909743433394428940308823496052,-0.273524070742326992539500323111
0.926231719784000000000000000000,-0.255902244914000000000000000000
0.771996965583575589139025490861,-0.244222041976989572426084282641
0.722314038799600064985864052483,-0.244024931347935622038052035253
0.822027887389868845225655658748,-0.243922404993816115218066009822
0.672607460714000000000000000000,-0.243922304860000000000000000000
0.622903853227000000000000000000,-0.243780183907000000000000000000
0.573194758404000000000000000000,-0.243730789324000000000000000000
0.523500850965000000000000000000,-0.243701680203000000000000000000
-0.024461629008000000000000000000,-0.243243959563000000000000000000
0.025288998105000000000000000000,-0.243238274336000000000000000000
-0.074242917291000000000000000000,-0.243217518259000000000000000000
0.075042645496896252961702745103,-0.243213987978183117197291861834
0.174502230733809141656122054912,-0.243184875278746081467414342443
-0.124005907673000000000000000000,-0.243184332096000000000000000000
0.124807173982385906160416798477,-0.243181914768068331330239942805
-0.173754235246000000000000000000,-0.243141834844000000000000000000
-0.223498484929000000000000000000,-0.243083678264000000000000000000
0.274224872981742886423718703558,-0.243046825668171378028646517954
0.473818165892635056016132613917,-0.243045676390005889937327777366
0.424131753748427587770970072422,-0.243042751049756320787929066908
-0.273242754644000000000000000000,-0.243019156440000000000000000000
0.224541598396889801042573781798,-0.242981305075606599227169238388
-0.322983873434000000000000000000,-0.242948874711000000000000000000
0.374447791860789115632770320404,-0.242915226489455871326294468227
-0.372839737344288864234028351406,-0.242876674795681936355418726925
-0.422764265625389031282097288483,-0.242678835481850497923579860415
0.324765975853931629488906429642,-0.242528930381893507215287517998
-0.722283471119212802970897046784,-0.242374131044594839006299800638
-0.771966782357706040203494007137,-0.242348620243546013684902930320
-0.472916366056172206349668351138,-0.242330651708731760987420775729
-0.821649983459042609257017219972,-0.242240941340750270396917354424
-0.622694033532386457880456847854,-0.242098265258115142640236329698
-0.871332770653540327404118175447,-0.242011326427880657183579783129
-0.572735723173161381154664402151,-0.242002602753975959168433286965
-0.523052405403249379472050152738,-0.242001262640216942522312542022
-0.672602914274933324468970248941,-0.241850358131707939389616523305
-0.945427378130000000000000000000,-0.238953808264000000000000000000
0.879805381386000000000000000000,-0.238126327550000000000000000000
0.951551307901000000000000000000,-0.213049350814000000000000000000
-0.907347093948000000000000000000,-0.206589001258000000000000000000
0.796755346103827856812490520139,-0.201147053173318925217984405695
0.747072426318868019483620257099,-0.200948186224820904096698262514
0.846941713532898784750731288102,-0.200864924394197524807054500748
0.697383366541000000000000000000,-0.200841260643000000000000000000
0.647695080149000000000000000000,-0.200689831885000000000000000000
0.598006751556000000000000000000,-0.200637283812000000000000000000
0.548321466041000000000000000000,-0.200603622986000000000000000000
0.050163668247000000000000000000,-0.200206732219000000000000000000
0.000402286644000000000000000000,-0.200205408437000000000000000000
-0.049347862362000000000000000000,-0.200197448089000000000000000000
0.099914722629000000000000000000,-0.200184126435000000000000000000
-0.099109795979000000000000000000,-0.200164806210000000000000000000
0.149670835941317210627197953502,-0.200151935580401475197956434131
0.199371041648774052661989288034,-0.200145862514430190559704434147
-0.148852180446000000000000000000,-0.200128416019000000000000000000
-0.198590265613000000000000000000,-0.200083055713000000000000000000
-0.248330061591000000000000000000,-0.200024442687000000000000000000
0.299067760947218107123738602795,-0.200007949477987662909358960613
0.498639952086440192064836020047,-0.200007193649893137441282393228
0.448956634311546402268692724353,-0.200006053088030164968425984763
-0.298064722277000000000000000000,-0.199957024147000000000000000000
0.249384471384322550440237255930,-0.199954990706929344552981774638
-0.347882955982077091804383354713,-0.199916331099888280941043014434
0.399273482823052332512041601301,-0.199877505068566370820812543158
-0.397651873232868106643900789258,-0.199809268015569528298325487957
-0.447542802603199035970001008193,-0.199615146981292301569540280061
0.349591655297434911644785033569,-0.199492693248631297134938125518
-0.747052488905125261157100614007,-0.199268297834286745452668358006
-0.497724875008519381764801192257,-0.199258447214393777757939477958
-0.796735783841958967793974796579,-0.199220646585061423800116683962
-0.597771707723800774946208667312,-0.199088368006026600510740123856
-0.846418720710092839907893749470,-0.199026094332484913441506606287
-0.647454949828974870276215433355,-0.199001648108572259683160569988
-0.547892345655367904284156084851,-0.198973255078941920811010823136
-0.697371558253309955819905957476,-0.198781270123086424081109213262
0.905094506884000000000000000000,-0.195316395074000000000000000000
-0.956371158334000000000000000000,-0.190488995245000000000000000000
0.821607475212044776397893697071,-0.158126084504418920305290668901
0.872195517297013226377182259840,-0.158063360200865189907960960454
0.771924567968174706895010944672,-0.157924108716361199360055875030
0.722232379626000000000000000000,-0.157815164349000000000000000000
0.672536984913000000000000000000,-0.157643898362000000000000000000
0.622849859919000000000000000000,-0.157589378518000000000000000000
0.573164575817000000000000000000,-0.157541008028000000000000000000
0.075033475073000000000000000000,-0.157169109185000000000000000000
0.025273616821000000000000000000,-0.157168065017000000000000000000
-0.024481007170000000000000000000,-0.157156427038000000000000000000
0.124787214630000000000000000000,-0.157148791993000000000000000000
-0.074219809934000000000000000000,-0.157138139274000000000000000000
0.174538322180358612767692745242,-0.157113687224015933422950904675
0.224235276886859357885380619503,-0.157107002626382019501528480025
-0.123963255572000000000000000000,-0.157100153227000000000000000000
-0.173698042702000000000000000000,-0.157058200967000000000000000000
-0.223429786334000000000000000000,-0.157008087208000000000000000000
0.523481661408428445831848385841,-0.156980207415858566650886280447
0.473792942309076264446186151667,-0.156975948841424013261499147931
0.323913351316025331732335301473,-0.156959685230619174883961489857
-0.273154793013000000000000000000,-0.156955244686000000000000000000
0.274230042256971940258563746368,-0.156930234177297305258327327375
-0.322971579049965986407638217695,-0.156929642860757306293364895777
0.424109474528605903693230300785,-0.156845544428194156603544363363
-0.372705853400604570041116920717,-0.156842674469533406953360982813
-0.422453476604043183288029546292,-0.156732075877067026671219731028
-0.472329038602992128123564495279,-0.156556180767685645860829844417
0.374427634123771897191200894494,-0.156462399011202482021166538907
-0.522591364161653413524559202977,-0.156214719067091896068430360825
-0.771834518996942776218028780544,-0.156167846117786858558066907653
-0.821517651114890969654005731915,-0.156032017650729241803847932656
-0.572857126970407733577608601785,-0.156017559760227816973693079580
-0.622540444752161102523291423202,-0.156016772824358865144986472804
-0.871200920885047164287013722800,-0.155962942562295058839132752458
-0.672223691073442336533920686852,-0.155932503014502125910874407467
-0.722153222647395601932809587162,-0.155719672657585143985839816005
-0.920883624117956883401666566584,-0.155715827421964265158415437402
0.929510825882382828357913785208,-0.152036600251894871170876433423
0.967710978695569590597014263987,-0.120268739796354881204852346863
0.846589641529899565061870086636,-0.115180497624170092185824445058
0.796831624425389286366356303191,-0.114929486396144846407946695673
0.747109834351000000000000000000,-0.114806584471000000000000000000
0.896620696238206053237627595021,-0.114798562730951280455990201371
0.697420145339000000000000000000,-0.114617420812000000000000000000
0.647696927993000000000000000000,-0.114549281171000000000000000000
0.598011652282000000000000000000,-0.114494472131000000000000000000
0.099901397784000000000000000000,-0.114134975379000000000000000000
0.050145560016000000000000000000,-0.114133180206000000000000000000
0.000393526901000000000000000000,-0.114124004089000000000000000000
0.149650879843000000000000000000,-0.114112489914000000000000000000
-0.049348541035000000000000000000,-0.114103243129000000000000000000
0.199393224073992673489850252425,-0.114080214709263444324482452826
-0.099076205064000000000000000000,-0.114077878413000000000000000000
0.249112051321316358936021325822,-0.114063946750249431538298098261
-0.148807829080000000000000000000,-0.114039025826000000000000000000
-0.198535779315000000000000000000,-0.113995903583000000000000000000
0.548328490829991414918356612467,-0.113956177686906963316170234983
0.498641523653192338874889530367,-0.113952313873147784019229927816
-0.248261775336000000000000000000,-0.113942488658000000000000000000
-0.298061948867000000000000000000,-0.113933835310000000000000000000
0.348755556633770326708168017360,-0.113925632517152734751186696197
0.299072243761197781767986328223,-0.113903532109332603989001704597
-0.347793062613847487344146070016,-0.113856805609671681694719007902
0.448958379294382821174273006367,-0.113821039185364641495011017777
-0.397516557473652045044574910310,-0.113760199833469732490001107018
-0.447260036311284268299155639044,-0.113661225463823810090856552552
-0.497169046824162574947563802242,-0.113528212444812868401674691883
0.399276526063902508711753790379,-0.113439560474331504235800666025
-0.547592202756368832429154932033,-0.113237708534670365575992723883
-0.796617453392691262855016418720,-0.113037850696512251321747635878
-0.846300723319240096188728993465,-0.112968888187517519472801916199
-0.597626201988003350932078301643,-0.112948719641242963690453891520
-0.647309519759362015505742688236,-0.112947434279479544665830884484
-0.697017415719859353759901531964,-0.112863829689285251741725072529
-0.746935584048770288169893997962,-0.112658476322675768166021839338
-0.948124970868000000000000000000,-0.111550612200000000000000000000
-0.898224805013741104743405984049,-0.111498675887111364050551469330
0.871277485216776823849259859283,-0.072065042848483529319560530459
0.821594602419930127785026737440,-0.071857140427253801908393434079
0.921605759400080125212100644266,-0.071854661124097697264957359070
0.771911388305309219041114302589,-0.071755643320436542632238025910
0.722228516194709383970849138013,-0.071545202678592689173095292528
0.672538432369000000000000000000,-0.071488411097000000000000000000
0.622853495775417871690321317762,-0.071420229413979997408097813880
0.124777383321000000000000000000,-0.071099230657000000000000000000
0.075011307573000000000000000000,-0.071093131812000000000000000000
0.025262309180000000000000000000,-0.071084096466000000000000000000
0.174513540925000000000000000000,-0.071074253637000000000000000000
-0.024477780748000000000000000000,-0.071066129401000000000000000000
-0.074204188367000000000000000000,-0.071039839824000000000000000000
0.224269118760118900010771612341,-0.071037666778797639445061142909
0.273970706139123836034978515505,-0.071027607916033110223840320371
-0.123928025344000000000000000000,-0.071008991519000000000000000000
-0.173654934655000000000000000000,-0.070966397108000000000000000000
0.573172590973593701100872658231,-0.070930571886678892310623020969
0.523489273265579957335002685695,-0.070927752928268727753752044987
-0.223380032922000000000000000000,-0.070924641488000000000000000000
-0.273173121933000000000000000000,-0.070907089490000000000000000000
0.373609344157506824409945923824,-0.070899839748803079952065644479
0.323926029049768422231496947054,-0.070883520216591475073095493451
-0.322890453523000000000000000000,-0.070863343698000000000000000000
0.972582966823825860755097741165,-0.070824874675390798867012571785
0.473806129772081408674498035134,-0.070796151156276885073663817036
-0.372610257839029196000638615955,-0.070770569631148332438947673720
-0.422325948646873322798272398079,-0.070687706422844300332647764771
-0.472123264944000000000000000000,-0.070619668996000000000000000000
-0.522134963039939375475816472017,-0.070572019597982548095866813622
0.424124265933118621365135258082,-0.070416056551316045078882394210
-0.572370603229760372281481470155,-0.070163362358819876764539002254
-0.821382311167626798366442460922,-0.069946698309835270775631463997
-0.871065602754449423210163865305,-0.069895673602891007741906273496
-0.622407794143253777898031079469,-0.069887080602850694646709548988
-0.672091111914612442471695476949,-0.069885795241087275622086530951
-0.721823550421639817497119048396,-0.069788698698668584376427783591
-0.771700294556991145384463213019,-0.069587126449866185937142783947
-0.923057677745000000000000000000,-0.068461332579000000000000000000
-0.972757865499000000000000000000,-0.068204179980000000000000000000
0.896262548378650895823732906893,-0.029121141241629946128527706519
0.846480301728663781522101927006,-0.028851853902181973303134436118
0.796755670822086212278505156438,-0.028726913017030080819917577012
0.946233093836363333909579411323,-0.028704615179911058721782569351
0.747071104520000000000000000000,-0.028494615790000000000000000000
0.697351152200000000000000000000,-0.028424104265000000000000000000
0.647654485839894680910168230008,-0.028342832381529422744822839815
0.099890077479000000000000000000,-0.028061254401000000000000000000
0.149637128258000000000000000000,-0.028060020431000000000000000000
0.050133166937000000000000000000,-0.028049133524000000000000000000
0.199386181025000000000000000000,-0.028033442690000000000000000000
0.000395975680000000000000000000,-0.028031723676000000000000000000
-0.049330710297000000000000000000,-0.028009588759000000000000000000
0.249118672296093578389560603358,-0.028006584214976933629791240208
0.298856576865373754025076132784,-0.027988827845666281993571212978
-0.099053847001000000000000000000,-0.027978550935000000000000000000
-0.148778543582000000000000000000,-0.027944022781000000000000000000
-0.198502833046000000000000000000,-0.027902735068000000000000000000
-0.248285927057000000000000000000,-0.027890963946000000000000000000
0.597973324318482015112013414925,-0.027879954098106990527433553581
0.548290006696749783549486488128,-0.027875889614120425184824263480
0.398462049434980743917860886013,-0.027873340243766303745033685118
0.348778732747404203999638032392,-0.027862883478631874021625432296
-0.298008063330000000000000000000,-0.027846198334000000000000000000
-0.347710599263000000000000000000,-0.027775602519000000000000000000
0.498606863447901379612328158821,-0.027744195512628273740780630322
-0.397420860310178515412783488630,-0.027697374470608960146489488676
-0.497114495571815646428098186943,-0.027648736008553829798653417156
-0.447190948480000000000000000000,-0.027643155233000000000000000000
-0.546904485075039038329778897388,-0.027502972152543855826585614708
0.448924989434828232825354686146,-0.027365433092256742960294039694
-0.597165937104507851167926702750,-0.027093614750486372763213999908
-0.895891921627305610841640116291,-0.026859805334140774048979198503
-0.846208606068959069126480192060,-0.026844920720641286290811897223
-0.647190036294570881560650484013,-0.026825815637972568380199752956
-0.696873354065929546134314868880,-0.026824530276209149355576748829
-0.746609224483919447630513643395,-0.026705075787495054514174924463
-0.796526157716789226744881810790,-0.026550995294836241880705566013
-0.949944397057000000000000000000,-0.024007297939000000000000000000
0.975087657392993214320620055988,0.011740980728399716832427542965
0.920889882814934104521211675341,0.014028904702556692414647101255
0.871207019101500869833941178621,0.014241318577757294736162132860
0.821523804279005475226183453247,0.014342468583849623529004477066
0.771841040000833505881937072858,0.014576989588362816767694733686
0.722157792031715801900775841937,0.014660282211806349550750290331
0.672474566447839133378698982345,0.014756000567315799755901181222
0.174515118420000000000000000000,0.014978881601000000000000000000
0.124749456989000000000000000000,0.014981924862000000000000000000
0.075006521989000000000000000000,0.014988131592000000000000000000
0.224242418124000000000000000000,0.015001873821000000000000000000
0.025261864051000000000000000000,0.015007513299000000000000000000
0.273991627206451127544162663399,0.015024732166046328217834114757
-0.024462865267000000000000000000,0.015030860400000000000000000000
0.323729297932095421853815622064,0.015043501615612022704925806133
-0.074187056436000000000000000000,0.015057028792000000000000000000
-0.123908823967000000000000000000,0.015091727073000000000000000000
-0.173632084433000000000000000000,0.015121110512000000000000000000
-0.223400672761000000000000000000,0.015137944358000000000000000000
0.622792889696155227710810883003,0.015159809387364949539296430702
0.373627569415557795924210819491,0.015159986981873013816990281243
-0.273127462657000000000000000000,0.015179946764000000000000000000
0.573081588086693829050493023230,0.015181670582240362804549378392
0.423310865658671256083825275496,0.015206256204759277868764607033
-0.322834002825000000000000000000,0.015233521462000000000000000000
-0.372539634063270377529239370199,0.015306772386085315430404570426
0.523398440493296460630779013850,0.015311715323202240743443696043
-0.472182625707587184705488290768,0.015326069767564987105151362043
-0.422287805084000000000000000000,0.015350602976000000000000000000
-0.521890024995783235272468201785,0.015423812648618184223303516171
-0.571686669442555964584745347157,0.015558923108738034779224275523
0.473716566331799470400183032729,0.015690458274471696266825377152
-0.621962278641299211734440490572,0.015975963649923294206566923557
-0.920704363192352262872815567220,0.016184065425853659941999425044
-0.871021059432609025180607207392,0.016221400918913550528180603221
-0.671954667050980168103364891398,0.016245580089594303347274644361
-0.721637984822338832677029289454,0.016246865451357722371897663469
-0.771455031229379023991198423820,0.016342718499544364442864395062
-0.821338483696116705546888819465,0.016492942093808273631607392034
-0.974964725803000000000000000000,0.018951453667000000000000000000
0.949744446371563984932252317204,0.054474500610867467968857193655
0.896148855928000000000000000000,0.057215988874000000000000000000
0.846446109914394929058760772110,0.057327030069612563125852951097
0.796761674456000000000000000000,0.057562635580000000000000000000
0.747076446346000000000000000000,0.057656831025000000000000000000
0.697390485772791555220054490246,0.057779120429983059516060173449
0.149629441742000000000000000000,0.058014013449000000000000000000
0.199368477975000000000000000000,0.058017649508000000000000000000
0.099871121340000000000000000000,0.058027057714000000000000000000
0.249110975218002449718655550418,0.058030782312852573841506492720
0.050138498600000000000000000000,0.058041157709000000000000000000
0.298845600144958154843576369961,0.058046218400256902212530463981
0.000407139997000000000000000000,0.058063203780000000000000000000
0.348587068364856932653138720027,0.058071586504051251141040492096
-0.049315125902000000000000000000,0.058090708603000000000000000000
-0.099040158400000000000000000000,0.058118567516000000000000000000
0.647708508148906077709404025247,0.058144039327412728680807553868
-0.148765922636000000000000000000,0.058149397742000000000000000000
-0.198526145398000000000000000000,0.058161396266000000000000000000
0.597958732133360622614108912546,0.058191154759875092370334613929
-0.248245718022000000000000000000,0.058199225112000000000000000000
0.398419856103020632934816729467,0.058215469643534252608795331010
-0.297966092278000000000000000000,0.058247652837000000000000000000
0.448103151561225960720226595285,0.058262574151093630122976487903
-0.447265050411000000000000000000,0.058311505857000000000000000000
-0.347670666940000000000000000000,0.058318209325000000000000000000
0.548275576851582417251975432069,0.058318228237331950446020479877
-0.397403132645000000000000000000,0.058354794526000000000000000000
-0.496963461397202778750966328417,0.058401696421413259863245852772
-0.546681508740568563315945409193,0.058491125529412233136202879182
-0.596469332467674968628600866753,0.058620327425346836402176675438
0.498593702690085427021379439488,0.058696971188601405969402157016
-0.646750685444724146067510985064,0.059061364300717503031065022573
-0.945712195835314141279446881712,0.059114711506754525819187418553
-0.895836946858126142891457935489,0.059284001492224371120586479516
-0.696774862283079534762698999618,0.059284980353334392197521604910
-0.746458180054438199336363382701,0.059286265715097811222144610338
-0.796284412190403120461186115312,0.059396619877986044219772243913
-0.846154262531322312452188748458,0.059534888927381218035971558786
0.970035395170631043300003728095,0.099825459401786074798590610513
0.920358331069395713061063623520,0.100613728837775187815153638319
0.870675091706165504465974191462,0.100702005663334901041508105841
0.820992352913521043956620941640,0.100941864963383528952953093653
0.771309113635647073372656606345,0.101030189815377185052405385936
0.224233253507401006185156002591,0.101041385670818797842225853625
0.273964287134446364153060343430,0.101051067681570265373076328176
0.174479101611783334169932818678,0.101056373848997151200249704639
0.124745188785000000000000000000,0.101063911095000000000000000000
0.323694399087635145782895900970,0.101069110649946176449270811841
0.074999114409000000000000000000,0.101082716209000000000000000000
0.025275231662000000000000000000,0.101103510437000000000000000000
0.373379355052319769663744632273,0.101127069165712489932845553806
-0.024453374698000000000000000000,0.101127235657000000000000000000
0.721625941465309292507314395531,0.101150479110545145018132084454
-0.074171852100000000000000000000,0.101152384833000000000000000000
-0.123892439719000000000000000000,0.101171187771000000000000000000
-0.173648118322000000000000000000,0.101193583556000000000000000000
-0.223377266555000000000000000000,0.101226648355000000000000000000
0.423220628517815355726586807515,0.101266064924569748386664736017
-0.273099532768000000000000000000,0.101268900013000000000000000000
0.472980287919511917341422997485,0.101269087065223339825553267657
-0.322805776178000000000000000000,0.101333712079000000000000000000
-0.422344305463000000000000000000,0.101343724136000000000000000000
-0.372529548880000000000000000000,0.101365660904000000000000000000
-0.472055277811000000000000000000,0.101396882416000000000000000000
-0.521762881207054257582082595604,0.101473611128408730806677640527
0.671943963841423814996663942135,0.101515398007974814182879472862
0.622260647042148424090361606976,0.101525309859380560240048362557
-0.571465596835210657723471917362,0.101553359822835289484256297265
0.572577491760370218728228128740,0.101652383336837418315734232499
-0.621234148544460682633426902350,0.101691616599284205325676948282
0.522895617598873228497632143276,0.102031126288106873839115913083
-0.671571050086096462284018011114,0.102100864288635387832874334491
-0.721331075095708443770752976632,0.102475540418270322234438743785
-0.771014392867067108344417368889,0.102476825780033741259061761013
-0.969746059101110371366869368676,0.102598104692463586039755525234
-0.920062790214615874840492416559,0.102667812469981410486084172678
-0.820697309728862644524304627421,0.102676421686483132604749096083
-0.870380070724216796897008867662,0.102911637120659204203478523741
0.895600926931285264949201976707,0.143689278825723458040390426785
0.845918466034431856205443509949,0.143981076109107912079129162380
0.796233440959557339791691742020,0.144016548308450985826123901222
0.149596325689467455856207969633,0.144103846007539504712413636991
0.199279643370761948335303611876,0.144107102006406016446209355140
0.099872934877000000000000000000,0.144118857948000000000000000000
0.248962954488956040808813452055,0.144132846028815885805785276377
0.050139271217000000000000000000,0.144139349110000000000000000000
0.000417905270000000000000000000,0.144163193710000000000000000000
0.298646258471070203702099862851,0.144169884425076084338992799461
-0.049306713885000000000000000000,0.144180895085000000000000000000
-0.099022800238000000000000000000,0.144197465081000000000000000000
-0.148766747937000000000000000000,0.144212746376000000000000000000
0.348329556054752872615163180120,0.144214691045015953354813884838
0.746549835018516054253849529289,0.144239840068770228383771546544
-0.198493415686000000000000000000,0.144244699185000000000000000000
0.398012838913161304469821523846,0.144273604823857955871089733418
-0.248225251088000000000000000000,0.144283026974000000000000000000
-0.297935160127000000000000000000,0.144345766507000000000000000000
-0.347659336593000000000000000000,0.144378290433000000000000000000
-0.397433803964000000000000000000,0.144379775325000000000000000000
-0.447150179874000000000000000000,0.144419112944000000000000000000
-0.496853614028000000000000000000,0.144464884723000000000000000000
0.696867186805415050254120115920,0.144497779897432219883503722397
0.447695628516091506856863984775,0.144502698020896073752531325442
-0.546546661388647253938075675746,0.144535666911124122973883224234
0.647112283638429201089250880450,0.144548173013988125356584813002
-0.596230588827751569966096171808,0.144624751447731038497807440135
0.497378693642666129599116394939,0.144661146910141562454335151985
0.597429132878104432410817629221,0.144677002159754614270200489858
-0.646054345203489206710509833560,0.144731016040135001827715402899
0.547747233264429300142289793389,0.145052391555802646404115111292
-0.696173810849823012150546288475,0.145318791019557020923515968739
-0.746165810282386854073970522661,0.145506552428557923977524774105
-0.795848678653581818512643002010,0.145717874061320839534433022740
-0.895308505757438572139238977380,0.145888435433427918789019408191
-0.845531523418165939485903984126,0.145934674707525513707087738323
0.963682263661000000000000000000,0.149158789577000000000000000000
-0.963223994470000000000000000000,0.152017142234000000000000000000
0.926750687932228126920288189311,0.182395329495654683026037351230
-0.926011205727624775850410416251,0.184949621807662465955196148439
0.821106275288107245290818675148,0.187026674372368503203075157018
0.124688183690516377582952476928,0.187163845250697100923435189314
0.174371501034062397850955952840,0.187170490734711612039350654050
0.075002222608000000000000000000,0.187173148159000000000000000000
0.224054817559638081843518027506,0.187181690797957308776247541664
0.025275741244000000000000000000,0.187191533374000000000000000000
0.273738131563642203668872379001,0.187201081555716596349510117064
-0.024440334787000000000000000000,0.187206394059000000000000000000
-0.074160153142000000000000000000,0.187224928775000000000000000000
0.323421436766718787759112231998,0.187236444246533198622930721768
-0.123894382163000000000000000000,0.187237447961000000000000000000
-0.173613229704000000000000000000,0.187264326654000000000000000000
0.373104735288243212155756991495,0.187280198595431429667913922490
-0.223341838477000000000000000000,0.187291915731000000000000000000
0.771421969221000000000000000000,0.187298504936000000000000000000
-0.273051478254000000000000000000,0.187350242647000000000000000000
-0.322788080431000000000000000000,0.187390502802000000000000000000
-0.372498307873000000000000000000,0.187434624793000000000000000000
-0.422196332135000000000000000000,0.187472412977000000000000000000
0.422787604471889675586144197617,0.187491329130009353041936255343
0.721737195671966741628560025099,0.187510309766429076913113620618
-0.471880670164879891908189938661,0.187513754710379836729473030682
0.672033293171140918928090866564,0.187529277586723924815475806912
-0.521563958207195846163185274566,0.187568121301436081848541265986
-0.571247218297061604280964401788,0.187643839626238627979712032658
0.472470669598464298328396591037,0.187649778019254841743740092639
0.622350158459748053015501078044,0.187664154091526983956945009397
0.522230309308222201243774042644,0.187682412177837335019334366046
-0.620930455507889545595508289336,0.187733319649486108868802652180
-0.670613412134594613058236516798,0.187922758956129653832904624142
0.572668213646804923714887624887,0.188033513030273364104333690215
-0.721008546036501422453763831090,0.188349803029844622666601985071
0.877653949204928254938095993567,0.190017866726841315560519984585
-0.775680385679000000000000000000,0.191145659629000000000000000000
-0.825661830052859401479647271711,0.191471773341393832521362097821
-0.876886586024000000000000000000,0.192677551273000000000000000000
0.948334057102580052174475265348,0.227145639457466797931529166939
0.847223546535932212520372988642,0.229291555881601364678987391324
-0.947735125940137121515022655463,0.229631870598679644633666942650
0.149467152113613047130441905643,0.230228430952470925304413128835
0.050100517239076215340710090477,0.230229435752142227214817021186
0.000406167610585481638881381965,0.230232743945388415696558694667
0.199150469586530431083678744712,0.230234026241626644097090392037
0.099783834735823021942115970430,0.230234815288478593561699923209
0.248833785539894607697673707164,0.230247528098804881214929020385
-0.049303218266000000000000000000,0.230249242742000000000000000000
-0.099027819480000000000000000000,0.230264478983000000000000000000
0.298517099057534802615182006461,0.230268127366501680230276658369
-0.148742946511000000000000000000,0.230286331129000000000000000000
0.348200406632810249142260256380,0.230299983331971174295905563856
-0.198465759971000000000000000000,0.230304915493000000000000000000
-0.248171246877000000000000000000,0.230356894168000000000000000000
-0.297903432619000000000000000000,0.230394856729000000000000000000
-0.347593044253000000000000000000,0.230466955232000000000000000000
0.397883390393196636287291897292,0.230482167544078297262216288440
-0.397278335830000000000000000000,0.230505420242000000000000000000
0.746589906925868499953610564828,0.230530942139188818282898139046
0.696901399566454042039709549461,0.230541012621866893453044951399
-0.446963543326000000000000000000,0.230546410654000000000000000000
-0.496648826365000000000000000000,0.230592169727000000000000000000
-0.546333326017511524477026400919,0.230640391545291769603129950122
0.447566455519771259029544305706,0.230640616433323785964020113728
0.547151289690597824816371873133,0.230663533652308052719552926803
0.497322285264020369973054243269,0.230671043286950614308739288850
0.647218264855061176127119756334,0.230675889126669952594514145948
-0.596016582311069902046067867926,0.230718561172068604624164780825
-0.645699538937774969508796078595,0.230908000478712149588266763677
0.797243124853000000000000000000,0.230945982234000000000000000000
-0.695448147321273023361454058744,0.230953770966417255575990659415
0.597536320042118046826506300378,0.231045248065416332741902823667
-0.746219096414535472571804846093,0.231161719782760110133639178375
-0.800475457515850501680102253247,0.234297918449831533694471469198
-0.850271078601000000000000000000,0.234632799208000000000000000000
0.899038417072296481739348262163,0.235026475511331115440603131192
-0.899482534197000000000000000000,0.241477373688000000000000000000
0.025200376541412618460685710871,0.273287119680224595202613637987
-0.074167942229000000000000000000,0.273289017544000000000000000000
0.174250329110745706015485194889,0.273289157889562375293760982015
-0.024482941191685489779407042305,0.273289455055487428868035733607
0.074883694236208874225753375125,0.273290162689233677204164874363
0.223933646583663089968722023598,0.273294753178718094086438239228
0.124567011732955680827159249322,0.273295542225570043551047770396
-0.123882890945000000000000000000,0.273305014506000000000000000000
0.273616962537027266582716996401,0.273308255035896331204276873572
-0.173599402141000000000000000000,0.273322502458000000000000000000
0.323300276054667461500225285340,0.273328854303593130219624505564
-0.223305143232000000000000000000,0.273371374744000000000000000000
-0.273020012851000000000000000000,0.273400033354000000000000000000
0.372983377600527404224745359670,0.273475439451981133148853885076
-0.322720991217000000000000000000,0.273500799323000000000000000000
-0.372418269130000000000000000000,0.273533602829000000000000000000
-0.422108245249000000000000000000,0.273574802634000000000000000000
0.771357482036181882623392195102,0.273600644826541369748152342767
0.721674164753435453733049673029,0.273607730298196028645728059093
-0.471793480900000000000000000000,0.273614834630000000000000000000
0.422666442727102026966997753663,0.273633888341226621850657721160
0.522243265646395993545652074267,0.273652164761421332008957870742
0.472418071185327330674201955576,0.273661881701019558529019327911
-0.521478766104000000000000000000,0.273662059399000000000000000000
0.572019396085910947927990554232,0.273675268687451021357122074449
-0.571162954708218600563238754887,0.273739041320130947370686893477
0.671991030042042587820459886793,0.273742606802999087787197257649
-0.720657269173107880220867381919,0.273766528900020422137573834982
-0.620845912768424809492824395574,0.273928104298393378414740132215
-0.670534274124453379812013624630,0.273939012488999751331352780015
0.622309085229099458519846435939,0.274111965741745467934585944231
-0.770919329127000000000000000000,0.274270802684000000000000000000
0.935534474295722807922639679174,0.275151917655139683059073860686
-0.934783516326000000000000000000,0.277624711956000000000000000000
0.837077456676555881433634872544,0.277927848164087489089425766947
-0.835883680412000000000000000000,0.282188538592000000000000000000
0.886490902591896373863475682449,0.283099253117644942562813746483
-0.885094539438000000000000000000,0.289033670173000000000000000000
0.801773283520898447820543645196,0.312885643063327280942242832403
-0.798878353015000000000000000000,0.315341949527000000000000000000
-0.099024118183000000000000000000,0.316324421661000000000000000000
0.050026328908710195832774988369,0.316324863362724373899987930117
-0.049340306577869419085589817472,0.316325572670092261067616446070
0.000343011180249277476390279868,0.316327295390597362994322728407
0.099709646607971832085980027696,0.316327832570361857970965316081
0.149392963903753127881077510955,0.316334826044299213436886193386
0.199076281250089584994272166835,0.316341450633453908351186684004
-0.148740510075000000000000000000,0.316341849976000000000000000000
0.248759598499718134648071516403,0.316348764641983542399224269340
0.298442913536079979330105742954,0.316365300045806712687440116787
-0.198444892002000000000000000000,0.316389736103000000000000000000
-0.248153769977000000000000000000,0.316415106803000000000000000000
0.348126066145775946257436176094,0.316493413993600831769824269130
-0.297851863059000000000000000000,0.316539492077000000000000000000
-0.347550570239000000000000000000,0.316571680008000000000000000000
-0.397255162198000000000000000000,0.316612730823000000000000000000
0.497339051567702954246799785977,0.316643003175490276229237888839
0.397809131272350568999688583356,0.316651862882846320471628094208
-0.446940453260000000000000000000,0.316653327241000000000000000000
0.447518058392658098611655405725,0.316655153608922394415656917467
0.547108902625414937937425341882,0.316665327445065093431646255578
0.746450291427239175618456428750,0.316672514211105545111364252261
-0.496625616248000000000000000000,0.316701639866000000000000000000
0.596792161272892359621330680130,0.316741986363780156549805178130
-0.546309681922538266174096038877,0.316768324183596836484625541911
0.696767156715846309705866626736,0.316807390715908604252833439953
-0.695436711206570125378955254520,0.316930880252487015182517720094
-0.595992673255369973234671837100,0.316948431495297499227419803270
-0.645680965046789417891783982092,0.316959299497713031993926190954
-0.745120879766290388645417199928,0.317009607226697017809730218290
0.647085211902903180405253181161,0.317176749654654984400222120653
0.920306306874319510492125404099,0.322443935833767562488327502207
-0.919422054851000000000000000000,0.324953742641000000000000000000
0.871262735170493076432961391403,0.330391271296272821992067401526
-0.867369404358000000000000000000,0.335449219300000000000000000000
0.828110099654349762077154130863,0.355014067937451605701012428073
0.776927215932758276988784917233,0.355910112750094240994225867467
-0.773294097257696112400664218983,0.357932728840326508146695644380
-0.823387797949000000000000000000,0.358561151249000000000000000000
-0.123888162812000000000000000000,0.359364990627000000000000000000
-0.074204201465323976851103862187,0.359365518111550670845823244855
0.074845751795042730591537696123,0.359365980213689405681330609842
-0.024520883690936229438993167271,0.359366680507822350127707427279
0.025162434066749609691174177248,0.359368415667044253375110013982
0.124529069493940669817290623278,0.359368955500792260793482791591
0.174212386461843190347701180726,0.359377982620380314387497889512
0.223895703305611982049076001424,0.359387668880692388030664498918
-0.173573907710000000000000000000,0.359401228913000000000000000000
0.273579016800192790749298009182,0.359408323690376182535337953283
-0.223290167565000000000000000000,0.359433505044000000000000000000
0.323262235360495245908547879273,0.359507620775812755700737443032
-0.272978862576000000000000000000,0.359582396007000000000000000000
-0.322664139706000000000000000000,0.359610710274000000000000000000
0.472439038775033722184253236102,0.359636275083393112115875498364
-0.372349436567000000000000000000,0.359643449150000000000000000000
0.522200878127328524789619909057,0.359658368413287050400202220255
0.372945300487069868650800273258,0.359666069665058244402541278973
0.422660746937906640644346233064,0.359673128150542093036627308481
-0.422034662949000000000000000000,0.359680995377000000000000000000
-0.471719947398000000000000000000,0.359730572774000000000000000000
0.571884143378119757781844775630,0.359730621035930962218170025727
-0.521404860290648800876020762468,0.359784542953516315105406921724
0.621568287946696081506737430066,0.359806770276689673015441378338
0.721549546886187637546805870881,0.359868570493835359227931752233
-0.571087938086955489047122137711,0.359938968042462124458146539471
-0.620825593527672276509982531806,0.359980490906525261927713261792
-0.670526782872000000000000000000,0.359985555317000000000000000000
-0.720211203990559600461590477184,0.359997281264378206582468577076
0.671867602073244508246192420098,0.360237929432581739375320432218
0.902664418990000000000000000000,0.368956361228000000000000000000
-0.901660009170000000000000000000,0.371404197156000000000000000000
0.859489748211000000000000000000,0.393544507576000000000000000000
-0.857700498223000000000000000000,0.394581442650000000000000000000
0.803264032066209591245395403154,0.398038537624218565752995480890
0.752174158906006747273000257494,0.398991009132773876601752427250
-0.797801744304450662784772139607,0.401150865110342381289217433984
-0.747941914608000000000000000000,0.401222779834000000000000000000
-0.099046223502000000000000000000,0.402394132140000000000000000000
-0.049360960314000000000000000000,0.402395610975000000000000000000
0.000322685682924268607120176948,0.402400657622401454998840120979
0.099689321071054566242538841058,0.402402160243033341517537916558
0.050006003332211785638771945912,0.402404370027831367893293043905
0.149372638680240788622956500296,0.402406375297575699007223467633
0.199055955522183063835965225161,0.402416070922033570370882864086
-0.148731451969000000000000000000,0.402429999582000000000000000000
-0.198416954502000000000000000000,0.402444573738000000000000000000
0.248739258463959262574476690628,0.402454479484244093906095886588
0.298422509778231412578251716500,0.402535752264639762741202835641
-0.248107870157000000000000000000,0.402621256737000000000000000000
-0.297803981024000000000000000000,0.402648391979000000000000000000
0.447581727320282264216944063425,0.402654249625012810736845869419
0.497293732717187364526930668173,0.402655762010410612252219535629
0.397796916152625940295457925203,0.402687334932754016967540475349
-0.347493186820000000000000000000,0.402689032265000000000000000000
0.348105574904806035320504123768,0.402694201153885251443006660587
-0.397178492512000000000000000000,0.402702970584000000000000000000
0.546977004801132246675026651028,0.402723152326196566865838406511
-0.446863705516000000000000000000,0.402751522069000000000000000000
0.596660270051923479667251522208,0.402795404948840478683806204027
-0.496548996118000000000000000000,0.402805487932000000000000000000
0.646350678117037409347676671740,0.402867950054616427990539671085
-0.546232677789410692611440025262,0.402958127750239447809358272032
-0.595919313078505380875718314083,0.402971919166583151591352921223
-0.645670760422000000000000000000,0.403005660962000000000000000000
-0.696304117372000000000000000000,0.403551913259000000000000000000
0.698982527593000000000000000000,0.404272168540000000000000000000
0.869084169573000000000000000000,0.442294648396000000000000000000
-0.868681276520000000000000000000,0.443060396425000000000000000000
0.819458321130858162689180419089,0.445008496833404198814121406258
-0.074199998592000000000000000000,0.445426431858000000000000000000
0.124536237848390529352540972053,0.445436749928537351976720922408
0.074852920077635608368719156836,0.445438058418824710823865785135
0.025169602441222775104639113601,0.445441939303785953268225159565
0.174219554704725493437858697978,0.445446371517833563147720302364
0.769776977988548188458648505383,0.445451452810910156944707866680
-0.024515110902000000000000000000,0.445452698233000000000000000000
-0.123885505639636746397462744106,0.445455754149679073378598820429
-0.173570317081000000000000000000,0.445471145117000000000000000000
0.223902846077516170561536147976,0.445497604206051507124941489309
0.273586117051940311643455404378,0.445565807607009391837678164599
-0.223255231949000000000000000000,0.445668828691000000000000000000
0.422706167012261570844517400752,0.445675255189887882686960826787
-0.272940131115000000000000000000,0.445686950311000000000000000000
0.472389478220957545014338058370,0.445700823956450653476709707941
0.372957190570362106965161773378,0.445715466421581024008005874927
0.522072792735883302615859163750,0.445718858171878415142295670387
0.323269182178514934385707798363,0.445724256496254880539482000452
-0.322625420058000000000000000000,0.445730062891000000000000000000
-0.372310356421000000000000000000,0.445754703418000000000000000000
-0.421995662880000000000000000000,0.445765567695000000000000000000
0.571756064819828184763955136255,0.445786248487664369755914527310
-0.471680625442000000000000000000,0.445819485441000000000000000000
0.621442660222264807508190763806,0.445856584726767233658904512685
0.671129076177891389590555515128,0.445931427108377731008362266718
-0.521365179338018721880997046609,0.445970214274749933370291883880
-0.620764555353000000000000000000,0.445997830369000000000000000000
-0.571076294314000000000000000000,0.446000402569000000000000000000
-0.670451115579000000000000000000,0.446068944994000000000000000000
-0.769156118661000000000000000000,0.446150332830000000000000000000
-0.818840210698617948366792322445,0.446159919734978215066982584444
0.720482025598992027118633854267,0.451651431466788728789855615926
-0.719798782624000000000000000000,0.451841402973000000000000000000
0.844222433975278282088612822305,0.488080190339125389884470509485
0.099700565799566184837901086661,0.488471129509774995751043365039
0.050017248273870069005524375534,0.488476234685163734138203120463
-0.099032695732093932696753428463,0.488476329530785964417885084097
0.149383882844124095701300117987,0.488479724386152275445568840172
-0.049349380722837967636423895935,0.488492946179049309994389266797
-0.148716010164090089501365017261,0.488494590783781474330121596064
0.000333936471969268205972512732,0.488500623556871250307488045217
0.794541090832968307858080890875,0.488523146316631348015056960176
0.199067169186882275421301700064,0.488535622556579419608798130576
0.248750449944930879889228423413,0.488596281759309507132866087573
-0.248082024463704105279652849486,0.488729746821306951867839988043
0.447488158501681722483699247878,0.488736664412534855152358906809
0.397804840769638948727141541099,0.488739022132334826012252025805
-0.198398708368153189406328695458,0.488742714917923622195273706739
0.348120797844071006030365450239,0.488745521763950653104481196877
0.298433515071505502631480830670,0.488754730648554995834669914432
0.497171469710377696653519922183,0.488762233179097625942107786982
0.546854784225303454255041010282,0.488780267394525387607693751417
-0.297765311328271697953389835687,0.488785179258055389287112183898
-0.347448628118365916669076509371,0.488795137023892291453686511469
-0.397131933736826782980481665890,0.488829911217966025967065825622
-0.446815251430809680918915424083,0.488832967477846984058339949906
0.596538056309248336403137003444,0.488847657710311342221312618361
0.646221321117399811108467533496,0.488920214068101480892282979410
-0.496498343639284217612117771961,0.488982683963830817651656024798
-0.546181650539626224423875818314,0.489015575731598672466099412181
-0.645547640519164842799941688983,0.489060237917814964573148251290
-0.595864565659192226751159112732,0.489215604839376735470345942693
-0.793847663702000000000000000000,0.489264245459000000000000000000
-0.843531444475941863503731328831,0.489273433173058127006548683732
0.695574130040329232889623034686,0.494641430533048128061963046734
0.745257161364699729924567797483,0.494810145806744787525293281603
-0.694883551579433606529531116403,0.494925384657258815244409677559
-0.744562992225636639254616225955,0.495546064528326470803004174669
0.124537696547428417969225178872,0.531508012107920464192224335989
0.074853668651000000000000000000,0.531513426960000000000000000000
-0.074202297966000000000000000000,0.531514814478000000000000000000
-0.024516809296000000000000000000,0.531538559568000000000000000000
0.025168455225000000000000000000,0.531540540356000000000000000000
-0.123887559507000000000000000000,0.531543554398000000000000000000
0.174220979876338168248294495013,0.531566527757425925068082440384
0.223904267278935084567710986368,0.531621475850323891641159710934
0.422651765775390621548902937420,0.531766719754904484248834236744
0.372968448043347847792345212214,0.531769077474704455108727365714
0.323285130737061574276138481368,0.531775995916250768399669126820
0.273587334916819620265364126585,0.531779135329420156945491084741
-0.173572255919000000000000000000,0.531790006159000000000000000000
0.472335076984086595718723595606,0.531792288521467255038583126896
-0.223262709902000000000000000000,0.531806971139000000000000000000
0.522018391499012353320244698681,0.531810322736895016704169079388
-0.272958433186000000000000000000,0.531858532789000000000000000000
0.571702334896354785032298977962,0.531878100519130998890340177714
-0.322650347546000000000000000000,0.531879607896000000000000000000
-0.372335641604000000000000000000,0.531916354402000000000000000000
-0.422020871501000000000000000000,0.531925447292000000000000000000
0.621385599704506259737629522746,0.531950656876921137561310528683
-0.471706086346000000000000000000,0.532042346378000000000000000000
-0.521391250397000000000000000000,0.532077137715000000000000000000
-0.620760803971000000000000000000,0.532211277408000000000000000000
-0.571076064284000000000000000000,0.532306901700000000000000000000
0.816554713568000000000000000000,0.533076213643000000000000000000
-0.816038279130000000000000000000,0.533845672579000000000000000000
0.670738408627435681518785014938,0.537671873341867784730990606503
0.720421439951806178553729774322,0.537840588615564444194320842075
-0.670107912419000000000000000000,0.537991296474000000000000000000
-0.719788433624000000000000000000,0.538612496726000000000000000000
0.769116342277000000000000000000,0.547848659158000000000000000000
-0.768575213120000000000000000000,0.548563689731000000000000000000
-0.049380328919000000000000000000,0.574555482034000000000000000000
0.099762768424552078542982550054,0.574580616460560470764433162424
0.050078359517424398654815406780,0.574580817426874544492788115253
0.000361927921000000000000000000,0.574590121674000000000000000000
-0.099082948109000000000000000000,0.574599411525000000000000000000
0.149446048854904179931340609979,0.574641543473867166987506730834
0.199129341683843557548531405103,0.574691344034301555947584540511
0.298500216145061456471460696482,0.574835722751069613976272067308
0.348196537110402456827593058567,0.574836286522333478048558403262
0.248812423044363902366567753765,0.574844618121721595131946375695
0.397903532300836967883712104371,0.574847539226113949094657005822
-0.148771522643000000000000000000,0.574867839154000000000000000000
0.447590130091857211040750827586,0.574874995838007912291890576900
-0.198476789971000000000000000000,0.574897444263000000000000000000
0.497296686752112868907947334391,0.574906371057235085473473313337
-0.248185967863000000000000000000,0.574954480629000000000000000000
-0.297893519325000000000000000000,0.574980103786000000000000000000
-0.347600957390000000000000000000,0.575018568491000000000000000000
-0.397319422411000000000000000000,0.575035394375000000000000000000
-0.447004578317000000000000000000,0.575152301351000000000000000000
-0.496714818054000000000000000000,0.575201286062000000000000000000
0.549529241307313995026471915605,0.576339161989968565715741782672
0.599963285895298464584728404849,0.576778288283028058579768787058
-0.549510479352000000000000000000,0.577068029395000000000000000000
-0.599959482030000000000000000000,0.577386574985000000000000000000
0.660209386340749518552077957556,0.586226705811030157973550200046
-0.659848653169000000000000000000,0.586604997079000000000000000000
0.721994996170349380942209573141,0.587498981534073623238000631576
-0.721425642827000000000000000000,0.588269826238000000000000000000
0.770659298585967631038387948438,0.597509862455511571885052604789
-0.770102676440000000000000000000,0.598225473832000000000000000000
-0.024539972792000000000000000000,0.617584597092000000000000000000
0.025228326162458382143283277703,0.617605057141632321356476856604
0.074918629414712114854152089704,0.617608634683294376468265658674
-0.074236871330000000000000000000,0.617629837460000000000000000000
0.124601910052074791926968744169,0.617669392654141533025410066594
0.174285203158224425059787750505,0.617718915884881282279745881190
0.323347888557835511063547741018,0.617859265632722512037886006651
0.373041392355944619440103686460,0.617862723333386428097212727041
0.273664022286355665322857924755,0.617865892876630857305823041006
0.522254181879563170140730087990,0.617866300100300939162900315068
0.223968290601975053191812115828,0.617870205271776856627832707999
0.422731558567563363882269709178,0.617892242242136636340907621233
-0.123925464524000000000000000000,0.617907655853000000000000000000
0.472416921278879678134745757468,0.617911363051407950172709548665
-0.173627735667000000000000000000,0.617935585413000000000000000000
-0.223330212123000000000000000000,0.618002678219000000000000000000
-0.273039195376000000000000000000,0.618026266818000000000000000000
-0.322741186529000000000000000000,0.618056318349000000000000000000
-0.372467688673000000000000000000,0.618067691923000000000000000000
-0.422154083708000000000000000000,0.618176378489000000000000000000
-0.521616460144000000000000000000,0.618202791757000000000000000000
-0.471858533324000000000000000000,0.618222151992000000000000000000
0.574334321110924347226384431809,0.619387387775690158905435829874
-0.574261556840000000000000000000,0.620149486381000000000000000000
0.624010033517630887755415423342,0.620256676742685856021983032184
-0.623940436035000000000000000000,0.620943678444000000000000000000
0.690301221161274686535123115178,0.625760407175261000689394751871
-0.689583465746000000000000000000,0.626409356248000000000000000000
0.739174479412000000000000000000,0.636029176354000000000000000000
-0.738564704271000000000000000000,0.636735308163000000000000000000
0.654769974393819431474889482273,0.660487378963370586032928309541
0.000324299731000000000000000000,0.660600789051000000000000000000
0.050068362539156419183437248471,0.660633009210331533606218841256
-0.049361401350000000000000000000,0.660641699964000000000000000000
0.099751639224167356369533835390,0.660696917446163729466837981848
0.149434936250091901132883373611,0.660742338319293255139437133512
0.497373093256770728731623060126,0.660872060748627487425064834559
0.348193922570792436075929491650,0.660886383239278998198251357167
0.298510604919234018510205643350,0.660890065127698121339577775876
0.248819889843966816148102290811,0.660891480026686118801709354375
0.199118027863817158718763573915,0.660892252041618942656154070071
0.397878138179195418174971365933,0.660912464945198217238227438229
0.547062368855000000000000000000,0.660918533470000000000000000000
-0.099048766031000000000000000000,0.660928472520000000000000000000
0.447563261462657836647247266477,0.660931447432560415128542202759
-0.148760399077000000000000000000,0.660962524614000000000000000000
-0.198456843323000000000000000000,0.661030418206000000000000000000
-0.248165082162000000000000000000,0.661058677391000000000000000000
-0.297866348858000000000000000000,0.661083596427000000000000000000
-0.347596439014000000000000000000,0.661090762014000000000000000000
-0.397288888276000000000000000000,0.661192094828000000000000000000
-0.446987751711000000000000000000,0.661234595009000000000000000000
-0.496701470989000000000000000000,0.661264637013000000000000000000
-0.546405431302000000000000000000,0.661291489794000000000000000000
-0.654221626035000000000000000000,0.661311268513000000000000000000
0.603029948267000969148883107421,0.665292974207045195923004614045
-0.602424734934000000000000000000,0.665728625374000000000000000000
0.705696030651974078888012915573,0.672998441714888392759868247839
-0.705116827550000000000000000000,0.673603822219000000000000000000
0.025169971896995246279186448901,0.703627220563167155764223356185
-0.024514917311000000000000000000,0.703668237005000000000000000000
0.124583975030953223564264222242,0.703763981627131044607280163176
0.074900025339000000000000000000,0.703800805032000000000000000000
0.223969627105808921675053746590,0.703913526796528204830030732405
0.472482432527512692640680559569,0.703913617920594858567864604857
0.174267066644678481150144407554,0.703913895349456732123997109685
0.273666472476845169335450008835,0.703915652277753382835464104207
0.323360323976864467678793339204,0.703918051197860587372829081055
0.522167749285000000000000000000,0.703928054402000000000000000000
0.373054326622161925436180384377,0.703949779524558869583929283750
0.422739542991979956103727414796,0.703968815703755674063630265475
0.571852921016000000000000000000,0.703977341913000000000000000000
-0.123883638027000000000000000000,0.703979353235000000000000000000
-0.223286571630000000000000000000,0.704079854048000000000000000000
-0.074198469612000000000000000000,0.704086558428000000000000000000
-0.322726683682000000000000000000,0.704115975213000000000000000000
-0.272987573993000000000000000000,0.704116420449000000000000000000
-0.173589896238000000000000000000,0.704142565096000000000000000000
-0.372423937561000000000000000000,0.704211557877000000000000000000
-0.422115019542000000000000000000,0.704248867804000000000000000000
-0.521522789962000000000000000000,0.704328720014000000000000000000
-0.471823567132000000000000000000,0.704376415998000000000000000000
-0.571208076944000000000000000000,0.704382761340000000000000000000
0.670501502845000000000000000000,0.708067499950000000000000000000
-0.669891941574000000000000000000,0.708644224146000000000000000000
0.620944661097000000000000000000,0.711635138642000000000000000000
-0.620325393937000000000000000000,0.712077211926000000000000000000
0.049884204306000000000000000000,0.746729310535000000000000000000
0.149305244438926700412719478790,0.746871310292518609378446946300
0.248815221541779366860849544198,0.746938269719005185262230033880
0.298511812824881360550124949068,0.746941109665985906387018647951
0.199125953659000000000000000000,0.746947559078000000000000000000
0.497285125252000000000000000000,0.746965248518000000000000000000
0.348211877550983311933582125749,0.746976338654564320282974254839
0.546970286419000000000000000000,0.746982580464000000000000000000
0.447599858105000000000000000000,0.746986014422000000000000000000
0.397900144531234527210646385299,0.746997136035024429982252151243
0.099622146362548366565558333985,0.747019066696542483178971735055
-0.148589276745000000000000000000,0.747092499875000000000000000000
-0.297861262714000000000000000000,0.747140217808000000000000000000
-0.048510253006000000000000000000,0.747175184795000000000000000000
-0.248028141692000000000000000000,0.747179028700000000000000000000
-0.098893112596000000000000000000,0.747201931675000000000000000000
-0.347557757139000000000000000000,0.747239674648000000000000000000
-0.397252055516000000000000000000,0.747269232659000000000000000000
-0.198331984481000000000000000000,0.747377477864000000000000000000
-0.546355099778000000000000000000,0.747405542737000000000000000000
-0.446952814358000000000000000000,0.747429527800000000000000000000
-0.496660019291000000000000000000,0.747434197047000000000000000000
0.000720882142000000000000000000,0.753913390756000000000000000000
0.610695610316000000000000000000,0.760251748661000000000000000000
-0.610118892370000000000000000000,0.760702889583000000000000000000
0.074504567020732187687929744112,0.789885595299049214427970170886
0.174142027011975611450962569258,0.789901140618015507360058424937
0.273659208441324676863641500347,0.789963940909088665213192205145
0.323342520077635287434946041868,0.789988664808482635305824149312
0.223970690714000000000000000000,0.789993531474000000000000000000
0.472472205782000000000000000000,0.790010920525000000000000000000
-0.073667824278000000000000000000,0.790022940906000000000000000000
0.373064638601000000000000000000,0.790028296992000000000000000000
0.422786863349000000000000000000,0.790031856261000000000000000000
0.124447790956000000000000000000,0.790152986220000000000000000000
-0.272979428553000000000000000000,0.790158344463000000000000000000
-0.322676275635000000000000000000,0.790258716910000000000000000000
-0.173213580058000000000000000000,0.790259755720000000000000000000
-0.372394977831000000000000000000,0.790293347110000000000000000000
0.571179899524000000000000000000,0.790370401889000000000000000000
-0.223232740511000000000000000000,0.790403512195000000000000000000
-0.123516606814000000000000000000,0.790443045116000000000000000000
-0.471801552060000000000000000000,0.790481524220000000000000000000
-0.422095081294000000000000000000,0.790506194507000000000000000000
-0.570563218300000000000000000000,0.790801674873000000000000000000
0.521805198879000000000000000000,0.795916843441000000000000000000
-0.521165709450000000000000000000,0.796319939901000000000000000000
0.025344000716000000000000000000,0.797080787934000000000000000000
-0.024366735825000000000000000000,0.797127399075000000000000000000
0.198971812987654082603470822617,0.832935008615488837849756705527
0.099242394235000000000000000000,0.832973484939000000000000000000
0.348168824986000000000000000000,0.833026332525000000000000000000
0.447670271562000000000000000000,0.833063106655000000000000000000
0.149281306862000000000000000000,0.833233569357000000000000000000
-0.198095899606000000000000000000,0.833273197437000000000000000000
-0.347512962897000000000000000000,0.833303003236000000000000000000
-0.097972872238000000000000000000,0.833361151462000000000000000000
-0.148400563886000000000000000000,0.833466204778000000000000000000
-0.446972702003000000000000000000,0.833538573348000000000000000000
0.251048419508097292582366726151,0.834204016522032644547578326040
-0.250342809973000000000000000000,0.834391049948000000000000000000
0.398032957908000000000000000000,0.835436274364000000000000000000
-0.397278664025000000000000000000,0.835932173442000000000000000000
0.497028618412000000000000000000,0.838983640207000000000000000000
-0.496334375058000000000000000000,0.839381833967000000000000000000
0.050078962085000000000000000000,0.840198225999000000000000000000
-0.048779284016000000000000000000,0.840424509393000000000000000000
0.299736181125000000000000000000,0.844112337693000000000000000000
-0.299043213805000000000000000000,0.844281295423000000000000000000
0.000656819576000000000000000000,0.845506948492000000000000000000
0.223978347728406566094666398790,0.875866410720259393392862151149
0.124037864176000000000000000000,0.876028481231000000000000000000
-0.223315360087000000000000000000,0.876085845540000000000000000000
-0.123083845771000000000000000000,0.876236810497000000000000000000
0.174295069883000000000000000000,0.876432417525000000000000000000
-0.173551170696000000000000000000,0.876663549131000000000000000000
0.425399849868000000000000000000,0.877477531071000000000000000000
-0.424539527630000000000000000000,0.877883866711000000000000000000
0.333640080213000000000000000000,0.880539208907000000000000000000
-0.332792434636000000000000000000,0.880768037893000000000000000000
0.074832929476000000000000000000,0.883305104722000000000000000000
-0.073777288313000000000000000000,0.883426762463000000000000000000
0.276014489237000000000000000000,0.887769090671000000000000000000
-0.274791351429000000000000000000,0.888309768868000000000000000000
0.025396931135000000000000000000,0.888620136821000000000000000000
-0.024327272343000000000000000000,0.888623978080000000000000000000
0.380153803636000000000000000000,0.898006088723000000000000000000
-0.379264667080000000000000000000,0.898375799424000000000000000000
0.148673093145000000000000000000,0.919175951336000000000000000000
-0.147816236795000000000000000000,0.919332726652000000000000000000
0.310380294828000000000000000000,0.924443574473000000000000000000
-0.309583217007000000000000000000,0.924704837464000000000000000000
0.215298874465000000000000000000,0.924785944554000000000000000000
-0.214491508272000000000000000000,0.924984595875000000000000000000
0.099519508732000000000000000000,0.926426174697000000000000000000
-0.098657995729000000000000000000,0.926572872762000000000000000000
0.000438939823000000000000000000,0.931699814742000000000000000000
0.050124177788000000000000000000,0.931785299676000000000000000000
-0.049246226117000000000000000000,0.931803476775000000000000000000
0.262891721688000000000000000000,0.939052603676000000000000000000
-0.262079832044000000000000000000,0.939277851161000000000000000000
0.178901982665000000000000000000,0.958606425256000000000000000000
-0.178050686248000000000000000000,0.958763095438000000000000000000
0.129123333660000000000000000000,0.966525926329000000000000000000
-0.127950802832000000000000000000,0.966714724003000000000000000000
0.079521167013000000000000000000,0.971909082418000000000000000000
-0.078465284572000000000000000000,0.971992597860000000000000000000
0.025305461818000000000000000000,0.974827869242000000000000000000
-0.024383263393000000000000000000,0.974844081293000000000000000000
