0.022088149761491954540812986445,-0.975216509983278660056637216991
-0.026978454996340229964901596181,-0.975093477913714069780350408424
0.071098867717463522467624493918,-0.972872077260493157220711565832
-0.075976799642521297757984415899,-0.972503292344006678697822869471
-0.124782909973312675462753229692,-0.967452506887260325504892697149
0.138181465621935238540513057971,-0.965629851580006961698541503113
-0.173273298170717058293188793535,-0.959953900895711827027467240051
0.186563251465437477687582856403,-0.957459806418262282742509756393
-0.221325275247807291646879054893,-0.950026447126781141865087454094
-0.268817261472875832075001265932,-0.937695263738745696752024099948
0.270383595615438034426387698560,-0.937244812696191784929847859814
0.100815903081135051380082448787,-0.933827940075177394719733506090
0.004292822828000000000000000000,-0.929489629938000000000000000000
-0.044800427227000000000000000000,-0.929325206582000000000000000000
0.222980500845270246873025667122,-0.924576211922548601718049953486
-0.142366292240326967215888148282,-0.921644521694681634032309524702
0.052598019197000000000000000000,-0.920286460022000000000000000000
-0.093025036677000000000000000000,-0.919968081392000000000000000000
0.325384999638597371850792523152,-0.919597591185428416743227142179
-0.330157090909742827744327536381,-0.917895104587592924473531648110
0.148819823174000000000000000000,-0.915334389065000000000000000000
-0.191180293681000000000000000000,-0.910979944306000000000000000000
0.371215229526981559877788984868,-0.902072270425758482304176220926
-0.375895022422910441480302084302,-0.900130294984102932907571648686
-0.239223052617000000000000000000,-0.898445570178000000000000000000
-0.288121703449858161907684785904,-0.892585560133991388096224948707
0.285765891442419636504483759784,-0.890651553372093350462427118971
0.190022353178311269352081459927,-0.888226420427762997946253274495
0.105095408786248359939799113797,-0.884948162351957703758816660248
0.019809275981000000000000000000,-0.882933836524000000000000000000
0.416101286331795950328982355669,-0.882253371771533594594688201465
-0.420683258978589262224976053527,-0.880091315329838680037819880524
-0.064984200544000000000000000000,-0.879672805868000000000000000000
-0.157054842268537755163649836191,-0.874827929150795976182026276467
-0.331054924794669418618610974460,-0.868830869138129025216899638065
0.329399860149869498636942991504,-0.868209993395372758870916784987
0.234295497549719784026074683784,-0.866618524331338481078654528488
-0.204794505522000000000000000000,-0.863465986792000000000000000000
0.148505051144416416361655256205,-0.862075694411496994192235845138
0.063025476846006635660879451691,-0.859696079944859264619614717778
0.462307670783663785850740611752,-0.858956777281858277969395747400
-0.464404483470002827629213613870,-0.857820227158784264070743737584
-0.021637465985474937714288577531,-0.856657736911920838526494251996
-0.108028177980000000000000000000,-0.855976289032000000000000000000
0.376131189113625458933873792819,-0.853252395572437265941999658120
-0.276926012745323078351625649203,-0.844813148126642962439748683864
0.276958419683502217378931026762,-0.842381735881581399956789825213
-0.371965906199853944302081009134,-0.841741416581532255111530061319
0.191976667233590128774822414938,-0.839198596736263078270964189281
0.106992091681648274343301434182,-0.835918075330356786463122996413
0.504915364711658563741159529462,-0.834623029985361212419171784461
0.021581683370720309548073373228,-0.833427326491991765397327468587
-0.506958277402000000000000000000,-0.833378852160000000000000000000
0.420758280661380729872046212549,-0.832857064260106706797774533277
-0.419849593438912499606786672524,-0.831031639004781084282859849349
-0.063266605826000000000000000000,-0.830626364160000000000000000000
-0.148003961275000000000000000000,-0.826597820840000000000000000000
-0.232865949044066157894725837147,-0.823220148659393313315818054334
-0.321713901809401651031989965965,-0.820494744019934501464011773885
0.322133957356682283547533343643,-0.819684191022290708641608420985
0.235384047282212945590576621032,-0.816321835674742958942190023677
0.150459365199695275784396207014,-0.813047870719997074516946745785
0.064990273260659116300290915345,-0.810552861184173885721748955706
-0.463565407280446661428109738224,-0.808749932168818281387845632498
0.463365974589375507762465120864,-0.808523316963609641247550566332
0.546247104792116707641360465521,-0.808176483331507618632850926314
-0.020027874832956565850533022399,-0.807423643955737640648429715751
-0.550434825514079576451409975996,-0.805330137623780422035029047696
0.368865286320438243844464152340,-0.804726593199355215712691286599
-0.104463910704000000000000000000,-0.803954449046000000000000000000
-0.189458425765174521414882516958,-0.800343659371394116827508492388
-0.275024051032188528395359944303,-0.795783265595749299288198006415
0.280666020900957402718183054256,-0.793455254988676521638541811631
-0.366951707040680824127888919676,-0.792931533912716005575991561156
0.193868501022318452558953903261,-0.790168322371669857613818069713
0.108941553558013619528222935188,-0.786890058465057620874347050279
0.023508749002816629322605160055,-0.784345419786786642462939841254
-0.506104788098544925670226863802,-0.784296958546694636637368880839
0.413773889106085391538184040897,-0.784289944580700347374474336148
-0.414832007313899102841074790314,-0.782206624351422962369552821731
0.504696601633149868102135239660,-0.782078542290342168102308715476
-0.061214613572000000000000000000,-0.780752022120000000000000000000
0.586470098672207750099629407528,-0.779479282000017784255826892877
-0.146026855117485382764559708970,-0.777512857580255712633528031409
-0.590414450938599351787782609178,-0.776494990341242918080892230937
-0.230970695478133627418205433051,-0.774176583671412061518194559825
-0.322841600990692579006951117665,-0.771440945656219820796914184291
0.324159795577588982116397621786,-0.770659270636285236883025572102
0.238626271362784963652672513565,-0.767362313389871548609977516097
0.152351198988423599568527698654,-0.764017596355403853859800643637
0.066983410909000000000000000000,-0.761440529801000000000000000000
0.456495087489801479798878863752,-0.759940009647038772440628077305
-0.458305756175029237058302672195,-0.759456239754435427710508085720
-0.017805797036649753555148956409,-0.757875528874577088583282097558
0.370899313234000000000000000000,-0.755699874048000000000000000000
-0.545973923780803093384753860824,-0.755696279196351402888592561076
-0.102683995641066971687226771217,-0.754514088661922104313391387158
0.544722544968079973616299969330,-0.753697726595573534921500714771
-0.187560195947179375128531627142,-0.751305742632559075042335971432
-0.280295051615269789796169384035,-0.747000446978897952841713616791
-0.628746227944428224951668187239,-0.745795974100669442206368729026
0.282461906048131446617779983140,-0.744421372459453721225859453056
-0.365414628113384379164972568987,-0.743888856296962575735774443051
0.195979590120565731923137929816,-0.741146999029977797571018344978
0.110838243039161432553683319700,-0.737859971698220622429523106281
0.638444257285274570318842358266,-0.737509536002817054455902274652
0.025632495626000000000000000000,-0.735019336037000000000000000000
-0.500651252938033692528425204617,-0.734669030487439667436787404203
0.414883042092000000000000000000,-0.733933185256000000000000000000
-0.413287996207000000000000000000,-0.733126367295000000000000000000
-0.059272642456260306180311035815,-0.731644867992746744515641162795
0.589876310924194073918865616654,-0.730530895331549541796520591996
0.495034822663000000000000000000,-0.729563990580000000000000000000
-0.144194326298962916882836814526,-0.728350390554985534422516887858
-0.229160694590000000000000000000,-0.725141334801000000000000000000
-0.584285461435085197424887848608,-0.725040563221740961426196499527
0.325910911918454743595956085783,-0.721623768896094852470975689212
-0.321964655942804326435511678749,-0.721093094460005245107901638481
0.239403542758637783333336977594,-0.718301711186793666690263588298
0.154379297849033732443023434095,-0.714992769437167281746815864623
-0.665453805020000000000000000000,-0.713231083101000000000000000000
0.069048359411170228691177122230,-0.712147086490402849254001988117
-0.456785054343000000000000000000,-0.710410842047000000000000000000
-0.015839766020000000000000000000,-0.708788699083000000000000000000
0.372638794775000000000000000000,-0.706653559749000000000000000000
-0.100782425760355673296907756859,-0.705482208926846986118817618815
0.537734525630540819542863671146,-0.705131128762395636336718559742
-0.539559991615000000000000000000,-0.704773618522000000000000000000
0.453402346998000000000000000000,-0.703524411168000000000000000000
-0.185749480946659463665377928703,-0.702259856609558403732860496331
-0.270620357435962034716246127104,-0.698896942617070737259209994141
0.282774306949181828321282702374,-0.695355607969042647826481605497
-0.363428511493101297538955453872,-0.694857707627416548259515197258
0.660615571571000000000000000000,-0.693729760156000000000000000000
0.197793063911405521395310079000,-0.692113763850546709218452595276
0.112853155908423641527936021357,-0.688834601067487570886762362115
0.027577358019000000000000000000,-0.685917863160000000000000000000
-0.613796008592451043049173147324,-0.685840123864198705431265470137
-0.411299511372027590726700467728,-0.684091361453189187171121661346
-0.057352541246624876212567837106,-0.682615692487786252978518983375
0.581138746630826509415435277308,-0.682248374585727565969413672972
-0.496377823956000000000000000000,-0.681417033546000000000000000000
-0.142291250290345519171777574787,-0.679318028727766133541980803178
0.496059614832180634983790660116,-0.679232313165921287213831757935
-0.700488217077000000000000000000,-0.678857078351000000000000000000
0.411938821749000000000000000000,-0.677264350067000000000000000000
-0.227211944542547659022360417691,-0.676022141428288398471425748962
-0.312399356427997179762947673608,-0.672967717738949944093554677631
0.326317515006456775619423955253,-0.672558694624467702273414382439
0.241217016549477572805509116213,-0.669268476007362578337697850874
0.156271738582216228441962010113,-0.665962518495296170325295108293
-0.567280568381000000000000000000,-0.664279031012000000000000000000
0.071034456669000000000000000000,-0.663102491338000000000000000000
-0.013933748842143438070570253235,-0.659754163858880292662416000243
0.718550495642871887099303031829,-0.659709704890940325596359620576
-0.655316311443949220953867312584,-0.659694162599190038924414473185
0.624603860974024722401402851482,-0.659481497889874744404755930473
-0.453068410987000000000000000000,-0.658339174798000000000000000000
-0.098866420151854260524929632915,-0.656452873199553551344531936259
0.539619589705134648921499462397,-0.656100593656340175080741587092
-0.183800089963471037158934202135,-0.653153872552910764192957611753
0.454605726190746217029615135202,-0.652981180697873059069958893791
0.370441158636000000000000000000,-0.651055225782000000000000000000
-0.268741474474819187476277224396,-0.649866170257563810992297389577
-0.353870931845000000000000000000,-0.646729297644000000000000000000
0.284697712145535188236298668723,-0.646326561967696647695527327669
0.671611620364845938928128715110,-0.645416740643262876849015965202
0.199704860325927605791090700697,-0.643084263814131063405109888755
-0.523683989456000000000000000000,-0.640640470908000000000000000000
0.114744440578349044066186312937,-0.639804305518217561689812077335
-0.608609654504417704598515477347,-0.637048233445554326061482567100
0.029525319190672364613799471596,-0.636888469419128866358872680116
-0.402009239641000000000000000000,-0.635490392148000000000000000000
-0.055446067040048827704421103048,-0.633585985213001085870579007514
0.583024275197142447812806592837,-0.633217857340066493160084321584
-0.709296971152000000000000000000,-0.630583245734000000000000000000
-0.140382745665379371993721689714,-0.630288400446002216648680527991
0.498011093152966458430175366148,-0.630095212405151621970755068259
-0.225320104005416091082585572106,-0.626991867324082871888678226805
0.413118165737657658778957935214,-0.626783295916792285431283059833
-0.310412825174000000000000000000,-0.623937547292000000000000000000
0.328236899705884358967119133983,-0.623529491064476391751575129780
0.243133936894105616443175795867,-0.620239176035368154459408444578
-0.480266627974000000000000000000,-0.617492569622000000000000000000
0.158177453868346036598256673559,-0.616932781716483330209621118881
-0.756207478342000000000000000000,-0.616182541774000000000000000000
-0.565111630042000000000000000000,-0.614335447247000000000000000000
0.072958352439051196822025144076,-0.614042618650277102582114791248
0.730019911380000000000000000000,-0.611993876983000000000000000000
-0.650133848195000000000000000000,-0.610899332211000000000000000000
-0.011989941123612889382574548996,-0.610725922498366020439999963253
0.626474141848832645479124804172,-0.610421894379449949757135869182
-0.096962125846224962245221224809,-0.607423081209896802032894078895
0.541505118271450587318870789292,-0.607070076410679102271412251591
-0.181899774036524114025777067405,-0.604123926206527178047416021938
0.456524516238382330068869591123,-0.603895770135100212040302418357
-0.266838680146119615962277794656,-0.600836320032480213877280617964
0.371618704202744509193000059676,-0.600604267446206803326251519199
-0.434818977042000000000000000000,-0.598976139064000000000000000000
-0.351883060490000000000000000000,-0.597698470211000000000000000000
0.286767124957082238533314606611,-0.597303461596883030169560875829
0.673489341677900896270834359531,-0.596382028839344445127715394556
0.201605162423338142472863360708,-0.594054316931740517347528231676
0.775000295050000000000000000000,-0.592369436184000000000000000000
-0.521775951452000000000000000000,-0.591313526178000000000000000000
0.116647696301973249342327897466,-0.590774473201535578013638082044
-0.606725602184000000000000000000,-0.588014217175000000000000000000
0.031444249722023004780815080848,-0.587859248081570264851278175351
-0.691678816561000000000000000000,-0.584784133183000000000000000000
-0.053505089877928210856895345872,-0.584557631712117665847646066283
0.584908591183164346923108068711,-0.584185903308869388717363825345
-0.138478351798320010471526311745,-0.581258612323366320410274542645
0.499936406166111948821046180858,-0.581001148292036896613095684449
-0.223417895289256761987503179534,-0.577961994375526001406930437160
0.415022524439470251212249854427,-0.577720753113625405357939241310
-0.786236783606000000000000000000,-0.577372302704000000000000000000
-0.308464941938000000000000000000,-0.574829542182000000000000000000
0.330148929453942388759195536549,-0.574378237978613441744237258532
-0.393752691907000000000000000000,-0.572106846847000000000000000000
0.245209822202847527422015734083,-0.571216349316211997535361479576
-0.478349880229000000000000000000,-0.568454610059000000000000000000
-0.737950386190000000000000000000,-0.568043019716000000000000000000
0.160073712822800262604166314708,-0.567902678296960406697642361340
0.712223738669000000000000000000,-0.566257388135000000000000000000
-0.563300598805000000000000000000,-0.565161327910000000000000000000
0.074876080647451094177225648884,-0.565013350270357658473704140203
-0.648285609975000000000000000000,-0.561863601090000000000000000000
-0.010076488253033583975691997229,-0.561696487079797991332608443423
0.628357636912177972388188499027,-0.561388375710694534367605008252
-0.095025976667003200415278242981,-0.558394536812706503541538471276
0.543388552528264359945488825921,-0.558039478670576833927493259230
-0.179997700823891929477627998048,-0.555094048001036514273733975012
0.458426830359046920999599602628,-0.554838160013382964229312867022
0.803810409552000000000000000000,-0.552644579857000000000000000000
-0.264939261807702998655054509097,-0.551806338905345890164505605644
0.373552749690668130778445313118,-0.551494723646032043775924986855
-0.349982356573000000000000000000,-0.548663964085000000000000000000
0.288571091758884557863183338843,-0.548252309126381343507801606322
-0.434979842528000000000000000000,-0.545490057550000000000000000000
0.203713174293821351045406295436,-0.545032861166888294877062050085
0.755626658030000000000000000000,-0.543353738625000000000000000000
-0.519892863199000000000000000000,-0.542274822518000000000000000000
0.118537260345551850571273906142,-0.541744111311410024936876881899
-0.604875142201000000000000000000,-0.538978420144000000000000000000
0.033353367999022078307071068673,-0.538829643690387488345198164673
0.671760095204000000000000000000,-0.538490025635000000000000000000
-0.689912219571000000000000000000,-0.535744619160000000000000000000
-0.051597970829686238827488067741,-0.535527949515643110823556569452
0.586790860189812989041369064396,-0.535153095622927332456025595463
-0.136548671407812562136136155551,-0.532229812899538366213901200686
0.501830270987632956580470139944,-0.531953925681593133594496592771
-0.794329252753000000000000000000,-0.528970411106000000000000000000
-0.221516553372963037842009471254,-0.528932087805466072109893690555
0.416957055610244800565795080509,-0.528612130545789602647298605848
-0.306562485013000000000000000000,-0.525792021201000000000000000000
0.331962359099008691268807733248,-0.525345001166489198544782363079
-0.391561308213000000000000000000,-0.522595486610000000000000000000
0.247074443849858381486573886356,-0.522068820977057640849502173110
-0.476504873575000000000000000000,-0.519343038645000000000000000000
-0.736045190323000000000000000000,-0.518979497964000000000000000000
0.162196057558122741110098452236,-0.518881840970616109844447792732
-0.561451774994000000000000000000,-0.516121972243000000000000000000
0.076776828629501448970333958722,-0.515983420671589185269370054270
0.715162079603000000000000000000,-0.515586430260000000000000000000
-0.646404721926000000000000000000,-0.512828887077000000000000000000
-0.008164452105263755884386291639,-0.512666996391834661971992806772
0.630232126623162665863697643728,-0.512340747869612068737154121464
0.830585745793000000000000000000,-0.511522077816000000000000000000
-0.093121080372337945916865010834,-0.509364768207724979566267078644
0.545249770767757184884523374496,-0.509008032577111055534002306542
-0.178075686001517091240779022034,-0.506064947475185209087769162172
0.460360496238830836146665602726,-0.505727896213999772012482335055
-0.835869237426000000000000000000,-0.502841549774000000000000000000
-0.263039563684440940467779779434,-0.502776368617858096035598357527
0.375366179335734433288057525131,-0.502461486833907800576470082217
-0.348085610366000000000000000000,-0.499626138015000000000000000000
0.290465711189982514892198297936,-0.499161513017165495886482925344
-0.433092128723000000000000000000,-0.496451620163000000000000000000
0.205557327114159771551266062800,-0.495917800780785455816887923074
0.762270719576000000000000000000,-0.494730997176000000000000000000
-0.518049782561000000000000000000,-0.493220311709000000000000000000
0.120683052191854953900213464299,-0.492724294739907021905928953359
-0.602996471243000000000000000000,-0.489943061408000000000000000000
0.035259588861929697439121656957,-0.489799926565226781952321098004
0.673634525637000000000000000000,-0.489437783517000000000000000000
-0.687949195859000000000000000000,-0.486712767191000000000000000000
-0.049690961718015410481007113559,-0.486498263043063401395130704384
0.588652078429305813980403625439,-0.486121649529461554062534629435
-0.771890830828000000000000000000,-0.485326613153000000000000000000
-0.134646322309764451051594221962,-0.483199945397569560159919727831
0.503753519838553279340763856190,-0.482823915288724087314740632041
-0.219606628033293134520752488054,-0.479902514846400355644942004533
0.418770485255311103075407275192,-0.479578893733665359447843711468
-0.304660245971000000000000000000,-0.476753817439000000000000000000
0.333869531426708256911448073690,-0.476277998684584097918170648456
-0.389659975436000000000000000000,-0.473550606027000000000000000000
0.248948594454283904956890455429,-0.473010492820893310853868674012
-0.474621671922000000000000000000,-0.470303784208000000000000000000
0.164044321747891984341381059078,-0.469760254550076367878369080772
0.804782952372000000000000000000,-0.469517104530000000000000000000
0.855259228016727694449775801936,-0.469105392439849038558122961914
-0.559578458349000000000000000000,-0.467076778791000000000000000000
0.078922620475804552299273511587,-0.466963604100086182238422110448
0.717500814731000000000000000000,-0.466567684509000000000000000000
-0.644527121770000000000000000000,-0.463794206436000000000000000000
-0.006261715344009684228118624314,-0.463637143932655940947529140707
0.632087198028617723581084962411,-0.463297600266788382876593221097
-0.729498493416000000000000000000,-0.460602989472000000000000000000
-0.091216723161376773276497807213,-0.460334978661322462956087992620
0.547155827500101908436644090890,-0.459937532241074585843272962361
-0.813430773891000000000000000000,-0.459197034122000000000000000000
-0.176173024770916538690488693395,-0.457035092084892338036576509117
0.462173925883897138656277812718,-0.456694659401875528813027431483
-0.862391844429000000000000000000,-0.455858873903000000000000000000
-0.261142048207360111652546583025,-0.453746313810977653121509156052
0.377273837346284926698797839881,-0.453395405584341656789544273726
-0.346190510920886690975053919717,-0.450595608058770743552456585506
0.292352414691009646976140249087,-0.450126978488311912885556398972
-0.431197441032000000000000000000,-0.447412999829000000000000000000
0.207435589088016117747005469839,-0.446852946590184222915349826697
0.761898298255000000000000000000,-0.445659697288000000000000000000
-0.516166662661000000000000000000,-0.444182260586000000000000000000
0.122448316767046783298033203475,-0.443658864598789058072999812644
-0.601117399671000000000000000000,-0.440908020282000000000000000000
0.037425420248219971577002866666,-0.440780991307944609310082676123
0.675484660044102422136991241804,-0.440402030171985675013584393239
-0.686072131086000000000000000000,-0.437677357248000000000000000000
-0.047792211611060483155765027058,-0.437468256033245424379229954482
0.590563504302261114154513447524,-0.437061334261717289159586496840
-0.771039739839000000000000000000,-0.434474023555000000000000000000
-0.132742986686643877455871898918,-0.434170116182517000183953031572
0.505566949483619581850376050871,-0.433790678476599844115285737668
-0.217713679604807080741383753706,-0.430872283502885837295817337353
0.420677277974870962279668361285,-0.430511171252551826154727997705
-0.302765110588000000000000000000,-0.427715761315000000000000000000
0.335756720610586316763489997374,-0.427244385388069471756930022389
0.877769394625540949495278098104,-0.425506777340342379195435423174
-0.387763410184000000000000000000,-0.424511125332000000000000000000
0.250839409324741859766255247370,-0.423969432257602824947037555643
-0.472731363669000000000000000000,-0.421266486542000000000000000000
0.813656907288000000000000000000,-0.421144152853000000000000000000
0.165852298499907684179372962304,-0.420726816373505146815727419594
-0.557698796019000000000000000000,-0.418038590734000000000000000000
0.080764295331435671224508241403,-0.417774715080078294859304260999
0.718887800521869309368712018904,-0.417517226567438510456812567513
-0.642648968486000000000000000000,-0.414759272895000000000000000000
-0.004084600220612656979230405970,-0.414618708532380900564463043955
0.633988425322408831967271216684,-0.414217887198163281777499600978
-0.884227079130000000000000000000,-0.411909551705000000000000000000
-0.727623189178000000000000000000,-0.411563628643000000000000000000
-0.089319110782348506000016451863,-0.411304927604746762186626121648
0.548969257145168210946256302898,-0.410904295428950342643818057718
-0.819117522569000000000000000000,-0.408391788053000000000000000000
-0.174283895460516177214419848170,-0.408004713442666378102799884995
0.464070301574593405473766615572,-0.407607190327276141456986299910
-0.259258830093159351964221052070,-0.404715707768569739130740207633
0.379160161239172352344360536684,-0.404360151056279641122113748220
-0.344297391100898991825896578509,-0.401565383332601773511324867104
0.294243715244318529553605011761,-0.401086839157360383818411175105
-0.429302001846000000000000000000,-0.398374991490000000000000000000
0.209244157984164931248929461425,-0.397819530250922847990663869189
0.763277906282690358436757859823,-0.396611118610800976051224577453
-0.514276586923000000000000000000,-0.395143489671000000000000000000
0.124307342036213734658202816225,-0.394620046527711591882541776208
-0.599234189937000000000000000000,-0.391872845946000000000000000000
0.039254274862603042668274962853,-0.391612432304514586113684625088
0.677391565800175719198992006815,-0.391333083593616117220727775099
-0.684193939821000000000000000000,-0.388640808780000000000000000000
-0.045591131737586466642040774887,-0.388450890878210327173336687153
0.592375726413013310998139722759,-0.388025806295026306891289456559
-0.769164741405000000000000000000,-0.385435903974000000000000000000
-0.130857994349497357315252599491,-0.385139578318443346811490532038
0.507472609236142034569646849449,-0.384720807279626639985518624984
0.853479771924693773978001438630,-0.382873913626982108675367200150
-0.215828744539866820397238403568,-0.381841743437000167223016575063
0.422553184838894795538458773063,-0.381456170131003956424372048579
-0.300873508568151608091439789555,-0.378679585392785340263376456792
0.337647155872904565134475534945,-0.378202604825570553183594904923
-0.385869267719000000000000000000,-0.375472294860000000000000000000
0.252649219499739549929264776888,-0.374936061717918974433259076005
0.901532270991873831077600980723,-0.372524753625966323610645350378
-0.470841892535000000000000000000,-0.372227786921000000000000000000
0.805659296438551540115677773756,-0.371885330295599896618498002327
0.167706215940910502303219316256,-0.371695093688355618469206301850
-0.858572920469000000000000000000,-0.370074039387000000000000000000
-0.555815453600000000000000000000,-0.369001752467000000000000000000
0.082644120257267944638067835116,-0.368702431082809286756612925249
0.720805075603527743270540116940,-0.368467957180107728049291364808
-0.640770987408153317303695617563,-0.365726377884657637234073430901
-0.002252256654370766994535392249,-0.365444614650344012722558269853
0.635800720655411093745626703923,-0.365182498425998653082831162218
-0.725746060021000000000000000000,-0.362525401107000000000000000000
-0.087100977672029517639736153132,-0.362288331182143448977123413654
0.550874023485647766261437218025,-0.361832730023241337921017929042
-0.906604918382000000000000000000,-0.359992400222000000000000000000
-0.810698592653000000000000000000,-0.359285636596000000000000000000
-0.172404986070622272273203645759,-0.358973942095929135225649342728
0.465955492500443424634339024845,-0.358569787083354454952904375500
-0.257380880097821416705776031126,-0.355684899666250320387364913036
0.381040179472627008328573787437,-0.355298623900294868485853201320
-0.342409695376787146736285132471,-0.352534949475612182637405067966
0.296054735662373671116927985638,-0.352053513302419147821855515741
-0.427411698698000000000000000000,-0.349336326179000000000000000000
0.211111418572072583687648271691,-0.348788313895948458268648884793
-0.512387103199000000000000000000,-0.346105608836000000000000000000
0.126156077306678519894714942794,-0.345586812517780585274981526747
0.764204094210670430432564356200,-0.345575337773662686517819346167
-0.597342446619000000000000000000,-0.342836757188000000000000000000
0.041137588740294134975257462097,-0.342534613428638713365486568199
0.679200400717401788266171989956,-0.342291133026173576298583350392
-0.682320905283397112456113921056,-0.339606561950081249586248512551
-0.043762975326052049544947221467,-0.339280410980362654738127302915
0.594292636049395842338930866346,-0.338977294731158208751753445363
-0.767287804659316090130125595474,-0.336397708749593515581803389219
0.868564681259384409163188926236,-0.336183525432883479508367544882
-0.128609924970518899665444258436,-0.336124345753262543382777217097
0.509356906749949156326129376408,-0.335681709826969152888403680626
-0.213965322178323488021566722578,-0.332810381060925386345685837383
0.424442487134175637424454023092,-0.332412240852645367014385532227
-0.298991080053011700434965337431,-0.329648949029009176501171561806
0.339458611332332212379336778176,-0.329169295040588965800470023719
0.919192175644876448101594814909,-0.326528516269392539306383581036
-0.383980528269082175667938681186,-0.326435930498628707052736020260
0.254517743188836832732166404909,-0.325904893482043301056658997760
0.820744205773242175300865263399,-0.325194942101501267451498361135
-0.873858921889000000000000000000,-0.323440636591000000000000000000
-0.468952099528000000000000000000,-0.323190768804000000000000000000
0.169559493770787476885788320173,-0.322663346823321859982835574624
-0.553923599727000000000000000000,-0.319963465328000000000000000000
0.084524311483756227575518277681,-0.319618699112744387684485827709
0.722608461840681001116782281747,-0.319415664312524950524247557991
-0.638875228966369599980631841461,-0.316696255110164535994166547769
-0.000372259780408251742378099113,-0.316372057835963842017538305675
0.637690046690000000000000000000,-0.316081203453000000000000000000
-0.923547758899000000000000000000,-0.313906867399000000000000000000
-0.723869326976279832090114365047,-0.313488517576522945309800202036
-0.085272137780916136150652513610,-0.313116020284855158301534997504
0.552757491322064168569224831714,-0.312792059367642481655931801658
-0.810530591218132188504218223740,-0.310184815062957461812664327887
-0.170118938949775187944828702075,-0.309960466113167740506288712125
0.467843901383681369116244390769,-0.309524163596260064949884833382
-0.255526819563167493211225452531,-0.306653182391762573571387525546
0.382861953878167809376142054424,-0.306265696419195213337907648026
-0.340535111272768899750461162608,-0.303504012570547606685732110884
0.297923363578430930570794074093,-0.303022349038628788431091221626
-0.425526529162000000000000000000,-0.300302880493000000000000000000
0.212963005050738970154594929704,-0.299756503131267524216650331085
-0.510496930123000000000000000000,-0.297066885271000000000000000000
0.128017142842204807183864651583,-0.296552431123600643349383835113
0.765957069191892234512305511515,-0.296427730954739681195573939786
-0.595438321596509370157258267742,-0.293806608107059600855594313188
0.043014462963053840857882700511,-0.293456143520069516336537564592
0.681088269633000000000000000000,-0.293176447575000000000000000000
-0.680419733666482005552661881769,-0.290576648776239123051520178737
0.886056487108886626289670472557,-0.290340493601701313116726686104
-0.041882961313799898633404377849,-0.290204752208711755773540915377
0.596170592766614948548286185665,-0.289926157629101657332044899680
-0.765411466466671030333544447004,-0.287366838939459790174669623455
-0.126781151760172424430036971176,-0.286952140644760355425046493114
0.511244485955796381359339829864,-0.286634513136933393717412960700
-0.211629629048478272622443070221,-0.283799245826627301649764798292
0.426268770498188741579044024011,-0.283379481105453997127426226199
-0.297121674248212396653504880964,-0.280617814417535580916871776896
0.341328427099446963257106678414,-0.280138176061429308165898536608
0.934533786000000000000000000000,-0.279536369270000000000000000000
-0.852628670690000000000000000000,-0.279195468918000000000000000000
-0.382105142927805828186903028452,-0.277405024233567818323533270981
0.811054430424772581643595173192,-0.277094473361086145832745038995
0.256369374043873714072736856359,-0.276873084393165734949484658170
-0.467077066420890561081625284724,-0.274159149560817779117943518066
0.171418623391364169265830619095,-0.273631821491089377257336246001
-0.552030804164000000000000000000,-0.270928660077000000000000000000
0.086406554556156959703676565985,-0.270550396937012876110174643458
0.724462030722075373368556339554,-0.270225291714311372387872037892
-0.636962493326456222939855028703,-0.267666791705765885817346496250
0.001501003754916835625862297599,-0.267283617545091206316140867794
0.639564045369512761104646245147,-0.267022989495598328224112391196
-0.899925579449000000000000000000,-0.265929930544000000000000000000
-0.721963605228767628092853365891,-0.264458781048855163612497668019
-0.083394761536946042137102473284,-0.264035596779042132753208421904
0.554646410859571770413209520471,-0.263747404232606858021097421166
-0.806957657419029632359709228966,-0.261248315561882684931125480983
-0.168291841858875509107651324561,-0.260790920358219916568522580264
0.469674928707384396775364587769,-0.260491580773291068922187867530
-0.253144274342958703574365960013,-0.257644302404303958299784070669
0.384735953321474079508229049777,-0.257234737164475863095958013512
-0.338661157049651684760200370501,-0.254473051587500145443682775970
0.299774945686538557021575981784,-0.253990538108902798658241683286
-0.423650883984942705261539906800,-0.251271543190198411868143440546
0.852467585632189822526105223793,-0.250779127740748350695270709612
0.214824830060382153903528201925,-0.250725080074365244762241197809
-0.508622511525000000000000000000,-0.248028733083000000000000000000
0.129872924638962357887552146995,-0.247517672342670406960573311215
0.767904898033988141695752459209,-0.247399649183642816986532862147
-0.593571684212110062632336949768,-0.244758615790738615906921129781
0.044895932449849730622372748987,-0.244383246305455134810643776939
0.682940075732748310633453019286,-0.244081954260654871929880444813
0.901007337394617740889597496697,-0.243607005447219251594327070159
-0.944564208427778479138996083739,-0.243566726183706303458899180558
-0.678499563339535664642640470773,-0.241547475978128648567475955983
-0.040010161199581133595315009680,-0.241115664560150690847716466443
0.598049814964027219663896416487,-0.240863100627366842478571978141
-0.763499345980500757997150473442,-0.238337351540570647056259573081
-0.124907875574989595015520093180,-0.237869787994610313666335596580
0.513082239795533874210363685645,-0.237602181964777287336415226270
-0.209806487153355940059574227240,-0.234635976935896573218541852694
0.428141713285335547439973293020,-0.234348481475959025282219819087
-0.864773786706788105079443278010,-0.231648024825720006816918395952
-0.294734165325693002598505751093,-0.231609175990250625444870373956
0.343181355898526271861213197007,-0.231106416005145342225024121118
0.948047930051956170466470645617,-0.229652454870514205437020091388
-0.380230247529065325793162793998,-0.228374099231124278820522881059
0.258230016416822170804453566613,-0.227841616443374041529124416026
-0.465200941155182453934851689425,-0.225128271602751058445680793184
0.173274730138961301321712819049,-0.224600181633819809202633366633
0.811178123306686821338975242497,-0.224270126623725295106835932103
-0.550157405173000000000000000000,-0.221893145580000000000000000000
0.088287186488651200947988432756,-0.221475913150073288807648022976
0.726340130890234885656171992424,-0.221191300017523588038337603180
-0.635120951881963063083231529700,-0.218616211133719992885032749448
0.003385073566989546899839940891,-0.218215873318620199358433722901
0.641425672392450734298524752033,-0.217926626798538272612519209294
-0.720037685635580353137819831871,-0.215429833751650844858777886014
-0.081521315646607054017765499179,-0.214953565423420015710726524397
0.556490766834722174382316344949,-0.214715320956568215751466174133
-0.805037121059761988135441939047,-0.212219157100369272026088476675
-0.166422586045507362706189604635,-0.211714721210786827515511114965
0.471548473195491065434713891460,-0.211460604131962105561557640731
-0.908798101604858886180192543785,-0.209976066141323006283308993094
-0.251406685488978196751690948832,-0.208574363233437017199005902402
0.386587982661482971060899592902,-0.208202943125554469155767504212
-0.336255773189170568783211523047,-0.205465287224746377048107130039
0.301635453433456534169518290511,-0.204959065050517947558930081306
-0.421782578068851458548604143672,-0.202240366655718232630631317307
0.858145988452766195160367055147,-0.202042051702492510256290592025
0.216673261122984315271550537944,-0.201693150253499854350353328632
-0.506752810493347807559528961051,-0.198996905565451632591849524611
0.131735288812707223255907196040,-0.198484637342073635611938576538
0.769651765911436675460804641503,-0.198133782563520263604362643222
-0.591722021959000000000000000000,-0.195721491938000000000000000000
-0.955677705785836013744000649702,-0.195487212798621183022967430889
0.911276242609000000000000000000,-0.195475473394000000000000000000
0.046778090711706656337183885274,-0.195311880163937579458849955053
0.684825672266759410723314137856,-0.195035867740318552182438704426
-0.676663843711286749748271443323,-0.192489548747365220772665494039
-0.038126094422019851110643918653,-0.192053748519772125334389584037
0.599877169621000000000000000000,-0.191793712247000000000000000000
-0.761573426387313483042116929942,-0.189308404243366328302539804130
-0.123035960951044668188174068675,-0.188798622016901291890881710382
0.514954459073238870298340778696,-0.188571154703178422336212824419
-0.846564896723236860834865532157,-0.186085066571032587105025225727
-0.207973183791246758855188290831,-0.185603479160095466431804495529
0.429995017165373380657254182977,-0.185316735595563352547229844998
-0.292930334805113626884434500530,-0.182433716974745038618427216148
0.345041446135000000000000000000,-0.182071733963000000000000000000
0.958396618180623709281393970681,-0.181689432724625224088031389960
-0.377806218180978074241293130108,-0.179367253575939808399413503622
0.260077080940121573737897516163,-0.178809635125072921289186769284
-0.463344157247954054250939436452,-0.176096657384235684858638179611
0.175139342678407110560855899616,-0.175568823314980064347549713304
0.813258158084203733347135359873,-0.175247475790913515363469436623
-0.548302345325000000000000000000,-0.172858058014000000000000000000
0.090171279384074392040291722153,-0.172408211981837190441536254022
0.728137362851006006654829120266,-0.171978454657191770562400939126
-0.633272009152933432696184632993,-0.169583315250520827822405104013
0.005266912830945337293428585892,-0.169149736624569750869124271872
0.643276936641859912598145336508,-0.168894803866585999710719364453
-0.718202336164837096744081003810,-0.166362917273914698985595029142
-0.079640739726457465281052469954,-0.165898805113253401514544763810
0.558344502105000000000000000000,-0.165651889833000000000000000000
-0.890586675242303966343620503823,-0.164414121613101858452772139560
-0.803111201466574713180408408956,-0.163190209803164953272368693366
-0.164593773188991124018606458084,-0.162673726105333347337002429046
0.473401042762000000000000000000,-0.162425247180000000000000000000
-0.249537326126350264975448129522,-0.159527265644734042830305926015
0.388448481053390605750889800092,-0.159171469712193022252325827339
-0.334490288021761924033624691598,-0.156317805994850797584092455616
0.303480687752836197826163960681,-0.155925715989602834978869754510
-0.419334956266856242736826799865,-0.153234692424265574049355249965
0.218538536970178088748503468353,-0.152661858353680032630517175156
0.856686952942000000000000000000,-0.152410478799000000000000000000
-0.504898861785100385971061787578,-0.149965184062544465865680122694
-0.937465545427597503201322007598,-0.149925561660440654622825907882
0.133602086685796741484089001435,-0.149449803349525478125632300667
0.771720667719000000000000000000,-0.149109823484000000000000000000
0.905435359289000000000000000000,-0.146742361374000000000000000000
-0.589868712568000000000000000000,-0.146684946044000000000000000000
0.048660589020896613128538333884,-0.146246992114945646937838054975
0.686599705424594374025892629346,-0.145858212444476917582281630729
-0.674811669535467736872018914791,-0.143454471477431831826592822893
-0.036247732473492276876979981577,-0.142994793218051027049279456792
0.601744998400000000000000000000,-0.142757373561000000000000000000
-0.759749280834593752974681599093,-0.140227399033199416748102219142
-0.121202661078283947956940112403,-0.139766124110635116854189141379
0.516801550281000000000000000000,-0.139525667531000000000000000000
-0.844638977130049585879831988756,-0.137056119273828268351305459037
-0.206183377884875494289319303752,-0.136549406492345891112703721235
0.431854673511000000000000000000,-0.136281593533000000000000000000
-0.291070784697488071976645164677,-0.133402207587936527899099583298
0.966320398723888872311978096595,-0.133266705196597295480285195337
0.346879811844000000000000000000,-0.133033057655000000000000000000
-0.376023556153779848713295454119,-0.130176733720241762855256596897
0.261942356787315347214850459138,-0.129778343225253099569350600163
-0.460857902390434989169847436681,-0.127092929198158616084887000480
0.177005175696686483866922016911,-0.126536645614314844355804734730
0.815153353672000000000000000000,-0.126217321593000000000000000000
-0.546448797436027084100835658050,-0.123825748392829543740989841387
0.092055224832798592168593487865,-0.123346065886867980383255715208
0.730176209881674630653965532679,-0.122954073558222300281081043027
-0.631411399002000000000000000000,-0.120548323375000000000000000000
0.007145943716458998958129782579,-0.120092048708426923117993234757
0.645070433893000000000000000000,-0.119723990258000000000000000000
-0.716354824389791946434140859558,-0.117326132928207311562208613865
-0.077807439853696745049818527172,-0.116866307206987226477852208707
0.560194183232000000000000000000,-0.116614524065000000000000000000
-0.888660755649116691388586965701,-0.115385174315897539699052358024
-0.801322359816097454706981725599,-0.114007963082321673816208718812
-0.162793210494784374814164669257,-0.113640015116507585769472978142
0.475257868251000000000000000000,-0.113387342503000000000000000000
-0.968978930152990135295434777881,-0.112316341746955987218132466967
-0.247721553231255960394170039190,-0.110415451169544369604843051207
0.390282307149000000000000000000,-0.110138513693000000000000000000
-0.332610481115497551640288839732,-0.107287069050087035643336253062
0.305341196492622464912300861542,-0.106885384666243743750778135280
-0.417546502277358595146316079167,-0.104034970494134804890788350018
0.220401601391592709926332319075,-0.103630482375505401002419152126
0.925994792375000000000000000000,-0.102175586633000000000000000000
0.876095347293000000000000000000,-0.101518112006000000000000000000
-0.502388100430045451569612225843,-0.100962688285717785367307858117
0.135468505482195604695111663087,-0.100416694105093248303948213929
0.773590327395000000000000000000,-0.100077865388000000000000000000
-0.588007289490000000000000000000,-0.097648942687000000000000000000
0.050540579528360977998184919549,-0.097191122480349256563410896076
0.688628722167000000000000000000,-0.096833207802000000000000000000
-0.672954706188000000000000000000,-0.094421542640000000000000000000
-0.034414432600731556645746027326,-0.093962295311784852012586888866
0.603532224242000000000000000000,-0.093604916311000000000000000000
-0.757885089256477008915691839764,-0.091188007655507356837373436793
-0.119397340570942519625856210023,-0.090732588064198145662235945611
0.518655243194000000000000000000,-0.090482783902000000000000000000
-0.843119689333089065378443984289,-0.087866692873305177804662893037
-0.204331339927154527562323199968,-0.087506146754611987576134423486
0.433685320751000000000000000000,-0.087244279001000000000000000000
-0.927745047465696533553220242607,-0.085720970760974793499716142132
0.971799223159897624579223060887,-0.084506790080276033683722153656
-0.289270969812817117861453911671,-0.084281991362839460482548641249
0.348740100624169026210370912298,-0.083992548242325188092957749192
-0.374134095833200679503247686857,-0.081146367832881528157902840715
0.263805311576579372662437538908,-0.080746759305839784396251893413
-0.459081874755617603079474145385,-0.077895012694384627578393811613
0.178865491081000000000000000000,-0.077504593094000000000000000000
0.817000392223000000000000000000,-0.077184506147000000000000000000
-0.543913290653388530760737368090,-0.074824489872922888523052005529
0.093935551679413839957442320628,-0.074290833587830720076134445363
0.732045127989077487021298437273,-0.073922920354781500146031355674
-0.629555627644000000000000000000,-0.071512602167000000000000000000
0.008979243589219719189363725371,-0.071059550802160748081300679654
0.647081837407000000000000000000,-0.070697626310000000000000000000
-0.714490258050713045758234274347,-0.068287451680275763016773963739
-0.075993252750275609432831887092,-0.067833098414320579894736829427
0.561997301050000000000000000000,-0.067480716884000000000000000000
-0.799713579993832362119410849627,-0.064967585159278156463363261218
-0.160935607468497040741796337934,-0.064607298667249987139011543131
0.477087590439000000000000000000,-0.064350147818000000000000000000
-0.973466836834034806493765064464,-0.062429522568981724081577810892
-0.884719020347000000000000000000,-0.061783122304000000000000000000
-0.245879189097017373597516627234,-0.061375655871028232210486645511
0.392140261545000000000000000000,-0.061098674772000000000000000000
-0.330800103200886153005458376974,-0.058130896473511726053093279818
0.307212635679000000000000000000,-0.057846277280000000000000000000
0.909457269133000000000000000000,-0.055963888697000000000000000000
-0.415657041956779425936268327487,-0.055004604606774570193434584039
0.222267237662823354876751860146,-0.054599204188465141802070563967
0.860403579688000000000000000000,-0.054284442803000000000000000000
-0.500610733520861560679297025728,-0.051734455366952005460915471765
0.137325977108000000000000000000,-0.051378927302000000000000000000
0.775455705779000000000000000000,-0.051041976829000000000000000000
-0.585414659982868424448699414868,-0.048648485916444601975125224627
0.052377179164959636362218818897,-0.048158748061743879506912498924
0.690496264577000000000000000000,-0.047800575861000000000000000000
-0.671096717290580834004044472794,-0.045384450574520961482001401569
-0.032582922704530059842550633753,-0.044929730511933954409836261818
0.605527262597000000000000000000,-0.044577906709000000000000000000
-0.756250024269000000000000000000,-0.042147851002000000000000000000
-0.117529761528466322945850755980,-0.041701383837995777137147021080
0.520447176274000000000000000000,-0.041380601548000000000000000000
-0.841345574718746968859135230730,-0.038832017829142408255673467663
-0.202475847053000000000000000000,-0.038468527073000000000000000000
0.435543505408000000000000000000,-0.038204278097000000000000000000
-0.931621151288693582096760290664,-0.036807550736355691256890981174
0.974819229124486801178112093429,-0.035533058311854433150252780714
-0.287407369129604994542008790392,-0.035226367026903646700930008345
0.350617817655000000000000000000,-0.034947576751000000000000000000
-0.372327073229809556548646177198,-0.031981558555670158867328633271
0.265676297758000000000000000000,-0.031710409638000000000000000000
-0.457181392828779366472152502747,-0.028865072782151178715711751894
0.180725885758000000000000000000,-0.028472298342000000000000000000
0.818863332379000000000000000000,-0.028147639138000000000000000000
-0.542116572290199012226663371460,-0.025565538931508495541027626026
0.095777806378485014338566638449,-0.025258671316774271301394413095
0.733904175706050809971300958272,-0.024891391917076464767291454425
-0.626937869844229380157700107766,-0.022507141609756057212573130618
0.010827049880030067810638547938,-0.022027597432311173904274424798
0.648932659681000000000000000000,-0.021663735711000000000000000000
-0.712841711085000000000000000000,-0.019246819260000000000000000000
-0.074119558491810882869709641992,-0.018802127496162558677532994926
0.563978162577000000000000000000,-0.018453120041000000000000000000
-0.797930987748062942576098286495,-0.015933217576563438136520111201
-0.159066118110000000000000000000,-0.015570034233000000000000000000
0.478914183213000000000000000000,-0.015253266724000000000000000000
-0.888600899888523696508932003860,-0.012835854876726227881272620949
-0.244007426455000000000000000000,-0.012324958486000000000000000000
0.931643656433000000000000000000,-0.012181480055000000000000000000
0.394023788579000000000000000000,-0.012048200542000000000000000000
-0.975396163129863861852251501631,-0.011724020444896425606296483173
-0.328934216074971007445263358845,-0.009077262292932937430413475294
0.309082845197000000000000000000,-0.008806843718000000000000000000
-0.413856555006449887569020105333,-0.005832372831422207177755804161
0.224127612830893098279345479345,-0.005567726099532407837140999728
0.876642591928000000000000000000,-0.005120686542000000000000000000
-0.498682267157765982356396053954,-0.002688284031788367712869432887
0.139182964043000000000000000000,-0.002345597058000000000000000000
0.777308301244000000000000000000,-0.002001867268000000000000000000
-0.583641581850750772842430726068,0.000579380549560328373823183841
0.054232410111052833472115943883,0.000872924941409087070768768764
0.692335936480000000000000000000,0.001236642900000000000000000000
-0.668466260093001915056344385152,0.003625972301469974648701630581
-0.030710440419234313756500325109,0.004101286706177224930709686677
0.607385476934000000000000000000,0.004456525959000000000000000000
-0.754471679459000000000000000000,0.006894882571000000000000000000
-0.115655656012000000000000000000,0.007332032827000000000000000000
0.522313243063000000000000000000,0.007651552355000000000000000000
-0.845215159052912007193253011676,0.010081918389815127493253080401
-0.200599025863000000000000000000,0.010570659803000000000000000000
0.437397920550000000000000000000,0.010901800816000000000000000000
-0.932584885272447532542844401481,0.012249742871832877995886371182
0.975372775485339601149994387906,0.013530578179725030016650296844
-0.285537659868507759328835186817,0.013820024637416200582159986261
0.352488076685000000000000000000,0.014091804559000000000000000000
-0.370463221455248870168385672774,0.017071020861776916884945902729
0.267529481580000000000000000000,0.017329924893000000000000000000
-0.455363943522207378407136041461,0.020356665019065837313948641527
0.182585986784000000000000000000,0.020560023305000000000000000000
0.820716094461000000000000000000,0.020891190368000000000000000000
-0.540198760286597539695124931686,0.023463726170778153124125965181
0.097634982900747232767014486442,0.023772928032182512686126151216
0.735739958731762240476719908810,0.024141013082413118672148901058
-0.625172422581408756752758517287,0.026723785554085158676767376416
0.012694906972000000000000000000,0.027003763016000000000000000000
0.650792685922000000000000000000,0.027372197942000000000000000000
-0.709999770241190324890678704518,0.029750948361206214840447526079
-0.072247135925000000000000000000,0.030233577501000000000000000000
0.565690767554000000000000000000,0.030586622356000000000000000000
0.911928080270000000000000000000,0.032764784051000000000000000000
-0.800717893669615872553547602031,0.033054331808314700772365412566
-0.157190892173000000000000000000,0.033468734669000000000000000000
0.480798325761000000000000000000,0.033813595708000000000000000000
-0.889527328119254129094456378905,0.036230255573693825230515742657
-0.242130711149000000000000000000,0.036714327368000000000000000000
0.395865031845000000000000000000,0.037036220550000000000000000000
-0.974736315409909906780011613202,0.037739145790080812623463159429
-0.327066323922346480176291268593,0.039967660874456326799610973524
0.310931022929000000000000000000,0.040233366400000000000000000000
-0.411970942990839938269503788815,0.043260689648728772811067843765
0.225987993778263212687831831614,0.043463751770119079828567075716
0.864113218966000000000000000000,0.043835193528000000000000000000
-0.496882831202972918793029758830,0.046513175773184368094900231303
0.141047223564000000000000000000,0.046689574548000000000000000000
0.779143843487000000000000000000,0.047038740209000000000000000000
-0.581719816616472641125038335326,0.049608490859005891769137863922
0.056097825925170930360339743946,0.049904211516328773033623690622
0.694199123181000000000000000000,0.050272442233000000000000000000
-0.666705043535618319542221606827,0.052875411809229901057282614267
-0.028842571776000000000000000000,0.053135815350000000000000000000
0.609081648610000000000000000000,0.053496445210000000000000000000
-0.751494034233127961775426897149,0.055938214257417085955884313538
-0.113782675234000000000000000000,0.056370024665000000000000000000
0.524186809497000000000000000000,0.056764984467000000000000000000
-0.842324067229835022023901800097,0.059063429467179805973493872779
-0.198723629632000000000000000000,0.059609891893000000000000000000
0.439266294384000000000000000000,0.059947680695000000000000000000
-0.931701092483377978070381500566,0.061308541773329131093907173656
0.973458461675359020340221244323,0.062559979991172607012187654576
-0.283660393596000000000000000000,0.062859714759000000000000000000
0.354322024994000000000000000000,0.063153281339000000000000000000
-0.368567463670000000000000000000,0.066160787366000000000000000000
0.269387806018000000000000000000,0.066367219310000000000000000000
-0.453489454903038393067472351787,0.069416488473397451491825760230
0.184446744334000000000000000000,0.069592314761000000000000000000
0.822550754152000000000000000000,0.069928121337000000000000000000
-0.538407964535775527480664385399,0.072665600580115222934397151236
0.099499789816428252997614367659,0.072804237769111726720811384610
0.737606406156000000000000000000,0.073174734377000000000000000000
-0.623241330184417613871870288340,0.075752529383656647239274060130
0.014559801827000000000000000000,0.076038106306000000000000000000
0.652469652830000000000000000000,0.076411619482000000000000000000
-0.708209486765826275248178943025,0.079046541542237345441890256294
-0.070378663453000000000000000000,0.079271460379000000000000000000
0.927339588637000000000000000000,0.079365523490000000000000000000
0.567586955211000000000000000000,0.079687633215000000000000000000
-0.793338036713985426389606924597,0.081562934660446962886557559934
-0.155318199387000000000000000000,0.082508211892000000000000000000
0.482653002508000000000000000000,0.082898060789000000000000000000
-0.883981103114671409968414629994,0.084990986248352126163687237298
-0.240256528114000000000000000000,0.085753154995000000000000000000
0.397728191155000000000000000000,0.086073110123000000000000000000
-0.325160743842000000000000000000,0.089054890088000000000000000000
0.312783762660000000000000000000,0.089278860705000000000000000000
-0.971241502963211753731405796952,0.090692175106862872727891860433
-0.410090386105325931302178970519,0.092309012730081814130333747913
0.227846865099990770724133506338,0.092495286895594400327533599747
0.879813225008000000000000000000,0.092749599481000000000000000000
-0.495013294566299174176475067564,0.095566462083379427904688497445
0.142908464642000000000000000000,0.095723804891000000000000000000
0.781008526596000000000000000000,0.096084225689000000000000000000
-0.579934938403308995767672670112,0.098819893131007345384536718930
0.057959257159000000000000000000,0.098939680006000000000000000000
0.695865660731000000000000000000,0.099311737424000000000000000000
-0.664758451258714386833311339015,0.101903542692009424724097780206
-0.026976179877000000000000000000,0.102172638890000000000000000000
0.610984706904000000000000000000,0.102616261831000000000000000000
-0.749896827391094182444691409599,0.104978970467484053005044326275
-0.111912978370000000000000000000,0.105408786045000000000000000000
0.526056042485000000000000000000,0.105825091771000000000000000000
-0.834944210274204575859961125525,0.107572032319312068087686033718
-0.196849836073000000000000000000,0.108649737650000000000000000000
0.441111795755000000000000000000,0.109022102679000000000000000000
-0.926159565265800083719877803723,0.110061370567649412176950041283
0.969081057330542855777738833265,0.111431087719087327123656564375
-0.281752813238000000000000000000,0.111949931710000000000000000000
0.356184817471000000000000000000,0.112189933812000000000000000000
-0.366685089101751841924373937895,0.115204021095114487849673896177
0.271247062436000000000000000000,0.115406662047000000000000000000
0.833546444688000000000000000000,0.117748946821000000000000000000
-0.451611443403839940633344697812,0.118453775879993458130021541619
0.186307706786000000000000000000,0.118627197604000000000000000000
-0.536534834413230762793440167876,0.121710458872147851026635419279
0.101361570272000000000000000000,0.121835911261000000000000000000
0.739260205582000000000000000000,0.122214443534000000000000000000
-0.621454915494686886323252092135,0.124976267491760591290832069281
0.016422564338000000000000000000,0.125075560136000000000000000000
0.654391726293000000000000000000,0.125532770729000000000000000000
-0.706262894488922342539268667597,0.128074672425016869108705412734
0.922968690049000000000000000000,0.128250574223000000000000000000
-0.068513160755000000000000000000,0.128310042502000000000000000000
0.569450444262000000000000000000,0.128748613961000000000000000000
-0.791494492099723759106364783074,0.131001674595608300436124151367
-0.153448543716000000000000000000,0.131547829771000000000000000000
0.484502766361000000000000000000,0.131947800300000000000000000000
-0.876137539501601235050570840014,0.134230173036825911027770885564
-0.238348167272000000000000000000,0.134848057490000000000000000000
0.399549237657000000000000000000,0.135160343867000000000000000000
-0.323279846041560695632094347376,0.138098369000467507765582292001
0.314646935490000000000000000000,0.138315206883000000000000000000
-0.965325310088000000000000000000,0.140146439863000000000000000000
-0.408207052142685124430324987407,0.141347345760864860362057506167
0.229706726239000000000000000000,0.141528645985000000000000000000
0.875951727114000000000000000000,0.142455821831000000000000000000
-0.493131485157546182798972604749,0.144600151768860955061816828456
0.144771977982000000000000000000,0.144758192340000000000000000000
0.782634276292000000000000000000,0.145156080131000000000000000000
-0.578051876437392377517739461407,0.147861597679386433012498659489
0.059822591972000000000000000000,0.147975519944000000000000000000
0.697792333278000000000000000000,0.148450796946000000000000000000
-0.662959358724894842029209424782,0.151147397224768035675439699642
-0.025113532378000000000000000000,0.151211288271000000000000000000
0.612853691419000000000000000000,0.151661350140000000000000000000
-0.747915501403571980409834220770,0.154009343746727165396483595874
-0.110045731622000000000000000000,0.154446705934000000000000000000
0.527890896867000000000000000000,0.154878097902000000000000000000
-0.832871699380800864468931288359,0.157373507238984473082218192875
-0.194941928483000000000000000000,0.157747224713000000000000000000
0.442934060316000000000000000000,0.158095022502000000000000000000
-0.918744815469066752352855537031,0.158564652155633789843422128562
0.962251858951728256030985194725,0.160020272615052163161118246204
-0.279873405757410325114450369847,0.160995973687029600821383341727
0.357994584680000000000000000000,0.161316248771000000000000000000
-0.364800934835967664444400561153,0.164243082131011383764949401220
0.273109814878000000000000000000,0.164442763456000000000000000000
0.826882762639000000000000000000,0.166361940046000000000000000000
-0.449725887481898146290527206487,0.167495637319335314813541181280
0.188170440454000000000000000000,0.167660480681000000000000000000
-0.534645983043858333953516513932,0.170755329164528628984352412015
0.103225267321000000000000000000,0.170871634792000000000000000000
0.741170059118000000000000000000,0.171392498634000000000000000000
-0.619544422393329753576935186401,0.174051585641313529156686396652
0.018285772615000000000000000000,0.174112618922000000000000000000
0.656247973667000000000000000000,0.174580763028000000000000000000
0.916206244539222191267458269101,0.176971621609343888261276962777
-0.704578753780795652129198209862,0.177147031732780020149942076834
-0.066647226765000000000000000000,0.177349818509000000000000000000
0.571284935274000000000000000000,0.177797988221000000000000000000
-0.789424126119297626840502061552,0.180173840943511041482503899329
-0.151539094396000000000000000000,0.180649366135000000000000000000
0.486319988897000000000000000000,0.181021945627000000000000000000
-0.875230187915582972295686885401,0.183288541868767433855052334735
-0.236471575425000000000000000000,0.183895255700000000000000000000
0.401364553947000000000000000000,0.184273302361000000000000000000
-0.321395759843367098973368488354,0.187138677267797411656945327542
0.316440634362000000000000000000,0.187474225013000000000000000000
-0.956899701775073281287866624647,0.189415122011491362576108665301
-0.406321132875944521951265062355,0.190389209838045999866648997881
0.231569914383000000000000000000,0.190564321160000000000000000000
0.869231191455102731383309555852,0.191145231844411738885527415782
-0.491241545652101722681216059099,0.193648972977454918182827893786
0.146636046026000000000000000000,0.193793537085000000000000000000
0.784636307390000000000000000000,0.194202585631000000000000000000
-0.576129162222436738975547283700,0.196960150945823391258166618036
0.061686642751000000000000000000,0.197011541562000000000000000000
0.699632560222000000000000000000,0.197515733038000000000000000000
-0.661077004870643255058515912584,0.200178036454935589212558555860
-0.023247592625000000000000000000,0.200251071600000000000000000000
0.614677831077000000000000000000,0.200718415163000000000000000000
-0.746118110856889176467202074303,0.203262710032534368291167951108
-0.108136390722000000000000000000,0.203555619883000000000000000000
0.529711028613000000000000000000,0.203939460182000000000000000000
-0.830893580952931812894721301540,0.206400376268495078609747556083
-0.193065007069000000000000000000,0.206794984846000000000000000000
0.444764477102000000000000000000,0.207173989495000000000000000000
0.952625403762000000000000000000,0.209855082565000000000000000000
-0.277997733500000000000000000000,0.210042003068000000000000000000
0.359800923202000000000000000000,0.210449689035000000000000000000
-0.362914694389653049871622276978,0.213286811302421838989186149891
0.274876750340000000000000000000,0.213635438719000000000000000000
-0.447835467861048158282755524819,0.216544645794956784547094534897
0.190038249085000000000000000000,0.216694677136000000000000000000
0.827830632179000000000000000000,0.217481029822000000000000000000
-0.532723257391198386805285355167,0.219856117624400936077105335421
0.105089537554000000000000000000,0.219905294644000000000000000000
0.743026877999000000000000000000,0.220426932414000000000000000000
-0.919840282651573915489236262074,0.221573267069629756540074432028
-0.617654590479739022392939549066,0.223097971195398571870455496324
0.020151554929000000000000000000,0.223152412214000000000000000000
0.658068540312000000000000000000,0.223636384415000000000000000000
-0.702673232214323098614912576097,0.226203038090369978129562601565
-0.064734275869000000000000000000,0.226459007456000000000000000000
0.573105829978000000000000000000,0.226849049935000000000000000000
0.901377932827000000000000000000,0.228307667930000000000000000000
-0.787593579718687055456267690963,0.229479733548667847627040343176
-0.149666591104000000000000000000,0.229702656830000000000000000000
0.488160212764000000000000000000,0.230081678539000000000000000000
-0.234595668746000000000000000000,0.232941148147000000000000000000
-0.872123178777415408392609706127,0.233002389398760218017884630025
0.403212470354000000000000000000,0.233327821802000000000000000000
-0.319519138765938705711953316630,0.236188093320431915217622469066
0.318220104174000000000000000000,0.236642041318000000000000000000
-0.404430391612429607359851855036,0.239440084968603748601181784658
0.233326907066000000000000000000,0.239800048914000000000000000000
-0.489316949734555972803625936811,0.242752154278773095731510053272
0.148507387173000000000000000000,0.242825432776000000000000000000
0.786284712878000000000000000000,0.243587159752000000000000000000
-0.574244293509455628921030652891,0.246000914411100940630696759804
0.063554738746000000000000000000,0.246047159791000000000000000000
0.701457702892000000000000000000,0.246551805220000000000000000000
-0.659197017102741550980479675751,0.249208766465246482809449835753
-0.021332765924000000000000000000,0.249363910825000000000000000000
0.616495232808000000000000000000,0.249768437219000000000000000000
-0.744187390644728378351742009681,0.252358754275683496559656188932
-0.106261899558000000000000000000,0.252604367797000000000000000000
0.531553625901000000000000000000,0.252994698798000000000000000000
-0.191194162458000000000000000000,0.255849753522000000000000000000
-0.828823177543170650954156111900,0.256081746678932987035177419598
0.446618386455000000000000000000,0.256217048721000000000000000000
0.940863535716000000000000000000,0.257494526481000000000000000000
-0.276119041801000000000000000000,0.259090799984000000000000000000
0.361640004443000000000000000000,0.259501205797000000000000000000
-0.361033539128293106365348699823,0.262343425509215335817554742434
0.276656136106000000000000000000,0.262831044309000000000000000000
-0.445910155348896250456336443401,0.265650312737899614512405718625
0.191775703302000000000000000000,0.265965906590000000000000000000
0.829944773253000000000000000000,0.266503049194000000000000000000
-0.938191860174329090322720764515,0.267078941900114012882447074021
-0.530836468094274270417095026970,0.268899361290774903740284964437
0.106964530027000000000000000000,0.268937042063000000000000000000
0.744731397838000000000000000000,0.269682196919000000000000000000
0.878730963164000000000000000000,0.271844763683000000000000000000
-0.615765330049434029821713078916,0.272145710528057748409754560390
0.022073734154000000000000000000,0.272264095371000000000000000000
0.659886804204000000000000000000,0.272676933600000000000000000000
-0.700738003292395538331444599948,0.275321853332609330245714084590
-0.062860652336000000000000000000,0.275507330057000000000000000000
0.574946317567000000000000000000,0.275905045218000000000000000000
-0.147793071764000000000000000000,0.278750268624000000000000000000
-0.785416988469211973849630411419,0.278960767405948635967793269626
0.490010644222000000000000000000,0.279131231142000000000000000000
-0.888831742335000000000000000000,0.279160087660000000000000000000
-0.232720653966358707640586536562,0.281998810046110414188550180118
0.405049877628000000000000000000,0.282379999078000000000000000000
-0.317636185347594179922795912179,0.285243824710981369338091263884
0.320062878704000000000000000000,0.285717111526000000000000000000
-0.402513161148729890328864533635,0.288553877554022902696872317673
0.235069987452000000000000000000,0.289064700515000000000000000000
-0.487429633607016425959094987430,0.291797583427685715947995900484
0.150213574421000000000000000000,0.292113496193000000000000000000
0.788306023362000000000000000000,0.292613180696000000000000000000
-0.572356808857619690501898133016,0.295045262350924618348367076741
0.065501195978000000000000000000,0.295174810100000000000000000000
0.703177476931000000000000000000,0.295775685902000000000000000000
-0.657318409520116696479458215529,0.298239549376617230287602447136
-0.019455942427000000000000000000,0.298403238656000000000000000000
0.618335365939000000000000000000,0.298818338811000000000000000000
-0.104389134017000000000000000000,0.301648820892000000000000000000
-0.742015725502331882963670115481,0.301849131529039304820863961422
0.533400766766000000000000000000,0.302046793453000000000000000000
0.926723467017000000000000000000,0.304484447253000000000000000000
-0.189321400466000000000000000000,0.304897953481000000000000000000
-0.827120622488983147440060790204,0.305118958525029232015119703464
0.448450918945000000000000000000,0.305270568197000000000000000000
-0.274234992045247718254171854440,0.308154241092513897295205274748
0.363491021891000000000000000000,0.308562121042000000000000000000
-0.359113159578378369787710071477,0.311458466574076229729541316789
0.278503278810000000000000000000,0.311898558103000000000000000000
-0.923574930156021077554101631179,0.313917944837744393543016276031
-0.444032197497029573727596444666,0.314701849943101773734138979369
0.193467907347000000000000000000,0.315281088393000000000000000000
0.831691805829000000000000000000,0.315543209601000000000000000000
-0.528949932203710113987683769879,0.317943551449406722258357497184
0.108752200657000000000000000000,0.318373171735000000000000000000
0.746742717789000000000000000000,0.318708539687000000000000000000
0.880473555538000000000000000000,0.320888648741000000000000000000
-0.613878159152279202622879635243,0.321189560181611136092770613248
0.023974043659000000000000000000,0.321311323129000000000000000000
0.661638500161000000000000000000,0.321893549698000000000000000000
-0.060984718286000000000000000000,0.324544078841000000000000000000
-0.698614690234143633959045370003,0.324737927412635739140359601254
0.576788871202000000000000000000,0.324961855120000000000000000000
-0.871884439111555245116962552030,0.325212429124510031260479031305
-0.145918563626340386325452625280,0.327795979423859823104754716826
-0.783714433415024470335535102588,0.327997979252044880947735538809
0.491840240357000000000000000000,0.328183305304000000000000000000
-0.230839273859392137885544832378,0.331056232190206996681762484484
0.406906461502000000000000000000,0.331429284187000000000000000000
-0.315699437128678936133965574291,0.334388696171180540235102598631
0.321908398415000000000000000000,0.334788147679000000000000000000
-0.400631013488325063555120043016,0.337608316402780511302788737191
0.236906733899000000000000000000,0.338105483238000000000000000000
-0.485551810367569562078357577909,0.340848906879436911875592781863
0.152014359649000000000000000000,0.341541230343000000000000000000
0.790221938064000000000000000000,0.341784862963000000000000000000
-0.570469911067656855726835056686,0.344090027205976232536901368997
0.067213201335000000000000000000,0.344532953710000000000000000000
0.705178815671000000000000000000,0.344802508724000000000000000000
-0.017560558930000000000000000000,0.347436126089000000000000000000
-0.655213655138917706922227283157,0.347626723624198039608084103284
0.620103020500000000000000000000,0.348016516705000000000000000000
-0.102513820585000000000000000000,0.350684395582000000000000000000
-0.740195424865884125173549688283,0.350882113744527781058883904813
0.535229306921000000000000000000,0.351096564450000000000000000000
-0.187431015337164563358787315487,0.353954404305873498528049791040
-0.831136534712738582247099529776,0.354021098441014023101415749827
0.450307105896000000000000000000,0.354320605865000000000000000000
-0.272300000661622210189584653611,0.357296563216745176285726519945
0.365346912189000000000000000000,0.357612911914000000000000000000
-0.906621197386807778357843113776,0.359962681611251574373235821028
-0.357216318720058694108877744055,0.360540089676667277234751971671
0.280323921085000000000000000000,0.360968901011000000000000000000
0.853453490433000000000000000000,0.361988535644000000000000000000
0.905321600610000000000000000000,0.363207661983000000000000000000
-0.442150149724159196922040341497,0.363756130184848532269389850373
0.195454189278000000000000000000,0.364384865980000000000000000000
-0.527071428655100834931170091835,0.366995955213984350907389952514
0.748573451291000000000000000000,0.367743012190000000000000000000
0.110444549260000000000000000000,0.367758156904000000000000000000
-0.611812732636226889947596205478,0.370515733329008057529012133417
0.025644787910000000000000000000,0.370698274316000000000000000000
0.663616324042000000000000000000,0.370921245997000000000000000000
-0.059084963299000000000000000000,0.373576951986000000000000000000
-0.696794389597695876168924956705,0.373770909628124215378379531665
0.578557694911000000000000000000,0.374124280818000000000000000000
-0.144032036574000000000000000000,0.376849128275000000000000000000
-0.781718221197209448865745756005,0.377024114895524954697152776910
0.493695682852000000000000000000,0.377234752035000000000000000000
-0.228891278666289183840617116933,0.380195467623336561146259103445
0.408760247771000000000000000000,0.380482003677000000000000000000
-0.313815115668451933571969067639,0.383450761069502251587392885326
0.323739775454000000000000000000,0.383834625505000000000000000000
-0.398734783049455379499287739936,0.386688970323457425352806449975
0.238877404224000000000000000000,0.387264127421000000000000000000
-0.483669312823038162390536507280,0.389903901312043074332134603143
0.153872313975000000000000000000,0.390613797079000000000000000000
0.792349515223000000000000000000,0.390813759684000000000000000000
-0.568417802837063659247566648296,0.393416102476188990292221311349
0.707009140728000000000000000000,0.393835942130000000000000000000
0.068840737191000000000000000000,0.393981719795000000000000000000
-0.871483504978326981393379747565,0.394210154679471546060928509849
-0.653393354131692293709114597237,0.396659705825921763214626243018
-0.015897950449000000000000000000,0.396873275314000000000000000000
0.622011136047000000000000000000,0.397047038430000000000000000000
-0.100609885618547973738889000932,0.399716203760328292804953301527
-0.738317185929021199861121028475,0.399912910779121389016648415158
0.537027589289000000000000000000,0.400255961910000000000000000000
-0.185491582182912906911294476637,0.403094862388758737145354814838
-0.823241017528534772557941837915,0.403166116046522128335421662236
0.452158589512000000000000000000,0.403377690523000000000000000000
-0.270402222086293492082215098180,0.406356285954051339016843471885
0.367177416666000000000000000000,0.406658532526000000000000000000
0.885909046350000000000000000000,0.408279521711000000000000000000
-0.355334909090372725092963563406,0.409597531301262890229535309706
0.282300581981000000000000000000,0.410131436693000000000000000000
0.836833619104000000000000000000,0.411576709165000000000000000000
-0.440253149664280607190573576054,0.412838006118079514535249622387
0.197301448152000000000000000000,0.413466825915000000000000000000
-0.525021811963286561015741285747,0.416314460832947147071996557298
0.750699410187000000000000000000,0.416767892711000000000000000000
0.112279629297000000000000000000,0.416815710985000000000000000000
-0.609992190267819069917531125436,0.419548706569841550319392391524
0.665404514981000000000000000000,0.419956242838000000000000000000
0.027273274748000000000000000000,0.420202229769000000000000000000
-0.694916150660832950856496284133,0.422801706662717823336144049877
-0.057444164829000000000000000000,0.423050024007000000000000000000
0.580460694536000000000000000000,0.423154919320000000000000000000
-0.142054632739093968834522688394,0.425981766298858773704891580666
-0.779839982260346523553317090043,0.426054911930118562654917297269
0.495496829098000000000000000000,0.426386899115000000000000000000
-0.227000456233746694369678746179,0.429258964024081107831050621313
0.410590281521000000000000000000,0.429526661802000000000000000000
-0.311924843026127080089166037927,0.432498565687050038460982113129
0.325743464125000000000000000000,0.432966542821000000000000000000
-0.396851899556926371647487969228,0.435748751960183477928697511523
0.240721711031000000000000000000,0.436336431536000000000000000000
-0.481627014948244775222576420556,0.439215081596908586670513510004
0.155697993285000000000000000000,0.439687304663000000000000000000
-0.566584178039699987214397651967,0.442448588232613315636749360617
0.708794339156000000000000000000,0.442873803985000000000000000000
0.070699801659000000000000000000,0.443052428051000000000000000000
-0.868963805916522162181207183887,0.443212174596913737410595837964
0.800935219930000000000000000000,0.445089498234000000000000000000
-0.651515115565843181327143330845,0.445690502874727918444295721770
0.623858188971000000000000000000,0.446079844269000000000000000000
-0.014273146407000000000000000000,0.446378981228000000000000000000
-0.736440800064205176249237966536,0.448947221207637709750260064124
0.538907756518000000000000000000,0.449287532422000000000000000000
-0.098885564883000000000000000000,0.449333111041000000000000000000
-0.183558220724513177012876401600,0.452154252303975438289299724477
0.864255387939000000000000000000,0.452315951720000000000000000000
0.453950944878000000000000000000,0.452493645119000000000000000000
-0.820874448665261434095314916766,0.452956945426034273611380761640
-0.268509953679660284346554490162,0.455422076628264014226123961570
0.369160571475000000000000000000,0.455853584176000000000000000000
-0.353443494672248854232194583184,0.458647148915199341118574646944
0.284160303587000000000000000000,0.459171281624000000000000000000
-0.438232218026242864640973202543,0.462115702537172953637474112720
0.199123404987000000000000000000,0.462546144994000000000000000000
-0.523188187165922888982572301762,0.465346946589371472416524595541
0.752171567441000000000000000000,0.465817460268000000000000000000
0.114129890592000000000000000000,0.465897968536000000000000000000
-0.608113951701969957535559852877,0.468579503618647705549061875799
0.667251219980000000000000000000,0.468990750915000000000000000000
0.029129063306000000000000000000,0.469274052114000000000000000000
-0.693037912094983838474525013496,0.471832503711523978565813535371
0.582307314380000000000000000000,0.472187750537000000000000000000
-0.055711640570000000000000000000,0.472664996759000000000000000000
0.497337644406000000000000000000,0.475419929391000000000000000000
-0.140391397452000000000000000000,0.475525931897000000000000000000
-0.777475266469120086791235778726,0.475849254703553420706723526247
-0.225060179761923493416380991160,0.478329321270619584940098791140
0.412532299113000000000000000000,0.478801904439000000000000000000
-0.310041748616679202593651736829,0.481549779333646878793246184365
0.327597984724000000000000000000,0.482006250529000000000000000000
-0.394830614938383144038648752971,0.485003421706092928775340842763
0.242559665611000000000000000000,0.485384384014000000000000000000
-0.479793119502281544232290474555,0.488247557231376979620869957195
0.157545214180000000000000000000,0.488769385009000000000000000000
-0.564719119303667353319257736247,0.491480057334108123707912525758
0.072553323741000000000000000000,0.492127392069000000000000000000
-0.649636876999994068945172057467,0.494721299923534073673965200834
0.625738940430000000000000000000,0.495163795599000000000000000000
0.840416632285000000000000000000,0.495207592094000000000000000000
0.791345503804000000000000000000,0.495368017113000000000000000000
0.713093859740000000000000000000,0.495506492724000000000000000000
-0.012301832924000000000000000000,0.495580471187000000000000000000
0.540733069697000000000000000000,0.498321148338000000000000000000
-0.734072378499898749016522840301,0.498734537207439689522277004820
-0.097215999258000000000000000000,0.498855075308000000000000000000
-0.838232287257000000000000000000,0.498892412101000000000000000000
-0.181896128630046028658027822162,0.501719278455886595516605322309
0.455923729530000000000000000000,0.501735626202000000000000000000
-0.266558055301222899757332810975,0.504510863720908439474684789476
0.370991596174000000000000000000,0.504916971124000000000000000000
-0.351433248676208824347978177055,0.507899173295812699931687834893
0.285998640379000000000000000000,0.508210872683000000000000000000
-0.436398322580279633650687269271,0.511148178171641346587830545583
0.200976591592000000000000000000,0.511609973733000000000000000000
-0.521323037459989318952623976055,0.514378243287765216089674291344
0.115981282834000000000000000000,0.514973853532000000000000000000
-0.606243814303910363361820159613,0.517625206778156278935293871271
0.669486077283000000000000000000,0.518010567739000000000000000000
0.031131886281000000000000000000,0.518438785015000000000000000000
0.584128923329000000000000000000,0.521221498372000000000000000000
-0.794810470816452018508530170549,0.521751733172452084381395918570
-0.053833664882000000000000000000,0.521801882439000000000000000000
0.499326137425000000000000000000,0.524647839134000000000000000000
-0.138729528138000000000000000000,0.525066472538000000000000000000
-0.693853600941849444544263734434,0.526841418412717711921425217776
0.414385566083000000000000000000,0.527857494235000000000000000000
-0.223389329694305748017590539820,0.527908228507241793066292134865
-0.308015537432819744459094887498,0.530756320749883752279616545907
0.329433558444000000000000000000,0.531044636156000000000000000000
-0.392996719492419913048362805255,0.534035897340561321725697287726
0.244416470365000000000000000000,0.534434594423000000000000000000
0.762974781861000000000000000000,0.535652508691000000000000000000
-0.477928240537987408371020773831,0.537278864228029583056634891079
0.159414446870000000000000000000,0.537809485106000000000000000000
0.812642509610000000000000000000,0.539576525309000000000000000000
-0.562845963065497478646334373686,0.540520039104252195554803294867
0.074567329409000000000000000000,0.541296594144000000000000000000
-0.647793520447115270993657098703,0.543753420782930112112587906632
0.627477671558000000000000000000,0.544210943101000000000000000000
0.714714724611000000000000000000,0.544569985489000000000000000000
-0.010394510658000000000000000000,0.544649333476000000000000000000
-0.749017925907710584118714246256,0.545469721512546588801109906975
0.542755446786000000000000000000,0.547600717939000000000000000000
-0.095342725395000000000000000000,0.548022727716000000000000000000
0.457791541413000000000000000000,0.550773963178000000000000000000
-0.180238793786796026294413886808,0.551275081046666120349137152748
0.372829096328000000000000000000,0.553953490018000000000000000000
-0.264868208291883966855642533906,0.554119857026638081910508687378
-0.349525265446619081918103007877,0.556928821870395259424737155947
0.287854925492000000000000000000,0.557261321436000000000000000000
-0.434510610246660097449899023545,0.560194432436187726494232455334
0.202846913287000000000000000000,0.560647592069000000000000000000
-0.519451166143495568064731156726,0.563420660044516562521763897030
0.118008479439000000000000000000,0.564144587607000000000000000000
-0.604400457751031565410305209025,0.566657327637552317373916554101
0.670901735928000000000000000000,0.567057731733000000000000000000
0.033041820517000000000000000000,0.567488614057000000000000000000
0.586113169494000000000000000000,0.570610129182000000000000000000
-0.791113509412832059356696753217,0.570679019176599153290410729096
-0.051892026942000000000000000000,0.570868983532000000000000000000
0.501194101826000000000000000000,0.573683097875000000000000000000
-0.136852234978000000000000000000,0.574221601832000000000000000000
-0.702931635537884192883882806504,0.575061083770584491036763307073
0.416257448077000000000000000000,0.576906569054000000000000000000
-0.221720366273553464506711381463,0.577482446106460850412577521241
0.784480724943000000000000000000,0.579759212478000000000000000000
0.331291853382000000000000000000,0.580091429942000000000000000000
-0.306391268216000000000000000000,0.580319749330000000000000000000
-0.391052284995694149271716310677,0.583064113847379149653159579936
0.246285613059000000000000000000,0.583472006910000000000000000000
-0.476050244063118002848076288674,0.586309670550094483379388858220
0.161443643163000000000000000000,0.586987332442000000000000000000
-0.561002606512618680694819414426,0.589552159963648233993425995797
0.076470909944000000000000000000,0.590342019341000000000000000000
-0.650465003487820288672407693484,0.592747400185655573769341713585
0.629525641539000000000000000000,0.593540574862000000000000000000
-0.008441850638000000000000000000,0.593722020636000000000000000000
-0.748232885802928137666293503969,0.594530200020051430270629644596
0.711294752029000000000000000000,0.594915096484000000000000000000
0.544524053878000000000000000000,0.596732188177000000000000000000
-0.093407271063000000000000000000,0.597067796170000000000000000000
0.459667635490000000000000000000,0.599824373480000000000000000000
-0.178370387744206368187302784290,0.600467793631712824985025588540
0.374692850382000000000000000000,0.602988883441000000000000000000
-0.263246200972000000000000000000,0.603704881927000000000000000000
0.289724018207000000000000000000,0.606298952911000000000000000000
-0.347909950147000000000000000000,0.606477295652000000000000000000
0.204888653687000000000000000000,0.609821272687000000000000000000
-0.517322035573000000000000000000,0.612873682279000000000000000000
-0.430019674813009774563538356174,0.612881715531230717104496927019
0.119894264110000000000000000000,0.613205238472000000000000000000
-0.602533646583738693798494010528,0.615688561105793068310721708569
0.034992719948000000000000000000,0.616593105652000000000000000000
0.754335999881000000000000000000,0.618475152980000000000000000000
0.587914878069000000000000000000,0.619649846057000000000000000000
-0.049954117910000000000000000000,0.619913690559000000000000000000
-0.689593703650963874239585499097,0.622353002069323949071599146613
0.502992494994000000000000000000,0.622884741927000000000000000000
-0.134942021436441302429766449075,0.623304690075626507134317208233
0.418157222364000000000000000000,0.625992432931000000000000000000
-0.219895463231000000000000000000,0.626706566189000000000000000000
0.333159337666000000000000000000,0.629129237951000000000000000000
-0.304767610936000000000000000000,0.629864536205000000000000000000
0.679200548514000000000000000000,0.632031261167000000000000000000
0.248331542400000000000000000000,0.632655808983000000000000000000
-0.473656357481472314300087385005,0.635317997866844215843133047186
0.163340784926000000000000000000,0.636025560736000000000000000000
-0.386891524913364451846120511719,0.636280636993237987402389591728
-0.559131258235488322320206838710,0.638583220476114640884221126681
0.078415330034000000000000000000,0.639475812740000000000000000000
-0.644308194541599663307606540134,0.641426353984512005070947282381
-0.734689154570778340688330382707,0.641690715111203174961435105333
0.631283719739000000000000000000,0.642609544682000000000000000000
-0.006527839106000000000000000000,0.642823289805000000000000000000
0.546389098982000000000000000000,0.645798788294000000000000000000
-0.091515907669594360035913817913,0.646145869608661305629264958979
0.461498915301000000000000000000,0.649088810319000000000000000000
-0.176458883353000000000000000000,0.649556423017000000000000000000
0.376561433784000000000000000000,0.652025215624000000000000000000
-0.261423857791000000000000000000,0.652894367375000000000000000000
0.291773939075000000000000000000,0.655496665879000000000000000000
0.722148705307000000000000000000,0.655768192666000000000000000000
0.206779107912000000000000000000,0.658859430052000000000000000000
-0.428818319676878348036500203332,0.661934022200769197008844198590
0.121876931306000000000000000000,0.662276765097000000000000000000
-0.512897780105372562897148923293,0.664774025939276368524783221835
0.036907252989000000000000000000,0.665682624747000000000000000000
-0.601707066700232570794685946937,0.665771594710266985377940092720
0.589758774219000000000000000000,0.668756815101000000000000000000
-0.048088828616953158634401172018,0.668985213826635539862165826737
-0.352140393371228479337771152283,0.670920291955327659130291658558
0.504895916516000000000000000000,0.672003166166000000000000000000
-0.133019470863000000000000000000,0.672407642125000000000000000000
-0.217978897822000000000000000000,0.675751690360000000000000000000
-0.701492358624538658586345152043,0.677822689569502377090095750042
0.335205312552000000000000000000,0.678437887126000000000000000000
-0.303727220249000000000000000000,0.678929028198000000000000000000
0.423425624814000000000000000000,0.680052832874000000000000000000
0.250217722879000000000000000000,0.681694247423000000000000000000
0.165319333121000000000000000000,0.685116533353000000000000000000
-0.556347153448664412296725784256,0.687570929137445653399132647169
0.080355878882000000000000000000,0.688519020196000000000000000000
-0.470005688672484555600246014006,0.688602901948526920683261342823
-0.653849272791151269358452776541,0.689556538538359236009735202243
0.639075971622000000000000000000,0.691061152285000000000000000000
0.688157798850000000000000000000,0.691342610821000000000000000000
-0.004716674158753563310123898584,0.691928689086620420353477378613
0.548268926769000000000000000000,0.694959175735000000000000000000
-0.089578153959000000000000000000,0.695263870956000000000000000000
-0.394018230609000000000000000000,0.696528240083000000000000000000
-0.174528305155000000000000000000,0.698602812847000000000000000000
0.379062149181000000000000000000,0.701029884295000000000000000000
-0.260412058951000000000000000000,0.701989635361000000000000000000
0.466845998297000000000000000000,0.702996364059000000000000000000
0.293649212949000000000000000000,0.704535499790000000000000000000
0.208762920152000000000000000000,0.707959651094000000000000000000
0.123821423793000000000000000000,0.711313627677000000000000000000
-0.512095749821722263244488512062,0.713834229636117753852703770903
0.038721165848411453820504938699,0.714747560550025344318685202459
0.591787934907000000000000000000,0.717786148183000000000000000000
-0.046183107328000000000000000000,0.718224633930000000000000000000
-0.593556155244654008935877219562,0.719555879109229324822991334018
-0.350911505990000000000000000000,0.719976095795000000000000000000
-0.131087477198000000000000000000,0.721457685596000000000000000000
-0.435212553426801466065912819750,0.723200366871943873958433895623
-0.216991969986000000000000000000,0.724857559107000000000000000000
0.510229462275000000000000000000,0.725959078026000000000000000000
0.337291281801000000000000000000,0.727466181325000000000000000000
-0.302531665709000000000000000000,0.728261762064000000000000000000
0.425382497083000000000000000000,0.729282426731000000000000000000
0.252208558355000000000000000000,0.730818935079000000000000000000
0.167262835646000000000000000000,0.734153138985000000000000000000
-0.639601105784638432778787937849,0.736509031297593865864345223427
0.082150522185107380975688339710,0.737582574181108436579442673966
0.635542565807000000000000000000,0.740008549478000000000000000000
-0.002734059182000000000000000000,0.741056965271000000000000000000
-0.550919424996038978733839921540,0.743838714056127461175744238328
-0.087690764750000000000000000000,0.744421563110000000000000000000
-0.173549983389000000000000000000,0.747683479287000000000000000000
-0.392849122646000000000000000000,0.747965094376000000000000000000
-0.477302118232000000000000000000,0.748432020246000000000000000000
0.553749100187000000000000000000,0.748791606969000000000000000000
0.380852736539000000000000000000,0.750068336610000000000000000000
-0.258934127089000000000000000000,0.751042182295000000000000000000
0.295731500981000000000000000000,0.753562438461000000000000000000
0.470691657116000000000000000000,0.755030026374000000000000000000
0.210698490310000000000000000000,0.756996537740000000000000000000
0.125603519025245999361401601795,0.760372569902090144511298095365
0.040707131421000000000000000000,0.763903143755000000000000000000
-0.044432976690000000000000000000,0.767623868907000000000000000000
-0.601444095718624590031494819580,0.767984457804360963758718751099
-0.348509409974000000000000000000,0.768988557401000000000000000000
-0.130125232734000000000000000000,0.770545163738000000000000000000
0.597482433984000000000000000000,0.771057168915000000000000000000
-0.434973703420000000000000000000,0.773257412499000000000000000000
-0.215512795309000000000000000000,0.773910333729000000000000000000
0.339339019482000000000000000000,0.776508885036000000000000000000
-0.300197375174000000000000000000,0.777606971628000000000000000000
0.514211485802000000000000000000,0.777862764373000000000000000000
0.427504944756000000000000000000,0.778337752001000000000000000000
-0.516128865875418739568266609794,0.778438769481315571740627935201
0.254252561175000000000000000000,0.779851405309000000000000000000
0.169031807170687406975742286939,0.783209614984761733801736249819
0.084169703207000000000000000000,0.786706136838000000000000000000
-0.000799303132000000000000000000,0.790102144854000000000000000000
-0.086755364899000000000000000000,0.793507825649000000000000000000
-0.172058873071000000000000000000,0.796736227422000000000000000000
-0.391271521039000000000000000000,0.797012279341000000000000000000
-0.562051415878755843548805880434,0.797237895455089463083555038189
0.382991762879000000000000000000,0.799090067960000000000000000000
0.557936598591000000000000000000,0.800144974276000000000000000000
-0.256776470804000000000000000000,0.800474925374000000000000000000
0.297772235556000000000000000000,0.802591309583000000000000000000
-0.473812730137123205520027516348,0.803276069969283437634395858207
0.473181758479000000000000000000,0.804783856388000000000000000000
0.212457881701538984586531706199,0.806050869113911149777661293078
0.127607578262000000000000000000,0.809547832116000000000000000000
0.042616032653000000000000000000,0.812997178934000000000000000000
-0.043522189520000000000000000000,0.816729722390000000000000000000
-0.346618073436000000000000000000,0.818024756963000000000000000000
-0.128635813153000000000000000000,0.819601048847000000000000000000
-0.213328082689000000000000000000,0.823291800183000000000000000000
0.341239953237000000000000000000,0.825610667127000000000000000000
-0.430549044380000000000000000000,0.826427667060000000000000000000
-0.298345264720000000000000000000,0.826856914755000000000000000000
0.516926034172000000000000000000,0.827202420881000000000000000000
0.429638797464000000000000000000,0.827411209010000000000000000000
-0.516496465862446326590316623053,0.827504151469036798790145239033
0.255874492257462087743674434688,0.828910107228659591303570708108
0.171068179427000000000000000000,0.832438755249000000000000000000
0.086102408944000000000000000000,0.835744157575000000000000000000
0.000116062416000000000000000000,0.839178075611000000000000000000
-0.085258978467000000000000000000,0.842568325772000000000000000000
-0.169765509261000000000000000000,0.846374165345000000000000000000
-0.386085039834000000000000000000,0.847185669345000000000000000000
0.385147834512000000000000000000,0.848113955782000000000000000000
-0.254812511598000000000000000000,0.849510613900000000000000000000
0.299358276174761564301666879310,0.851641305516146960387115796712
-0.474225337257000000000000000000,0.852426330197000000000000000000
0.471637482902000000000000000000,0.853853640850000000000000000000
0.214494205710000000000000000000,0.855310405085000000000000000000
0.129538177568000000000000000000,0.858584762152000000000000000000
0.043496923810000000000000000000,0.862122896513000000000000000000
-0.341102650780000000000000000000,0.866796451111000000000000000000
-0.044459350252000000000000000000,0.869846602426000000000000000000
-0.125894808328000000000000000000,0.870466396405000000000000000000
-0.211387941422000000000000000000,0.872372754032000000000000000000
-0.430156035227000000000000000000,0.875497331527000000000000000000
0.428079107629000000000000000000,0.876502272037000000000000000000
-0.293692127302000000000000000000,0.879454339296000000000000000000
0.087011102579000000000000000000,0.884810718613000000000000000000
0.335493011447594059451943050302,0.884835096292642741842215759886
0.175585121168000000000000000000,0.885427919969000000000000000000
0.001032816376000000000000000000,0.888253766293000000000000000000
0.270845777621000000000000000000,0.891645184900000000000000000000
-0.168130701858000000000000000000,0.895548924046000000000000000000
-0.385060376641000000000000000000,0.896246337439000000000000000000
0.382993076181320842631514731978,0.897135124326888292058400427280
-0.250269441575000000000000000000,0.902316129187000000000000000000
0.223232179693000000000000000000,0.903605307524000000000000000000
-0.078476309930000000000000000000,0.905228446729000000000000000000
0.130446864432000000000000000000,0.907651772938000000000000000000
0.044407881444000000000000000000,0.911208812560000000000000000000
-0.336353056747000000000000000000,0.915638371558000000000000000000
-0.125384060323000000000000000000,0.919654703002000000000000000000
0.308085985651000000000000000000,0.925534278422000000000000000000
-0.030650946128000000000000000000,0.926033771642000000000000000000
-0.204281869262000000000000000000,0.928920759835000000000000000000
-0.289873749748000000000000000000,0.931387343758000000000000000000
0.087933565230000000000000000000,0.933877504650000000000000000000
0.261151136172000000000000000000,0.939855230398000000000000000000
0.165466944663000000000000000000,0.942028469207000000000000000000
0.015428547136000000000000000000,0.950827709840000000000000000000
0.213555636525000000000000000000,0.951799117534000000000000000000
-0.071523213811000000000000000000,0.953821971163000000000000000000
-0.167091268585000000000000000000,0.961018666770000000000000000000
0.123583643170000000000000000000,0.967602237179000000000000000000
-0.118452981271000000000000000000,0.968239603741000000000000000000
0.058908700211000000000000000000,0.973656778754000000000000000000
-0.027265814883000000000000000000,0.975071320171000000000000000000
