0.019754440421485606447023125769,-0.975281934338892762794900377542
-0.029281018642367811437058067021,-0.975042415134564116600202639565
0.068739981495943527710522069092,-0.973056989239641451836173968464
-0.078242486768138806338950077760,-0.972339036873721316799153101461
-0.127006241997900797811167591059,-0.967178630790480719012220027400
0.130684808989273090299854190583,-0.966688455534468232983420031294
-0.175449061979387287583431855858,-0.959574236843992949899576472240
0.179098348634548556072929158507,-0.958899823172658666297622004338
-0.223448535339634569135860146941,-0.949545070767444108393884886151
0.265741293328685341966144554143,-0.938587584823161814518355165165
-0.270883371009340561192540624145,-0.937116475511339151894901384725
0.095838098608065276981626964927,-0.932188594800541926958747654266
-0.050573075108129365667774590020,-0.930855610060568163435222671817
0.046878858237364668813955346959,-0.929131085935131760000054495528
0.217716383440465734166838964037,-0.928680938302745681336094256781
-0.001943322513768847925861534786,-0.924556342034569187485104749736
0.312572050996873382374348031758,-0.924047510845511852321724214667
-0.145274501770716992551668853386,-0.920921558653919007465444669771
-0.330910868137211633817615289411,-0.917639954836784170996418501488
0.149250940914000000000000000000,-0.915063751561000000000000000000
-0.096699244627399504439719869949,-0.914214994070418011657853582902
-0.193273975130964274104097144468,-0.910892392577370165959753083682
0.358612962534567124838278843210,-0.907172438109954658049123028784
-0.376605540185955991298654170236,-0.899848649055313613490747893903
-0.240736168755560095151294799943,-0.898370519983191929138015550841
-0.289313019284696405290760309337,-0.891675506337049307063150469933
0.276028991018285236709057059482,-0.890642857362266935332718417085
0.191149001795403963941395891035,-0.887465554675054897838525893933
0.408901333074478865960757862522,-0.885643714579453476643255772503
0.106275419448727066145939679555,-0.884276216976839901640586844063
0.021354542024741031929889454803,-0.881408420613053059437675290079
-0.421350834271896473804392471599,-0.879788931404888266057092739919
-0.063662634146703636864399012486,-0.877978051829124217599755680091
-0.157920132226877240236147774764,-0.873529253172556195542438536565
-0.332597815706977167330244810466,-0.868632936737853190419028864687
0.319540988731720398184773386322,-0.868032247683664727846173583163
0.234507245602908814401981789633,-0.864556878892737493575083732604
-0.205922892665831273311129533095,-0.863515831914440858116411150761
0.453812003472000000000000000000,-0.863492481785000000000000000000
0.149632868603531313248410579491,-0.861370645212733007385659298163
0.367736623444878870728461036338,-0.858992645388879819602959814468
0.064641424022071277974505289565,-0.858369769133391903062628132608
-0.465057598695530351274712535364,-0.857488495117995973972953908933
-0.107612543638000000000000000000,-0.856199998490000000000000000000
-0.020174174396705788346625259028,-0.855322203056127351394505424878
-0.276748472175381615062554719401,-0.844276500324371194258132862793
0.278207688725828636580745300892,-0.841648693607781876059711034703
-0.373025955427226229246923062701,-0.840882276677016679879481542139
0.497528243109466038933003722402,-0.839065394753344846657591571545
0.192989789703293322556114540128,-0.838464073932833904631126689151
0.411397694754602851203297516477,-0.836671255039278295701588478076
0.107931190411503005881656129687,-0.835268135627220484217069804262
-0.507561083651224953088507235698,-0.833034714598961106474649418895
0.023115973571821582021862594682,-0.832289688996322847943420625492
-0.421004636568702537677474117236,-0.830754109469834909686570067498
-0.061856633410001556368481487277,-0.828975276638415701119599376254
-0.146752054417697045979103199212,-0.825776186593534935726461665534
-0.232809226518233352231536847840,-0.822507800176386609884319127022
-0.321750690692647508422725197001,-0.820646886141922428470537648230
0.322040633296038656556366133477,-0.819059955598199086191549223199
0.236681983129603648051532940120,-0.815569019725853536058937562296
0.455113706784790979207111060144,-0.814457657689264646727778540228
0.151288639566307252984127029622,-0.812362563863113589962142258363
0.542380792980272687745156335752,-0.810794773521801224679444387420
0.370236268009197129100053783494,-0.810020353303414177948335454505
0.066392562220049313825181071796,-0.809209049245993395667932349442
-0.464676546127197307938329323718,-0.808453931655146084617547282854
-0.018418244393760659658373837574,-0.806223573960905853639080828428
-0.551839959960000000000000000000,-0.804379885196000000000000000000
-0.103370027212043309683691899770,-0.802876009405623745158864997666
-0.188890786270914354488494587802,-0.800697155497818363731768444691
-0.273684070746965196569359201354,-0.795336301520753672018673931227
0.280707333290146894952338048047,-0.792676401522316234405086674739
-0.365474356406932393558489221255,-0.792431198595215613291369781958
0.497631900374269861001058879678,-0.790029460274398287771880909111
0.194645560666069262291830990259,-0.789455992583214487207609649351
0.414018352069381000565155238099,-0.787704986124228055516984748022
0.109773107952981019682704207557,-0.786266697333814420864455511364
-0.507180031082891909752124024052,-0.784000151136111217119242792816
0.024858673902153499326814145313,-0.783142408951382275031913036697
-0.413448214384299673127917205765,-0.782280208193284983905401257702
0.582978506329000000000000000000,-0.782106388080000000000000000000
-0.060007005423598267957876986562,-0.779963884071399844354204968447
-0.144882817859652844326363493207,-0.776775782822319360087779528679
-0.591871615740169982010146851663,-0.775405106924953730648147371222
-0.229744825089816933738341329793,-0.773567601372769087644860195456
-0.321075710083558968009379274951,-0.771615487708866188807110548605
0.324656693459935316125776348817,-0.770070450658065235077605822576
0.238003198608870960834240015335,-0.766550778175289617587867411811
0.153130029052743028990408168194,-0.763360126053915318109922902352
0.456536545658859882359103057633,-0.763276788709361696561087116905
0.537845566121278206681344334321,-0.761968906070320738007160960587
0.372856735406741020699072315058,-0.761054377711473848620014915723
0.068238753626281666425078718784,-0.760200799579923854839761694967
-0.456509688903284933069187801779,-0.758822948606903847616296405699
-0.016654777764586677553643887770,-0.757043233758182897388983469123
-0.547067307227917522686934894841,-0.755477549277540228404079387535
-0.101521178305157681685759545792,-0.753865856080532727794567485530
0.622771471755249013222264546862,-0.750813414459264599074535932376
-0.186387250389583923511367169722,-0.750662267252398764294852088785
-0.278912373896686736147443239852,-0.746579779277809617163274830149
-0.630145474614735370449646039706,-0.744635326980091819228418738622
0.281360383531317449791262243941,-0.743644706258593263459613857699
-0.363827391936498845562216435288,-0.743422820504472637919419572500
0.196487748679342184723146149663,-0.740454564457333909928363410018
0.111613895860870378297422856649,-0.737265216591593427657056306583
0.415422888127447396359324231075,-0.736552253550788481277760053854
0.026707816582922605943253294739,-0.734129457394439181929782689336
-0.411801249496598030502087125209,-0.733271830116564627531014660157
-0.498167850226000000000000000000,-0.732914889183000000000000000000
0.577198284934434060605796731063,-0.732713186337851740674312661124
0.493775534483030560175771112092,-0.731373946729290737691894181108
-0.058169667231077559861587493846,-0.730946345674790062972252687811
-0.143028774271880203792553576201,-0.727757365349560846781181066489
-0.585307987792244018059449813274,-0.724782533965127882702615881139
-0.227902638970111617714339562259,-0.724566173175700671869329900822
0.324707729867385421981710048127,-0.720720021295151321143304622265
-0.320458247899963716288414458533,-0.720532246412758452531364801170
0.239844995960623147936578874311,-0.717548610575385638941001200621
0.154972217066015951421723327597,-0.714358697928034740830676663019
-0.666769206658475651922710680584,-0.712028029234948971425463999657
0.372965541135412630838178270087,-0.712018454386165750765889832663
0.070084298281679235334173759342,-0.711191740797934314912220387394
-0.454862724015583290443357721223,-0.709814570530183491241909808154
-0.014806918481745302979258633982,-0.708032323690476224819081861188
-0.539698400251312622188670486471,-0.706656530314682399812208337923
0.535900606764393324793330768845,-0.706273908873899980796857092022
-0.099678036397448927564879307208,-0.704839087982716824653840052309
0.639669278935034841987318105079,-0.704780841996204650753470755929
0.452661876951618074175992285534,-0.704649411570717522408567118057
-0.184544122897109663948113755422,-0.701660874454861140737510167393
-0.269418912391301341495089325059,-0.698471486814889545055332614857
0.283192342296691120127026678497,-0.694623925611943696624691965188
-0.361964839166203451052150407703,-0.694422162220833718090060609967
0.687119309960098227666126673632,-0.692410386435773228804466731488
0.198329464347296914635156052246,-0.691452744046086469843314453623
0.113456083874143300728738016052,-0.688263788465712850377810067250
-0.614789093474186787870253896347,-0.685598378713008330666898510448
0.028556277249090306023551929929,-0.685115754063604623231289160058
-0.409938696726302635992021097625,-0.684271171832925707701655697624
-0.496367262506227287114579330528,-0.683701223373399137492949864795
0.581746352849000000000000000000,-0.682009344082000000000000000000
-0.056320589387778229076422837313,-0.681933497223416792799641047005
-0.141193291184440548105911252968,-0.678742781059643286497001964539
0.408972311879608962740764140351,-0.678731128335144865678555457928
0.495873361811289201361535191640,-0.677948067729879437858658969945
-0.701708062923551967576794961137,-0.677621490060826503058456055055
-0.226059511477637358151086147959,-0.675564780378163048311987979430
-0.311221879632042620418864285703,-0.672373933358090239863974307861
0.326549319353558795986805955982,-0.671717460246411272138132520442
0.241677076018083633319741521754,-0.668527636970291937511638210347
-0.568555853569314347531917931488,-0.667010836941360780555164985701
0.156813058519118384405166342025,-0.665357219197320641449261349842
0.071926811557377600992114219146,-0.662189794604165582007687965178
-0.453000171245287895933291693639,-0.660813912246544571412550845621
-0.656205246396412202167470958030,-0.659345076212657525904719303420
-0.012962434733017916690829655967,-0.659024947820814239935255495013
0.624709256145716547006950258247,-0.658082540815164201663512105198
0.721046616128109612264281365327,-0.657005986832982289801414788848
0.539737089631607440750739804016,-0.656027597918373885711667506377
-0.097835848461766430224259305477,-0.655837197120303959603495164257
0.452218070123729719253291194303,-0.655615375936766218835551983466
-0.182708679764968242308883645505,-0.652646686982945194071479776575
-0.267575784898827081931835910759,-0.649470094017351921497990693466
0.369994194559888749594879164105,-0.648978145539092069109774966525
-0.352728470898282355182600234874,-0.646263849166165505422670116657
0.285034393823605280754120817965,-0.645620377706160323026103799140
0.672460046666000000000000000000,-0.644501579967000000000000000000
-0.524936427618966164546391479322,-0.643847284799988976405041462489
0.200161045112003443079942675301,-0.642432564775383547119004949696
0.115296608673441303092490965809,-0.639262297840271101584936987006
-0.607426936376975199489610447232,-0.637118153281106061304207624146
0.030402364730092028084760563842,-0.636108116538135787934039064242
-0.402707581439000000000000000000,-0.634572036268000000000000000000
-0.054478931845824364011176097669,-0.632930617353557172085522885949
0.582814592553271503299782966812,-0.632599786302985847165586860115
-0.139351237042294124427231698014,-0.629741103043605867177972976294
-0.710672349315801139853962271610,-0.629411789952551375350980008787
0.498205249075530129581589660611,-0.628967501003483167009835340090
-0.224224953186157966089633408305,-0.626552000622134067257482490611
0.413303753511213640256741786707,-0.625778995834063718580098629070
-0.309096336607998211265253808358,-0.623382215590424733906292576403
0.328395636434000000000000000000,-0.622716157342000000000000000000
-0.481569336358026773365103842433,-0.620959973673134410324642443315
0.243518213389000000000000000000,-0.619525395798000000000000000000
0.158644404442250300789090501491,-0.616338462710919134936289706678
-0.757445635509683915978124879538,-0.614687887152097229887484591603
-0.564021077783156503777473970601,-0.614234386654165041704469664421
0.073767758135369258233245467163,-0.613187632204091607684994233400
-0.648976313698114410345623297502,-0.610844806655720344404619638978
-0.011120248613312600666827888434,-0.610023519623745824159725200378
0.629305050022727846601556308241,-0.609262337070278908642770012116
0.730899559468233282041283384584,-0.608970030273459097945972479864
-0.095994320426352058214148490206,-0.606834523276859079660000697986
0.541571915428139756875513320411,-0.606074794340607778895947971545
-0.180868155183313364236683956900,-0.603645196349328642046607842016
0.456673710938020058203433086967,-0.602897116369100938305922609702
-0.265740931529055912316306031182,-0.600456844801865140570341342271
-0.437319248920110003781155208711,-0.599830293675822405512050716482
0.371753983981282666821646999212,-0.599737677375473604483447468220
-0.350604007313087139236613599738,-0.597273847435942367670693529378
0.286875290053000000000000000000,-0.596618686505000000000000000000
0.676331164087775631956780043778,-0.595367078490705752753476368312
0.202001763335406167887774493793,-0.593430310602596318714718508918
-0.520653986522217112596186333712,-0.591347075527310475624070645247
0.776367932708085300000662186083,-0.590608095463271053688771565094
0.117116617832153011739204609187,-0.590260040935978498995849868772
-0.605524353742367120271923052339,-0.588119032938281800340250005545
0.032243300988273350733200901540,-0.587105970568162769728568043074
-0.690484767943497800470590631185,-0.584724038013247942073174150557
-0.052636745726119047987174330135,-0.583929189156488756309992591314
0.585172394481000000000000000000,-0.583620419359000000000000000000
-0.137510712460639246355032009409,-0.580739612409989315153101041734
0.500064071815355959651863828650,-0.579966701080686060333368726343
-0.222383579931625941579345335295,-0.577549159810818007224894836267
0.415170544482096494377982321300,-0.576778498831246320706957719733
-0.787378325578692223935503606021,-0.575847602906422894743215259933
-0.394635551097123249705719679387,-0.575692448800853920208291354258
-0.307253177076424653953338696938,-0.574355751248777166068708760021
0.330240552154440910596770126208,-0.573638470624879661047128379674
0.245357257936000000000000000000,-0.570520655963000000000000000000
-0.476565168889000000000000000000,-0.569657591340000000000000000000
-0.738145871490000000000000000000,-0.569205425119000000000000000000
0.160484649375710892068693523335,-0.567336961574352316845390046610
-0.562156282098491979133654154391,-0.565230163823366569522469472434
0.075590768251456329004819132763,-0.564180596316634327081776605105
0.713332352312642587046885702702,-0.563188736628514445459532598906
-0.647113760745400357914760244887,-0.561844148379015298633840758064
-0.009279724031657722594628199829,-0.561022028990129272134853265819
0.628309402150135888200893996744,-0.560236402093310956394495289119
-0.094153795844697180141948801601,-0.557833032643242527635128763426
0.543424497594486151218867495635,-0.557066764589406691268318357306
-0.179025738514777315150830585752,-0.554642941611277770097602877859
0.458537958851286327144305101569,-0.553887675846843163859199834670
-0.263896379141928153976539709782,-0.551448946846606037945853890058
0.805066641860549861291463292357,-0.550847339584712439906572013583
0.373642764822859799149138068360,-0.550702127695178067349204384759
-0.348768482069768933253684495457,-0.548259524196544307117832923153
0.288718268607282196973770758645,-0.547553348733628331572350974424
-0.433459595200091628643076707679,-0.545738697540905646717403795008
0.203840254037000000000000000000,-0.544425691189000000000000000000
-0.518634017804427075678497071656,-0.542352653993515057055622387229
0.118957108617000000000000000000,-0.541258481478000000000000000000
0.756902812535000000000000000000,-0.540673005503000000000000000000
-0.603661800789653067841059999723,-0.539118374661576754569471124631
0.034067479664177141535259681643,-0.538097074316152557003590123456
0.671667467666380912223082771923,-0.537331996647113180396463433520
-0.689679421498632850288199589017,-0.535694607747785648747935599560
-0.050796221144464169914974641530,-0.534927698522872204285120656754
0.586781465233611639707957177987,-0.534160281398137200671559354528
-0.135668768605984772679184430049,-0.531736277065553645403832284993
0.501909392229567303380771752680,-0.530965390816357603133831580196
-0.220538936453730561381372021929,-0.528543362842006904901124995166
0.417031255044689071265622402137,-0.527777770558552832532461793895
-0.795235659718142816780313664366,-0.527445165826528758974970532454
-0.305411558842167803543081887733,-0.525352520472313019403058834571
0.332114960204334253951104169604,-0.524625796307928538481770985610
-0.390379345246314141033389424714,-0.522315937691303351872084991881
0.247188376444413575495542011102,-0.521480342156085533846392201800
-0.736174916626183038098404686433,-0.520115694181813107357472148115
-0.474985558263077556100282376700,-0.519659433618325029699329030698
0.162307684121174644764951480063,-0.518334817137920573561686812888
-0.560136313380701942215964892335,-0.516235742289571150954021214417
0.077431135400060197209639784942,-0.515178671175027431841005995036
0.715172635749480299381313804344,-0.514187236937952042032514644162
-0.645093792027610320997070982830,-0.512849726845219880065392500046
-0.007449393130540026614072442213,-0.512002033512160570588977277941
0.630152638038328952897042908897,-0.511235013373065856946267466716
0.831731007987668388984247867384,-0.509694633791641425492223193897
-0.092311006974970227041676759613,-0.508830645576240470752626868332
0.545267746098088067391744410125,-0.508061531646684536022726711823
-0.177182019841461571005445257959,-0.505636783068307824880895497904
0.460390361174484757288201754604,-0.504875092326321547960168502145
-0.262054041476790603187840908232,-0.502446817668816231636789341010
0.375503518769601118140797599844,-0.501701330331427683823180227714
-0.836769972015503350062508436929,-0.501379201101673242492330557509
-0.346917558827497506901814126941,-0.499241496358542659558137827533
0.290585083623101599538858869936,-0.498552764911489994064073403750
-0.431904782575000433575935124898,-0.496235836661716952555905313464
0.205658539230738634641926321453,-0.495407248053970484596432341379
-0.516377859004328849665091214078,-0.493368540624782681129573806762
0.120780377044201906827594825841,-0.492256336209366546033356703037
0.762496374107000000000000000000,-0.491945962119000000000000000000
-0.601641832071863030923370737667,-0.490123953127781336001022866613
0.035907583791717612808969071039,-0.489095567891840507470253660969
0.673509314173005187531400654903,-0.488327978436067075148836367143
-0.686609871305123289498054017174,-0.486754731607141279938141729889
-0.048964075664531009465429664121,-0.485904816243761424884951393560
0.588625952301417940711291679148,-0.485156900198222895428554821548
-0.770751044884455273176286575179,-0.484959435851653024910838445495
-0.133824445152367942868937633516,-0.482731448926851732238922823133
0.503753245278189649770392209019,-0.481964025315106797477283584285
-0.218697084162253755706347739322,-0.479540173144937044628642569608
0.418876568203432237096935706153,-0.478776460020994187958830141377
-0.303560010560000100411263535573,-0.476335744433199433081408201918
0.333975670767173429286238160620,-0.475625068035244414419854117095
-0.388538730192763255938814492632,-0.473314450455947643603721405043
0.249055213418900362125911797246,-0.472479723357534598040066312035
-0.473297611796610924951011885483,-0.469945775724498203996687809858
0.164129656807487695543258545631,-0.469332633201054905057443455430
0.805513030439687171078571784046,-0.468256109827271757008690970796
0.856293652236019985039663972668,-0.467253967885213816777783573609
-0.557880154580603716202559034756,-0.467251628920838775027972633950
0.079256471128900766653073319187,-0.466173796981191204872445605282
0.720367511386387390619763241031,-0.465427141755834568192885812150
-0.643233139258303875603529649049,-0.463848996377969100551002963510
-0.005606917122153892085559470512,-0.462998061709750071453745689167
0.631990144801750071221403543588,-0.462233409481494428226212443503
-0.728143423183941862396163632582,-0.460687555247175232890057497803
-0.090477617143438196751342192487,-0.459805783906696914426645215239
0.547111310042221850081358573770,-0.459059618861979139990434673452
-0.812285357181815806458481347741,-0.458893471126797508428198470551
-0.861312078447704221884424650699,-0.457937324187791191242548849311
-0.175339509473160127569840114879,-0.456634839003480951986669894836
0.462235247852502394797518700012,-0.455872082021961439842842642037
-0.260202882814200832156128047842,-0.453428828995006447987805566933
0.377349932333382610515500023422,-0.452698267438524170577105560912
-0.345070729968218720910655877282,-0.450232223803517534130707988188
0.292445794185940774873992860952,-0.449552036638805870002156535235
-0.429940815393836652603012301681,-0.447038968423163815322136087737
0.207525363993610419868054663231,-0.446406648706377109476959621322
-0.514799907372885791488479706162,-0.443828864020554297895086637046
0.122604983142488173185780668959,-0.443251316285159310717366634243
0.763746924186371078561090050967,-0.442563192836614644510828227132
-0.599385673271764804909964880089,-0.441139839759048960074974286146
0.037741970215029261758544777635,-0.440076290799100768855937633480
0.675346820936426305855761289594,-0.439326374544495646428781343930
-0.684757545631417625721722714585,-0.437753685652482134519810964552
-0.047120640227947244440107414073,-0.436899318273568978556851210990
0.590466696111970838781368729122,-0.436150142355626973238167287856
-0.769677735481302395678358405144,-0.434621590522319716407417522858
-0.131992577704249396386707435088,-0.433709008920381513660691275469
0.505596479813192968137363348166,-0.432962636543960140904786470105
-0.216845105544211419559333093054,-0.430523172839890048438527907292
0.420720420890899184995860235269,-0.429775094506153609641609291586
-0.301713548950190817923099507950,-0.427325223650179830232536789995
0.335820984036861951849289165763,-0.426623757501863799588606051985
-0.386583838477778867395141956321,-0.424132502791108771325262131454
0.878692506645745811680949419069,-0.423632586245197043561214831532
0.250915923981739537461045788262,-0.423478995084850473978149443520
-0.471443110970111519140480122359,-0.420922056719219909220534914924
0.165996418023360815120247351101,-0.420332135064658388895319974220
0.810242212096177835046763282348,-0.419448646710326221987899491687
-0.556305426064046880195885551494,-0.417717074858764482942088289242
0.081090482228616668291252127407,-0.417153810103068874700858662441
0.718703497071102540490119035599,-0.416419339607496864631350244356
-0.640793666983783596844881255753,-0.414873670038332185387535978200
-0.883236406244753718990852968095,-0.414075524570132897006951209224
-0.003771752890764090596003165925,-0.413977547362919675959043155304
0.633830408688269575434604431167,-0.413231909056710916598496231769
-0.726291097510236198619832329994,-0.411686509292516087471726732466
-0.088635543595569655740561324340,-0.410802452304087893863267831163
0.548951865882941956837373503518,-0.410053160037607974152519084508
-0.819117522569000000000000000000,-0.408391788053000000000000000000
-0.173498172282036970238500271461,-0.407597340383185019708655780830
0.464078565588955279478289184366,-0.406870560859551122536909402706
-0.258355624965624508459996434397,-0.404419334186991251143134986216
0.379194514962747808096855044141,-0.403695739608104293163896522676
-0.343226921814505419393197530493,-0.401225923113949464765452556438
0.294291107455629297437043866095,-0.400550726105425255170908470124
-0.428086134054053733932609776999,-0.398015591087164865223660958641
0.209386074556449595203188654247,-0.397405920433692985415042752807
-0.512948629661272607847885967692,-0.394810267557430094267536567120
0.124471744358361292762769474429,-0.394250818148762794555243153033
0.762082909871086228431445845535,-0.393555390688276940949292659338
-0.597713419776065672130801927158,-0.391450905138047708254649981296
0.039576759122823315936704183846,-0.391055066666887781803964184265
0.677187084822945810068962177173,-0.390324874119712134801065132196
-0.682309807199901028866456348298,-0.388778771751353495461006501272
-0.045286627541524409848198956356,-0.387880635710700273892947594437
0.592308541585073539901666136961,-0.387146124281921920308918660590
-0.767825409807596731902027102556,-0.385620544567660570989086757521
-0.130141087659650971332589301091,-0.384690703473404591480256933784
0.507434058923610407698301385858,-0.383960911903195389742037706816
0.853204466321541431408250736059,-0.381741138245828270119290099141
-0.215008796974306093699445044217,-0.381493669133537711136258087388
0.422563655404556114163751112612,-0.380773705734203988040407149206
-0.299869347046882241043248334146,-0.378320589121142190419891587680
0.337664836909037953069053847169,-0.377622391993973564345902801204
-0.384729217390780285930665351171,-0.375109011410005558663851383625
0.252761237251428060024096793405,-0.374477684551469859146901378410
-0.856532737129033420916232429418,-0.372948311306769033940311970590
0.901508724584822688321329160716,-0.372621938245220166481442701712
-0.469591652745214822640015622332,-0.371903801925375050270662610837
0.167857128586199990455381342117,-0.371331406791974264833403105704
0.805439586005762463065803591541,-0.370648355751278159151861559765
-0.554356623373291399782802343356,-0.368544097836713319580098259174
0.082957243444489787868240932877,-0.368153311966672358538735181231
0.720543760957622044703319923178,-0.367417839182713353003634032623
-0.639229559992183104152377019703,-0.365356006851069018328120504367
-0.001938071075478120707427646321,-0.364958084299987856265449646063
-0.904831761920414760851713379723,-0.364478493170963681626170996501
0.635670672574789079647805318746,-0.364230408631927404970780020036
-0.723843359078719601764565963706,-0.362711595391387448412922269185
-0.086792132462287584284131287065,-0.361768824660438163546885173030
0.550792128844185159918577475287,-0.361051659578075483032483173588
-0.809360829716790309899011044339,-0.359556344828956674114517480243
-0.171651820058248308491574698857,-0.358587203501482667139384131105
0.465919040954083863287195225443,-0.357864228243351278146703847567
-0.256522519055563826282696943966,-0.355394924067688650413014688852
0.381037986516760704545417923767,-0.354693973402884579164777810955
-0.341371642623157107580716154824,-0.352203677417198284318290414868
0.296134960327805298656808547501,-0.351549360597535019928205219344
-0.426234736081941374638071196504,-0.348997222248215743710853035822
0.211231387826138117766239659390,-0.348404609900312370583794687696
-0.510999646457233614574931997996,-0.345637632204658275583224302891
0.126332454921200468097903465445,-0.345250089876078670493326284518
0.763923173757605732644646733114,-0.344553890263493429321576447605
-0.595872763589408831804377435901,-0.342449199549734629653568782246
0.041443520338696435513692989316,-0.342054568530491265641840703055
0.679027348709465314282163064752,-0.341323373694928623173348920463
-0.680763111871001677050486635111,-0.339288830491102971280036272281
-0.043443591282141360448945448452,-0.338846297547137027314761608791
0.594148805471593044114867024540,-0.338144623857138408681202448856
-0.765377671376080135046760736268,-0.336645630666531931930282294241
-0.128302932717700439485333398940,-0.335665432597196601443282174251
0.869485167193171651381426297767,-0.335486707169653681235077435143
0.509275717088760088490452695778,-0.334957193306352478498810592131
-0.213165542139506041074826598606,-0.332488458435633606416140732569
0.424400916146804768124999935959,-0.331771266843279827270889529882
-0.298024814631838692820164764645,-0.329278012363744744311413516039
0.339508071501737118154657699980,-0.328621003224997192770050968084
-0.873347171853682499239775993835,-0.326885219791515720291577904432
0.919175076156000000000000000000,-0.326533254646000000000000000000
-0.382877161314318196288122000157,-0.326091888255408469365292067064
0.254605090123604061243861474811,-0.325476319043579623904198127629
0.821720286877392683038979153248,-0.324393924675103570267648895767
-0.467642729793960166572987572168,-0.322731052527498969023414727876
0.169702441855888513018432347261,-0.322330096258593650002155040594
-0.552515716063537343276991660880,-0.319542621580084268675929573850
0.084817954007328963203374923893,-0.319152583693988234476818312716
-0.922005965907629160338074032610,-0.318530579173240721882961785197
0.722384024844141548916520810757,-0.318416338757929841375917820890
-0.637421497678456379410668983204,-0.316353307683352065881894917662
-0.000071309859605001130438840851,-0.315957586163591340103326164853
0.637510936461308583861006206325,-0.315228908207143893343063808303
-0.722303809752387725611738027573,-0.313211124913794477393727756642
-0.084954420714231121075165692642,-0.312742951882030475259986241121
0.552632393223436313693710166113,-0.312050158369353678850917336696
-0.806913091285273713043744678051,-0.310581430927828035055713016962
-0.169816654798958172068585298689,-0.309566687531347540720038775715
0.467759304840603347325892278917,-0.308862727818567765761328982272
-0.254667837715780907612294419284,-0.306371546731689700314539559756
0.382874740580936993262274412819,-0.305692341291700584163544264444
-0.339530333322999781527570609977,-0.303166223201954929358415168235
0.297978194920504463742412400312,-0.302547971828558648352353386224
-0.424285155026336988223038375821,-0.299825718534691694677853759118
0.213075240698314118986004340796,-0.299403244392422135341091436916
-0.509158799400263895275047235051,-0.296636041902924962116119998834
0.128177768190888990660954470588,-0.296248779342698055662078219408
0.765763437644125236857847620693,-0.295552389838709917693860235872
-0.594031856279654775298566753424,-0.293447723293105578749400096921
0.043304230901535610848826980333,-0.293053840257807141579923834539
0.680868094327054084073752118142,-0.292321106849543737032785593956
-0.678956658011350582092130310346,-0.290286072002370541521371238235
-0.041576830066268240871956642982,-0.289845799410740511152638127580
0.595989069358112548328067912119,-0.289143123432354897053486237123
0.883114495270354073544957669356,-0.288382832263053763165815071796
-0.763852975643725350041707238009,-0.287121676965167460048506187870
-0.126468142795488853658417592391,-0.286644206816181414536742842585
0.511115980975279572529149749252,-0.285955692881568966113435726836
-0.848505044167816032329993275656,-0.284607538834642112242075441882
-0.211318950375233038606053119367,-0.283449775827403634618437602902
0.426242376739046655467226713949,-0.282769083073874493931183473167
-0.296173356406941996319700264617,-0.280259757569899885361541211952
0.934445853844000000000000000000,-0.279902777385000000000000000000
0.341344825565913406871514189032,-0.279619371113813197768817421573
-0.380938327035018573462486985641,-0.276900053481238154670976860289
0.810968380742807889298695610126,-0.276551160023328225561407324956
0.256448324716303226329465327622,-0.276474930274603252328346294509
-0.465800543530086925465447819554,-0.273729624335850480190307340560
0.171546294728064514238197028666,-0.273328730750703414759451789813
-0.936852195636757231544114795092,-0.271795976597825143854336184997
-0.550674941345901482992069915086,-0.270541140342360452700871017174
0.086663267277017485766425929037,-0.270151273160607619645570247606
0.724261598298174279417569758971,-0.269416253727628127181965665433
-0.635548144896509641488580821070,-0.267353061108396354145281191287
0.001789400703234174204695150165,-0.266956857890907216041409296338
0.639351200367111055413354451417,-0.266227407783084558491522371944
-0.720499660613571362937493050941,-0.264208281517344565692426440564
-0.083087659498358001498176887172,-0.263742453745633959097862759911
0.554472657109955817906911053692,-0.263048657944570167223201124963
-0.805451965249380127977711253137,-0.261134794678886801259434888949
-0.167970438371763720195885413070,-0.260527295112237508435141669772
0.469599568727122842107992890825,-0.259861227393784236283150614676
-0.889764940625760652996374070697,-0.258109339663155467864034107587
-0.252824469066394127313458964700,-0.257337986665613819665439255098
0.384715754343691610721980069929,-0.256690869034456775650025968982
-0.337581350118960788254616640281,-0.253993587849183110674102904006
0.299814948984680752459268889364,-0.253546339717374653351119839713
-0.422453715538768510704896429375,-0.250803959282396940183430441731
0.214918475291013284071608193607,-0.250401855623445763765239603796
0.852330893397549442130050770078,-0.250213427358225266081958617341
-0.507316613136390654167507482438,-0.247634613711276473283012611518
0.130021621063064991880719151993,-0.247247413834807820419374968627
0.767641011098157967358896568906,-0.246552304808408203499908080415
-0.592191360232950880226044392340,-0.244446231587707937101364841003
0.045147465494234775934430833143,-0.244052451488830770004072001419
0.682745708219739857395566793740,-0.243320957483909473792023576386
0.900778368628867590001755614535,-0.242638748568804481966909557594
-0.677081698123109638996992427513,-0.241285886895887790078568034482
-0.039712445968608344154631869203,-0.240839232848056160067479379409
0.597829333263915019880416157212,-0.240141623008295562201944800764
-0.762164088274831125473139043683,-0.238098012740247957627139411561
-0.124601381579615734081428786921,-0.237643708679784898374619361374
0.512956244861799076742350636831,-0.236954192456785454485719515103
-0.846777088167754159185128145018,-0.234517430963333158035214727551
-0.209475957062924808903291258402,-0.234415505950447693482143321969
0.428083051641551526628015410136,-0.233766928703542500143268070337
-0.294232462778412919248375340364,-0.231071816944897044978000947152
0.343185839328668024331219846142,-0.230617898856569389255299126111
0.948063653542953021445053204269,-0.229652777459724835877892710580
-0.379096738622710725497026084014,-0.227897493650341896186556485448
0.258284883914172395797807895078,-0.227473290859530528722958964631
-0.463969785145072239406956092259,-0.224708948657822933276135712690
0.173389529320763679323800881477,-0.224327341981727043183599956694
-0.949336212279000000000000000000,-0.224321881253000000000000000000
0.811050979562850485006334160425,-0.223746422827075236788606713936
-0.548832751382325217285612506523,-0.221539712289800745509889137801
0.088506501869716650852029781848,-0.221149884391631248069718414486
0.726150544103291909385982232130,-0.220416605781980445723898946315
-0.633710799617536658276597804096,-0.218351451161600501633120041226
0.003645618822392257575103813775,-0.217934826445979714030142084491
0.641228773824515408427658248350,-0.217227322752912037316922813869
-0.718608966170685914482728189314,-0.215208701013265465720875617700
-0.081226946197858662323025751861,-0.214741725576907411110504249846
0.556312921015758289459259298785,-0.214047157520510832371659688604
-0.166110038571766950448402358676,-0.211525972786349753096292789336
-0.803526205814744820118228132987,-0.211411267483901271206119871335
0.471439832623910985475765530054,-0.210859726952663273467474557858
-0.902295982238984910145493538220,-0.210463492838870229521955467681
-0.250883950774943600838207634066,-0.208149336229730918794705014022
0.386556018575381130570555941237,-0.207689368622636213495935970364
-0.335747851282162856490784784097,-0.204975722746055830490454528594
0.301655962747435369918974546474,-0.204544867460130844837601544251
-0.420612808229014454199085746898,-0.201802483025767889279261756407
0.216754324906381229831203988420,-0.201400189618687926483107519092
0.858119140435000000000000000000,-0.201061443804000000000000000000
-0.505485923391006802525061116344,-0.198614047236347205503012238972
0.131864855655764156966323004804,-0.198246025065831448843523135507
0.769594426711096121966194057078,-0.197555184663493400610321703767
-0.590348891604366195770011115892,-0.195444814012246226656367227453
0.047006347758825415299148603070,-0.195029570001785864290894911300
0.911121186017944160300727789123,-0.194705881520104986730783758588
0.684634654024857487363979266899,-0.194321309538261792333956857268
-0.675244352844136655785009410540,-0.192284276949091937566406884421
-0.037868881406858060593290068882,-0.191837319174830965073166954927
0.599706906721319372894719954144,-0.191141537978123041027345242689
-0.759974934778387869788247021257,-0.188876396590775152682526317442
-0.122740668279116394906277651610,-0.188642980511058350387260851310
0.514796508767601548294698881924,-0.187952692032726119634178078744
-0.845162171548433739265602314572,-0.185507986369819049868159931592
-0.207514043600672036004723869411,-0.185253516056563539086636039776
0.429923888075578915628164977055,-0.184764517367149245063183027892
-0.292399339278693538080617077800,-0.182053242030889704307158595465
0.958406470932029591744025378857,-0.181719910411025340641766911574
0.345026103560357544179795717450,-0.181616398444748827101209127493
-0.377263920888466585192844446981,-0.178880712121481823583159799553
0.260126092532353640355288474411,-0.178471825923506201194451263751
-0.959412487686931319532944617100,-0.176331275154553335106321674095
-0.462128877835318182901145409782,-0.175707472401193882371967027365
0.175214275501582310286672433214,-0.175325261246030988852041819547
0.813004395175788639613631648597,-0.174749302682160433899020337288
-0.547002063613047781009459725713,-0.172519148958792686649490328625
0.090365695776843076057799846934,-0.172124131099355101504442464534
0.728103959716230063993279720302,-0.171419485637065642834312569667
-0.631865180423777424213367773994,-0.169350152149801701606759629301
0.005490933997531401484060456607,-0.168933515984355448079728359720
0.643117719629633038396070721509,-0.168227674807264355858856094751
-0.716619677629054136744750811641,-0.165966676108690855346579912287
-0.079382753421423881382778281553,-0.165738290287325279215191939061
0.558190494473162642473563095717,-0.165047072490338311197060130529
-0.888880197956999218376708998096,-0.163298353730082347161417804120
-0.801911289195424400198702302540,-0.162401822890387163039065075376
-0.164120116633434110238470608638,-0.162331863679109930385635852097
0.473280564219269478447098328925,-0.161857482447212091229886548779
-0.249023875318469766598096001080,-0.159148583844197998302787002343
0.388396282989481681092805767565,-0.158687868217666145899228178676
-0.333915408884997266782676740684,-0.155958231406315697399863866423
0.303496226979124889767550417783,-0.155543367048310282683511545632
-0.418779990494770313894904109865,-0.152785701496907816675865070511
0.218559942033578861277703243070,-0.152397400291527609071780661901
0.856400600092605689499046165538,-0.151917241586637098610031974372
-0.503645016081252746019250433867,-0.149612570979718154598843553648
0.133715444804350798234179763725,-0.149202844324647123985292246323
0.771519384240023077860752071202,-0.148556938229933005601911114992
-0.588518379411903361819167687142,-0.146424436084887168566834267445
0.905083517037140661283266058319,-0.146042957560170871623146254870
0.048850735383222554378305902914,-0.146027355847071420912072104275
0.686588069637795641971276755071,-0.145324189393346989444370480620
-0.673260604910211750835457475581,-0.143064177816709159625017715476
-0.036023566231718916684333426051,-0.142836008713206699122753230157
0.601595852526437002863132427303,-0.142141890032475359569278523571
-0.758360018159067449868721190810,-0.139866951997261044515471521483
-0.120761415849951882842681326724,-0.139425937472002744899445895271
0.516674082225005901309002678856,-0.138952607002553598459578520669
-0.930222875506824483216556107820,-0.136929496567450884770207513501
-0.843618173251326730332995109791,-0.136496256301287320901974668801
-0.205646041329222010767181664229,-0.136252538664611585396030184482
0.431764951857789641576289581062,-0.135761744379408201199949280147
0.966327467047924154085661882517,-0.133327850777402906878366954743
-0.290539263822219703840505444813,-0.133052489645356783815240583785
0.346866367974458094702045543778,-0.132614898039778759504501335805
-0.375431478491300995484736403568,-0.129863220781741690492569137381
0.261904822468792349615389198657,-0.129468053263992492213743386068
-0.460296128740704877013009133950,-0.126690800075432088902741596794
0.177061248399111459198353129363,-0.126274765629520385267832374695
0.814929352704715595508189662720,-0.125751056248600038890609748514
-0.545161156303293724503649043236,-0.123517672702163635745321643300
0.092200351968952102135849009024,-0.123106279762998125338810153305
0.730028917245157019887837734426,-0.122421239203505247825901980893
-0.629913821603500380071689882040,-0.120138428275786948310463271014
0.007334788155170161275960082017,-0.119932150524835396040673865920
0.645071135242571193003368209681,-0.119230554662349552969269718102
-0.715004761009733716825224981195,-0.116957231515176747179525116328
-0.077394157166471982263063449721,-0.116510967008369572449093793058
0.560079440278280272441975568876,-0.116047424544690629738993411411
-0.800345390126337282552694884255,-0.113390787651805243858937195147
-0.162277194011056260011767335777,-0.113330463176062933404210138885
-0.886805353833581190235514326823,-0.113271247185942933788445736783
0.475158137676673831461402125858,-0.112857397417039570055286990703
-0.247156196430916707464353622539,-0.110148120676743396081705188985
0.390236547692424054600204902235,-0.109686367823543610837732749232
-0.969528297886615347784386015251,-0.107610264200311359168489943446
-0.332055333428523432542565107697,-0.106957479020782776907945854743
0.305249691042923906716977733621,-0.106538683814673806312426852390
-0.416947616737235558602841427652,-0.103768319360265962719445663664
0.220406366424630965599855832113,-0.103345041167320101852679316250
0.925813704387859180211000124096,-0.101604315057769918390905272546
0.875915656651000000000000000000,-0.100951348416000000000000000000
-0.501812268962745855497407743319,-0.100595901797877570049219686446
0.135546018588171030468895846487,-0.100178418973390725488662050788
0.773421233559260752115313366285,-0.099557789418764849390505828866
-0.586556801049915946292041940236,-0.097232045240306564975556038532
0.050684208213510014902174956529,-0.097011387106971476589207230663
0.688513027166722597865834769194,-0.096325942959786594435959891846
-0.671645688290891330915931645134,-0.094054733223195051457962919516
-0.034032974987854999537936654545,-0.093602665387547663472105250530
0.603548793936326905479257672928,-0.093144750984347010909608989686
-0.756794119089980332222713772525,-0.090855916758679125335343641254
-0.118915665884786906128725866771,-0.090424611785629383948856350174
0.518563028030123531277415152015,-0.089952959056905917001511801551
-0.841931149059326118878331541343,-0.087406979828096538203729328685
-0.203798184686597693912196490930,-0.087243283405652950627724416950
0.433642525315193994590593377994,-0.086761659349235680025349722072
0.971806626127513145431730494054,-0.084598881664229128816691250806
-0.926378962147627630839292214532,-0.084315019184724940649841821384
-0.288671584934666644706763066273,-0.084052026477902181594158770427
0.348594561061185481560158498436,-0.083609317095287608539299098387
-0.373571403034827161244624770581,-0.080862468396208770000651125702
0.263751234998762522701444367077,-0.080415671718001415951362782572
-0.458463756959276537087240037021,-0.077673421082711443865923753316
0.178890899178038330049265369986,-0.077249072238208068725023310592
0.816831202023953269762750957804,-0.076751907437431882679204462387
-0.543207913709368077285800640319,-0.074310274336020499279454081678
0.094029874832728943235221793992,-0.074083526317364076739059128146
0.731916581239039603384087870516,-0.073421541860579895885952438062
-0.628295173062046068125238230400,-0.071129106795569183824970225612
0.009316445070484854088278219966,-0.070681901969683744020638615272
0.646996092771498148897926223805,-0.070232308228789157960859129328
-0.713330427284438707061529670320,-0.067949780840524976675249610715
-0.075550065159624231472822294326,-0.067509278510385297129323942862
0.562032381688170175058100814501,-0.067050285496562281079323877526
-0.798400095418446842614519359858,-0.064393344416963489627241681097
-0.160431463449344264007294411791,-0.064329168359031324062005403740
0.477047083481791461429814599017,-0.063857749471391888597220271585
-0.245313278252778139956737650762,-0.061146720006550580007338239925
-0.883309545435368580372582895173,-0.060872345294618732348866123586
0.391939404400721184363871543837,-0.060679899943445436952708206888
-0.973720631356000000000000000000,-0.058502323957000000000000000000
-0.330187654540970373408822729157,-0.057957015853328174686864041385
0.307096105017024097544625131892,-0.057486304998615218178235028569
0.909214322675322745824992582350,-0.055463290558810236839471609527
-0.415087541280761724362729794666,-0.054767566974733042227527651984
0.222235767752169887150853904950,-0.054319702788889382823706776914
0.860203994903332194402755041133,-0.053875403052045915396923272050
-0.499859401705898758875632934021,-0.051387793620854373096158148548
0.137374755422596242815591317491,-0.051154179582181419975420387949
0.775295996051419850666376478502,-0.050557596759448907195635815643
-0.584933317233674140065535731286,-0.048222883695239427576205272807
0.052662111689703782421325057429,-0.047754041180076344170490512755
0.690400691160605181362084905285,-0.047326245616861242496010349015
-0.669834388160387230810881750770,-0.045052153628960194778421709806
-0.032199472346521089010471375889,-0.044586649219874457628692949836
0.605465665848138126152610908500,-0.044146187565346696946880505354
-0.754848824382089892284538248127,-0.041858473523837371103648127204
-0.117068515297569748164683782877,-0.041418055595484998283398390445
0.520515969440013433893540397640,-0.040955820008777568341842267666
-0.201948997889278494613488507429,-0.038236488368640118681314990489
-0.839840765903172459150598175238,-0.038178759834550636229058732331
0.435285660019452536044592086309,-0.037753152706044156058159707461
0.974830102746730101972830671872,-0.035656137521862786180847244760
-0.930434053134000000000000000000,-0.035439646220000000000000000000
-0.286828666756528077199147094495,-0.035050625807709365519791821367
0.350440948356559800348338177294,-0.034556887846773046591644137070
-0.371703724147274102110882392041,-0.031862005228754167779569312344
0.265580637770431461994034669765,-0.031390336069503185050579022911
-0.456493511307266278817084149859,-0.028498207233462358428442818169
0.180719623996727799917179852454,-0.028224810132862734074103854271
0.818705964516112368313814070020,-0.027751714778115940484334449164
-0.541564265067725255419196835503,-0.025301784926583359929191219501
0.096006992279571082001694580928,-0.024824694444893687406851772559
0.733799799961905791086032376170,-0.024421673470002225007911225356
-0.626461515530083222405925299516,-0.022127358713408252955202414057
0.011146401367414247636199060426,-0.021658458958408464453971240076
0.648878743426673133943647291335,-0.021232418008885034784582688152
-0.711348363388547126439762549792,-0.018953811233171662959287433393
-0.073717169442745435649341404697,-0.018494228042868844293091209117
0.563949253599981395731454050073,-0.018051722077561967116595393193
-0.796424519064210248796767498704,-0.015384832453109972824134233810
-0.158586634338701688155150225964,-0.015326305820154023347745668804
0.478643165671729267294155769501,-0.014847687885070148095774679013
-0.243467548392122863805285102074,-0.012145425163112289534176577260
-0.887190489380000000000000000000,-0.011989875538000000000000000000
0.931816980802456702439251440133,-0.011947161817388489800929729932
0.393787203975291152029058719765,-0.011630140609371765697095637643
-0.975430651943000000000000000000,-0.009457257409000000000000000000
-0.328344736362831805901206757379,-0.008955615183135358612497092325
0.308925481109967164797747715166,-0.008460918917661013463988131412
-0.413124078940861595654227914125,-0.005615332604868676752700403986
0.224064494014989374760360617270,-0.005295443413476536300976100268
0.876642591928000000000000000000,-0.005120686542000000000000000000
-0.498212548534200805718112063606,-0.002379411789957783767888401198
0.139351860853702639103283115892,-0.001895324995575001505535238880
0.777182602545177511025710284514,-0.001557858688824509538361249472
-0.583103465203260728806631158751,0.000779006641755516331512414267
0.054491559292544331113771092634,0.001271328986881845270747385430
0.692234963850371814662591687412,0.001675479442075844085394361408
-0.667989548263049881462149404631,0.003949174728598428241345335203
-0.030371075673496479549899451614,0.004434312362582665358563772125
0.607347589801964884143350391906,0.004853730570136954120403052165
-0.752866760486198311662771127600,0.007137496083515942612314050118
-0.115235278274873068261907747115,0.007597537977385361710833505448
0.522000690000689394243027173187,0.008057741582977754771088207357
-0.843706607128694735638744965042,0.010704661554209980723825847654
-0.200101142769186740977974561170,0.010771188404910420897633193038
0.437144709627567883278622402958,0.011275324211602242265289390806
0.975390256806913891710634973737,0.013376707005871337072678055082
-0.932129413560000000000000000000,0.013577931008000000000000000000
-0.284982936895872801047694545808,0.013950669035728924953369841298
0.352271736728698516478468257638,0.014465828319740267430560368015
-0.369766165967220732641428065296,0.017289361185319217330255235014
0.267409337354525077564073662671,0.017633973738365635285614791231
-0.454838193238884818006410753671,0.020509889415403494160254027366
0.182696730871964213946463880707,0.021034041723811196267592515123
0.820592779372708718845657616282,0.021248015269599769705026328625
-0.539738262351444221160703018737,0.023700249001940676652323341424
0.097836427866675888215359627598,0.024200698436200531172063919109
0.735592120974579558968596783570,0.024581603975895356714402582239
-0.624620748919582686851530105150,0.026874122828865067485263750498
0.012974375416307224109396675227,0.027364566770621986698011937884
0.650717805985038101170350554356,0.027769127517337978854832997489
-0.709508840538768697792121016251,0.030047717015825118608467164847
-0.071889190717175608235187217857,0.030526068498801464603009992713
0.565357728959257559557051613191,0.030964089781616683260289100236
0.911623750669997219581056574330,0.032738037878591575468174162149
-0.800160255357000000000000000000,0.033509487429000000000000000000
-0.156749138494076988337467648905,0.033696063314125841887246817593
0.480502233956528010227493806643,0.034180753679650145132152277175
-0.241623659574548173285034890907,0.036855938992189647843705983665
-0.888900430609000000000000000000,0.037019546421000000000000000000
0.395629242380975247728031940830,0.037371293140714275392945396464
-0.974672746824000000000000000000,0.039590121436000000000000000000
-0.326406944022078095321620358066,0.040191576959430412961009775969
0.310755592973256429244794205143,0.040560720975766916180163290658
-0.411468644019297601005236175525,0.043392760096975505014993803692
0.226041574211499916750176926108,0.043963458875653367854183406621
0.863946112963571802346970875591,0.044199995729976644194167511410
-0.496375428079870113852953487392,0.046622206586258795365669986373
0.141181297884937463058540392413,0.047130065155586728945191673111
0.778971539294999839254147406994,0.047445542421274181914443728858
-0.581263591843380573332104712198,0.049780521731308511183329734862
0.056319452983387651286565389497,0.050294268747533938787214888225
0.694077850041923654588769107395,0.050679475996083661873563248012
-0.666148801159869571886985949942,0.052950657003670677732112827483
-0.028543802254703457548362580497,0.053456223251774665537072416679
0.608714621142786135027229512442,0.053870715793274647558596923194
-0.751103827097563055110847089648,0.056141839573856893742129352607
-0.113392329569738792143524985815,0.056641640107268066637920479515
0.523865558128234222846573204441,0.057097083769701223610203546303
-0.842300953107962311299921588764,0.059720554403632659687016812182
-0.198270093468993678359563279945,0.059783299906433343521429489798
0.438986748033251978977595624023,0.060276757961688283355330424912
0.973485672840765036669620340618,0.062375749598232009014762076877
-0.931368110790000000000000000000,0.062618646197000000000000000000
-0.283048576605368191031486833081,0.063095410481565423494129912261
0.354112474730901491954363225258,0.063467366721176070668724112927
-0.368104996355838600419867712814,0.066297259840273880433927766636
0.269387829830231268430897468580,0.066890206113054648748731906048
-0.453003981456279216796869594554,0.069511616754229391144434885930
0.184526141224473165862253437815,0.070059482307428900531782564610
0.822381507982932827927088272979,0.070251423977678968676709037893
-0.537903509055851966652206166492,0.072701956068086850886112552769
0.099664323001649226129746154312,0.073223635466920136560342642228
0.737481078610527951596057875502,0.073581251465460817882758035000
-0.622786983939333234220204391846,0.075875866890166571999223558125
0.014801407384030100467671723206,0.076386135385659959416808998261
0.652066611374686605140257418881,0.076786617651706769163124400189
-0.707735782044963977734519611380,0.079051695207698821615214185359
0.927340335737393314210332144292,0.079187177470960653460247021775
-0.070029645046192915472224247684,0.079599261769359202855066385566
0.567231408286504510796119983153,0.080017927234889554662147604761
-0.792787049419000000000000000000,0.081996501580000000000000000000
-0.154923494239111884621372096638,0.082712619687205271815676981753
0.482343811345774043094996225830,0.083183060063206978680754183215
-0.883856922644000000000000000000,0.085803002001000000000000000000
-0.239699171208276978893778125656,0.086016201627830986674318231674
0.397470010450378274304248109553,0.086372774628183129220861029161
-0.324743100842760501745032158656,0.089199384918231476473400252574
0.312744711587876331140466488695,0.089796851858463803237292728318
-0.971137408714000000000000000000,0.091666413375000000000000000000
-0.409631272551309378609668318016,0.092394369061791235296212604621
0.879813439593000000000000000000,0.092749539440000000000000000000
0.227872396843204517542973980286,0.092986229544830181426331064037
-0.494533742573445074626207387995,0.095623653601092045981205533210
0.143009166341184928933459199714,0.096153052618762308146933533727
0.780916826590135817905505208003,0.096442985950416282340690404081
-0.579428838547788318823607859953,0.098782228797454685417118946207
0.058146277402291675310852488021,0.099315502105046157189936752264
0.695421222995120207425687498164,0.099697559716437547042483045719
-0.664359227595877270074821841086,0.101954034861846397902970106298
-0.026667596470440162398971244339,0.102555876201533872511624739179
0.610588974197752373953958337453,0.102942672959621414300106911667
-0.749485895952642586762848969307,0.105151184742532458118370785257
-0.111566978434185022939700651437,0.105660411975497124812564500173
0.525706308635914852522510028962,0.106098565916882853990471585141
-0.834301601853000000000000000000,0.108104888200000000000000000000
-0.196353500577606699819191420086,0.108944054833692510426648663310
0.440827516102655005553811792745,0.109278239449157137183246057610
0.969121163589125421026109313873,0.111217173349433598484023823117
-0.925731246284000000000000000000,0.111340682394000000000000000000
-0.281384674023743815802501915885,0.112103216423588070632627870943
0.356102247307353113490351372990,0.112702259765470861789429644552
-0.366270495266114019174319007394,0.115298976349023712850579841175
0.271229180751630202314234479445,0.115893060494792817919433835734
0.833192890026425624821152960549,0.118080783510937701790568423357
-0.451163453090954307148781765817,0.118513107245728942643063601979
0.186355421959916280614179742185,0.119079799856163589041482033154
-0.536066691966965350123517902414,0.121703585816841745095989300194
0.101491120741827378114565533423,0.122244919256888328776527643763
0.738780283391595570393117765103,0.122600081337143164905498626902
-0.620994905521392112585423694443,0.124879153208494613167842111754
0.016689973624512765047254296037,0.125505356860974083000645645563
0.653946824442266987608460190560,0.125864627857514384676206773783
0.923061025028307871961795961581,0.128039695479315753024792003994
-0.705986533267148155165460205111,0.128056529089321116041999013745
-0.068204835725344730080388900074,0.128617176440257603086422047738
0.569061670612141131704336048413,0.129019802248723890275108394396
-0.791031133694000000000000000000,0.131202969456000000000000000000
-0.153008637225045830709215819370,0.131873434153680922956602726520
0.484184571203682687377429136871,0.132184557093390922152493039627
-0.875830335411000000000000000000,0.134190712028000000000000000000
-0.238019220379428684048762076948,0.135023460072521998264717446937
0.399464948993224047526693920229,0.135615886594828803324030385857
-0.322908355998798961301056334367,0.138201092300828290268077270414
0.314586814316101660726806259773,0.138798283190525434543859687991
-0.965295029077000000000000000000,0.140412934945000000000000000000
-0.407790470341588676896580854423,0.141395849266748043548462891504
0.876035207976913287731309886218,0.141935959211011870805675625139
0.229710828777137096311309155602,0.141989237098605171131528824094
-0.492697793047733329003354407345,0.144625315862602372805254657036
0.144837376360558729795286075894,0.145171666494289609671076143190
0.782102663992095989092571766770,0.145571910915073424364919307927
-0.577627298800987363230609574782,0.147785168194931474839863120081
0.060049762062124819974182076902,0.148458415891872528998225241404
0.697292580278960516981787500278,0.148792319978568247355876677781
-0.662614404037399973912460300805,0.150959026503533973714065498917
-0.024843024891352213086392828392,0.151573414888630152817997920977
0.612412920017986841625701201156,0.151944783492709024934941552108
-0.747505321139735051307423754899,0.154147214566004510761592759917
-0.109663787482516504848388294687,0.154802839201558680196965545857
0.527536570961551473430726094223,0.155100440930717189603432374777
-0.832560232912000000000000000000,0.157288868764000000000000000000
-0.194652189385058744401511203489,0.157950576392340167570598879116
0.442832724933580168713708881774,0.158539033470391755219694985439
-0.917699798669000000000000000000,0.159726059339000000000000000000
0.962307757839543131084603560402,0.159777559644680937001167406961
-0.279546447230061871531903664128,0.161104793309511612714250407432
0.357944350818152397236080792698,0.161703691068113313217967006301
-0.364432568693794258482077566588,0.164300564496417950920146723681
0.273068387959914748452422632067,0.164894600591988545827627246500
0.826381422838016524427592607111,0.166641441762173472760707274891
-0.449330411904811527818304052374,0.167514878387821253894425668050
0.188195694287357014536788647038,0.168085735395264798842513527778
-0.534258904092080702498181732773,0.170706295109813563296527665361
0.103421101666603894784640049778,0.171424776891478032699611743692
0.740630041395514977811726106736,0.171735916533740544632980827755
-0.619231497672520643790225051647,0.173883479627808092394336281962
0.018514269167485392625660263431,0.174522499321976956626946896158
0.655761130978378360050330676619,0.174867833498881396696189471242
0.916257274791131793793743266394,0.176626495102449971050990978813
-0.704136657457042799877963612108,0.177057667591801582354745762589
-0.066318926273994372699744491513,0.177732222574559355613058359580
0.570885616432375599376078912117,0.178021912781811500909943034838
-0.789061083648879365855423117453,0.180201220018657090092534270785
-0.151288067786513664723544140316,0.180879283354151632157846870741
0.486193479885239245776836514463,0.181468649730479049626593500715
-0.874346062806000000000000000000,0.183461297549000000000000000000
-0.236181616546579839917945033042,0.184025060323999355282162066730
0.401306167626046532969217837513,0.184617351154556340499353254290
-0.321071578517411402913329748603,0.187202723534246980599925586778
0.316426021524386206864994412394,0.187799823287721162452053098757
-0.956975806534000000000000000000,0.189094428751000000000000000000
-0.405957021447527722825933091565,0.190397605155746074489113892683
0.869223740788504187337749532780,0.190496617462247641775814476672
0.231557409317232267851625316307,0.190997708973536623476901341881
-0.490892292211663829620343540301,0.193628109474630645411163711049
0.146802044437089024132715052832,0.194374504235313115505597920281
0.784770249244771943422456491116,0.194639911816560706044870758304
-0.575855512741652491477722262117,0.196789192409398118451508561497
0.061878301815017530197187078483,0.197477212392657619452210156546
0.699099958442095382948925499283,0.197808619211717251120739864907
-0.660759839966772807004166500620,0.199959987791655917392170641680
-0.022974058698323202488124781985,0.200661593911332123589238356370
0.614230367098133340172253735640,0.200951505119560997567245989107
-0.745699674980118570498213756024,0.203150002823391955015096860634
-0.107933962921682171201683249119,0.203808362584549100472898146067
0.529548252000922130153750504503,0.204399360255395191506871607583
-0.830597934084684432541282858961,0.206293647944251089764338559284
-0.192818918398592512151237494185,0.206952338937602431522977244439
0.444663115237261966384952268777,0.207540903703968291616297436034
0.952744717435827372400013155187,0.209386228683511601251125644700
-0.277709804292549628254705597038,0.210106429585988880358636865939
0.359783557243887954922267023484,0.210705231194680963537559365626
-0.362599119799733304411429803729,0.213302320385415981860797724860
0.274918860410902653194172120651,0.213909001584852714695351037625
-0.447520152658464503530246255999,0.216517496445564879362254726847
0.190185591975000000000000000000,0.217321061373000000000000000000
0.828087316295988844564950779374,0.217623157249419372447299057393
-0.532476530698816737253241898770,0.219709935384175540939317578313
0.105264274869592419151140900994,0.220434959227688813609189185549
0.742444622783251572447184986543,0.220738374731665334817979606808
-0.919784165793000000000000000000,0.221065556886000000000000000000
-0.617373436586742500672004539531,0.222884308437672150540193327994
0.020372274905072790189540584721,0.223588193707097520037707467506
0.657572656030055221163266024147,0.223885750369707961011921730104
-0.702276225603069057972847830225,0.226058406447137288064421565492
0.902946630625954952072412316758,0.226095779194839695545474030945
-0.064567487843831424960909574093,0.226736978246610562059821797286
0.572892668588040316484724135255,0.227329584104595625718373143162
-0.787242767478807757977011566793,0.229203539773519131325007306962
-0.149464620327338722557865337673,0.229881412434587667726084998186
0.488014686833919929823775450704,0.230470862132595790517178581617
-0.872084278800000000000000000000,0.232454994217000000000000000000
-0.234348794800858046602853948238,0.233026839674350459233252538675
0.403136557929728330640461224516,0.233619221388132876895955704885
-0.319239037640107207120351525921,0.236204513389160399972391714557
0.318281364413038681474045394612,0.236822306170318830926068789343
-0.404141345148909654359944924761,0.239400022796416857334180744615
0.233568891590950350840320292751,0.240266423568822598792471615988
-0.489103687260760229927657777390,0.242631522696381736745680094025
0.148647900405000000000000000000,0.243382583465000000000000000000
0.785790765491038256890053096924,0.243665335441892012856614068977
-0.574001872414836478553206594374,0.245790188650198039212145996528
0.063727779744661852301191420802,0.246497445444255064197179109340
0.700917320371211410661525511407,0.246815505889656044709161472005
-0.658901809515535080132344519640,0.248960817763140684787180307598
-0.021181613211703329805133240640,0.249664866804370427148579136195
0.616235396955492569623180912509,0.250263101018599412156076312603
-0.743795043853556578848860834584,0.252149043582613127137079322667
-0.106105488674160886215180031422,0.252810304351975399187004154249
0.531358633738933653550601774529,0.253401973787887118350514002645
-0.828846163313210500692298076684,0.255585358953896705999508360346
-0.190995993430853448485365088240,0.255954487457989576634074830288
0.446484322185942650431891205019,0.256543116106085032506882516936
0.941018747697242910340751807695,0.256999622269160250998731664039
-0.275877002530188010177104488018,0.259108209683776865595770219611
0.361635977241486785831774906837,0.259738858016364125859548876535
-0.360782120930333329645083309021,0.262304689003276544975459191191
0.276952456622805255964404244705,0.263212739965890843355919093040
-0.445730803120819687189297447534,0.265520882484533827565573596775
0.192030312121222092576046746105,0.266325587613149818761564488222
-0.938381563244000000000000000000,0.266448529765000000000000000000
0.829107082590997943679558584938,0.266648596480043813189372931477
0.878112612911935577617012613447,0.268378224479282014140485586647
-0.530631504810762604699787959292,0.268711256739058376391466801560
0.107112985322000000000000000000,0.269448524703000000000000000000
0.744263463078998095104393621788,0.269742466599882722747795934173
-0.615526597340678419109765883955,0.271885561481357512974294153240
0.022196194515224987256930780988,0.272590305215764050137803292568
0.659584941074136548891766064871,0.273200502321242384736877823555
-0.700431972234811093496757790141,0.275059756883280940268081992017
-0.062719735607842640910752752624,0.275738196871523197900360812507
0.574703050326051839881575405281,0.276332197637087552562015538225
-0.785337591030487846724781372456,0.278202559332616981397391652080
-0.888706054971000000000000000000,0.278869591515000000000000000000
-0.147638475774170543275349952557,0.278883441077522653178492404358
0.489827965296738982437369176389,0.279474801978170499581238781437
-0.232525915549702950081576208324,0.282028989895415195442184287745
0.404986199987708458653263510260,0.282666658535711783873427910940
-0.317419793611834639627761176304,0.285206798705436018984771903352
0.320324601100219676159618492897,0.286156727278793924495986096886
-0.402350777252639109870959121571,0.288403364332080849416556407451
0.235412094312751848973010113806,0.289269061928162896029057900749
-0.487243931327241774829814216615,0.291632287210007740382923104015
0.150494638276000000000000000000,0.292390115140000000000000000000
0.787579780178957781893899109803,0.292725727638034523080554796674
-0.572156846526782345999752654896,0.294791510005080874664295219774
0.065573279384000000000000000000,0.295506835956000000000000000000
0.703116496903366886133060196384,0.296415688932280954046457974606
-0.657055136627595024624798640690,0.297962077076519904065609374417
-0.019332047684042095907889322593,0.298666017019553884233730408705
0.618050057224844676820141933666,0.299265556295441627533739390603
-0.741959082202731032371183053451,0.301150705389829262358776623356
-0.104256869308921524582119284695,0.301811490271242175243501964588
0.533172685664621375684041945260,0.302404451589147282874537366788
0.926914894158040932128985421649,0.303963597083871434837898810236
-0.827228547501224293330854033099,0.304608245230307147299994222566
-0.189169907058634366175945503153,0.304956518269102724746969220458
0.448330153014530755641580977047,0.305598836713308457988685867725
-0.274056716757622133092865410895,0.308110456313480291767824892216
0.363797692693430595161731164503,0.309275688618022295888826445806
-0.358964933011283611981679181572,0.311307050610845483631263091547
0.278785163627748087775101025188,0.312214523607775962150608867535
-0.923802571047000000000000000000,0.313278131691000000000000000000
-0.443852651622298626931276150349,0.314520945362051542409718254275
0.193876850751311658554618600562,0.315333542689227900371162094175
0.830735180390960056688936115529,0.316009736047112212572495571162
0.879751883086963765939823389078,0.317386860538096684992933205820
-0.528769649216654918829210959313,0.317711941517934441168519071239
0.108961696949000000000000000000,0.318459142524000000000000000000
0.746954469969698948791267872691,0.320186932736383294695742088223
-0.613685261397173300099260982008,0.320887021633022816736080438365
0.024042555870834853137024119210,0.321591576268631617968512254565
0.661408377877427488533859866585,0.322202631798199716863953956532
-0.698594311416919587602817156902,0.324061354997735053067468179089
-0.060866989234824719457179818043,0.324739226921200270767601625964
-0.871850561791000000000000000000,0.324956196699000000000000000000
0.576517102251739562015015576013,0.325334675438347717086038902367
-0.783712821260844076273527663194,0.327211678262135988516342316973
-0.145790888697860748012088299161,0.327884665930045876242793533609
0.491674873382413148888253745919,0.328528486324285241281984453076
-0.230702461575574363606194860100,0.331031118733418970535454862234
0.407257523987093683987652461258,0.332386385310121496913668651418
-0.315594520607531309415386624055,0.334208859820371256331734104621
0.322149193923971850803190171461,0.335158813724981076690359851955
-0.400482108753697726546611036802,0.337403789769959964819169965767
0.237248902010262188600210855769,0.338277381967822624844977420015
-0.485358585964938063382001089572,0.340632073820940307057306085783
0.152341545290526501806903853307,0.341397924809879778177330948513
-0.570294990932674660129175654917,0.343792194783956939441347489453
0.790485436010341989152645714966,0.344018514891378001735041249871
0.067422446081000000000000000000,0.344518097509000000000000000000
0.704908338069220237911396915293,0.345418983926479454802621875733
-0.655216407951886412226708711884,0.346963635132455364225333230954
-0.017485638914751974257794694350,0.347667286285857334544134570374
0.619859775520855620901767706026,0.348268194334032670169627274463
-0.740231357324064932487953164883,0.350156302843545962777204993233
-0.102398017330865891552976057469,0.350812289084891787026666256327
0.535019289969531335219227376672,0.351458710173485675493485988655
-0.187322433983612075536489942098,0.353957747419902138370807404190
-0.831082575372316966758297491303,0.354019734110569742306519602310
0.450609394718123169274033284565,0.355326995184384734007176063032
-0.272233507077878084462592149270,0.357112594241490883260995864247
0.907481885726183073338444861843,0.357829172152060800574937109629
0.365614917876042585607153967751,0.358278989878452127822556846508
-0.906888562865000000000000000000,0.359315682311000000000000000000
0.855246367740487593128381691410,0.359860538653556703640826411463
-0.357108123018724292372118849992,0.360307926844884588828633527178
0.280614774868310319353666299968,0.361224608337092689798740394018
-0.441992718443084998953460084398,0.363521703549906568728677396176
0.195713170873998690032031833135,0.364341085734327443668722725883
-0.526884303854351207381397832271,0.366711728128867007842902053007
0.110809466852000000000000000000,0.367467718945000000000000000000
-0.611811041898686707755318819721,0.369887235064431247770227896302
0.748943379956582714136830488890,0.370072136403145015808140725210
0.025892532657996846799971154943,0.370592710958953313913625219083
0.663200219043280840312196585494,0.371205926792398217620117857659
-0.696744472869635870805564353870,0.373062494906935836979670762894
-0.059015523228789703270369734062,0.373740305365256818762233847468
0.578361963238647394105979506685,0.374392229069170628577074360752
-0.781774299159571905071975931600,0.376209389913956687266152338705
-0.143929064320261720278459062635,0.376885351895030739239848021842
0.493971905213562176438379848986,0.378284925332309651205107354030
-0.228855266288208845407370710238,0.380032358356743002946986191342
0.409072490401018978714919740809,0.381388829248851835477441823747
-0.313747992793066643469136110079,0.383210124600808249511202635943
0.323965847471815238147950236001,0.384161195146083404324328721779
-0.398623292277276358870038687351,0.386404589930356029439648838239
0.239078348190359929936610175338,0.387287203639159936497043242486
-0.483513774436802595786972109194,0.389633403246556353520839077449
0.154178188886524785651163356791,0.390405983323850116741642573841
-0.568409645570370948681362527874,0.392791981394889506115730471222
0.792277506073237316851485490535,0.393021801515254168816743859748
-0.871378629235398923303309369462,0.393145238559594370500221060449
0.069272807910000000000000000000,0.393530885965000000000000000000
0.706386426164074085211994883211,0.394432745979967430918562761627
-0.653338751983260562596567854413,0.395963717000913199114862480849
-0.015639745337676468939735469840,0.396668574962321731552192547951
0.621702406761072613516408386153,0.397329961527536176027564943947
-0.738263554462528803842750568581,0.399152847282416514262227024267
-0.100546239733245606029106253111,0.399813355754720906013777740672
0.537410479821321155290463678497,0.401364615336843361474115351502
-0.823228206534421549242386266580,0.402422652464842389714137318515
-0.185460148332763845038816261175,0.402958415856227895535224269291
0.888353452842917129025362284024,0.402980436480786708951899774370
0.452424143580025147486215703395,0.404329447180385015951929658001
-0.270383599464658884817212958680,0.406113731543339706627129822156
0.839440069547120766197048345841,0.406446637515146355498665387677
0.367432492568502385430217350264,0.407285628193124850673893325410
-0.355261734706093939717871975561,0.409309196882007795828204368454
0.282434536563926602771252811314,0.410231941766086004362980417188
-0.440147906914949531358431104020,0.412523032975522615192210387842
0.197543007269034618880255242952,0.413351529251025776630821361414
-0.525039492326215739786368851893,0.415713057554483054306435044673
0.112646303147952079015381867306,0.416475814202669172928202411263
-0.609925696536382996307505692678,0.418887021675363814444610878071
0.027744698337000000000000000000,0.419607145452000000000000000000
0.751366444241597951162223266149,0.420055458960370011116421534984
0.664888613881865858416206683870,0.420556780715105389326009847916
-0.694852742284984178966921749487,0.422062035419548604840138933802
-0.057169801785726353993197201754,0.422741600525759491833670699768
0.580903260216581095733036681758,0.424532227173860424529590900061
-0.779806345150751088304843676012,0.425205928282205240686473959421
-0.142077454370183172458629472459,0.425886424900066625482562232781
0.495786640501486691910148745353,0.427287377831004530987922095852
-0.226990079352023036789251936863,0.429032916442801250794454083077
0.410887239262920956927102159639,0.430391281244852117422195418717
-0.311898085179847443823756919489,0.432211261902657072877336593853
0.325780815877640342447262091024,0.433163639011037152370460850265
-0.396778160945099345050580758275,0.435405907314882592997104481340
0.240899823045902229087866885162,0.436297267162630162927813857128
-0.481662430666410819826158669025,0.438634486309034861397904136619
0.156007632699268013428170252814,0.439415801241650646493391748298
0.804972771999771632012113491840,0.441325556862433864318578023980
-0.566564834042235481086333547497,0.441793310820505552579263462887
-0.869512504014000000000000000000,0.442156958362000000000000000000
0.071109513244613266892414661994,0.442537830616944900565747424863
0.708261597752946522960147504002,0.443432922985406627173334610902
-0.651453406620956851148754727370,0.444963503611845765789245462618
-0.013795837821476864518916538755,0.445669938414003248479761972152
0.866980217409322570984051209462,0.447113399469376366817859636724
0.624192925759091794145618591016,0.447913582122908760262912686043
-0.736371741477854827256288786049,0.448152384613733281314853615794
-0.098700229706596821111875060231,0.448814640044355587930319027575
0.539224802547358283912872102274,0.450367083112434742842199297423
-0.821335982713962397214414073184,0.451422173932560556726459492587
-0.183608794643978431844865280691,0.451959498543971716290142502884
0.454238878867949662957984599762,0.453331899679079895734744399824
-0.268516559731533557290748444755,0.455114219068332943646618221051
0.369250591283738562229991416304,0.456293465710833614040381538737
-0.353411606775780048118197649683,0.458310325865874677515575843882
0.284249563923874384546376757484,0.459234479546104253383167413498
-0.438296563144557755397617663851,0.461524116038001123069275447011
0.199364002969927531417603811134,0.462360829192182911714688766470
-0.523188148555823963825555411723,0.464714140616961562183500103843
0.114475009996358079495242478918,0.465484458024649974533929824045
-0.608080815649715855182179108662,0.467888461447000082060276161335
0.029594300824554220982182374453,0.468634204939242273639215004988
0.750059498719010760816197146733,0.469074083058288914628622051032
-0.692967396922680467519108622444,0.471061822030481171514521915571
-0.055325900461858327675838244041,0.471742964210456311514822100174
0.668444993793913505471417632413,0.472054098087446074689635468292
0.582414772289989048096279492955,0.473586905004144541713399942321
-0.777914145870031800943423931261,0.474205450697573045500845584081
-0.140230787576604234412920157287,0.474887684443118979811755124345
0.497600963227523820532557169129,0.476289845606595912356006041773
-0.225138657810977008224127240559,0.478033996566911140561521637352
0.412701974550845472398871056005,0.479393733743546997205010160539
-0.310031045446722116297292405564,0.481211749427650309896824992748
0.327595568976063787433525824169,0.482166090850142601843480948937
-0.394927137000607956349952625383,0.484407002459879159507619574965
0.242717638995413387196101858370,0.485304247991350684480231365623
-0.479821358112025334858449154976,0.487635956357407645360595423814
0.157828795652099169257137467061,0.488425367709430897215151319777
0.794380182214823243822043589410,0.490055280105075866766378503863
0.843416187988383609034730765792,0.490116540430255137850483547114
-0.564713490271843705125520107327,0.490794393882984060456328522057
0.072976364642987200276384764726,0.491607169386360421535100519659
-0.649608595025225079797507518123,0.493964833034916933487683219724
-0.011957972026504594491548639106,0.494671528840965488937544755432
0.626175142289333926194931009601,0.496909545555413293308944672126
-0.839364259553493870753589196842,0.497023871809386366917626742855
-0.734486396115551115808475659006,0.497152171224665847989236597562
-0.096856174740407046329205001129,0.497815997947313311676859709450
0.540790932970154584715964559811,0.499509667498305711227206686672
-0.181761350493639627981267532294,0.500960728785297958692656258488
0.456053201593986791580393023538,0.502334367454671277102828345745
-0.266663635671776227173523944126,0.504115242399288583549992280628
0.715824010188033763469576804600,0.504180563088298032837897181940
0.371068292305885701629598195505,0.505300684891410924945910598740
-0.351545162532688025255794644045,0.507310836076886921495424644334
0.286064468163332936012392451212,0.508237172153664965599763318020
-0.436436026649439538852850329231,0.510524850920270182399665462476
0.201182224860830162680519597402,0.511368456932363082442533455315
-0.521347076001438478857845897675,0.513715610665334346146191391038
0.116329397655646999866169084481,0.514546883381078823436329101430
-0.606229471879324079221365668493,0.516889544509478589937341220504
0.031418952111221637900837407801,0.517636289208527692281652785215
-0.795942422709563274482599054918,0.519807148574398855692012834349
-0.053487856323136997117879391477,0.520744547948088697383044360808
0.669788997110583695004646619862,0.521071720124187780254792340092
0.584396988820231180145591911540,0.522582868436649074759431928404
-0.138386579389302541576081046815,0.523889036579707781756932297097
0.499243171336617555763800414220,0.525554189346381075974028990643
-0.694166121264000000000000000000,0.525785041963000000000000000000
-0.223291044189090481610097247905,0.527035220418528417205658018939
0.414516297276882601021279479782,0.528396201519138378573094106460
-0.308178121386964786180067904935,0.530212772758605949800199052325
0.766521221476952803072999812665,0.530408866335519869383587585443
0.329410309588521344479415936348,0.531168543151650775567260885096
-0.393063455226384287221204818518,0.533407617816183748041726882364
0.816436312326255515906251505298,0.533850950433998304326944282823
0.244532550692083986490697017522,0.534306952479042715191090693100
-0.477941965847424494377324025476,0.536635971661158776592977398214
0.159674742651392323570417207885,0.537477124759069366219914744437
-0.562872417717458220157810593279,0.539795863931356844419019809252
0.074797083212888094353261690954,0.540616031278159897095279803571
-0.647757251254833303836694077954,0.542965916097395441364748278893
-0.750484995733535007671605652839,0.543504931933339201078627165848
-0.010133320739837177572893605759,0.543673613110250907579982535658
0.627519489150178524069723386306,0.545927751823502343758794869534
-0.095017740619769399744210143847,0.546817567055211905828543966185
0.542773149500396716765276978395,0.548505630930810244273238672755
-0.179916896492489523387296777296,0.549962071669852948316168432209
0.457706267019513365204686870464,0.551616023410848177444294751359
0.722850121624710210314556855679,0.552710629780313725731904710238
-0.264817943872890955511150634588,0.553116538676383276252548448679
0.372885353372944005032474229848,0.554307552790718261075016767989
-0.349691642881853991807046041654,0.556311836882544540470708926083
0.287879402836879456240972016141,0.557239933590952488499225141647
-0.434577371557308967947814772477,0.559528013446586445682972729144
0.203062265972515923279789782817,0.560474663504847898253454755092
-0.519467683736837638376720768175,0.562715625969085477378573365438
0.118144457609464200601137862691,0.563549505536211444208317004467
-0.604410816440366922388090576321,0.565892324536732453674718540324
0.033235612245844943742761910561,0.566638670385439462570630583382
-0.792538378290756785824528282265,0.568724896852982559692550917198
-0.051663205036469580199224358129,0.569746632217374116025482141035
0.672872088161599296063018995822,0.570010745090192508142701259797
0.585895649830344060689408453161,0.571850514317663513272601613884
-0.136547624916401802370540896217,0.572890586162335114274043571562
-0.702887577116000000000000000000,0.574101340191000000000000000000
0.788577351588385075157207728553,0.574204536664442306944153364403
0.501225387866859687813112832805,0.574550152778885609020060976726
-0.221446141423749674541803826112,0.576036546409143450603471422057
0.416260684893400522832252458665,0.577822841937325637403190860874
-0.306332429588079514517694595398,0.579214069035700642502755220375
0.331224638542306032045478886568,0.580171010696658599409979379286
-0.391206676753762413185063840265,0.582408495244610420264284506934
0.246413872619248241590056546010,0.583415177979931919262438606897
-0.476107590762230905130324920455,0.585637692887039276814008965801
0.161489696920759764039013175676,0.586479569147611775355183879953
-0.560993025452857379676685463779,0.588795879235107975651401783652
0.076614417941371993618449595717,0.589622277161391116917475499845
-0.652420822224357036754341808136,0.591779692030673764337541560483
-0.749670556709182379335176522769,0.592534212002780339875874669143
-0.008316660605213871730969102999,0.592675994287162677868960333826
0.630602580201194125128095762266,0.594866776789507071646703789239
-0.093193089333101982825555110499,0.595819651324497324470981746412
0.544347888196807031737244307570,0.597895036165738878019423917856
-0.178077509373409916051973064347,0.598963605014007093913565389544
0.711369120602019850713516490729,0.600383685383757789616349830143
0.459688483549755497253999289048,0.600611986843352710490326737442
-0.262972587128969986727303224651,0.602117847572572487549286171748
0.374416189075837371962567142904,0.603387892002327006675624535922
-0.347848790722375551664679932564,0.605313240035621618361318368696
0.289761246241704763964654097834,0.606349641561899165358344883479
0.204892503493419076885259424370,0.609501755389947345968054044048
-0.517335075907618647328313212866,0.612186291411988189806719821283
0.119959574428848868752808884780,0.612552208846325891372829952343
-0.429638225727845097669799027525,0.612864195179183762833443900103
0.758725715025017498697489001432,0.613107151095103680816936065442
-0.602508733988878351115165249621,0.614891464298567311504470947938
0.035050566997654503019699761070,0.615641114756113161058611053496
-0.049846544901846274357299855369,0.618749013394285886314459939203
0.587676986563427648216677620766,0.620854192286724709371606911212
-0.134722973629734385451885862870,0.621892670431620532916481351789
-0.690384295989895858249390369378,0.622816899938366302049764003668
0.502810983879702841178130763814,0.623956870230205979489689678571
-0.219606486090850875389456577391,0.625038069684529732717644616227
0.418280121027783893356268185735,0.626877575134899960981784512070
-0.304489577428601074375328486308,0.628215472188777720393364662988
0.332952828171847718554092268767,0.629566572595465936924590580975
0.248237171908832327998025333364,0.632431912664128186992250731368
-0.473589287332549189660026838489,0.634609029022457716612957924649
0.163304529656937678360269794608,0.635482018037353842265462665015
-0.386280339696458236149415119824,0.635768939970194960930477761866
0.679600241059928549619114729537,0.637737024025600493640638914037
-0.559151440129294328055971116452,0.637797330015142271607830753658
0.078429543936274070772534000435,0.638624995086731691620228510011
-0.736406726821834038646570801011,0.639742309102447166471292816157
-0.644523548596525445359111287270,0.640175628681380734578136653980
-0.006501705853404312454031252489,0.641678438657836376356940803939
0.630954379990775248079648702280,0.643910662814250324231782681458
-0.091376429198478676983630607740,0.644822032501409094759959544579
0.546140082246323457657564077010,0.646916026351191810841872671927
-0.176252858086742499133318031000,0.647965689283292512556003169771
0.461402621357731237280399660500,0.650222458521753229981147453200
0.726956835482926197603087240241,0.650460489736946384841225149336
-0.261131210263104160804770132600,0.651119306186474387288939824659
0.376399743260893524919690703998,0.652383801299400295731543296972
0.291428722516774777963095545601,0.655648793831365803751207949401
0.206755682171585786431879279714,0.658581857678043539183591281761
0.121774547002838550525630999548,0.661554880477107404984572081940
-0.427796972008418087252623639419,0.661865658420527717022396299326
-0.513691993089796129316866293769,0.662827934139413613513441007804
0.036865521749464062296637611580,0.664643559126786859546591523609
-0.601992791231000000000000000000,0.665003574230000000000000000000
-0.048031590150036715080362004860,0.667751457764959584802440409316
0.589417475673671057520535158523,0.669972496878717425702048442174
-0.351277847627866391672112785689,0.670110739050037175296257956166
-0.132906313495111079609961360110,0.670895051608532303205459149956
0.504731719724351853759832973696,0.673181614642739061333330446556
-0.217781834804183458470801544044,0.674040153953815151360082396454
-0.703327559255831234379771122123,0.675940406955682419738662096462
-0.302760039315114646940313470363,0.677221005682109719327555400430
0.335002599513637161584810096748,0.678667067927068172462419810051
0.422878759201000000000000000000,0.680574926783000000000000000000
0.249947266506731807243577750559,0.681798792346450970865507695333
0.165119299893215717769948141928,0.684484469241774278790144865959
-0.470479433681343031439328524389,0.686005689087272523707468702239
0.693350990538101839303860454650,0.686170163504659660657110486003
-0.556490770951958425991930475282,0.686761137614029648529328709439
0.080269343278559706486575278352,0.687667170282066986807143493546
-0.655773263504358031039576023877,0.687903791536707313965980271667
-0.004686751101594753177093401980,0.690680883028510074844921274052
0.644555632477008814285436454000,0.691022652220958801448597470631
-0.089561474446669117706692757230,0.693824476872082793247940014693
0.548009113151699453622804055209,0.696238085170264676193506216802
-0.393535175459863303247244325247,0.696946463889010421623268441723
-0.174436197791743482236292112480,0.696968070715655511650958755333
-0.259401672149617733369755116655,0.700124839679806386223130562101
0.378459692677974291877208495269,0.701383024186011127321436867282
0.466793270283000000000000000000,0.704258780632000000000000000000
0.293412975804847244198420505937,0.704644689350388401804964110481
0.208310850706678584000912573787,0.707701350026671757337452261037
0.123615045403613333778859808605,0.710598267784200213901020217634
-0.512158237973105863792340683955,0.711839985823607705932011888338
0.038680476501273621573575462089,0.713646003497460558034571993722
-0.596930892574300733749510714661,0.714494333935807069928047168848
-0.046216635398227155803424154350,0.716753902135633283290420879429
0.591728645169752628495259989232,0.718954045553830471768722496197
-0.349801133300154820736263591528,0.719124542512392735529762683311
-0.131091358743301520333023509601,0.719897495979206001693439620070
-0.437147102816324267745406854344,0.721970801823881650283337996238
-0.215976405727833084465039291929,0.723042950209767272041626405119
-0.301283324987403076004464276203,0.726234809144465279561060127575
0.510079293894000000000000000000,0.727316583722000000000000000000
0.336915796103000000000000000000,0.727667762192000000000000000000
0.424851661750000000000000000000,0.729684305207000000000000000000
0.251931581089122269991552539296,0.730794785095725754727637370062
0.166806596217076200009824240464,0.733815148569097692448327612712
-0.641550578569910329410290304435,0.734831915815305120696590827798
0.082110238530035279026008343669,0.736711188368444987368391950516
-0.553774039697176782689916425628,0.737775649723244099767231963642
0.636323627280837562167528083076,0.739362777432860104984796882753
-0.002871796349785193900155551470,0.739683327399183773332901744166
-0.087746519694859558429754906721,0.742826921242756491735920484806
-0.172622946389140029740457167987,0.745970578145408972720941386309
-0.478825907108087100098419013911,0.747805098560216832507881182337
-0.395618491434059783576730402109,0.748045848357165905780744440928
-0.257501220343182532592512187618,0.749124042713973214632186531746
0.553760053422000000000000000000,0.749990503729000000000000000000
0.380384698111000000000000000000,0.750381476450000000000000000000
0.295326243873130802914301232775,0.753645713039342957032186435840
0.470302099049000000000000000000,0.755997349558000000000000000000
0.210295095964404966817781434174,0.756697231341423887243392954559
0.125301789343498145256972775529,0.759928069153342465915699345594
0.040495431253083180850513312599,0.762648447868134256522552463835
-0.044401680646417596526486303841,0.765756346506306981778401349542
-0.603552759966725540568549997479,0.766341748734849250838088687701
-0.350892443430554486684004065258,0.768148441350116501431616226871
-0.129276403991491961056085659091,0.768899940349879700181420090183
0.598357100715000000000000000000,0.770404567840000000000000000000
-0.214151924368413560991672248541,0.772045040806202208521307973282
-0.520441708832158018995994755584,0.773740762459853226343101257642
-0.437147142268000000000000000000,0.774165369443000000000000000000
-0.302374635117802741952204749933,0.775258707982189045462913671135
0.338847722162000000000000000000,0.776739928903000000000000000000
0.426833816759000000000000000000,0.778715724757000000000000000000
0.514076345311000000000000000000,0.778812520978000000000000000000
0.253843897740473000229949582216,0.779794299509407773567766947606
0.168792743902768152734183881798,0.782814053284455873019002116051
0.083686982066546047081477744458,0.785865328653031735069859858913
-0.001056841597975634623217700961,0.788685771769857471820882214279
-0.085931564943049999152817056211,0.791829365613430190223900954919
-0.170806288324501064827654332757,0.794972959399061011457733101831
-0.564282202518334871350623209278,0.795707663206302965002552542848
-0.393745849888506207050738469680,0.797046122118584354139058199020
-0.259002832475245507657606363852,0.798137089712266718273189472294
0.382354605211000000000000000000,0.799383281333000000000000000000
0.558713753751000000000000000000,0.799501904584000000000000000000
-0.479166372375608854000244221503,0.800214904852964848369619798757
0.297221483906000000000000000000,0.802661832331000000000000000000
0.472599871337000000000000000000,0.804990973165000000000000000000
0.212207973627461187738513865342,0.805697647522890664972923068141
0.127286034988063867046918785861,0.808923950452428295344802217478
0.042134709215487231607746730898,0.811902652554754950368189609356
-0.042586725894608037249548453331,0.814758790876980680266381819656
-0.349019801885000910158012132829,0.817148715111534949789929984962
-0.127461449239682401779147808582,0.817902384720553398669400560296
-0.212336969616604001714734398031,0.821047485176875907009288443395
-0.522018850612372647590916133545,0.824051824201315464732537051229
-0.300501993572249165426212817504,0.824258981743607493821227429226
-0.437082225552570904085912412936,0.825383500388454534654476077875
0.340637673561000000000000000000,0.825968689981000000000000000000
0.429139032698000000000000000000,0.827721560540000000000000000000
0.516009553226000000000000000000,0.827821670447000000000000000000
0.255388201016377755446430611049,0.828935581546670533569970509362
0.170759345678546555214406183722,0.831899648519084435136729404901
0.085671227711111768871423754790,0.834861209952117564498962730797
0.000604824918854828981415978528,0.837975671661878158813689214733
-0.084116610191240439875879205702,0.840831809984103888711881425032
-0.168991333572691505550716482248,0.843975403769734709945713571944
-0.392622906644487472144283113884,0.846069306567606015191745188268
-0.253994134266585185807439247851,0.846916660818485450833287271035
0.384652318638000000000000000000,0.848376635885000000000000000000
-0.479909606662199118342821533747,0.849265481929833108638834140140
0.298830087020000000000000000000,0.851681472461000000000000000000
0.471196811977000000000000000000,0.854095465120000000000000000000
0.213925846483049913542331740553,0.855163070953173909827697219381
0.129198133156900445276351195626,0.857922700392042248169127154994
0.044118954860052953397692741231,0.860898533853840779797292481241
-0.347896858640982175251556777033,0.866171899560556610842616974210
-0.043787655658000000000000000000,0.869768827140000000000000000000
-0.210738265846000000000000000000,0.871823553497000000000000000000
-0.121659305174225439870421524460,0.872376693380094425359845964864
-0.299379050328230430519757461708,0.873282166192629154873914418474
-0.432766422650645534866415961342,0.874230125762285312771920195513
0.427493572090000000000000000000,0.876788338426000000000000000000
0.087583607428586754678701165785,0.883860411614499877348667275195
0.335107831547744122359970143643,0.884673745982559302501318340753
0.175145893487765347223714914156,0.885641414030553485711227765633
0.002589070563420550771361988860,0.886971552960963988242792086618
0.269840051639000000000000000000,0.891497360173000000000000000000
-0.166179675989649107503186867349,0.892930773206475831547281310530
-0.387512878889000000000000000000,0.895161384383000000000000000000
-0.255879363820853875190475829393,0.895916451885180810977546804420
0.382471591095000000000000000000,0.897371048707000000000000000000
0.222262147992000000000000000000,0.903493046088000000000000000000
-0.078818223400000000000000000000,0.904169370086000000000000000000
0.130970448014356062907163869285,0.906926705484464322715781883252
0.046031051560095048698042628106,0.909897283850772075703754815869
-0.339524559131777956660434951160,0.914487923982897749294937632944
-0.126119135300877731797143634772,0.921209505405345348266837396293
0.308042726731602005334227458225,0.925564010304807542560089471324
-0.026770670519084836444029180283,0.926246726017493375543935584852
-0.199277986637348836990907206391,0.929111368106511033354540312263
-0.293140142537046913151168195996,0.930394511052993141916198692163
0.089355922286042372309513839444,0.932864416706921951895322003453
0.261141039814018848529497345330,0.939873635713499955306613659828
0.165613495742511622204712483679,0.941631069174882599607541682172
-0.246014982787139306922204499576,0.943950060971671270597788763268
0.018605910987025078927505523503,0.950546949035118156751096369871
0.213580755554105472453627925462,0.951813190821137865551071569401
-0.067666613483058887283702286680,0.953303249521806856849460817614
-0.162737263837136728707246906836,0.961811661565288211753256134923
0.123998970014197931607062453838,0.967568780397340228787081802373
-0.114198068218236693067512615011,0.968774427087854810957135672221
0.061930781712972402538976734841,0.973514081891268032942663557455
-0.023787005308245624294060741297,0.975191913288171116213454802039
