-0.034358746350086100157377604298,-0.974906722859063331765097454037
0.081706003987569282290818777885,-0.972084240505385101941687164328
-0.083245653580995049680738070780,-0.971953601200397342934403012380
0.130391580416584743113658693347,-0.966758334581612690261877187879
-0.145380611040454994425374037038,-0.964618121154714783514701840795
0.178748493461994644063920349216,-0.958995629714554711304853788492
-0.193611216980871807023151990250,-0.956105819658961101971060335879
0.232646991534151548049035122019,-0.947364248352584018442720408274
0.005430505121301105233858474371,-0.946350355907346749532183076644
-0.241353808913991335790145756909,-0.945183569815544682794858824383
0.279898929777025047387883981776,-0.934483838482317902885351946045
0.052488362583974808419927858802,-0.932778006178686470217162200348
-0.288811638625000000000000000000,-0.931768220944000000000000000000
-0.109895061691291768108251256471,-0.930862730273812793563709311798
-0.060984619550093773928173457916,-0.928329101317769058588196184374
0.148575868075247611188752281990,-0.919767988567021644057896889435
0.099601245361453312424706240474,-0.919397912661451650154115742160
0.328710091947353787539543070383,-0.918462474561977023970666894702
-0.335391603307923023581932839787,-0.916043729391282319429001946301
0.197162874386648415961460137883,-0.913607351925384818936708616705
-0.204147494780054006929701194149,-0.908276566306302122856693397954
-0.018650039096676844431633889596,-0.903703222166608807266647816192
-0.155446927020000000000000000000,-0.901053385637000000000000000000
0.374393113989184493325242175140,-0.900807103615435294940424276234
0.244139262819274643071014190719,-0.899755653258383695443017378833
-0.251890086713173535696694951878,-0.897354316462885703680491890212
-0.385506950196160801558086206918,-0.896107154907828458019088335156
0.028407818365996858754435483842,-0.890130872437948527951626929624
0.291364396335660300345535317906,-0.886777310124765755027804736797
-0.298847249485680885904392261353,-0.883437582273765408513738060067
-0.108131433990354235022439673072,-0.881918473782709920877554640113
0.419131459076878151002413164074,-0.880878955057457896488236498480
0.075520701143475362759213885656,-0.876750778920713707888580479314
-0.429996386253860053139765375729,-0.875629344834427797345492076880
0.170581158614223919430669505540,-0.872472658384185090585035233573
-0.060104551832608227114261196784,-0.869567352826735109739867679170
0.337047418377491006131234444012,-0.869121939178224025997562122619
-0.345349918672894799739415003609,-0.868070331882139536186333951307
0.122528649069715832125650876318,-0.863006563486639478724215318825
-0.190340394319288390227728227425,-0.861287050422429624814007989141
0.462819851309366536478860346968,-0.858732453655108998198362761115
0.217557547046850146540223546860,-0.858620959717183967091343996321
-0.013340189188125725659316023801,-0.855015891986334601029547013155
-0.473401978808835860220004970581,-0.852944434407322102379388215973
-0.143260299411002140875995260242,-0.847792040620242037138714444231
0.264782680563235803814744687262,-0.845642616583566026676131350459
-0.273491071081000000000000000000,-0.841477995706000000000000000000
0.033734020881269294786761825388,-0.841445328455153332405352912272
0.373548616146274894885820360072,-0.836467487910770365764213493290
-0.403208593774637590754919211184,-0.834628554595403228294230352715
-0.095744166767101211509550510109,-0.834534866523721066805558497301
0.510274870049305092139533222867,-0.831410367221093096590805035663
0.422250759067127949040037056142,-0.831295263916086585741119984975
-0.515614320268428136055075548792,-0.828109602927459651987225448361
0.081198476547171191964532585872,-0.828104982672738009246493149852
-0.226374777639000000000000000000,-0.828101653669000000000000000000
0.311902032742000000000000000000,-0.826840391208000000000000000000
0.176426998263770273218728090790,-0.823846772429005089777314394209
-0.048652715646609523115340624824,-0.821079538303988855396489045433
-0.356360764600143694761930788949,-0.820348094946924876058607732007
0.128206424473411661330969584221,-0.814360767238663780082127985557
-0.178487368178159728677246889122,-0.813766987318177537902804466189
-0.446578799893959653015918618153,-0.811876063582287784354990188630
0.223404174825445024844870741712,-0.809995168517935161298444486735
0.466290908470581709139391611431,-0.809868274704910618136577969903
-0.001550669300549666365301656919,-0.807480033448228565490412981777
-0.308729215111000000000000000000,-0.807461037574000000000000000000
0.551358784836763496789137341557,-0.804750236466139239360054396693
-0.131163816595706493234336640093,-0.800333366706681862964173939622
0.270629308341830682119391871374,-0.797016825384317220883231846185
0.045685844963187267193263018976,-0.793950017873483635190335963354
-0.261470783269000000000000000000,-0.793939104477000000000000000000
0.349363410564958099192028904992,-0.793879620423376461146747216447
-0.568105270132682645151600967512,-0.793019573386445331852591962982
0.398068056338000000000000000000,-0.788621446483000000000000000000
-0.084044236371659022318485412671,-0.786976878184471604030067630164
-0.392145324595403787659004138628,-0.786909854980084353424763452490
0.092797577964398851714633965921,-0.780522302289564477992845330479
-0.214371295625850174444041847881,-0.780435405041554843095481315594
-0.521050586044851220088683991621,-0.779436225804616911856161924414
0.187911035716686344509692708367,-0.776236190517896285837878435848
0.591055073990285315046420080926,-0.776064782773119741612232103776
-0.036863195759033463821326258168,-0.773543679765882819857355026734
-0.343881611301877057930594489494,-0.772988604249782230208774619854
-0.472689479802429183210184219589,-0.770440776436524868786607950429
0.493292717640270757338663875141,-0.769008111615440743512493336499
0.139848406773522807978533555620,-0.766788560286933248964889731526
0.443562000420972661501236459843,-0.766485704875464173343478150669
0.308838035940371671638080282755,-0.766377899792272189055774586413
-0.166506586624844765360989968136,-0.766278973046088545965011942840
-0.607190650924428693913051111499,-0.763507141522930781580592343562
0.234929345971299729791388637601,-0.762394527175689172150279441544
0.010217975046500108305219581447,-0.759939002365940990868549113399
-0.296650671605000000000000000000,-0.759862729237000000000000000000
0.540756729164511085364609292713,-0.756932589425441619957673551201
-0.119408191893314578940196280390,-0.752789114541032092251227245474
-0.427083252943385557437330834799,-0.752587969995636431362689155432
0.057281292258222142229317235027,-0.746366446883461792403608996501
-0.249554647016142638124509442306,-0.746365148055708885743034401285
0.361206311601777792582224191867,-0.746357032939460195254865901912
-0.556347131655298434284271696356,-0.745475942838484053895480981285
0.631674157693000000000000000000,-0.743345082679000000000000000000
-0.379594825939000000000000000000,-0.739433291105000000000000000000
-0.072288611669267108024345060121,-0.739432626018821833317120940372
0.104396746751869990037866114951,-0.732939638329103676374038502037
-0.202393126747000000000000000000,-0.732880042701000000000000000000
0.408208254191354507379850631102,-0.732592294694927012652287400777
0.273610109023499480213629092640,-0.732353734978512371603401866326
-0.644745554570419536115285695427,-0.732070223126327025992807257728
-0.509292447567467009221354734090,-0.731892595256655633899050953175
0.199466260992584587599159716440,-0.728615536220854414996010152877
0.585171904850958683660666695951,-0.727443399133691558024476626373
-0.025104017860058013843941076655,-0.726000306292026053390437433125
-0.331624179899226607347425078384,-0.725571244543196937211738856784
0.506313080447300098670078931093,-0.721794545995931482525800352796
0.457382190923814468880600138256,-0.719500037267144069712300649715
0.151404707542662349780871704927,-0.719195466894429702531164010256
0.320688195419443600902660388185,-0.718844619610759857406848544650
-0.154706067719145713715690583096,-0.718745843760393298856026903245
-0.462198165245867988214980537421,-0.718447179727639588640666745296
-0.595432512447044483045721847001,-0.715963510974969503623481356714
0.021968767553369926182679171798,-0.712393555669176514711504800577
-0.284539753737601239782765207992,-0.712091354366907348752455886169
-0.107606120000664984929295475784,-0.705256370824988197906881991083
-0.414753987427360565232053678219,-0.705189237544549336087749215864
0.069029121994529592990280124309,-0.698820268039929998992478565999
-0.680654533858654664268389491328,-0.698765631361654688470810037574
-0.237417957697000000000000000000,-0.698640098753000000000000000000
0.238139519810957047643989407830,-0.698565084002933356704511085295
0.372985309167602592163757594420,-0.698560183730881665555463169753
-0.544575137520194013928806246887,-0.697925222443408555070771422917
0.682491285545000000000000000000,-0.697011339042000000000000000000
0.547808350173217818352879435606,-0.695779296304496340183942580564
-0.367301783397000000000000000000,-0.692015033294000000000000000000
-0.060486539776617514013444246728,-0.691899882302777938972775679003
0.422009022865576631291785259488,-0.685600918782585509728597400817
0.116090662240672899531565041285,-0.685260693717886784410390704408
-0.190339460915000000000000000000,-0.685116985782000000000000000000
0.285257755533170846670538713162,-0.684782914542870100345582088592
-0.632987416093035325247956427553,-0.684526592578365748035696288586
-0.497389377819233181069283349164,-0.684385042628646468403744304483
0.597262233335000000000000000000,-0.679979662176000000000000000000
-0.013338033862000000000000000000,-0.678450313859000000000000000000
-0.319755894151305002263662039394,-0.678054990276471947360017825795
0.469110528679000000000000000000,-0.671946195666000000000000000000
0.163181536964429770814972582951,-0.671656462751463338457893947881
0.332328060460341526393828699018,-0.671253797047720923860018617809
-0.142895660270974621403969180778,-0.671215170484680438578951401630
-0.449992712607887450621977526927,-0.671016413846869817626327234588
-0.583667208600075094316836653630,-0.668421653086127304965172711950
0.644305343133000000000000000000,-0.666338732214000000000000000000
0.033744983787753587653459412417,-0.664854399625601039891763078513
-0.272626126985263927523670857655,-0.664586448054607641178537384914
0.716615220195000000000000000000,-0.661873666890000000000000000000
-0.716653928276039076862851640154,-0.661838944769095551343248331025
0.516177955107000000000000000000,-0.658370686043000000000000000000
0.210293364599713407172819266592,-0.658272654511739304352683945041
-0.402355889487343440515218751262,-0.657808463029941377596597709147
-0.095807320229804139876268034658,-0.657722814781898869975989560907
0.386724411757000000000000000000,-0.651541694981000000000000000000
0.080807660608381176549932387627,-0.651281687347439955821181310151
-0.668852932623334919905899417253,-0.651175200551207624919808342069
-0.225551443137612879446905904227,-0.651072574931846668186185554864
-0.532672067771960185776734863499,-0.650417669815399389575464792552
0.563231403270000000000000000000,-0.644747419933000000000000000000
0.257311371978703095610253060551,-0.644562891266385608435188565004
-0.048687740005756668960416813866,-0.644366326259688611041883257645
-0.355270888536301623145399367423,-0.644330580719475424807795121240
0.433802672813000000000000000000,-0.637984771994000000000000000000
0.127868712714166385399040818525,-0.637720418939545749708967344586
-0.178476003094000000000000000000,-0.637539835154000000000000000000
-0.621222112246065936519071236671,-0.636984734689523549377387627301
-0.485336508018246645205747055971,-0.636915273767877337001641149523
0.610348835780000000000000000000,-0.631039190186000000000000000000
0.304382572130000000000000000000,-0.631027425555000000000000000000
-0.001558225452000000000000000000,-0.630903721070000000000000000000
-0.307863883063103557055874022072,-0.630544668256804749834230457141
0.748934364590000000000000000000,-0.625068968263000000000000000000
-0.749102936226463730314943000788,-0.624874733577409646384986266381
0.480873229596000000000000000000,-0.624393399160000000000000000000
0.174963475207763996945536627747,-0.624118724507362596368500110049
-0.131097374146850017381034669192,-0.623681486946923039940105750727
-0.437471217546405498152153112972,-0.623668100386307539945856217997
-0.571764138851841266164765277634,-0.620914100458118139469866064900
0.657853504301000000000000000000,-0.619097447956000000000000000000
0.351468314235000000000000000000,-0.617532341005000000000000000000
0.045523522401605171213111677855,-0.617315818933110996720465830353
-0.260783388545514771200386506654,-0.617049909719725494414953459683
-0.701250215247520559596419521035,-0.614445557145601042205910428912
0.527931113842000000000000000000,-0.610785038013000000000000000000
0.222033916646671462929850885760,-0.610590081970849084836419254707
-0.084009791742091542198526458603,-0.610188943198406014286239735954
-0.390370924441310013147562589339,-0.610174496260019277301009118182
0.704550813757000000000000000000,-0.604264751810000000000000000000
0.398539291378000000000000000000,-0.603972310053000000000000000000
0.092589598851715402680496427000,-0.603743949103339213731787490354
-0.213711005087561263102760549171,-0.603520673011330070986588520958
-0.520619197970973649913198573542,-0.602947900954630258173361620262
-0.654216329507154745931211694185,-0.600790366985936722389057614266
0.575000588962000000000000000000,-0.597135276472000000000000000000
0.269101202639176074994371131984,-0.597027109805135272041696911300
-0.036890211518044071282675229010,-0.596832454676195755352133425768
-0.343261938925435951847937790604,-0.596697537399055889910464354553
0.445605629537000000000000000000,-0.590395488296000000000000000000
0.139650650957500611529604864778,-0.590182680695445007619573525912
-0.166642136586293188044017320988,-0.589978444332675624485933794663
-0.472694782385835682004895372044,-0.589598919310150740833667114981
-0.607192922698906476223604789531,-0.587099134817853012173583889600
0.779368396842000000000000000000,-0.586684582679000000000000000000
-0.779521079214630724142686593392,-0.586490007405586992055400165422
0.622415982193000000000000000000,-0.583564557567000000000000000000
0.316168549603000000000000000000,-0.583482442691000000000000000000
0.010223056743000000000000000000,-0.583361088715000000000000000000
-0.296010339323907029965551275841,-0.583024734261087387190858681608
0.492662503436000000000000000000,-0.576788315735000000000000000000
0.186753817352153631566723939476,-0.576583069907340419664641318841
-0.425600822944137019894628848871,-0.576152372904548247493256134807
-0.119295716498211766417815857463,-0.576148640378694894685714934729
-0.731668358235687553424163134949,-0.576060830973778387876324325090
-0.559682497972225052252919758988,-0.573406248679467785704908817767
0.669495595047000000000000000000,-0.570031872832000000000000000000
0.363247962095000000000000000000,-0.569972839168000000000000000000
0.057304292739303299988414845977,-0.569777791245955192581728016804
-0.248939584133864476157972556825,-0.569497183412043725947595083456
0.539716893958000000000000000000,-0.563162325933000000000000000000
0.233824060365935833597711750791,-0.563053737005904824549073849913
-0.378472792627627043047657085286,-0.562655704197871265360983726862
-0.072212508032485136309984015574,-0.562655010863605065117941270577
-0.684634472495321739758955287136,-0.562405640814114068059471513578
0.721215985399000000000000000000,-0.558187428300000000000000000000
0.410313393445000000000000000000,-0.556403782151000000000000000000
0.104371468544642415276506725806,-0.556206193869490951616467766717
-0.201872513920062302061088315208,-0.555956816813483845687716327971
-0.507977472338562686712346888112,-0.555631546496903662005387604155
0.587063948897000000000000000000,-0.549655054499000000000000000000
0.280884115140608515612901249148,-0.549489008083468268907509049393
-0.025092927808437665394132794243,-0.549298522341394806183834969214
-0.331387629220141837865502305781,-0.549155899239313424927134477858
-0.637611065687073470051348401430,-0.548714408646030357843997777461
0.457375804524000000000000000000,-0.542811188083000000000000000000
0.151441419979272538610421343529,-0.542646581905278091052185056609
-0.154806043389489865625508079657,-0.542414365856248065841975531481
-0.460804428021459397241164969030,-0.542088182637016133110222859862
0.766468120383000000000000000000,-0.539429376091000000000000000000
-0.778350571860221673466906989367,-0.537527975802847566706231723376
0.634179086656000000000000000000,-0.536012023887000000000000000000
0.327949043763000000000000000000,-0.535932983321000000000000000000
0.022005972411000000000000000000,-0.535817782166000000000000000000
0.815305365111000000000000000000,-0.535622123490000000000000000000
-0.284199840575101299847239115391,-0.535494083671821957072081207616
-0.590452145968251111519502408921,-0.535302713563483738586868746673
0.504432043465000000000000000000,-0.529192539165000000000000000000
0.198542091751860655893874569993,-0.529046902489135658683928669563
-0.413710468579760735130898439874,-0.528641636231413639769811861127
-0.107492876784137135753291711895,-0.528616087314313400360000888754
-0.720029383102000000000000000000,-0.528476614298000000000000000000
0.681255453169000000000000000000,-0.522467788424000000000000000000
0.375025342821000000000000000000,-0.522410994534000000000000000000
0.069087330315585831948188922950,-0.522240325478307315464811700296
-0.237130279881876891755900307643,-0.521962377117168782980214900004
-0.543359704324212954931903191002,-0.521767874430100171685231460369
-0.824553535054662207095451466578,-0.521281843395792855756721106570
0.551734625513000000000000000000,-0.515672087555000000000000000000
0.245610238679618434587403341312,-0.515510279168625263581367691517
-0.366614135959028470973659155194,-0.515130264063617519616850586637
-0.060411004790273346088222676266,-0.515122125958957793125488328404
-0.672973898857982282044860449494,-0.514830479472145412520214380954
0.422085928635000000000000000000,-0.508831692321000000000000000000
0.728280741956000000000000000000,-0.508747866234000000000000000000
0.116161137429561540035338323761,-0.508670372284939057627948483476
-0.190063792039685655462047689529,-0.508419986326202645835846467359
-0.496087117974186401948616485906,-0.508120809823769054281943331197
0.598826990322000000000000000000,-0.502102558496000000000000000000
0.292672345921000000000000000000,-0.501950286609000000000000000000
-0.013291424566225875172371446123,-0.501765637436747534191382020158
-0.319544699261575063882381722572,-0.501591405450661021721457736771
-0.625658296097255683717585055934,-0.501219336004048778874156319686
0.787589805668000000000000000000,-0.495230665283000000000000000000
0.469145453282000000000000000000,-0.495222595764000000000000000000
0.163232230075518057399666349988,-0.495107776181407403374097649600
-0.142996969675603612809742114960,-0.494878758217854187266373630109
-0.448951046432608879926780219550,-0.494568208194225452231082173097
-0.755261877811881909445060563216,-0.494335814091762303468865403102
0.841165712774000000000000000000,-0.494018361200000000000000000000
0.645957210108000000000000000000,-0.488463047211000000000000000000
0.339735146213000000000000000000,-0.488386619556000000000000000000
0.033798923268000000000000000000,-0.488276812237000000000000000000
-0.272389977213482752351312580816,-0.487963275204951968885805141002
-0.578576074440585694014270511057,-0.487731748005945659687159761355
0.516397598050000000000000000000,-0.481689133778000000000000000000
0.210330159539017631111781666642,-0.481510683834516400573395906274
-0.401857086990910217816513695468,-0.481121661788622958890671191035
-0.095690517553222137481322823263,-0.481083414943418710398844062688
-0.708194009129403751987583344066,-0.480798223322967001535896431912
-0.849676918886000000000000000000,-0.479239489817000000000000000000
-0.800683469229000000000000000000,-0.475886578311000000000000000000
0.386804388615000000000000000000,-0.474838363933000000000000000000
0.693000154524000000000000000000,-0.474765382031000000000000000000
0.080876999200504956707020517365,-0.474704503893755421476292405796
-0.225322001520164068009152465370,-0.474426056499932041048624096738
-0.531469081503708925198385553515,-0.474256857264596078068960525246
0.563497380341000000000000000000,-0.468120365457000000000000000000
0.257397093458747264433977795597,-0.467969843479125454944853886830
-0.048610022085681093030471651918,-0.467589111817833790466184155270
-0.354777267617928991089337163331,-0.467572046944815738451328809358
-0.661020385636453598556857438620,-0.467334630758818604392751359195
0.741559389285000000000000000000,-0.461596041155000000000000000000
0.433863136186000000000000000000,-0.461250368865000000000000000000
0.127948991809419334455015084832,-0.461134100709923339858476263028
-0.178255127393415816040703754254,-0.460885008310400483603075682291
-0.484233736385335884634231735229,-0.460600835380978373402802661532
0.610603848530000000000000000000,-0.454553304344000000000000000000
0.304459226649000000000000000000,-0.454406350898000000000000000000
-0.001490441861633622114620430033,-0.454232623295623531532077855861
-0.307707335614577242697081988105,-0.454031950124681078875803012070
-0.613796472422963765883563719125,-0.453699789612440320008783978489
0.481066103640000000000000000000,-0.447706537926000000000000000000
0.175022681759276388588477849521,-0.447569077523567322049769711170
-0.131188942475052052192475414456,-0.447341564754023572406201873881
-0.437140717639021107777001535164,-0.447037515374514402973356432548
-0.743488425291919487307919727171,-0.446795973516781718160192541646
0.788079619389000000000000000000,-0.446248432211000000000000000000
0.837052531683000000000000000000,-0.445206160395000000000000000000
0.351520985949000000000000000000,-0.440839144301000000000000000000
0.657665533733000000000000000000,-0.440837609873000000000000000000
0.045596439321000000000000000000,-0.440733408870000000000000000000
-0.260580870386924240161814872598,-0.440432278770064250013122591368
-0.566690362015580632531508356799,-0.440219849851015454912871818843
-0.872659985425000000000000000000,-0.435988422926000000000000000000
0.528133966441000000000000000000,-0.434129835980000000000000000000
0.222119035318777507048937186308,-0.433974665553808761217737941755
-0.390046758197322445666735005969,-0.433590968968911909632945434149
-0.083893098690646344745083823273,-0.433549516151973874984839447675
-0.696241244566162396295974808967,-0.433303149415980588893823469223
-0.823722150989000000000000000000,-0.432640849037000000000000000000
0.398586062401000000000000000000,-0.427273788916000000000000000000
0.704930162572000000000000000000,-0.427247973681000000000000000000
0.092664853580362751126697281756,-0.427168232318739703706820196835
-0.213513861281598888835196366090,-0.426891699756831456677960360110
-0.519608862702827341024548976608,-0.426729740563185677085583496045
0.879826771202000000000000000000,-0.421333742806000000000000000000
0.575201062528000000000000000000,-0.420554294220000000000000000000
0.269183330574000000000000000000,-0.420423468564000000000000000000
-0.036812816390713085233629358393,-0.420055160120915152096762406178
-0.342964757031776035749675215488,-0.420038349827795317157342111433
-0.649157116196709695750346735508,-0.419813575630341005232165105793
0.445748583805000000000000000000,-0.413724956057000000000000000000
0.139736561720745079335223665927,-0.413597758594443021098972085358
-0.166447482055212469247154426193,-0.413348931478065080503365712411
0.751873987660000000000000000000,-0.413251693014000000000000000000
-0.472423407591748112484453052982,-0.413070142561267324145076904957
-0.778879025699000000000000000000,-0.412938298809000000000000000000
0.622267867850000000000000000000,-0.406976803505000000000000000000
0.316246023206000000000000000000,-0.406859677238000000000000000000
0.010306763833334385682221877024,-0.406698671598704893162656094407
-0.295894192617538690129623214227,-0.406496753149099261286958944284
-0.601912769906392420567684998443,-0.406187388698236712798503574369
0.492824574590000000000000000000,-0.400154138774000000000000000000
0.186813023265000000000000000000,-0.400031040329000000000000000000
-0.119383192407766886249645351904,-0.399798903208141566544034786563
-0.425330963748968332453261850949,-0.399506679707646907462140170405
-0.731497221593939583487267577342,-0.399308051093557293544219484753
0.800996681150000000000000000000,-0.398154984406000000000000000000
0.669590339320000000000000000000,-0.393321087090000000000000000000
0.363309149252000000000000000000,-0.393297101778000000000000000000
0.057389082179000000000000000000,-0.393191375541000000000000000000
-0.248774326363918019445747481558,-0.392900645678330530568480763497
-0.554830699817508528038055331703,-0.392699271621349939712285623239
-0.874174127898000000000000000000,-0.387033599415000000000000000000
0.539900176994000000000000000000,-0.386579705561000000000000000000
0.233907919966251352116942713811,-0.386438649472284476925111555370
-0.378237004307269670342995325983,-0.386060133302044414121729189447
-0.072095726492227336493709699477,-0.386015605778995405371383085585
-0.684379430167642722144243731950,-0.385783600245874503418631492015
0.848198263514000000000000000000,-0.383934036886000000000000000000
-0.818555808541000000000000000000,-0.383026668727000000000000000000
0.410432595353000000000000000000,-0.379742176728000000000000000000
0.104452423491688496006905859262,-0.379631890203259384947316007963
-0.201707977906921954379036698254,-0.379357770464440238614952563264
-0.507762805012526235381030397779,-0.379161771676326826151397858433
0.718800964581000000000000000000,-0.377118679624000000000000000000
0.900395701032000000000000000000,-0.375328171381000000000000000000
0.586975010733000000000000000000,-0.373004441769000000000000000000
0.280971308127000000000000000000,-0.372880634707000000000000000000
-0.025015711568747111549539977120,-0.372520316936615661590184641367
-0.331153000056972574033377149433,-0.372504590462925530583784187211
-0.637273413680138350434468018169,-0.372301174716137398021884690161
0.457513576529000000000000000000,-0.366172731122000000000000000000
0.151525835319524645330355095796,-0.366061838974144320110231832558
-0.154643522049568489279157868310,-0.365808319516685676321747623437
-0.460612875264323903982221662289,-0.365538498332174363416480845729
-0.766884262456942978135748784729,-0.365449404264504779590035814368
0.766101457191000000000000000000,-0.363709970241000000000000000000
0.634159554905000000000000000000,-0.359456164796000000000000000000
0.328034420769000000000000000000,-0.359318096049000000000000000000
0.022104132834564513964477427288,-0.359164760432220871747387020692
-0.284083508106834180631471065883,-0.358960811990168534246334632627
-0.590052786899753124257415344527,-0.358669061400060412059854524597
-0.909400476985000000000000000000,-0.353004429927000000000000000000
0.504589933470000000000000000000,-0.352602004432000000000000000000
0.198602715819000000000000000000,-0.352492811057000000000000000000
-0.107579281998072907570556353283,-0.352258118982760760994978741248
-0.413521865967595201613738216821,-0.351975681025477940280534607913
-0.719633016592270950636161455316,-0.351786022827245861175956011301
0.813422429855000000000000000000,-0.349441593797000000000000000000
0.375114752380000000000000000000,-0.345759254886000000000000000000
0.681193710249000000000000000000,-0.345728702741000000000000000000
0.069179271853567442484485727381,-0.345652472969473200737800922350
-0.236969626110931592905308069577,-0.345368554644256276481188415153
-0.542984892094770831600390415849,-0.345131561455037298498966760276
-0.849262878138000000000000000000,-0.344863592909000000000000000000
0.551658183288000000000000000000,-0.339025752643000000000000000000
0.867529174362000000000000000000,-0.338922256702000000000000000000
0.245694735516000000000000000000,-0.338901839722000000000000000000
-0.366427906525896539503471687493,-0.338529134619875446940123609975
-0.060305499161478176492813311052,-0.338479922701715076532007737015
-0.672496909597387581450717187761,-0.338270903721347047989788034011
0.422201671011000000000000000000,-0.332192676299000000000000000000
0.116241697090468062002037287164,-0.332095970582960683958575772288
-0.189905170253578127805429232938,-0.331819103696501714187983469478
-0.495917143396766801099439107779,-0.331593553527874610226269596396
-0.802152966048000000000000000000,-0.331464554004000000000000000000
0.918112653359000000000000000000,-0.329625257567000000000000000000
0.730712968038000000000000000000,-0.329602610191000000000000000000
0.598725584978000000000000000000,-0.325450694275000000000000000000
0.292758244911000000000000000000,-0.325340635126000000000000000000
-0.013226216896528691069616340054,-0.324982078149654449625987924581
-0.319343400248797067249782280945,-0.324969774461556322502522381714
-0.625412760075631913930866443197,-0.324782147655437512913697260251
0.469282626561000000000000000000,-0.318623199544000000000000000000
0.163316056773481583675757314061,-0.318526154439249554015617572792
-0.142840930202082546096827721782,-0.318268903162576798861214586345
-0.448801638153529401296846142003,-0.318005277721381541640452884725
-0.755017869672112498846473845274,-0.317925089605428007737168966521
0.777760886566000000000000000000,-0.315865488726000000000000000000
0.645792888975000000000000000000,-0.311872959988000000000000000000
0.339821713017000000000000000000,-0.311779303288000000000000000000
0.033894351186146178747799035949,-0.311629075127847623160074859116
-0.272274060054027575189378581382,-0.311423782291330529273713887604
-0.578242039332157592911696593494,-0.311137676787120762178530451401
-0.884535239175000000000000000000,-0.310806916798000000000000000000
0.516359466237000000000000000000,-0.305052600109000000000000000000
0.210391226403224012529517413586,-0.304952893477690037428607825125
-0.095778737282340175501827754580,-0.304711594295425804461563815306
-0.401715329688478398066251874437,-0.304444046010213857325258508220
0.832602363672000000000000000000,-0.304359832181000000000000000000
-0.707752636755184848688836108674,-0.304272790974835127677904544303
0.693105032165000000000000000000,-0.298214766951000000000000000000
0.386892976110000000000000000000,-0.298212291107000000000000000000
0.080968616996703333424089006172,-0.298113745885413695489383158762
-0.225171566910341450076278103454,-0.297834814782619572144603593902
-0.531174037111738345130749471048,-0.297599405918240684697201128940
-0.837312175687642740682183151264,-0.297365850189607046327293161037
0.885229609771000000000000000000,-0.293245963765000000000000000000
-0.930424240089000000000000000000,-0.293141755031000000000000000000
0.563432702493000000000000000000,-0.291477894677000000000000000000
0.257481982655000000000000000000,-0.291362943422000000000000000000
-0.354621370246779735955985349304,-0.290997499604611363984847527809
-0.048517290891831984947152629042,-0.290943738884271074240367114906
-0.660636135083932890726925549505,-0.290752773980422231783737905714
0.433972761855000000000000000000,-0.284642266962000000000000000000
0.128031918544425000347439507684,-0.284560286048065917863961493445
-0.178107326858845868367676585830,-0.284284614248694656817834722337
-0.484106074943455739006392437045,-0.284060508329316501375561137085
-0.790228569274069789300285669398,-0.283883097012821084904765194525
0.742482402612000000000000000000,-0.281887519457000000000000000000
0.934080533677000000000000000000,-0.281206705602000000000000000000
0.610500319647000000000000000000,-0.277900871332000000000000000000
0.304545499200000000000000000000,-0.277801812208000000000000000000
-0.001439004077830543790449864987,-0.277442422770906498588226176762
-0.307536271221590611414774120720,-0.277435150519684107355176083078
-0.613567289703700412935606524876,-0.277214567962571769321341700300
0.481053328613000000000000000000,-0.271072846774000000000000000000
0.175104255260401427865353373530,-0.270989968195847984811178579828
-0.131044937206380605347843427598,-0.270727101227969425583051397578
0.796426084783000000000000000000,-0.270521430834000000000000000000
-0.436993506973202556799826303239,-0.270471986408212210669641570305
-0.743134432179000000000000000000,-0.270406620158000000000000000000
0.657672148872000000000000000000,-0.264350898063000000000000000000
0.351611401529000000000000000000,-0.264240380205000000000000000000
0.045682546742871486032571733159,-0.264092888157805719949164786740
-0.260469743223716889316730917468,-0.263883535350406108342409615934
-0.566431408611857169513874816243,-0.263605753848523480286552305100
-0.872509296931000000000000000000,-0.263306726170000000000000000000
0.850390293328000000000000000000,-0.258703642823000000000000000000
0.528132896807000000000000000000,-0.257502809440000000000000000000
0.222181413177091922300724691989,-0.257413879275031873469031824612
-0.083983310025003210259624917455,-0.257167828637766799401793360303
-0.389910637676215206902255969686,-0.256911952929538465016313164432
-0.695891300047000000000000000000,-0.256754411079000000000000000000
0.398687192211000000000000000000,-0.250671263498000000000000000000
0.704762507220000000000000000000,-0.250641548828000000000000000000
0.092755834342201265579651341949,-0.250574152243336309164341438409
-0.213381444281482627303526653039,-0.250299105736357823783410152940
-0.519363039394873331572653635790,-0.250066434083856366002901123367
-0.825424679516241867410728455479,-0.249826020656280295701083706743
0.899546119267000000000000000000,-0.246398809800000000000000000000
-0.918216931212000000000000000000,-0.245709096780000000000000000000
0.575212776845000000000000000000,-0.243931366151000000000000000000
0.269270386236132127888024262913,-0.243825209138732759893920078633
-0.342816678234516544791989440180,-0.243465406523935971675902167112
-0.036729676110996572315382716565,-0.243407407895089647902408854996
-0.648821111035820491331982778429,-0.243217234131558855653587224416
0.445767136204000000000000000000,-0.237102490184000000000000000000
0.139820117031344844537035565237,-0.237024099804664348659522516575
-0.166317204229987045594925128131,-0.236748905202432908456641267814
-0.472295277567548634094140923509,-0.236524444243299262429385054209
0.760925478831000000000000000000,-0.236503560232000000000000000000
-0.778333812794000000000000000000,-0.236349591102000000000000000000
0.947117688763000000000000000000,-0.233563135618000000000000000000
0.622291167482000000000000000000,-0.230360633116000000000000000000
0.316335282004963832702127646897,-0.230264058253453787231082699116
0.010347815528842590865428184360,-0.229903319364749897703916281612
-0.295735972099551630134585979171,-0.229899072326670985496139732868
-0.601752586798710691275148131522,-0.229678405033343080798082091613
0.814745541213000000000000000000,-0.225090006479000000000000000000
0.492848351905000000000000000000,-0.223533617447000000000000000000
0.186891861690246798624723695464,-0.223453635135866928165937196148
-0.119255340704560404300510973958,-0.223189387268646349936559708673
-0.425186737001215682453046863147,-0.222937735608942529185988939317
-0.731247155822000000000000000000,-0.222860101347000000000000000000
0.669366050797000000000000000000,-0.216786719226000000000000000000
0.363405607057193856698564403401,-0.216698180141059218900701100286
0.057470150944075015904717435251,-0.216556554545187373755512287572
-0.248671294721266609720441930824,-0.216339172254796671603083524409
-0.554620781999948967573870712924,-0.216073166919186621645447279272
-0.860629517401988095110158979363,-0.215777966151320589084395975710
0.864692603632000000000000000000,-0.211831814546000000000000000000
-0.952481876014000000000000000000,-0.210712199345000000000000000000
0.539925558533000000000000000000,-0.209963462791000000000000000000
0.233976167936854250774798107275,-0.209869815152249573578619783859
-0.072193867879557695315903739114,-0.209629578948617949263721608569
-0.378112587670391161240552212364,-0.209378210785725980072022810549
-0.684079449886000000000000000000,-0.209221467772000000000000000000
0.723405695846000000000000000000,-0.204522790533000000000000000000
0.410483865533000000000000000000,-0.203130248344000000000000000000
0.104542519430119712171233057572,-0.203034618616911199382235118750
-0.201593305194370627383968073976,-0.202762904762812597057490298854
-0.507552819939917463247046635661,-0.202530969398926607582853034807
-0.813540882372000000000000000000,-0.202300694766000000000000000000
0.912265171383000000000000000000,-0.199082971123000000000000000000
-0.905627906292633309509246806972,-0.196444171299283981033392618519
0.587004218097000000000000000000,-0.196391294770000000000000000000
0.281060876243336085309216505481,-0.196288082560349356909736802425
-0.331018628228692499130285687094,-0.195931664380123486731611830836
-0.024942293723724392956269283285,-0.195871019279728830677610517591
-0.637009410221629922770052727627,-0.195684184520740151856787815281
0.779242650690000000000000000000,-0.191071611344000000000000000000
0.457565222979000000000000000000,-0.189563350586000000000000000000
0.151607723461190215296405885998,-0.189487766744683292014281115847
-0.154529065142875045675366557368,-0.189212704228887681730721430040
-0.460485670733988060856869178177,-0.188987243661641910137394354008
-0.766456167637000000000000000000,-0.188813452026000000000000000000
0.634078722205000000000000000000,-0.182820252744000000000000000000
0.328128006335508527304832577715,-0.182725521819171503798844819362
0.022134355959055243835650444405,-0.182363995892645212445358302018
-0.283942636182756140613606914613,-0.182360015442989385985596863372
-0.589941205949790282499765685144,-0.182145032898320458754731361008
0.958348640842000000000000000000,-0.182075636115000000000000000000
0.826307755153000000000000000000,-0.177488042955000000000000000000
0.504642638129000000000000000000,-0.175992983059000000000000000000
0.198679234063912677977528451873,-0.175917244037478755414118882460
-0.107467109069895782817771449761,-0.175652394220294497481386324991
-0.413386622969071981265192940589,-0.175401850476213729315440596113
-0.719384535499000000000000000000,-0.175274292646000000000000000000
0.681769992812000000000000000000,-0.169390279027000000000000000000
0.375201823195667063742236528555,-0.169159868038577029929455025909
0.069257521718686053062116335721,-0.169020163050289220370948643248
-0.236880152754610809117212520212,-0.168799851080984288437968461669
-0.542812314510617293694946585805,-0.168539519462903444828001165979
-0.854993133927000000000000000000,-0.166714658049000000000000000000
0.873285280025000000000000000000,-0.163569600833000000000000000000
-0.941411339215000000000000000000,-0.163001290983000000000000000000
0.551719242080000000000000000000,-0.162422953360000000000000000000
0.245769815854651125404032751523,-0.162329406455757598801185395358
-0.060405416695946843091774997315,-0.162092068212660329561453085234
-0.366322472665885935820268422740,-0.161842499848422006219265948220
-0.672267302263000000000000000000,-0.161688991900000000000000000000
0.728903088931000000000000000000,-0.155844578991000000000000000000
0.422281741977000000000000000000,-0.155593419711000000000000000000
0.116329046350894406993926768089,-0.155495289855549755971491343906
-0.189805707242900957533101338305,-0.155226569600445610703915339489
-0.495745353491560670968963361138,-0.154995988933848811602816355351
-0.801678187694000000000000000000,-0.154780837333000000000000000000
0.920597599753000000000000000000,-0.150797856736000000000000000000
0.598793513966000000000000000000,-0.148852164438000000000000000000
0.292852113803040719805299018049,-0.148751089783121778677414945374
-0.319228513224187273710001893016,-0.148395953442819512878854951766
-0.013152964507639425455429975009,-0.148335113452984082490396603029
-0.625198006156562925806442916815,-0.148150788307300401905308684692
0.775950485065000000000000000000,-0.142196478887000000000000000000
0.469358854906749198746820060869,-0.142023971763905140413927135790
0.163395095834856094649210643236,-0.141951375646295119262462819566
-0.142741467191405375824499817122,-0.141676369066520695377146451830
-0.448680902710244284412833835659,-0.141446520354327795309317745824
-0.754608285579000000000000000000,-0.141242453916000000000000000000
-0.896801998217000000000000000000,-0.141063040685000000000000000000
0.646384207340000000000000000000,-0.135396353911000000000000000000
0.339923604475325728643449159943,-0.135187851465312821228681934176
0.033922914746157079628874274320,-0.134825405143166593923918505928
-0.272152175918233279039197377622,-0.134821401909792560482601724388
-0.578130262461971925496251109715,-0.134608808025626078736519396869
0.966347422289000000000000000000,-0.133255407422000000000000000000
0.823015555627000000000000000000,-0.128613233759000000000000000000
0.516435550343000000000000000000,-0.128453241371000000000000000000
0.210468553499429763942460856071,-0.128381335785066884688658728191
-0.095676835262844784368815028364,-0.128112991438665026167832697055
-0.401596507964566755844909153628,-0.127866139538909755462683715916
-0.707537638674000000000000000000,-0.127705671919000000000000000000
0.693453024682000000000000000000,-0.121820966729000000000000000000
-0.967878277199000000000000000000,-0.121790786243000000000000000000
0.387000844417224045909392898600,-0.121621360096190493295835086147
0.081046839938732691827560813441,-0.121484254496430104622688462928
-0.225089985458975445053567991358,-0.121260846630000372784577925612
-0.531006107449527324550865002535,-0.121005845414732584283062554497
-0.836937097623000000000000000000,-0.120785403517000000000000000000
0.563508677941000000000000000000,-0.114883641040000000000000000000
0.257563592132432079221329651339,-0.114789775550051170751289456366
0.870432848289000000000000000000,-0.114660905507000000000000000000
-0.048612898303107750639548617491,-0.114552814517663188111060863051
-0.354534334263758156807774073199,-0.114306298705012784177551754075
-0.660455300739000000000000000000,-0.114156167234000000000000000000
0.740607627883000000000000000000,-0.108277438114000000000000000000
0.434078549177597098296771387835,-0.108054122576840188509035663815
0.128117481472191531977377912735,-0.107956308171765761636934480938
-0.178018334184611326143764626299,-0.107690178671820332513713959657
-0.483941656668210937994735465440,-0.107456376835211567989563947853
-0.789866830830000000000000000000,-0.107246794526000000000000000000
0.926062185589000000000000000000,-0.102110995738000000000000000000
0.610985666138000000000000000000,-0.101395789842000000000000000000
0.304646761147313089993558637662,-0.101214406674635057562799491053
-0.307440374822059494697507547590,-0.100859752299410290837140775439
-0.001362923606822240829547585652,-0.100799384136064605929586847228
-0.613387102086448316906144154799,-0.100614604316341589547859380008
-0.924302005981000000000000000000,-0.099431125559000000000000000000
0.787694605326000000000000000000,-0.094639737231000000000000000000
0.481154115633040998376638364558,-0.094483672398546517556377928440
0.175184415270373180614143046228,-0.094415467393883248537002648291
-0.130954094133115744435163109486,-0.094139978137895417186945089412
-0.436877821615518107271612355590,-0.093897337187375874553888566933
-0.742796044452000000000000000000,-0.093709793732000000000000000000
-0.876010619899000000000000000000,-0.091255104740000000000000000000
0.658068663151000000000000000000,-0.087824815570000000000000000000
0.351720785207407693132699446539,-0.087651254881660582427197227652
0.045712016668629253292968371718,-0.087286404294554640046878412236
-0.260362315129731865833833801331,-0.087282715637671554863800103384
-0.566320016565968193554440971157,-0.087070930517975669347050100230
0.971819860623000000000000000000,-0.084576165933000000000000000000
0.834785046936000000000000000000,-0.081062106040000000000000000000
0.528226307614000000000000000000,-0.080912702192000000000000000000
0.222258581288408956537871022076,-0.080845603216088016502781715393
-0.083884831484714193973971878689,-0.080574271939049398194756106974
-0.389808369562438976832414805415,-0.080329938395500533420969539689
-0.695725381358000000000000000000,-0.080172934603000000000000000000
0.705179121829000000000000000000,-0.074259135438000000000000000000
0.398797590958074754024200499280,-0.074084951064324628908697550065
0.092836866960367638221456246930,-0.073948521737131046024649519289
-0.213299840874818806720380198210,-0.073721576819474029545605810728
-0.519206629153563719911200231524,-0.073470610082912288260785131807
-0.825132673189000000000000000000,-0.073250840223000000000000000000
-0.972771384839000000000000000000,-0.073057656342000000000000000000
0.575434247658000000000000000000,-0.067355328760000000000000000000
0.269359159843389110314649982199,-0.067252136132904745488970909433
0.882111523987000000000000000000,-0.067067515154000000000000000000
-0.036814151787193038647007728867,-0.067007949620234069684165722270
-0.342746736101778537507491881514,-0.066769963594846007704228879418
-0.648644272435000000000000000000,-0.066620463260000000000000000000
0.752324257995000000000000000000,-0.060713538341000000000000000000
0.445872567016033355679906648404,-0.060515114093547672772773407188
0.139906590577713690395529805069,-0.060417381921097986759824871235
-0.166229033116276152740176565127,-0.060154265864191077575082056749
-0.472143870490763429004006827700,-0.059912687375097565983376552028
-0.778054356582000000000000000000,-0.059714331548000000000000000000
0.622524910738000000000000000000,-0.053788775822000000000000000000
0.316443942324983728234454681757,-0.053677809628299045502200851935
-0.907236388769000000000000000000,-0.053522061753000000000000000000
-0.295652776660079875397225351426,-0.053323417189243514363817884228
0.010430106801303874810550925761,-0.053264396390958447352208603580
0.929114656374000000000000000000,-0.053220199200000000000000000000
-0.601576803375088853150893192247,-0.053076672031716620572848106143
0.799383014524000000000000000000,-0.047068725816000000000000000000
0.492944074749188593207617537218,-0.046943889164892646410873952022
0.186974443059352373209553213034,-0.046879734824904380351125652923
-0.119164793064780571031575043982,-0.046604065330266162248313168915
-0.425082244289663737560720160835,-0.046353411382540038551216785518
-0.730983915771000000000000000000,-0.046177173600000000000000000000
0.669617783511000000000000000000,-0.040220944698000000000000000000
0.363518673642144114435649940074,-0.040113659962129099128319634718
0.057504397085397197721404801526,-0.039749152390819312766541989618
-0.248572934989439163681157640989,-0.039744239405905045886933591689
-0.554508846652443599078810384127,-0.039523532656480434309812049597
-0.860384549329000000000000000000,-0.039248128704000000000000000000
0.974854108687000000000000000000,-0.035684230767000000000000000000
0.846448094324000000000000000000,-0.033485691693000000000000000000
0.540088113401000000000000000000,-0.033367056221000000000000000000
0.234051602032873056942530900391,-0.033310613073509683460827368872
-0.072092063202241430382418221502,-0.033035613928875162545703774216
-0.378020771400459357532132615621,-0.032793603285333756947646652106
-0.683914323798000000000000000000,-0.032636835449000000000000000000
-0.950021397685000000000000000000,-0.029684660340000000000000000000
0.716711155786000000000000000000,-0.026653232150000000000000000000
0.410593233958922814216844800006,-0.026544254740569166283301501107
0.104629887453675428407306092604,-0.026413531532243001038956943143
-0.201508301454375735102099567693,-0.026183339299513095156316352050
-0.507416527221373552150113931891,-0.025934895903329947954010604756
-0.813312738692000000000000000000,-0.025718079739000000000000000000
0.587184037950000000000000000000,-0.019801559514000000000000000000
0.281156375363312693283681639471,-0.019715503404192845400042721855
-0.025014725251777770567454989835,-0.019466252849290128557897621843
0.893646936190000000000000000000,-0.019431893062000000000000000000
-0.330959362594948025721755604041,-0.019233572777443283280134815380
-0.636834468636589191813003469235,-0.019083324646641814560657792495
0.763850508280000000000000000000,-0.013102888093000000000000000000
0.457664433399314716083052631511,-0.012973349982261923657778881128
0.151698867717384700988561486527,-0.012879806137181710947118945421
-0.154439066765418274206429360552,-0.012618518057093113973108473625
-0.460354901020273860706827279665,-0.012375619910772420521850835212
-0.766242062026000000000000000000,-0.012181449274000000000000000000
0.634268611304000000000000000000,-0.006232026111000000000000000000
0.328239624684641939453327859476,-0.006142505569195311212595837850
-0.283865403153249363611489077705,-0.005787026371840789939723837033
0.022225248244101700172103978034,-0.005729932425549379844227389355
-0.589763885233374962910654931438,-0.005527461107087834763306304652
-0.896940402515000000000000000000,-0.005360157987000000000000000000
0.810897063838000000000000000000,0.000543710652000000000000000000
0.504750291550000000000000000000,0.000614773012000000000000000000
0.198767463803816473614213090097,0.000655255317673952690828710549
-0.107374826713922692497827843761,0.000931682476831801353660396696
-0.413293428131069480678239715662,0.001184188186433861081719299477
-0.719172767574000000000000000000,0.001358865535000000000000000000
0.948987478308000000000000000000,0.005914895498000000000000000000
0.681366218606000000000000000000,0.007333755216000000000000000000
0.375312477639915064636045196480,0.007425126468001216565145245821
0.069298989760808833110067468397,0.007787222813354371514170646371
-0.236781651368130151565704131032,0.007793732557788281140344389675
-0.542697681457326502466717625240,0.008034072022017432057651022840
-0.848565764571000000000000000000,0.008282842905000000000000000000
-0.975435255358000000000000000000,0.012183142499000000000000000000
0.857962438597000000000000000000,0.014128001837000000000000000000
0.551824468791000000000000000000,0.014187821376000000000000000000
0.245846734877048040385423520226,0.014223853025549896296921183016
-0.060295168607097489923545899990,0.014503453401816261583541855067
-0.366232019325558148867862713206,0.014744218694324334749231128392
-0.672103231729000000000000000000,0.014900260021000000000000000000
0.728451514416000000000000000000,0.020905080787000000000000000000
0.422383838957561413667929814216,0.020996199351971315173320516288
0.116425020330163908565082766927,0.021120934558798354927830850793
-0.189716237765594691458717789603,0.021354586486923641117752840783
-0.495627065182339807310257464362,0.021602682893497403321280815919
-0.801695487194000000000000000000,0.022497424277000000000000000000
0.598899100279000000000000000000,0.027761201656000000000000000000
0.292952430889066362121567294043,0.027820188378250500558235419448
-0.013213846603382572447656339411,0.028074226823356568592845906222
0.905333379568000000000000000000,0.028139825923000000000000000000
-0.319170060381212080006444086636,0.028302339746117055181556328684
-0.625029411689444741418362845610,0.028457730813962462939989193004
-0.930379407647000000000000000000,0.031385837465000000000000000000
0.775536431622000000000000000000,0.034468452727000000000000000000
0.469465515753507017493716796624,0.034580918047655828600875854907
0.163493428012135442298585460368,0.034656651178841159537942407827
-0.142646087086541684197813457385,0.034916482273484182615872623305
-0.448565592293135427281669919145,0.035162490990703684924850949326
-0.754433887934000000000000000000,0.035351647279000000000000000000
0.645977019041000000000000000000,0.041332675501000000000000000000
0.340032629854782577128451899999,0.041395451258798584088156468817
-0.272076100939513417896177551936,0.041748886151719548521967322482
0.034020197616286616720697950627,0.041804579199605396105142243213
-0.577963451958781786431690513242,0.042019010701865983836049760490
-0.882860619778000000000000000000,0.043249365074000000000000000000
0.974333529023000000000000000000,0.047833793204000000000000000000
0.822583510129000000000000000000,0.048115402341000000000000000000
0.516539486552000000000000000000,0.048156192895000000000000000000
0.210562596647991457057105710701,0.048189721416733532448577244980
-0.095581847035046102489211936229,0.048466682807409097942641511086
-0.401504857449258335066083882908,0.048724860329748852403082073024
-0.707364938698000000000000000000,0.048892757359000000000000000000
0.693057090726000000000000000000,0.054903842207000000000000000000
0.387105418084873940422504938301,0.054968005999011868389258098942
0.081092588023565101825294735354,0.055326438815765310639131055446
-0.224991422596987092388543014058,0.055329753318677144175923573210
-0.530898248912004736487581657754,0.055582003434711876996456543817
-0.837488127259000000000000000000,0.061691418806000000000000000000
0.869648338926000000000000000000,0.061697993667000000000000000000
0.563609996332000000000000000000,0.061727762006000000000000000000
0.257641661506474873289986151603,0.061758370293960413592447026174
-0.973530973365000000000000000000,0.061959023739000000000000000000
-0.048495289512912694688177633104,0.062042894921413438956024761372
-0.354451603889505173747393274130,0.062313162489178350036338556733
-0.660298283173644653259529212118,0.062439451346704330035846212247
0.740138055756000000000000000000,0.068473058350000000000000000000
0.434185280092351005781552133160,0.068550840005583190450020224068
0.128219947849483370543197575801,0.068655451606396307133962387274
-0.177922213218363130863359065233,0.068890671760007683114464337520
-0.483835545028633517571742043436,0.069143089281053292508129582452
-0.789195737391000000000000000000,0.069853704819000000000000000000
0.927689567873000000000000000000,0.072876845155000000000000000000
0.610673042146000000000000000000,0.075305652378000000000000000000
0.304746007742989389954708625776,0.075358739174927788076200251414
-0.001413459782452737935543306970,0.075614437961261643024326562366
-0.307380094170729459623407833098,0.075838087588031333577762532193
-0.613232552163038183139640519249,0.076000493849552479304757627740
-0.928065252531000000000000000000,0.080308472583000000000000000000
0.787227553995000000000000000000,0.082038970701000000000000000000
0.481257676145302124960437364324,0.082125946963181126464640518146
0.175286970545214943365272623758,0.082195983379331553406871024328
-0.130850988057221467021069236970,0.082450956763299562992380663888
-0.436776789314858726273394483152,0.082712324219164148607267917133
-0.743877920689000000000000000000,0.088429633433000000000000000000
0.657738110845000000000000000000,0.088881330436000000000000000000
0.351822426060092823646059468270,0.088935065040289080580766143355
-0.260286134729030797513141310019,0.089284633993633826918173513957
0.045810920273512743996991781564,0.089340139418821855323155103782
-0.566167707743600744706659703640,0.089563114362118800646968001532
-0.876093294300000000000000000000,0.091832937797000000000000000000
0.834274524090000000000000000000,0.095684505686000000000000000000
0.528326538490000000000000000000,0.095697676501000000000000000000
0.222357523277418289961668340784,0.095724238685144049744103105030
-0.083786748005725885312467720126,0.096001157297224478319149534035
-0.389724293072013004420143646773,0.096303248523690648499799606232
-0.695559512326314179305312269714,0.096429101900620129807560565307
0.970703881424000000000000000000,0.096684394515000000000000000000
0.704799392541000000000000000000,0.102458381585000000000000000000
0.398900363714693400989594434315,0.102515900028437412246731447711
-0.213198442964876416116145395831,0.102864753660856617379169340313
0.092882425144598932907485168641,0.102865081389332822580715257518
-0.519104936152344904116011953072,0.103124270483257673124573360257
0.881340432979000000000000000000,0.109267925500000000000000000000
0.575388185615000000000000000000,0.109275950633000000000000000000
0.269432368103309731228058155359,0.109293934496794220483252982735
-0.826468565960000000000000000000,0.109412997389000000000000000000
-0.036698641405386240218428431866,0.109579222429457164755178974686
-0.342673626841833750770799194634,0.109900506829343647892038205968
-0.648495698317779699544656162805,0.109988155572650149642789118161
-0.969204074110000000000000000000,0.110746637949000000000000000000
0.751867420879000000000000000000,0.116034519987000000000000000000
0.445973537089595800954957877908,0.116091814495631398536488470870
0.140010655597036396857924922163,0.116191015523806321769094602171
-0.166127055231089832174192920793,0.116425207467017911063372758507
-0.472046347062416065316398424498,0.116698504238124157199189591458
0.928678153562000000000000000000,0.121852518680000000000000000000
-0.779225108275000000000000000000,0.122332624001000000000000000000
0.622452803871000000000000000000,0.122852523910000000000000000000
0.316535559794443080476263294249,0.122898099287607591405290608149
0.010384299932034963831018179737,0.123157371672736022546380175069
-0.295589254250533094070441818684,0.123380584122072921353195310205
-0.601433931615729285641708882596,0.123547582578280296394106242277
-0.923794430454000000000000000000,0.129100145506000000000000000000
0.798934443576000000000000000000,0.129605185346000000000000000000
0.493044544009431977410780455765,0.129665883815808447627865679214
0.187076805202120980406038098979,0.129734581800314743541266534728
-0.119056077805123508839436353630,0.129985478095478078751774208862
-0.424994380109403355736747777025,0.130291260838129167600951031745
-0.732092986018000000000000000000,0.135967995771000000000000000000
0.669514071420000000000000000000,0.136429599210000000000000000000
0.363610785694194332856717375349,0.136476116595318857385594804606
-0.248493155096920121240743693656,0.136819634335813300121419297371
0.057597759790484338135843162961,0.136876662643975130444539624888
-0.554372458790536507348868490232,0.137107390897649031283077382983
-0.876236830833000000000000000000,0.140811013012000000000000000000
0.540105564272149615658845275834,0.143244854306982215146274809469
0.234148229874253147899740345271,0.143259802887977856634909044112
0.846121590918000000000000000000,0.143315603332000000000000000000
-0.071991837753627927130834832400,0.143535678629402994078543096335
-0.377943263942876215768909563051,0.143886962130020965733079275347
-0.683771497305000000000000000000,0.143965572512000000000000000000
0.716575329296000000000000000000,0.150006880851000000000000000000
0.410688105979330253245888311574,0.150056339775650904987632171269
-0.201403343935100464064749427800,0.150399228150558912715073971966
0.104668702056975939477519945223,0.150403562520849890712437761087
-0.507317492334945804817877931146,0.150689760278490271436726320684
0.587167514883000000000000000000,0.156823818888000000000000000000
0.281219196800151624445591938988,0.156830460404833444098913892465
0.893429952428000000000000000000,0.156986140353000000000000000000
0.962788969917000000000000000000,0.157007453468000000000000000000
-0.024905089970150202088181666747,0.157117783720676953584773684081
-0.330892503126585095867581944862,0.157483893134572841609574853792
-0.636706594874000000000000000000,0.157525633215000000000000000000
-0.830459884320000000000000000000,0.158228009469000000000000000000
-0.962320129772000000000000000000,0.159816245998000000000000000000
0.763637416701000000000000000000,0.163581067320000000000000000000
0.457759765345400420577086771386,0.163631086903154816670409233196
0.151797485400326957970796793049,0.163727541157498160695600368552
-0.154332144978991873992560039551,0.163959728799196426822766319433
-0.460265400363830583969583953767,0.164282084114983222918690099787
0.634230340607000000000000000000,0.170402511049000000000000000000
0.328322771608649426013404293040,0.170437958241978187924807389211
0.022179401120228156297361249097,0.170702547632242157995743801128
-0.283796995062480055223597882778,0.170925014602597635220942005829
-0.589644003617437684590357502591,0.171086336609049211493056124025
-0.782818193143000000000000000000,0.171178876579000000000000000000
0.810699777901000000000000000000,0.177154355166000000000000000000
0.504822660270549736159822420976,0.177212004781348873541491533895
0.198863008521762875030096462922,0.177273284379631119262169423584
-0.916396770246000000000000000000,0.177516147671000000000000000000
-0.107265402283064047524362968180,0.177521050006078752047291889838
-0.413214174713243484478017246493,0.177877406505861435269824894132
0.681293054868000000000000000000,0.183981260121000000000000000000
0.375397376655209352278714519907,0.184015359930920594871142786440
-0.236698056067144169189347724981,0.184354108825515595457323911444
0.069382322923720860783449408432,0.184413750248214648981455746509
-0.542589568684442467728363870604,0.184670547269624941729063188712
-0.734720485104000000000000000000,0.184875647371000000000000000000
-0.868839091150000000000000000000,0.189227510228000000000000000000
0.551882477831503112361705812891,0.190794554899515025898901922007
0.245935058571095041117274127525,0.190796328796017080250569970646
0.857707731354000000000000000000,0.190914720040000000000000000000
-0.060201162231568465815761452314,0.191071250540003667374060759212
-0.366163196724202309810315353859,0.191473585984271640307241043943
-0.671983131177000000000000000000,0.191503027674000000000000000000
0.728358080099000000000000000000,0.197559920794000000000000000000
0.422474358575573759788537316914,0.197595637470212976291412649156
-0.189608433683002505883116538997,0.197933749482737428474467517255
0.116452685940812087017220859501,0.197942665636139523198654017695
-0.495537526826846976160963325218,0.198263044581210539362487696291
0.293003830226797560359184480030,0.204367635602655989138972896199
0.598945150886000000000000000000,0.204373765634000000000000000000
-0.013115469429963906176916864357,0.204657263637232760083777473812
0.904718864558000000000000000000,0.204664476067000000000000000000
-0.624918209693000000000000000000,0.205063714083000000000000000000
-0.319112677001657044402867779563,0.205071351240840783518274111273
0.953697038746000000000000000000,0.205136832102000000000000000000
-0.820245655421000000000000000000,0.206129192893000000000000000000
-0.952504843875000000000000000000,0.210608350935000000000000000000
0.469537138958280587747557790894,0.211176436351092236619912620249
0.775474926553000000000000000000,0.211195598150000000000000000000
0.163582038336786233400246266661,0.211264631289543148590762315922
-0.142541469456932412677486654316,0.211495300709797100118283982806
-0.448486289285158964518040155973,0.211858325818832237448970584097
0.646006304239000000000000000000,0.217951051959000000000000000000
0.340109307367708029530128086640,0.217977144219954729537200457265
0.033969230084673491467531094872,0.218245148116280813594331523578
-0.272005581737002419959043636353,0.218471806526432156074730092614
-0.770303653582000000000000000000,0.218531480089000000000000000000
-0.577864091408833471510884046439,0.218649230664940027667330993921
0.516596215141081871836115506205,0.224758216237435674942327969299
0.210647027534820719257912880703,0.224812229524037595678979345511
0.822484526824000000000000000000,0.224950220026000000000000000000
-0.095478613604184319883881688490,0.225057585836677647095397999944
-0.905791982501000000000000000000,0.225332664910000000000000000000
-0.707287855619000000000000000000,0.225450621640000000000000000000
-0.401435318284816826189623551594,0.225454529482331214870387223073
0.693067429789000000000000000000,0.231528695009000000000000000000
0.387183051006584975898365543020,0.231554056694396761442594485231
-0.224903145815046211007714837265,0.231888630157694111216717472185
0.081166863600854428942855145082,0.231950843419372729362561488556
-0.530812020360148114782754880709,0.232241626927698304490598309818
-0.858234486444000000000000000000,0.237043929595000000000000000000
0.257719610379538379451485030588,0.238333419207699774442755923121
0.563654483401000000000000000000,0.238338745767000000000000000000
-0.048414373552688738175280163489,0.238607786370602562422166884713
-0.660195304717000000000000000000,0.239040638411000000000000000000
-0.354384397377029358301394055154,0.239050906494738160284607253595
0.870854591456000000000000000000,0.240052509188000000000000000000
0.740128326472000000000000000000,0.245106552461000000000000000000
0.434250777232901730127679471172,0.245139994797169377703763191590
-0.177817758160943044568043159962,0.245469321393338101769985197703
0.128236581581989398959632748413,0.245482002841639513755316025262
-0.483760745555954137340961604873,0.245836779204690309030740587002
0.927345118933000000000000000000,0.249960668105000000000000000000
0.304788884673281475957008193424,0.251905279547753361349692573344
0.610723135638000000000000000000,0.251924439640000000000000000000
-0.001328315120608468385228143897,0.252197083681362466574577838859
-0.613140584468957592891920583151,0.252625660838201079364314431468
-0.307333555834595934057369350813,0.252647558151789649495540826787
-0.805319261370000000000000000000,0.252777262678000000000000000000
0.481308976426362983693594427151,0.258720863513889616986137615302
0.175366567425340390352023946369,0.258801727333531793005234450928
0.787111697401000000000000000000,0.258947250913000000000000000000
-0.130754680778052685037005368491,0.259031836540395995166390109189
-0.742870746160000000000000000000,0.259106247255000000000000000000
-0.436709743723015210411729690227,0.259432876168567759784847135032
-0.940161271147000000000000000000,0.260227091833000000000000000000
0.657785775657000000000000000000,0.265503802792000000000000000000
0.351894311772151752755840338691,0.265515144859803846823170912546
0.045757786824504901692994800881,0.265786444610735717576491953955
-0.260218948129925102744344336916,0.266021576507143878486600167000
-0.566088459046011473913561443375,0.266217868875077479390090198741
0.528365269858232006783040556259,0.272302839472386494548197159136
0.222430883460254128624839464537,0.272351663949624927820769867780
0.834175985318000000000000000000,0.272512670671000000000000000000
-0.892706233410000000000000000000,0.272530342955000000000000000000
-0.083694080093013385855906868001,0.272594680784291654120529022986
-0.695498197746000000000000000000,0.272988890157000000000000000000
-0.389658807132042733738077279103,0.273029198908436330265696546428
0.704849829013000000000000000000,0.279084888304000000000000000000
0.398956549869495225728860703056,0.279095379362132670795825062581
-0.213112470292986749692641458421,0.279424202068294784512235135850
0.092951065589828639611669006540,0.279488020550723683753451003932
-0.519037137048857517109626704937,0.279812857821542867586047524880
-0.843307916911000000000000000000,0.283692424179000000000000000000
0.269504137803338829794283906660,0.285870515664383737725608048482
0.575426388566000000000000000000,0.285881384356000000000000000000
-0.036629840041517804147305351039,0.286144881318216569447297894940
-0.648439002225000000000000000000,0.286586084675000000000000000000
-0.342607862119132527908906939897,0.286625492503621752232159596761
0.882704369451000000000000000000,0.287584030103000000000000000000
0.446020255194061857895621820428,0.292681970385181659865142940431
-0.166030969482063316927561868511,0.293005857223936996818091304784
0.140019797929825742668500470448,0.293022608170599315977583541859
0.751716967008000000000000000000,0.293323118522000000000000000000
-0.777886479115000000000000000000,0.293352166232000000000000000000
-0.471986092968164310950154590585,0.293408808580906653339529301612
0.316573106981645504785006277401,0.299442465978358114066015794593
0.622496218406000000000000000000,0.299470220095000000000000000000
0.010458518809113067096155430724,0.299736588994992979625425816738
-0.601383295505000000000000000000,0.300174939993000000000000000000
-0.295578461522810971864783129444,0.300296121811926822529261295229
0.493076346808947752665209290152,0.306263736635978542329667495190
0.187150751231140273649020893521,0.306338908972386905871996816128
0.798893216058000000000000000000,0.306487476042000000000000000000
-0.118970147266881751009030549422,0.306568931488010002191521118384
-0.730822792148000000000000000000,0.306914667150000000000000000000
-0.424935114464343210814134002675,0.307004986277867834395558881331
-0.925227203484000000000000000000,0.309153646300000000000000000000
0.669556795479000000000000000000,0.313048941385000000000000000000
0.363666649923949714224382346117,0.313055261399144619170331836322
0.057543786203241621664448398680,0.313325502616837142457391143676
-0.248435833301204267656805886600,0.313571031623061171976845664080
-0.554330276818000000000000000000,0.313771937909000000000000000000
0.923182903284000000000000000000,0.315170602815000000000000000000
-0.877247312473000000000000000000,0.319004903318000000000000000000
0.540136145456587146943025147788,0.319844576326798331006493478104
0.234214125498017125927508524185,0.319892116295757031435404760735
0.846020732712000000000000000000,0.320037213745000000000000000000
-0.071914097138911726374946570422,0.320147546015580630752108030616
-0.683742314325000000000000000000,0.320535733236000000000000000000
-0.377884119545991036164438616178,0.320601107170518713364698344698
-0.815875134123000000000000000000,0.324267035907000000000000000000
0.410725133610782458894390291561,0.326636425447159972031071983712
-0.201325681614107022052160169790,0.326960737898893679560341259903
0.104719660375872057498539640649,0.327029063901667209035428860406
-0.507277156857000000000000000000,0.327369151551000000000000000000
0.715550241778033372631291083351,0.329901783552208703639100794184
0.281288318826398382697388471880,0.333407697993063495152699493534
0.587197030793874321812333990044,0.333422715015351363467323764768
-0.024845320546787097814835621257,0.333681979740529766348504555257
-0.636679594661000000000000000000,0.334131887745000000000000000000
-0.330854370294683273565831881290,0.334270536986480198424490559555
0.457786438998514141508984970221,0.340223610500076988130278133274
-0.154246435970892382899587055215,0.340542952171551003843222336128
0.151787900977368169174909838863,0.340565361505297710158738172795
-0.766099058741000000000000000000,0.340890595455000000000000000000
0.763269467077951215033175835902,0.340925674104552771603349415805
-0.460224238740000000000000000000,0.340966414746000000000000000000
0.328345445133443466253548285697,0.346982582517698886413176730026
0.634278439585000000000000000000,0.347027399535000000000000000000
0.022244667427075835006430559595,0.347275802170162440207862103306
-0.589626421816000000000000000000,0.347728702690000000000000000000
-0.283803598201992370963317963241,0.347867428970166721693474744850
0.504841506379355408341464731343,0.353805630229074148463520364878
0.198919336731798456723248907458,0.353879954621889377437086918780
0.810445127042924379876117173612,0.354083357411188012557378170801
-0.107190390211023905210118028574,0.354121581836562998643296903476
-0.719045114882000000000000000000,0.354485421281000000000000000000
-0.413171514896175210571000842308,0.354563591701750821138273279442
-0.907693774714000000000000000000,0.357370069303000000000000000000
0.375435233665236947389911929941,0.360596307484171920405578775810
0.069318383472099507437661660823,0.360872825804221719639735782698
0.906166574526000000000000000000,0.361120755375000000000000000000
-0.236655950614850410019786979466,0.361124500786108835098149738973
-0.542573326681000000000000000000,0.361325953397000000000000000000
0.680274631251977069191137443757,0.363876508395073371391023114404
-0.858083693707000000000000000000,0.364078617975000000000000000000
0.551896576695927505254029792867,0.367387639787193132324666511694
0.245982192002257523527948385227,0.367434964025287190422233914578
0.857507493699000000000000000000,0.367649444291000000000000000000
-0.060136198776908586937156458889,0.367706635926113341815904840525
-0.671982847390000000000000000000,0.368081174018000000000000000000
-0.366141765644867447972394115983,0.368233021517712306198065501199
-0.804086590199000000000000000000,0.371805568395000000000000000000
0.422491317415234742507753434461,0.374178065562055300296207190136
-0.189541148102936088024185358112,0.374497832846507686585472270321
0.116485858571828897348247073970,0.374570700454775494974683094669
-0.495520271844000000000000000000,0.374923298900000000000000000000
0.727315295748329003971117345439,0.377508328151658860742770632562
0.293056902567685615862918065303,0.380948744078090796387946432769
0.598952403102650924945295486798,0.380967029586248566919248399337
-0.013061127406328309617869450387,0.381219159065377637878938524988
-0.624930021868000000000000000000,0.381679303424000000000000000000
-0.319090993552176545369880196538,0.381829913501398829467049679626
0.469564426913964271862578713808,0.387778829821206457726701204002
-0.142477851329439513730748779287,0.388083998033746121719201600890
0.163553467468068533858746835615,0.388109194422902205414443532520
0.775049093986746059403446067098,0.388468945464040162545748859924
-0.754682699125000000000000000000,0.388520055099000000000000000000
-0.448467208991000000000000000000,0.388520573117000000000000000000
0.340114028874730699419077864412,0.394523628602726187648423653514
0.034015580583727529946156382475,0.394819294462377240063245625333
-0.577876986572000000000000000000,0.395276979759000000000000000000
-0.272040095965613282243927178561,0.395426371217771693519165372316
0.644946174632285980305576959115,0.397796278131983213471186681359
0.516619513496099211610817073884,0.401360856269146975253704486578
0.210685522789984446959108315339,0.401421594179003197333111240543
0.822226047427304167137342504276,0.401621347913851087383371274402
-0.095423659895324195457787210160,0.401669052123296464891809535713
-0.707285648068000000000000000000,0.402031145048000000000000000000
-0.401434972645499247377801731389,0.402189466645919328829014445093
-0.888611714027000000000000000000,0.402478256217000000000000000000
0.886493008481021752008333603072,0.407128711393356743737164609263
0.387201417469689231003275080555,0.408137947599067248670713967850
-0.836847051683000000000000000000,0.408213408929000000000000000000
0.081089267404038606113003591882,0.408419363055160317898119892349
-0.224893253888342560357131965609,0.408686307427093171924643473101
-0.530824360621000000000000000000,0.408874936534000000000000000000
0.691991185829309448316020888965,0.411432624527020931577160622735
0.563688481400288917575876352371,0.414954309902990975897763663906
0.257747772993762658356826473786,0.414978704191515362374517779299
-0.048370502220692696269157036982,0.415257686307078392867653452114
-0.660232806783000000000000000000,0.415629317096000000000000000000
-0.354383030867956563497057204923,0.415787574319481847552053081282
0.434256487996037164171731008901,0.421719956430414765496678490005
-0.177772563461483218855347084793,0.422038878708702804461451551647
0.128251052490981193463495339908,0.422112585547597821247196505863
-0.789985662837000000000000000000,0.422469729550000000000000000000
-0.483771297866000000000000000000,0.422472268644000000000000000000
0.741762760266000000000000000000,0.424397975492000000000000000000
0.304823086372137899476281201098,0.428490384192986124653081626668
-0.001292561622410652477982849552,0.428760209595671796241657856309
-0.613179794283000000000000000000,0.429227443256000000000000000000
-0.307332226235404881402730277342,0.429384447954880950403289936926
0.481330404953629848462620334454,0.435321560684871271535078258712
-0.130712822373762272056737462242,0.435629700493208045290990123651
0.175317691103263940213429292030,0.435654452327150584638642420923
-0.742588295839000000000000000000,0.435980984448000000000000000000
-0.436738673151544130539358263113,0.436136897551884686051924647030
0.607392031983136470405670845234,0.437059745718347913151617874700
0.851212517854950347979727649195,0.441098368549678879420772541618
0.351880212679182983032441011212,0.442065268717621515913558863079
0.045784050925916513234089069629,0.442363321509755977217127620735
-0.566127008506000000000000000000,0.442825039199000000000000000000
-0.260282922294010895516664916276,0.442986419310706849256423370267
0.789087717068559788239063904843,0.443173101400169726589907585893
0.655618518574963429583914452449,0.445595354492343733027758484013
-0.867286345460000000000000000000,0.446583033416000000000000000000
0.528385791979296132275700394133,0.448902472951694036780514612164
0.222450697607115191347098123862,0.448963483999000177038203468433
-0.083659664699130772868107279115,0.449218334676989973266834030488
-0.695535360842000000000000000000,0.449579075932000000000000000000
-0.389680372008000000000000000000,0.449741519936000000000000000000
0.398966588050491652667252652503,0.455679838467426713871185282552
0.092857444418501119295270007482,0.455964367387643600806375112035
-0.213135264579727035019849700569,0.456243455110277938711980185059
-0.519074194996000000000000000000,0.456423311859000000000000000000
0.702697024440562184298468107364,0.459224210039160931988411396110
0.269511940322573242345831448928,0.462524090925355885926916010856
-0.036607604456429884161752254317,0.462810768346190874765947384029
-0.648482529934000000000000000000,0.463177051118000000000000000000
-0.342627542966000000000000000000,0.463339634161000000000000000000
0.446021658576839585835708585516,0.469261847298774230697149802948
-0.166010468922374648703020627340,0.469581530698126493411020621832
0.140011903603868696275862251270,0.469655545144523133849800470590
-0.777890959634000000000000000000,0.469931275084000000000000000000
-0.472046899058000000000000000000,0.470108823892000000000000000000
0.572089283898227065238335220562,0.471008024748161786000890914586
0.749778475099897007205493224554,0.472714489129935906216936287527
-0.826699486298000000000000000000,0.473997248038000000000000000000
0.316588256952940321140258785166,0.476032275061345589853552935666
0.010473615872026822012315818106,0.476301851272245954811436239215
-0.601429870942000000000000000000,0.476775264247000000000000000000
-0.295577636993789281909502446580,0.476941801053397436588772797964
0.493135913279910797310444619486,0.482903894654514051977394485687
-0.118949530326647576150869186477,0.483178252376039067930231127352
0.187077578833237999197172875076,0.483200759847063389665642181138
-0.730837885699000000000000000000,0.483529248373000000000000000000
-0.424988978776578766115674524164,0.483682615637000270624634358468
0.619139757274875337665457970237,0.484605950368185305215939916841
0.843802703729475175920053928453,0.489510611637148897071475696278
0.363645383259985404696418584227,0.489607159585980981114030161526
0.057550299224360990079262136861,0.489906319664645692443273900047
-0.554376960179000000000000000000,0.490373225071000000000000000000
-0.248528714825910773051156753429,0.490545092896745138959907477311
0.794880471073284230124526504993,0.491805339958302425780120140320
0.667366243866702296843701567522,0.493141559142181125092080519312
0.234211529204954047200916861728,0.496506448423420064496123178552
-0.071897470083946687444514169413,0.496770686045239969429344482823
-0.683785375172000000000000000000,0.497126928549000000000000000000
-0.377928742734356216496450701450,0.497290163839702051505343449337
0.410732063102245482695249773975,0.503223328381890453082992505216
0.104621140376157332667029252822,0.503510301151537171114164650549
-0.201379646034146396123206814710,0.503797109279313128133760733374
-0.507349739486384310080954248531,0.504058544721859554232399711610
0.536839405198841730273079456032,0.505009446450981801197770782711
0.717481713591615629813760280850,0.509832872232269847900149480055
0.281271991382486024038904307722,0.510069763865134975999247597704
-0.024846507295884501370467693907,0.510366918128091723020907164278
-0.636732331265000000000000000000,0.510725200068000000000000000000
-0.330877633430000000000000000000,0.510893271853000000000000000000
0.457788046773207513206923476991,0.516803436827804004282880265698
-0.154251990707186178268839285773,0.517125077223362892300034351337
0.151767750378047907658615468069,0.517199742400932880974797080725
-0.460298887335431548779069712489,0.517661414404317686575086358912
0.583890762050021592611285153420,0.518608287960954096722387998943
-0.768353169925000000000000000000,0.520449782999000000000000000000
-0.823544089773000000000000000000,0.522873299460000000000000000000
0.328349084853636901713784419002,0.523575240400337401182445351320
0.022238797347266043407978838965,0.523843739444562667648042341334
-0.589679779391000000000000000000,0.524323338026000000000000000000
-0.283826522920000000000000000000,0.524497241863000000000000000000
-0.107190434576599663168715612551,0.530727383226425247064067783207
0.198832563452810007474510798596,0.530747952480942800711787638425
-0.719087925641000000000000000000,0.531076725028000000000000000000
-0.413239477757378767468966442892,0.531228381504574620688649091868
0.765915712974102319829123095784,0.531298293942402625356703486337
0.631022201876759850841528014123,0.532123761448470966640659864920
0.814591057100424024618150301494,0.536716919258711090091090073546
0.375406211160681985269944229455,0.537150124924972792442922590835
0.069312293231849753671790598868,0.537450482934702423038669137540
-0.236775950971970966419717765312,0.538095045669714007258905627034
-0.542772040301000000000000000000,0.538413406227000000000000000000
0.679297386709173410681594067399,0.540642069208989146748886224943
0.245967358051424251519567417405,0.544050650112657406461822587637
-0.060139471788537477094669130413,0.544323615309277000655630458288
-0.672035160459000000000000000000,0.544675069054000000000000000000
-0.366181086921209951976535416217,0.544839919469779020804989483705
0.516746415594931843605932231473,0.549674000572920028733089810208
0.422499448213404776921679061107,0.550764671166671432180897724297
0.116380315435388804032962995698,0.551057977356604291154928393111
-0.189626767686157093433105639877,0.551347833309634031242419100648
-0.495605081662403622635733840877,0.551605507177225608033656083209
0.293027656861198532791316622706,0.557614532376564641567729299773
-0.013089456986405174124475941307,0.557923127552497750937824934550
0.725007483047410403868871275743,0.558227225417663351270099444213
-0.624982588111000000000000000000,0.558273109485000000000000000000
-0.319130837803678669556635749132,0.558444804310436391497377220999
-0.796262018673000000000000000000,0.563549600929000000000000000000
0.469984855707036529362599126425,0.564236426170307482999887012816
0.567107589412116394334114502484,0.564618892633579843081721675468
-0.142497351426740297670192461037,0.564669573030143498503785254354
0.163517783024342700954158024283,0.564745376889762520243381065146
-0.448554791327663518078505559231,0.565211142425753604318138797832
-0.747815690170000000000000000000,0.570744931885000000000000000000
0.340104912880468480322227468914,0.571119442292239436234078636302
0.033999637229647396046886955251,0.571386701819612122147320792992
-0.272082910587000000000000000000,0.572059151557000000000000000000
-0.578075441473000000000000000000,0.572364797474000000000000000000
0.786626425233783680913956546904,0.576924256781825739893429841631
0.614187242695615637749102127571,0.578115443038771489834530524794
-0.095436009729684377286183999492,0.578276598028083271095521064352
0.210581964312168254369677677133,0.578295781527302719116721571877
-0.401494566496277307912100599598,0.578775281357280391172057063037
0.387162039187513563878387264961,0.584694326816874827494555868216
0.081069449139201147104067613536,0.584996058438880267102990749318
-0.225027477147878907050441656542,0.585641065365783241933704219269
-0.531117331632829320420764124178,0.586284452554910589683555466565
0.663283678021462908678298017886,0.586926102743238569248423652217
0.257717377282879937714421589635,0.591596287916716796548627554362
-0.048385994927552074315990805400,0.591876110271304021377715539985
-0.660285627000000000000000000000,0.592222801594000000000000000000
-0.354434699926184879726601146121,0.592390171378262469212497851579
0.530166948392621425893699751795,0.596775379804960762354974162387
0.434695501330081989659832048085,0.598197854851825520111833827241
0.128134690570325799904497872915,0.598608149879062615822673469189
-0.177878031993000000000000000000,0.598899849127000000000000000000
-0.483862131864034508050428772037,0.599152891502416017682195416958
-0.708622384134000000000000000000,0.600118154580000000000000000000
0.708993774359699901865575219953,0.604511258951912773769636879244
0.304777520022026831705310924889,0.605160711660669201160749028371
-0.001337106257959567186444376053,0.605479517972709934194879568233
-0.307388451589000000000000000000,0.606006165946000000000000000000
-0.613395747125000000000000000000,0.606371378098000000000000000000
0.483405949255248366258878941871,0.611337645624845244490552900767
-0.130746550619958869447089940743,0.612215017675595336275699094736
0.175256038143625988039063719773,0.612293920430958391448020389519
-0.436813233036351472741683505754,0.612765131907662696980475643115
0.579977660866012672311220289394,0.613198686311960824712394376843
0.756679783630704852729388799808,0.615677957028784457985058449186
0.351854931314110172745847527841,0.618665080293463694965163772644
0.045755471608333360615827970666,0.618930902140947689620654358838
-0.753656310783000000000000000000,0.619373490154000000000000000000
-0.260445748536663158613675469134,0.619978308636316141495182991394
-0.566421982255190777736272975769,0.620236417763742375976088736483
0.631290302265812755691404571154,0.624008100179894498373357016764
-0.083686749723647339424138963217,0.625824708724853426101673001352
0.222319780574735297816850833486,0.625845849242481164931302320655
-0.389751065704241643777335007673,0.626322529598181121821165796540
0.399279581595963089254201316371,0.632147627988803921978014757486
0.092820151000251040328264296960,0.632542408690594125550777298701
-0.213284959988597759302952181085,0.633188556539328536574996371637
-0.519480682912943462835680822474,0.634206566016209552191080851706
0.269456972030637186935406747055,0.639144500725326231222881515913
-0.036638022143103008028542899715,0.639429120957174386761979802654
-0.342699113274580296156414256030,0.639944498819652146608672397994
0.677000398604049748878681788495,0.641593256388568702894570243442
-0.664643820191000000000000000000,0.642124275940000000000000000000
0.541875615150505404984807199326,0.644331218025805977163063400108
0.448036699279468330919791091669,0.645321766652626497111199693063
0.139879343836586900559462678349,0.646163377557412132618449197461
-0.166134182086000000000000000000,0.646453439360000000000000000000
-0.472125437749148003380630366277,0.646701820379815226481280963960
-0.714135109561000000000000000000,0.648785418512000000000000000000
0.316590274701000000000000000000,0.652690980742000000000000000000
0.010406512052616176338736867791,0.653047580063923145907813495042
0.724597667791999651471204592053,0.653132346126681268428127751424
-0.295757574913578879292833055272,0.653917828999790795780019044320
-0.602030136319000000000000000000,0.654015843596000000000000000000
0.495093221127043182426934175155,0.658898746351480383943470601556
0.597106934305409847364732480656,0.659081565663334822468957095376
-0.118999077008797982685631439103,0.659761284510011037757450216197
0.186988298964921995215658910436,0.659843943376856773371265335491
-0.425175280690141385023764318815,0.660642171102411516337008297805
0.363957684449767767530614909006,0.666122155558082669934240576001
0.057505489239205364055895780683,0.666476540340561510426474316689
-0.248761486111886106939099830875,0.667705547355282995263397188136
-0.555055067346000000000000000000,0.667880285250000000000000000000
-0.071947420162368710448450156406,0.673372987006890827424469152338
0.234051939677212258722155188507,0.673396225437042589703383157152
-0.378019459265458557961752451725,0.673872713998453253036704930033
0.642817030643646840552009684174,0.676666721872009026990170330189
0.412674867838179029163298212609,0.679256193373704789914621063134
0.104558387106191306871482270229,0.680090956925588432089597195237
-0.201551322434926732770649942930,0.680738239775849270561878815683
-0.508112036384776475998636120089,0.681847600589888978481334113328
-0.640239804679000000000000000000,0.684659774817000000000000000000
0.281253657328398670839865479439,0.686678581573912731958014610394
-0.024903418693557819589227434006,0.686993286267072251185184249972
-0.331073176909435528642693712766,0.687850982136577623727916514951
0.690081652567438472781618310059,0.689500510889108197067869425724
0.559229810894235630580772301563,0.690129498738324821870824796958
-0.688845818002000000000000000000,0.690730644850000000000000000000
0.459716490896293078689098177415,0.692884704891573954302348591774
0.151617078298634786371339998779,0.693719116803884369293324972118
-0.154406351298980110812281335120,0.694005440547778185832806530710
-0.460756012049915846777114239173,0.694339901632149679449836676168
0.328728002668535410686920248899,0.700144503327269393840448024271
0.021994696786162297440520229445,0.701107725348566642378266225643
-0.590549554201000000000000000000,0.701629675492000000000000000000
-0.284075867257252146445799386713,0.701645340430825761200596346472
0.512468017991515871157005274890,0.704689215447709240115588537323
-0.107272873060149082826649010885,0.707312801489904232802210038018
0.198689466736217926416802595101,0.707401627287265670682806807891
-0.413805854990909228420248200004,0.708280252354745969305563993060
0.605630039727463914065669225034,0.708537999423028352355539803849
0.376871256742872837198410693347,0.713365041549151515395598509223
0.069236026865542538445979170555,0.714026988426057694385362966305
-0.237107414755802891427920959448,0.715523924499580221681980709631
-0.060226780397736493899676002264,0.720925875769216318300197299728
0.245753006605595749347850328427,0.720954259544427523950301428453
-0.545173943885000000000000000000,0.721044569272000000000000000000
-0.366649516228345115774441955530,0.721510671778643363220424556997
0.653210504958089120603672010814,0.724527209936898299206489290291
0.423933992944078887837631972919,0.726920464352962150126395706434
0.116281178224999774983407551933,0.727643315379393488344942413676
-0.189824341176521739109445716644,0.728289565064419282480681534896
-0.496938767547481679003250488527,0.729534377471615308704126189434
-0.643050344727000000000000000000,0.733558183946000000000000000000
0.292889089671085081701381553480,0.734252390968716790645904811667
-0.013328795086676833295778207104,0.735040747355525993438748503388
-0.319529289598702812207053300970,0.735447087984550985717409628871
0.566890307661440240644846722205,0.738502708425237552245905207786
0.477173216286801450103987727916,0.738644003015286038218266606063
0.163320636574854426286499448552,0.741279296616058102553276692845
-0.142680085739612923060799156236,0.741558694856303655860972601000
-0.449582094676687975566378505953,0.742024219774183085763126165972
0.339948641229539720152590401472,0.747818865575317044234189526000
0.033696075012960136033091114085,0.748726952755367427438414927299
-0.272559261374242140373688554976,0.749320338314871842570608159019
-0.596980198573000000000000000000,0.750183983137000000000000000000
-0.095546075720256954739704186541,0.754864172135590975241075753493
0.210417646391222046844273524997,0.754952657014436956481535715257
-0.402260674547778690616049846252,0.755876044549749258847548466010
0.616023514041906194117331541872,0.756398487487917624571858777340
0.522062717909342379904730291470,0.758229284994728538110611672314
0.387040223963967375917209473020,0.761273733159241272791390845219
0.080955412888818881102584041034,0.761580186187846701196086185655
-0.527133417708389709918917309644,0.768100652222758027640944509961
-0.227395467689121288680251590501,0.768264529142199827836837316122
0.257473671145291589977929644592,0.768531359473758108004933545846
-0.048646387224948374379057268851,0.768973383494749214365711290273
-0.355105628917612399338801540530,0.769106777626616725209917663554
0.441803084212588160664671543902,0.772520313073896143625367395306
0.127998053979422658726835502314,0.775205183265094715040652669476
-0.179044555789110852267264675315,0.776064525589109856130268768099
0.304657481326183498444213133132,0.781793484603451255422857745307
-0.001621169936522398133167905328,0.782658395921148489287434800090
-0.307887006502000000000000000000,0.783240857064000000000000000000
0.577283781975882520696509046146,0.786363196490126824462224166117
0.175042363524770807508498787622,0.788831917400258671223229419422
-0.131900427472834697141520633494,0.789334107023083902727508534930
-0.437996095039465124825184639260,0.789610092032035540379546244510
-0.570434228871000000000000000000,0.791344517654000000000000000000
0.486692585835129090465414099137,0.792105595053338643517712461413
-0.486604749993313874653187026754,0.795597519669348185907996225370
0.045360439906131276235362369891,0.796492374478564547489440806428
0.353129290630000000000000000000,0.796625339462000000000000000000
0.222065704188133726232940316990,0.802523376745109362295660789935
-0.084766289936346814807669465575,0.802639132570816756241044737430
-0.263002742604679641601620257815,0.802899145970572507944687179469
-0.391046045332764097084018502182,0.803550804304824281749405326025
0.406331491811672711352286976551,0.806290370205587485290983531013
0.092677139838735262324583394825,0.809132806972047269866038924790
0.537088955643199621305458255140,0.814345808273515473634782966401
-0.215767357676579007586256163312,0.815840128809157193970918011939
-0.036984981167397260362224100323,0.816541304316996518343235062521
-0.343890999702597805806770187691,0.816781537381691748111774541275
0.268310522125636738572026547030,0.818649983333650534119523248961
-0.529997466348623219711798595698,0.818977483049278123565991864979
0.139719780929339039948834841737,0.822757804049295283710605394186
-0.167401846562288183398733093885,0.823636554639740418739909812093
0.316088396028302201949171006540,0.829416848777008612036614265137
0.009996628675256414006306190344,0.830375282874412576545241059712
0.447030502432023603301201849892,0.833534473432872196217719858655
0.186743121592701958673276372123,0.836449263394145974783036772119
-0.299068759193704250907645488267,0.836520265352290094972703157998
-0.120140472985242073418961816561,0.836880385928987863223570981422
-0.439617222894694331564710486725,0.838559275586119257579706916494
0.495540349619413151552163322429,0.840275790217484400656583968113
0.056892533075423789404561761333,0.844504874978616909332345052016
-0.488225877848543081392712866827,0.844546703223431903108156897031
0.382317302325935256326949413141,0.848974902878178344539029050310
-0.072660821151682136816851811198,0.850095515193577722217859702915
-0.378926673472939227329964023067,0.851003638275596406473193550101
0.232987939530204971012362605434,0.852575869982687146606899228277
-0.253082756208015326642357492561,0.853370729901808877872667491167
0.104331658562894176135278066692,0.856701944229754700142123283683
-0.205200315318603632218318767587,0.863662594679698981779730744386
-0.025879303981071443588087976705,0.864591731160175238923098748999
0.285060469272000000000000000000,0.867937731293000000000000000000
0.151374299653497953759529522708,0.870326941307002713986689769764
-0.334104432964045672430839327961,0.870742366246194753334122165306
-0.156849345366874245539061959224,0.871462231264908695688231730939
0.339365520608602351614825737758,0.872507753819808147987919646033
0.425808217931759053470375588604,0.877673631407670616044985346627
0.021210570761742108331119854276,0.878052575221396296448902480786
-0.416891930678710142946223685231,0.881943739623750382173685901920
-0.109705207699914358109588939203,0.884731779477757309405002990055
-0.288268397531587208968216684105,0.887996597088767602554525746168
0.195638787630000000000000000000,0.893239079432000000000000000000
0.381221458206192761726668341304,0.897938662454007544678387308463
-0.062566315992204887712526026221,0.898019951462767859595372035565
0.244386437107038831857350037434,0.900207003489305404479499755341
-0.241004789478579983892812676797,0.900834119433289168329736673000
-0.371962573942268689579194755366,0.901813442632560435052824938304
0.107049967658537635287840114800,0.905602470012152193043181611992
0.058272780086138019703202949727,0.910068872104843648982257199525
-0.193122348589168289468773937429,0.911125984211179272236799943217
-0.144771378637438902789517144319,0.918925620796388986145300914316
0.154092608749141412912091560001,0.919227467089400206887748083229
-0.325755249640509979667563910155,0.919514632324139307349239326129
0.325693121635484614134551870708,0.919536639969219223888528883086
0.013099619402000000000000000000,0.929193037722000000000000000000
-0.097631833039494039535308753483,0.932211472931410546766537529690
0.279131447357724301953365254004,0.934724171519347230355371536131
-0.276176107752260767739633737265,0.935597499757979147723456489150
-0.035401619502154136943299120361,0.938772005285094462885631180908
0.231866197851669277964747909975,0.947555649036170661506421075096
-0.228871582494597525772736736513,0.948283417788672877820676616975
0.089041953526103871097008681816,0.951147634993085632617404509099
0.184016509312923512457236057683,0.957998729658257327367719365185
-0.180989141605185831348698006114,0.958575282566562981727739873343
0.135702991066792921321743641836,0.966027090687457891730245851194
-0.132650501753496199501905886990,0.966450974499531339197610212463
-0.070467136549443288766081857381,0.972963526753737150056796682129
0.045953354591321879875436412856,0.974429028163853660077033721483
-0.003010794156382384954628159353,0.975507343306597547446310441725
