0.024412385735649969994652290706,-0.975449142800050673625384875577
-0.027811910575304431623403862971,-0.975358135454260250450679371327
0.073569864910000000000000000000,-0.972933094507000000000000000000
-0.076945396931000000000000000000,-0.972706038489000000000000000000
0.122850162541037548269605492040,-0.967990099293531241361733826788
-0.127475028719098157815667745515,-0.967391912215377639464632072041
0.200397726512136691508155051344,-0.954954316171944784427216833207
-0.206357263954353379844859960582,-0.953684263464556252790863632428
0.247592777450378889023171791998,-0.943819268356536027009125567967
-0.253481859135767858309990774981,-0.942254711771575360267991062819
-0.001610473616533597867694350137,-0.934532484651428769245305223422
-0.162231225422185806841607246159,-0.933578173681299596688719341302
0.156919119557272517316793215067,-0.933484037641400479193486194846
0.046835755583124299801455554120,-0.932452821397695231538536134246
-0.050048337731873293322031142411,-0.932266333098994093433399837194
0.294176356782257331136150644849,-0.930353301642434038493877967967
-0.098399256224261477904387829345,-0.928585191447665072284830499420
-0.299980438642630268174479895977,-0.928498105113001807899083553461
0.095139494077897260395507658581,-0.928197122824804535355058409996
-0.216992323239715900255650427810,-0.906374035850312633453186171718
0.366175786083298097661058730702,-0.904440317794899349146371444699
0.216480993226845965608843511994,-0.903648042267849388976865176066
-0.379798203884118215319165846217,-0.898804939401791220729424277913
-0.264058159769054231138298599259,-0.894704881866054963665970378997
0.263674582734178178780385975083,-0.892506802106712124369486700393
-0.331800380714321510541738400347,-0.891907759262368901975513513153
0.022414198993001061082678078139,-0.890384605695670916275630992542
-0.026075900597945364185271215961,-0.890115599051120284626124273654
0.320087579920781159941627013670,-0.889365856755245200557335677506
-0.123180780364000000000000000000,-0.886429027595000000000000000000
-0.074581960755052237612342559891,-0.886346600568622953566133687186
0.070733143674093481206491468534,-0.886292144332851930196208325035
0.168002038059540512377348825423,-0.886276717865895316437540954129
0.119511192301127903915278250783,-0.886275977222251026861260450850
-0.172074418272173000021671097017,-0.886096875495248743236291950328
0.411673801099696687108233033837,-0.884659073459819993603503873092
-0.423982201860354252010601415497,-0.878826539922586564406120441431
-0.467119105164803463985744714188,-0.856677731913636879045844507223
-0.293402994331562558762802257225,-0.855739384738051565783152306227
0.289223479560008722027137897031,-0.851292532807138450368788937143
0.240767207057133136401370297276,-0.849461746625800362595065640032
-0.001847335514414399070773629146,-0.848097995702422371541294613355
-0.245610332907436739683839759501,-0.847540382547931666570328962334
0.486647727339852016747359946253,-0.845736947426099426294525923131
-0.197207058250849371304326543641,-0.844627458684580266744708089894
0.192536014865442985403643633208,-0.844450337374605437717507509058
-0.050199387983105928135595050646,-0.844431778990385768719100334630
-0.389808738324761372637914357194,-0.844423974423830241429235384136
-0.147344659443004381142449339737,-0.844385951852084572598775552001
0.095110467640639678068511659639,-0.844371720171710722305760520751
-0.098853817163481149743869026464,-0.844367568786037455025972426705
-0.341317934607603272380154279988,-0.844360116935927601900118557370
0.046494085668442117269521356829,-0.844294165930155169053506869403
0.143756182300451949359952191882,-0.844281423017599775535169308091
0.438185964826315584953316509352,-0.844057752084184098865000383553
0.337159734404163818990664520226,-0.843979695161536568862334241325
0.385650002544343254852471820127,-0.843743012656449641767408840356
-0.509102380029281050813048693664,-0.832413215545729614853146539837
-0.467210443800562880885315251727,-0.807727402588021353286320923698
0.264667588714334326960271103935,-0.807162949565993222069087332433
-0.549828341763198903011275510147,-0.806092916083866080070253371156
-0.418769355920176752911745331916,-0.805531240508523745629221407004
-0.268959962990776234388031261192,-0.805041360996052003576414260885
0.508742764653129038263358710152,-0.802572477673308402259830411602
0.119355457639963723513185600738,-0.802377165967059470979669377991
0.070863325109631133703426823413,-0.802371590961855420027857322226
-0.171768933383000000000000000000,-0.802326526163000000000000000000
-0.123277762474115829185742115588,-0.802289080315073439267929984699
0.022242353879000000000000000000,-0.802287134115000000000000000000
-0.074785605718845852066150690425,-0.802271448765647909080294025040
-0.365858117745473084741622376976,-0.802260840090841103159650509972
0.216425981982553126022221561420,-0.802252806711566501242382716212
0.167935136382943084365137114956,-0.802248813029740345147338984404
-0.026294768567850924270071500091,-0.802242547028586220144923798852
-0.317367314028314984483862299770,-0.802196982602938463630533683206
-0.220556681525277988271831413235,-0.802128550276751995790829863304
0.411726194604000000000000000000,-0.802058031078000000000000000000
0.312883157758025645313145490752,-0.802003392927312867629030362178
0.361373425898205081174952790654,-0.801766710422225940534104961209
0.557208405893523086921895289084,-0.801009230388925445289230558915
0.460281002139592606469315273251,-0.800893282331393074830304872024
-0.589196410820180154029168890264,-0.777781835891837545918662902702
0.596487255053533365940762725872,-0.772204584484110968217766933334
-0.488691109847196786952927627245,-0.763930360520173474066218140370
-0.440236690004829307374683337569,-0.762051179673554462658841257541
-0.391562615913504363860796089625,-0.761143436271480235289701296186
0.386691432345000000000000000000,-0.760349663156000000000000000000
-0.147725008910848168297529090357,-0.760200946068081723162332239796
0.143258593014663360746722441057,-0.760187093175305509583094070795
-0.196220501116760933097243450230,-0.760186775802621484505198501910
0.094767747492721781408951468530,-0.760182247361302567764412785016
-0.099228663044528264116679674091,-0.760182038866634840598602538044
-0.050723835113782927472730172789,-0.760171646886493598163548442761
0.046276869565781012956314309050,-0.760170784661920714644600707658
-0.341781124114647571820032224216,-0.760169742449939615814101892492
-0.002213973161862628656689975111,-0.760153624310967893509674078226
-0.244799482065426680062141407070,-0.760132732093446156469564111412
-0.293290320397489471562272147010,-0.760105884962036976284985065726
0.240239954938367851041228971043,-0.760012342521711296032413160103
0.191749109338757809384144524579,-0.760008348839885139937369428295
0.288730767401955275088419060922,-0.759955513515828701273732799664
0.337221035542134710950226360823,-0.759718831010741774178807398695
0.435175626428188652865010523809,-0.759407354195409862872845821508
-0.536992745947045187768355945053,-0.759331718462771597353055107128
0.484664536224589035966675539698,-0.758979019980249014589012584723
0.533155324671725351834357572598,-0.758904463358904768016197740836
-0.607187091640603898774285242820,-0.732751873349854987839735583434
0.607449198385985016143751684827,-0.724969026677614876423465855188
-0.654775520748428877135380529106,-0.723440399891576142322846402356
0.655874278988954810525070790447,-0.722444409575836144432277748436
-0.462985184820909375366828845693,-0.719227493394609566781576351924
-0.414501095445860804450800171061,-0.718418048901752060780487358284
-0.123497918290847627810857907294,-0.718196062982837968424692412649
-0.074989104562386474386709623146,-0.718184349317023387196061121899
0.119027994770343540813274753206,-0.718184233372226858629011100942
-0.171992515772329622686724561225,-0.718182408778885289344026226900
0.070537149248401961475503780678,-0.718179387558223916810329815163
-0.220490527711307901590775180648,-0.718175171855461813550836071335
-0.026484503986176748989985974055,-0.718173826116827736167251616533
0.022046304845009717756127394901,-0.718167900142579645975824251922
-0.366010902616183039429191678312,-0.718166409764529464673485416325
0.559439476613052732444925676238,-0.718155163001230758522256602178
-0.269021650933638986657524989462,-0.718125010681370951945427078605
-0.511463049588737676780615278236,-0.718105552902931627189644178931
-0.317520098899024939171431601106,-0.718102552276626825144368589560
0.216009356694048031107781283191,-0.718009482718632645078330190249
0.167518511094437989450696836727,-0.718005489036806488983286458441
0.264500169157635455154971373070,-0.717952653712750050319649829810
0.410119110140905919916484402228,-0.717891897863341800235178737429
0.361628320085858310310651002286,-0.717818394448380921383542358092
0.312990437297814891016778672972,-0.717715971207663123224724428842
0.459562030572311163726751748860,-0.717491355152109162474056188187
-0.561215810481048892496501242274,-0.717324513515331843276109665093
0.508840189774571201343088041867,-0.716944511557454894873333287032
-0.689907787789163994958779847866,-0.690017564352184934110292596676
0.690960297105996516337220719453,-0.688948526915759029560145040064
-0.595101963349000000000000000000,-0.681661551531000000000000000000
0.588741066110512140274670594491,-0.679518665025390717376376440987
0.637247358566855764075468473259,-0.677673884020472104790200064826
-0.438723254413801528304129025398,-0.676410321781060041168465442192
-0.099254405994553382315721859065,-0.676200655680918097786866558882
0.535129219241707509809561815778,-0.676198357719445178618115648014
-0.050745914186740327594291419781,-0.676188756175303229930172132087
-0.002224225979304402577168604044,-0.676188101948439488633401790230
-0.147748021345045047802659741928,-0.676187568466293526111306498566
0.094792521105816282034553464693,-0.676182435099137763418536001559
-0.196242981950761850952860657044,-0.676182093288810614576780923160
0.046301675440477608942692218737,-0.676179340746105626594702609230
-0.390233061584123763282520532649,-0.676158682643837445061463500236
-0.244734068811659488870255035825,-0.676155075280148126803297290988
-0.293251429435174454266684443558,-0.676121677995960800804810602439
-0.487213193604531257550395791747,-0.676113808384991399233790397515
-0.341742264728519666427296244639,-0.676089811581330016181818130487
-0.535704032099686715370251826190,-0.676087257462886058329781548005
0.191773889546127795475133457626,-0.676007822382192984249664364947
0.143283043840659349159639025975,-0.676005438442721030424577599436
0.434502640562869846136361916655,-0.675977633381236489371355522393
0.240264703868249306974669660468,-0.675952601985142925218746602875
0.385935544005545417760397476777,-0.675859831696149929348014596016
0.337397721841538490377203314435,-0.675815534645302270429459388238
-0.643312897956000000000000000000,-0.675814293764000000000000000000
0.288754972008428742836476960369,-0.675715919480055998123821201906
0.483737684122293329103164251029,-0.675456846729315042758376890495
-0.723336212627446936950329544278,-0.654890615498833279358975438932
0.724342397060260877028616447335,-0.653777551302929941636759180873
0.670827723667524832331782271727,-0.642692157324660161975060648614
-0.676919964006000000000000000000,-0.640857362786000000000000000000
0.563063132572123322699255575027,-0.636561776018148927488191943067
0.611553976790599808436560938421,-0.636549532891071006081565345499
-0.610611203506617469709307531693,-0.635692527332555916004376082409
-0.562121101263895496094137176457,-0.635423999112280106668092526410
0.510026713589429637569638024940,-0.634710692891305326503159251478
-0.075010460365721455914446742112,-0.634205498540350610707889803472
-0.026485636179867981181474049769,-0.634203032006914982396322305784
0.022031144616163488609396219792,-0.634199542551965469252280147538
-0.123501304769113699633823127890,-0.634194011124706339873384240231
-0.171996388860525052230444719268,-0.634188464647894190475856452721
0.070551255185077834588236543934,-0.634185731068050278317551285408
-0.220487227177426565493082027621,-0.634161590146390248067458039220
-0.414450896999007943342792961901,-0.634148462807084666373591112545
-0.268978433546367139216089570973,-0.634143305070171284794775305200
-0.462941740316454732135563061042,-0.634133058991285462758024610301
-0.317469268839712351376701372053,-0.634111438655540500171782833248
-0.511435619079071859426070518114,-0.634106234936325722146117647310
-0.365960102866734978015165723992,-0.634077700272952369092167882457
0.167532850953489752244265778020,-0.634009188701347337713892802814
0.119041777919920901713322105216,-0.634008734411633545323592883285
0.216023667289000783932764971255,-0.633955765574786369250536311158
0.458678294112852011512774418824,-0.633943124958442369655676224702
0.410187504542301569691177624920,-0.633869302608767173102257180890
0.361696661803447726831037204032,-0.633852173964319563614362406656
0.313162256552152342196901601832,-0.633815482917695145328556161302
0.264515123381019001123700444258,-0.633718397393211670473760226365
-0.727412967791650042965526424374,-0.606571445491000380169832164609
0.727003719848554184921377976539,-0.605359791297625836262552467239
0.774139036187759396843247966847,-0.593974534316873524392171921596
-0.774212989591746570370756358690,-0.593878136922104528277026996604
0.484967323579988319979248192734,-0.593196971120432653400458585685
0.534581351263755697521942833082,-0.592896438245344191414433916681
0.680196329549754716926933343591,-0.592693681542433892589749521059
-0.632652380473516819711048027370,-0.592487777013605515355516778632
0.583215279761309226650772704971,-0.592456752646880868044858834123
0.631706123979785712388078068365,-0.592444509519802946638232236555
-0.584162209469998561439500392462,-0.592231966606717565340009586528
-0.050750182358849109501629372101,-0.592219774371962363174039977168
-0.002230265584400089994909225933,-0.592214472610440963015200663092
0.046279248425380277470287139384,-0.592206786217424135373525589565
-0.099245934173645808447258304054,-0.592205451728232320492262597539
-0.147744043984784734357832276517,-0.592198157540862127062182469883
-0.196234882301686247620469584869,-0.592171283039358184653784056382
-0.244725724697074391492696724074,-0.592153208185475337316055317154
-0.438689042495210940317247341365,-0.592142741818276712798387683079
-0.293216559990419603653308525155,-0.592121341770844552693062845202
-0.487179881889556152292822833814,-0.592117887310968282583161712631
-0.535671526184212356098520149760,-0.592106438154606462744690884758
-0.341707393953206862818742934054,-0.592087511191293729458173855125
-0.390198238929331689224638463696,-0.592078769558451256277754109822
-0.681141422264030401723818123023,-0.592069507779089676841798265458
0.094769764104644647721128114392,-0.592027867035301763854639169136
0.143260601326328132733870759607,-0.591999084142630158679894109282
0.191751442037374814302212357494,-0.591976947055811282399669224978
0.434558299860034669596223278861,-0.591876428883416084701749182144
0.385956917014098669350919489701,-0.591866436623779754278758992884
0.337461157679408671244336361335,-0.591852099749478879945577314850
0.288922495719217561057699343114,-0.591817910158345873689104127682
0.240241710183500814200003375161,-0.591740265769028288084277374039
0.802651265438000000000000000000,-0.554697423565000000000000000000
-0.803572134755000000000000000000,-0.553428565353000000000000000000
0.509521961254314379931553000877,-0.551382716474471518311733250887
0.460847513858287050153938477003,-0.551130394103712598172813325071
0.704529099746385475437872869999,-0.550749928521600468523786949821
0.558531252315138559077767831156,-0.550718749436959477988406850269
0.656038894176416470899017594773,-0.550500756498969522572269665317
0.607450099011476228438812099674,-0.550456328139187496515699701918
-0.705749190443842675247124686384,-0.550285839882033636655341404732
0.753149941535055592634096024276,-0.550261606840272787790861231768
-0.026494811763381218315064548265,-0.550231214975488343792918334476
0.022017838224816698865981693658,-0.550221716275899629136446105119
-0.074985656166773462034440934043,-0.550219727559844072958412771236
-0.608498687412000000000000000000,-0.550216752464000000000000000000
-0.123488673389316843171267452680,-0.550209598144388107681060827190
-0.171979511706218356433904761033,-0.550182723642884165272662413690
-0.220470354101606500306131900238,-0.550164648789001317934933674462
-0.559969885770399215502204402855,-0.550142741411646885594650584731
-0.268961189394951712466743701318,-0.550132782374370533311941202510
-0.462924531509313993048354985965,-0.550129316236848582195671766590
-0.511415788994696648965272465460,-0.550118090529249023181734950080
-0.317452023079020634550699108498,-0.550098554627119530951285094145
-0.365942867532630834653478081180,-0.550087281185055847444582043567
-0.414433712482405677046273698268,-0.550078394587803146239541626373
0.070508317689221022660561283232,-0.550033237558539731007722607020
-0.657001822378131452086767129108,-0.550014284081391640620977102346
0.118999159650112981228839320866,-0.550014032389579697439136737174
0.167490000361159662797180918753,-0.549991895302760821158911852869
0.410256972828507834810443620198,-0.549903722098485821867248898485
0.361731571785384264596390351440,-0.549860546900262180708396528704
0.313220552313897940937704183632,-0.549854037974806562340601307369
0.264648994808076968105819451800,-0.549839829253764589188994298633
0.215980268507285662694971936421,-0.549755214015977826843520001930
-0.754744540035259319699003662971,-0.549467084302500628129799963239
0.829901199090000000000000000000,-0.513101270958000000000000000000
-0.830799224669483577443164052571,-0.511731964389843827018147670419
0.781390538337000000000000000000,-0.510842894377000000000000000000
-0.782355068433278380422004821110,-0.509604559990850493128577919264
0.533459789189466238512073494534,-0.509212317891321057702554915745
0.436478346704675936923811632804,-0.509113996983440929365070445946
0.484969167587506807540787181734,-0.509064874443516628589073504276
0.582768855900011733435711441934,-0.508716678387572408454717997449
0.631782869208106986949751626082,-0.508512575118354072449737130680
0.680273713426583472687056989475,-0.508500331991276151043110533112
0.728764321667330806122575174551,-0.508348557958313111931396343544
-0.002246707954164429454173628674,-0.508238458640947009914163776504
-0.099228395382444496758450082669,-0.508223873975999860147211000887
-0.050737549853506283373663505088,-0.508219098688788648314966242886
-0.147719233699346010021087391021,-0.508196999474495917738812587386
-0.196210076094734153893314530226,-0.508178924620613070401083848159
-0.584230332770000000000000000000,-0.508153245542000000000000000000
-0.535705444200509412817352139456,-0.508149354869266984958352983340
-0.244700911388079366053926331307,-0.508147058205982285778091376207
-0.487160438614454489720804617612,-0.508129519455129322794245004038
-0.293191744668230699343223638404,-0.508112262929248855793026356696
-0.341682586541782766298796261011,-0.508092838488856969213160207753
-0.390173431518771127436673453024,-0.508084101647454324608344710297
-0.438664276487727573283993314581,-0.508075320340808195806295213811
-0.681295193966610555429343950317,-0.508047699519638329455543921056
0.094734512207736467115458489637,-0.508026908612991190770974639209
0.046243666495670603806069765265,-0.508024662875084202328733564719
0.143225354527756340236247523515,-0.508008632681147428523041547352
-0.632801124437896918520792321711,-0.507994189577449326505207530435
-0.729785792250317320699924865028,-0.507892776949011647513680358530
0.386064155345218792800934361213,-0.507879089974754159955068769334
0.288945662176112698855131650347,-0.507875152706437994248477711186
0.337481787702354211236732990859,-0.507868760860119313940234248444
0.240387309688278486122811307518,-0.507854635694145137466020483028
0.191715622978450282734566605024,-0.507772013801193291281459705883
0.807413467673000000000000000000,-0.469870654656000000000000000000
0.756988310320000000000000000000,-0.468845047708000000000000000000
-0.808291195008358056115001480838,-0.468632869017738816093925851501
0.855970604146000000000000000000,-0.468317110809000000000000000000
-0.757740230039000000000000000000,-0.467825369531000000000000000000
0.557694638435846398397178494742,-0.467211910691867121152983809769
0.460678110405559028282609959342,-0.467093364435415951132626026167
0.509204016833886967425892181941,-0.467064467244062692039502398300
0.412169451649230337441779796688,-0.467014978240929867074672391221
-0.856753845152336313977988954826,-0.466979489467520775142914872297
0.607121715748200610776891768523,-0.466761052595915889626465421021
0.656015981888123551119440270912,-0.466511165942561702568858306147
0.704506596245756561582892446520,-0.466361358953304148259236996627
-0.026461991000657236112639523640,-0.466226767531293340970053027277
-0.123443678428937303416915977635,-0.466212182866346191203100251660
-0.074952832899999090032129400054,-0.466207407579134979370855493659
-0.171934516745838816679553285987,-0.466185308364842248794701838160
-0.220425359141226960551780425192,-0.466167233510959401456973098932
-0.559961072028752744129042549003,-0.466160944068517895832062560869
-0.511466514781503514548823025255,-0.466151302253280544961722937371
-0.268916194434572172712392226273,-0.466135367096328616833980626980
-0.462961544712268691908862040905,-0.466108386000336958277810372997
-0.317409061729070156414342045182,-0.466098880309454375356836436326
-0.365901100561299396622968744270,-0.466083009857914049129927834241
-0.414392479953000000000000000000,-0.466074565816000000000000000000
-0.608451864603447197270498719247,-0.466060007000115490960817588150
-0.657094580296503987900174683181,-0.466027556481983564698414728803
0.070519229196996105045567359183,-0.466014227156284753322758413319
0.022028383449177797147603870299,-0.466012971765430533384622815493
0.119010071736279918140575775523,-0.465996542555683375469333148370
0.361782713345044972451868907920,-0.465905601945917315960878491419
0.313208174707608345139186564634,-0.465890719775008137973446294911
0.264682230118416312896345648387,-0.465888947754972893949080900579
0.216122664159443106162405976122,-0.465871435479360601903960186980
0.167500342126255730462624686162,-0.465760321426759540707208537990
-0.705946857146349970070653423685,-0.465666395431960624797829546712
0.781631601228000000000000000000,-0.426998680569000000000000000000
0.830220707134000000000000000000,-0.426981076012000000000000000000
0.732437428564189264113816375414,-0.426722606085506827355817333368
-0.782255392915000000000000000000,-0.425945594654000000000000000000
-0.830998322454608096780852281392,-0.425787233463408744101225435120
-0.733452983678695597930012392387,-0.425731759761889626206107755565
0.582027637003405069724057046856,-0.425268290156368487135041205408
0.533537015401445638752770734056,-0.425120846708564058021559793938
0.484901879961036957830144856519,-0.425086566039944109835570879393
0.387880540094391669504338286357,-0.425036719383804132086845516705
0.436387801729999562844862735733,-0.425005055100319143953380504078
0.631382189252684885839425092145,-0.424743494433260123516548839309
0.680051025958080431921580858683,-0.424396099998532294606099167716
-0.050658948212401911189366904927,-0.424204518845535073608263656424
-0.147640635640681978493643358923,-0.424189934180587923841310880807
-0.099149790111743765108856781342,-0.424185158893376712009066122806
-0.196131473957583491756280667275,-0.424163059679083981432912467307
-0.535719449228000000000000000000,-0.424160690643000000000000000000
-0.244622316352971635628507806480,-0.424144984825201134095183728079
-0.487228291845164701115777395036,-0.424126400500568151061117864612
-0.438709922132401387150819388014,-0.424117661725107013603876946971
-0.293113539816769544084044987803,-0.424113341926551677386975345010
0.878716394428000000000000000000,-0.424103866556000000000000000000
-0.341613362162726051704309819279,-0.424080860800771673663704808790
-0.632718828631000000000000000000,-0.424077387510000000000000000000
-0.390109203112000000000000000000,-0.424066655894000000000000000000
-0.584211423307469244825632707188,-0.424062826991322498262085094553
0.046322271988554065730610432795,-0.423991843664784730792052326336
-0.002168573762566877929123510989,-0.423990723079672266022833444639
0.094813114565272918911232077605,-0.423974262009994570508183311882
-0.681211044656212823583433256285,-0.423959061504130974932358937042
0.337508623780375476821942648429,-0.423927861431197868222904711099
0.240417584589580932935940316991,-0.423905747540188358387020604531
0.288945101552151556207471673505,-0.423904722232703826283047208804
0.191905303465600122319569049426,-0.423858531668566387172764335370
0.143303385109896428096521129264,-0.423738072628495835732663235223
-0.879396899185186586502780072096,-0.422797268017283752895673733173
0.606261096935165375310928129237,-0.383267081332687199256199951533
0.509248476635814959133802138098,-0.383150837200797843737256179370
0.557770476917822926408317316989,-0.383119117660041277603482575752
0.363605322084495988600968006238,-0.383058258294656051865674057203
0.753802132830850321621366820855,-0.383041271870437387862690354698
0.412106563296705414456365653269,-0.383031220663807113686996065743
0.460635403881000000000000000000,-0.383011757398000000000000000000
0.705311301156906398619198223866,-0.383004305886724422433440306762
0.802292884838973297501488487519,-0.382945916737210848347626661251
0.850783725657357953103398732536,-0.382924016034125953378369314273
0.655428784164207084749809911435,-0.382621618171000888544429728741
-0.074853199312324706060237707594,-0.382180712061420432912688890577
-0.171834886740604773364514161589,-0.382166127396473283145736114961
-0.123344041211666559979727584009,-0.382161352109262071313491356960
-0.220325725057506286627151469942,-0.382139252894969340737337701460
-0.462976669265297396357734742145,-0.382135676225338206387184438586
-0.511467514469170475465699606085,-0.382128305422514224607589427532
-0.414455955275527560791909441255,-0.382128291467619452265784419421
-0.268816567452894430499378609147,-0.382121178041086493399608962233
-0.317307445576071536277465198756,-0.382089336322317221431853495352
-0.559959834471604448562583338373,-0.382072083227358599584291844334
-0.608462602857000000000000000000,-0.382070056538000000000000000000
-0.365807978425408871262106403408,-0.382057264252924426109724568262
-0.656958508206186009903766667821,-0.381968865045256959954864823420
0.022128020900218659783658030545,-0.381967279539850364336436633179
-0.026362824862489672799994313655,-0.381966916295557625327258678793
-0.705643137908000000000000000000,-0.381952176322000000000000000000
0.070618863480665687652391458468,-0.381949708170509969926431233253
0.313245189663235776339061310448,-0.381942026410006038038193297002
-0.802685830756000000000000000000,-0.381926488612000000000000000000
0.264680456023316176247066342109,-0.381921522017919290720986912757
-0.754192952920293920823567116425,-0.381900084015093559225170015158
0.216188609104546305931751761913,-0.381886121800174989908206315129
0.167697795656022247726394220071,-0.381830139524824635238228675867
-0.851271308801703892130276338435,-0.381737623391522948247668531056
0.119109137648167148356974023909,-0.381714263749774223910513053366
0.899119333881648370470911800133,-0.379047019709311647521385898672
-0.899609203363753318640776419258,-0.377889237726999764024308796700
0.680698004475687736538886995199,-0.341224553022483764458830958292
0.630296300681245294588373895018,-0.341152106516131261011251213523
0.339342256816494041556376498616,-0.341072658799128528717378284153
0.533314865965143980344730356541,-0.341053675448918735686556063817
0.387833098643615249526850867232,-0.341053118793309235872781267151
0.436325158676000000000000000000,-0.341020982916000000000000000000
0.581805684974317856417383154379,-0.341002736914815951013871973484
0.777933146882914264643696616931,-0.340981121089278654713588074751
0.484816602371000000000000000000,-0.340979770048000000000000000000
0.729442315208970341641528019942,-0.340944155105565689284338026815
0.826423897375728316636616324002,-0.340884998467753632004176938772
-0.099045759529241638377712630407,-0.340155931835159127433920195285
-0.438722702408423569998824795386,-0.340146305967850645049091911036
-0.390193213086496118014703922849,-0.340143991254524215047926007230
-0.196027446957521705681989084403,-0.340141347170211977666967419669
-0.147536601428583492297202506822,-0.340136571883000765834722661667
-0.487213546882954953032171120353,-0.340135122876850914803941716604
-0.244518285274423218944626392755,-0.340114472668708035258569006168
-0.293009127669811362816853531960,-0.340096397814825187920840266940
-0.535706140768687447350235921308,-0.340082555191432793633063289811
-0.584206743979000000000000000000,-0.340076511858000000000000000000
-0.341500294178477730023845292364,-0.340064722113311474189653229725
-0.681263556187000000000000000000,-0.339998521220000000000000000000
-0.632702479932550148958354821062,-0.339980685574085638589569327086
0.288979980192003463806170752210,-0.339958499628080669190441943700
-0.002064539315558633063241951113,-0.339942282432722833018480467446
-0.050555385079406605117469236469,-0.339942136069296319848489983501
0.046426303271750728735525657084,-0.339924730011243509030458363487
-0.778447375992214765031036660581,-0.339910977280572653154528348628
-0.729938951563425337903493459551,-0.339910733685566763751925715075
0.240465189196969645625817131164,-0.339909821559076205565551890537
0.191974087081557716981570765724,-0.339853672337397009565894869348
0.143482607676861812610878603030,-0.339794148271939027571940933505
-0.826957442196845089795739519240,-0.339782909548667972038528191669
0.094916578397213706094965902246,-0.339689482967433168495261298968
0.885859372719000000000000000000,-0.332315577304000000000000000000
-0.886385817808921621268661840937,-0.331236218560144298098435310177
0.926553264632000000000000000000,-0.305792078890000000000000000000
-0.926963842887514590222394352808,-0.304688412555960164299879430706
0.655556700359468693951562366920,-0.299760388370937937194550972284
0.704846375696754348977813879618,-0.299154181637924827597724653983
0.315060872938483418927689734290,-0.299078808380942753308344222591
0.363551714069103515803683001093,-0.299057610275429432601406974611
0.606250004089059497874737110893,-0.299043148800844241994277078056
0.412042555580409138891916144531,-0.299037301652766524419601390612
0.557515013010228920811697874153,-0.299033263671890875468845892573
0.460533388822340192075865466584,-0.299002453152807192863172269557
0.509024218398318358223085534475,-0.298962830581509856941637300547
0.802074696884972259088308953775,-0.298927016813799802025219791353
0.753564299014777785896908873288,-0.298878824723087074114112132764
0.850721285198000000000000000000,-0.298870172702000000000000000000
-0.365915022483712505528497522304,-0.298168622477470873238472757661
-0.414459960219392127221619276979,-0.298162005754755407831233498846
-0.462952758466000000000000000000,-0.298142272184000000000000000000
-0.123234806984911377274218781618,-0.298129129600132104145152103621
-0.220216494413191444578495235613,-0.298114544935184954378199328005
-0.171725648884253231193708658033,-0.298109769647973742545954570004
-0.511444098018060191392874129009,-0.298097850780404120954725922901
-0.268707332730092957841132543966,-0.298087670433681011969800914504
-0.559950549675000000000000000000,-0.298085253206000000000000000000
-0.317198175125481101713359683171,-0.298069595579798164632072175277
-0.656988506331000000000000000000,-0.298001453899000000000000000000
-0.705498027614000000000000000000,-0.297994118576000000000000000000
-0.608447736406419050487899897173,-0.297991763947109831761306407069
0.264764713365656933184921541265,-0.297946799169237584035006921481
-0.026253595928230589450711524903,-0.297914419685342776894167699466
-0.074744441678669496435004584845,-0.297913269965348722673687166503
0.022237246757929432473312606940,-0.297897142509758252328184461178
0.216270708844631295503443488227,-0.297886146762659024383155016589
-0.754100713533942273116502849391,-0.297868238738254268927836354675
-0.802591558296670770185345130890,-0.297858384212321694494888046705
0.167779895782117878898810741798,-0.297829831124570870436320629317
-0.851250774058293877668103937581,-0.297816301989988270721540111405
0.119288852310940778776492490557,-0.297768672059377323632727184920
0.070727525701280405889804101791,-0.297662683748505289139816923005
0.889704452716000000000000000000,-0.266070114407000000000000000000
-0.890476197035379899518118054475,-0.264765037845813272604004857328
0.940623462042000000000000000000,-0.259295784665000000000000000000
-0.940947364050391191116607241959,-0.258257568725569817791702418060
0.679687975863469383792037002182,-0.257700387592707662398346987212
0.631197715006776805716651291303,-0.257462217559700499294297958903
0.728988377968730860831162298850,-0.257077075625074645593095421119
0.581737066963494290259809910967,-0.257025475998653231418007849927
0.339130789327634422850327927786,-0.256983663198463634483930409446
0.387622940800207626757653863148,-0.256963214370814125177106870222
0.436113782311513249845887006585,-0.256942905748151216995301286223
0.826328743850003634570071177130,-0.256937692828615575283260272699
0.290639877974786427275986455623,-0.256936581181946080438400623734
0.533208285353418977461627847477,-0.256933162150436964023192782503
0.484604753779595066283674676751,-0.256908136291627973614796572461
0.777821553815818783585523811441,-0.256891353824828763602081150741
-0.341641827502717500671775256416,-0.256190364672634403646287588635
-0.390181769616608514735412876434,-0.256186636977702066021780249276
-0.438680349487988113250632611730,-0.256153258253878933045725720082
-0.487173451985541992464212573421,-0.256118119193852454695054129043
-0.535664862891697553723424940373,-0.256089319839050202233871244503
-0.147385108674336575681185927810,-0.256080050523124228767990298514
-0.244366796102616642985462381806,-0.256065465858177079001037522898
-0.195875950573678429600675804225,-0.256060690570965867168792764896
-0.292857634419518156248099690158,-0.256038591356673136592639109397
-0.584155665233861298467556430588,-0.256024426635075086567953771401
-0.632718388351628359128665401848,-0.256009950795645444548079423251
-0.681213830363403495165592868149,-0.255994925090750990595584792357
-0.729704664440995421454736537364,-0.255961259467860152805177235244
0.240570309814125264921753470797,-0.255923080156038063709688627303
-0.826884890158119558057709549231,-0.255891776653641993177899966441
-0.050403901703329367684082849633,-0.255864491211715412195847019108
-0.098894747452156013963891607007,-0.255863275392717786841271160325
0.192079504320596150260403684691,-0.255860586128789824435728649462
-0.001913058822163513788491777163,-0.255847770302592447903812232506
-0.778394097144513510351459850042,-0.255820251648713765125020580819
0.143588691258082733655770938263,-0.255804270490701670488894262189
0.095097887083928416518354553656,-0.255740760975404177328053111920
0.046577221544479043254718468692,-0.255613606088600572819740335533
0.904478942004108216836516745951,-0.219680215372110739664459781131
0.856000472459448536377500114052,-0.218584718442759085590513945740
-0.904658480042748814675329037655,-0.218394519500493797529872817042
-0.855819376764289889749241754509,-0.216979598511676401718441640881
0.703810281630187045857468466144,-0.215635241837442592894410886375
0.606830304464928700856752430380,-0.215532204801851685347079416679
0.655320594448260393386431955008,-0.215300040534322862582474859068
0.753249531980736402787140749679,-0.215087312562637977937917574127
0.557552538765341032061565042190,-0.214996072972349788722828664184
0.508907506385473734695091233940,-0.214946983558508585907836623918
0.411790366664578788774530434269,-0.214923974962793921779196698008
0.363254539900877213227703312120,-0.214919346002119139301882666488
0.460281500632984210903717644899,-0.214903834468581399391529696386
0.802009500716588965630199216417,-0.214863918170958121881633058079
0.314722821044030918852668394317,-0.214848887303114422874919657522
0.266231127079971161841588911100,-0.214778401518775867003744492385
-0.365908574635613509878690610547,-0.214208379172865596429595080250
-0.317380114775655698225215004933,-0.214205469549932924805112251762
-0.414402158885204500764426211185,-0.214177889476825591236272470513
-0.462896471317035167260172827571,-0.214142050624539523249526556196
-0.511394216859179354794763384786,-0.214109588252498535974199450645
-0.559885019201343099538894875001,-0.214044695048523420308281977543
-0.608424515095055723127825826927,-0.214043656640594060804896905118
-0.656946251707768158357330901318,-0.214005472707772444055835675587
-0.171486986213201571332468909587,-0.214003196766976180846544441456
-0.268468673641481638636745363582,-0.213988612102029031079591665840
-0.219977828112543425251958786001,-0.213983836814817819247346907838
-0.705437090650295564693145032030,-0.213979751809991879747753698503
-0.753927929666530367425649114750,-0.213954170247966512427850517114
0.216461868664798840572967115878,-0.213849986755811601821217841729
-0.802803192698000000000000000000,-0.213794332207000000000000000000
0.167965592086000000000000000000,-0.213790248325000000000000000000
-0.074505818751764142123327910345,-0.213780379134827464125066267940
-0.122996664445571721579206147217,-0.213777768759759170906566826924
-0.026014974120267592068143155522,-0.213769898735155712101138345022
0.119469577773125614614416174574,-0.213737294278778918063622481779
0.070972796493299739103037788972,-0.213677212303083688936678091056
0.022475311241034872975120513173,-0.213536771100219533554837449469
0.952389120609984073107046228487,-0.212198443598807943825987866319
-0.952624884477160312371030368621,-0.211193807299212223809768513554
0.880945741206000000000000000000,-0.176876950157000000000000000000
0.831771477180017642638957090083,-0.176580933962500279553269674135
-0.881451939700202207267910174626,-0.175817311886038010414093740085
-0.831544751276791446235366599294,-0.174703532341548098151459682956
0.728067601440919221081879786873,-0.173647808497042093775399603064
0.630733539850794492886824745839,-0.173342188672409301482890992869
0.679566273820784464329768850065,-0.173305884337543817853617689847
0.582234533082449741881036441725,-0.173256867428342025203496116335
0.777437478881506584831816154655,-0.173059876908767336217469481464
0.533272648311206667310217197216,-0.173021687420564161422922679819
0.484609280784852982458892179584,-0.172957186976832372615136611745
0.387439169321150738428857080669,-0.172890001221135992010938588997
0.435930579029203008589873433117,-0.172869102832378889417865646165
0.338901571644878343066153101300,-0.172816160264570571198709214438
0.290383751732631392973742673889,-0.172730656688613758553102973936
0.241882556328706505663577864110,-0.172556513502018047061503888832
-0.293110039432232077627984184877,-0.172225408023783920199438828853
-0.341636322630247726505535061887,-0.172217393820869761870387222128
-0.390127164750145844406473990221,-0.172198594410515388066964842778
-0.438618280714251554773966427026,-0.172166681847486181440073306626
-0.487117236190672529590723638935,-0.172133519683185604528671877797
-0.535608038532836274334855129150,-0.172068626479210488862754404695
-0.584153222517384433486531449413,-0.172063551296524529921619483872
-0.632652343232271723627736459421,-0.172039198940627980511609310563
-0.681178139414898844259027358291,-0.171993261031726556845985930730
-0.778215146874917984328821356868,-0.171984023677013064280654757940
-0.195674279326352710909844452497,-0.171975384847091194717944865403
-0.729670623205746292962475479189,-0.171966729194928780675143882585
-0.244168245571833273080877422319,-0.171957823132099826153058628044
0.192311851040849359145513185434,-0.171800744531038460109034060643
-0.098693169219897236143672250190,-0.171740380589453705933097925381
-0.147184014922452197349103522863,-0.171737938106675914961900283894
0.143821046216090933783077996117,-0.171737733723234674949763137898
-0.050202324108050969687959165954,-0.171732427373115934076541584380
0.095330232568208219452919383302,-0.171681924395819302957666449962
0.046839438344145041758488528075,-0.171611224789906443445153655538
-0.001711993238843854832735831433,-0.171508965721966037442286679962
0.929076248384000000000000000000,-0.169671421195000000000000000000
-0.930000961619402397221348591414,-0.168304178745901879259599901594
0.965924863895559587940920979729,-0.138150550725168241044294063580
-0.966204373122187052153579203595,-0.136044682183265400288966361651
0.898796381821000000000000000000,-0.131787757058000000000000000000
0.850129674483757722570172980392,-0.131699549016493259878444123490
0.752255548341689403126555191849,-0.131620372843171452054951510401
0.655070052902627859961733150231,-0.131400607212089290762618390664
0.703765861306545393938380633119,-0.131285150307380588463411421991
0.557922406659771883746541420820,-0.131263436304502625832481941463
0.606419021399000979597316089098,-0.131227441453421647415402654407
0.801643277431507586087803276194,-0.131042720419167941932345508232
0.508927368423000000000000000000,-0.131004472507000000000000000000
0.460342285978610021516942410530,-0.130971242663499280873962433832
0.411610038411891118096222564980,-0.130852741435167468431707503199
0.363109371358509838266062320354,-0.130800156695223117517644335887
-0.899332459511660804668665016992,-0.130743493164004354954693959006
0.314601447435944748275519088175,-0.130720356311962880361201628384
0.266097851353000000000000000000,-0.130544716483000000000000000000
0.217559984525872475572117106509,-0.130401543108339863198578639922
-0.317363360051070275386168519867,-0.130235664491886121656172005207
-0.268868021864241454534437374065,-0.130229137866209818502020461728
-0.850844451601848832886837651456,-0.130218886785157577743478156364
-0.365854243735328408495383620202,-0.130207223382477075579978413898
-0.414345085855226526396322548536,-0.130188423972122701776556034547
-0.462839045587888917104517238390,-0.130158150906132262719218628228
-0.511329847930052661848648728605,-0.130093257702157147053301155126
-0.559872322590690879361010125745,-0.130085217350431321419253086348
-0.608381697917457973196808239072,-0.130059466939134397677268034418
-0.656875496160836486382432651558,-0.130032044965214704167808210165
-0.219906054863998952403852617146,-0.129973204222654035943877082933
-0.705372792628741159079327093904,-0.129969685758118234127151734516
-0.753863630606649998998247979491,-0.129942206403890051553949962544
-0.802354474473997431002148488526,-0.129928643688490354635715025343
0.168125462253346667325894594040,-0.129772412178511324202797993494
-0.122925041408664240427964273118,-0.129722050592080052001775134202
-0.171415886890635735739499725092,-0.129716820077794674336602963498
-0.074434196202680334616092703654,-0.129714693689013672056737662415
0.119634658201890153253949201737,-0.129708809049943701395414749638
0.071143846859637711509312324679,-0.129651031158003808122719111093
0.022652133864266313950632183468,-0.129583419411652947332602886031
-0.025943796085921412779876965415,-0.129506800852818173175335644838
0.971595777103308629681349175975,-0.089992447914686882312073228366
0.923101892373000000000000000000,-0.089824407978000000000000000000
0.874525296561261559675457113195,-0.089792321162979464902898264671
0.776461346891690404382542313387,-0.089603216353572057769827537169
0.679318390369848850375050990266,-0.089407985800816550445889733213
0.533614109866672236685512973400,-0.089267616999366683859118071014
0.727971671366584484223598578665,-0.089266333013736180647468356243
0.582105236105989150007155966235,-0.089233055829304900396766330998
0.630633763880560658077080035847,-0.089215438770063834258609541114
0.826023515771000000000000000000,-0.089052848301000000000000000000
0.435969008351171049012996369822,-0.088924198574581772331495671820
0.484459849645319125147950622966,-0.088903377900750173577949423495
0.387369381252945767858377511807,-0.088814277606694009225577455618
0.338848777036000000000000000000,-0.088726975704000000000000000000
-0.923465965134365965229991067686,-0.088684771960506340500832590719
0.290345823584000000000000000000,-0.088549293547000000000000000000
0.241851820112480715645529894553,-0.088434069432314181203754677151
0.193274192532765471266695434747,-0.088312751202476331105933645081
-0.244602483679083363702196824435,-0.088242537720713482232544883840
-0.341584171201269977670633946663,-0.088227160232140371410320376126
-0.293093325596945278257421526726,-0.088223224211428290179012307551
-0.390075008608965770825934431566,-0.088198692441123156859123735499
-0.438565850728863888726873359900,-0.088179893030768783055701356149
-0.487056648398451157467005473644,-0.088111597482854031653220379442
-0.535547485684906704441472067507,-0.088082923919986561730999433715
-0.584038316740033768188164720938,-0.088045154913647996204202348516
-0.632529148838971314847777778334,-0.088008750691871503569223026858
-0.681019985857999945591543904807,-0.087979628385685262828073991829
-0.729510727288467849733603407891,-0.087879037937736232684346698141
-0.826492378277275728841781009611,-0.087827479752455254022187630310
-0.778001533605721079391958685532,-0.087817186362579702895137799801
-0.874983215504920538472300260423,-0.087798706904641702877341739568
0.143936222818927053658487248222,-0.087745720439819422287264814707
-0.147136173901147005248344018576,-0.087706664280499480954533647078
-0.098645328693973911523859549453,-0.087699315219792552038073911982
-0.195627018883297261798615506592,-0.087697956135556125990940082943
0.095445235901401720837518906461,-0.087682222563728240703481103429
0.046954427532564878512800411673,-0.087622000877784355446610955194
-0.001579668982811243996508950513,-0.087581254542505083065651850907
-0.050154923054830197761528438426,-0.087492714479197090008087356998
-0.971909360301065988047116573774,-0.086540107036174351173002476659
0.898823623731548530671125177645,-0.047828605650165194683787663486
0.800778979949743649199416726039,-0.047650685495844403131627919785
0.703458054618190051440174527209,-0.047352799047075072081728921420
0.752239091089883343753298195116,-0.047282947154049164872134297367
0.509333338568736624446269414092,-0.047278004969191445731611964676
0.557824177827063492082643056030,-0.047252886493503092667178344664
0.606322366128834239666549836463,-0.047222429359668315647834950016
0.654846594982767098980829997929,-0.047202334469967899820577568082
0.850329948973000000000000000000,-0.047087511359000000000000000000
0.460079295647597533613165359169,-0.046852163094960742414012098390
0.411588473031849103969613927942,-0.046804782057237908819937263401
0.363097361663166651178099517375,-0.046734222578236892445541766589
0.949961899124106177890944369249,-0.046595011970892987360359125642
0.314604288426895694759164713117,-0.046562035810628183485240460841
0.266085117053048412039579250132,-0.046432766567938802463668404533
0.217532760840000000000000000000,-0.046325760914000000000000000000
0.168949490576470074308143447096,-0.046204192314289737866962839122
-0.220586437265345371142191045869,-0.046116635504049949089487102631
-0.269077279183207285697415748159,-0.046097321994764757035954526342
-0.317602060155714710439287173942,-0.046081929508921271726900166813
-0.366092897563410503594587658846,-0.046053461717904057175703526187
-0.414591977036176796429186903010,-0.046029976031066389452024612570
-0.463083586545303116773029778031,-0.045961218738412679979608988425
-0.511576679658350574298058015053,-0.045931262252242840613673021554
-0.560067510713477638044750668484,-0.045893493245904275086875936355
-0.608558342812415184704363725880,-0.045857089024127782451896614697
-0.657054598233960022530719701765,-0.045824885841764665893867398552
0.119745956743661125290082199554,-0.045719619619941385362902922321
-0.705545328780024635300392219324,-0.045719178587182163127552052587
-0.171328127660912050161334249068,-0.045681534938638973403102850573
-0.122837282453738956436849779944,-0.045674185877932044486643115477
-0.754036140634820703616162276358,-0.045661832467137701413092502385
-0.802526986398163781952265312925,-0.045661567160335214521404903437
0.071249969419662029006804656993,-0.045656672720756643477380346919
-0.851017828966987251528198467149,-0.045643963743258771117668306885
0.022722624685487320565659277692,-0.045619836008636491179659920070
-0.025790795951720028978160423524,-0.045567168168883999898403563067
-0.074346876814595242674518668918,-0.045467585137336582456656560492
-0.900116622326000000000000000000,-0.045458057414000000000000000000
-0.950599762075744500521423439209,-0.042982522778205103937100247747
0.923399264885618241731262943117,-0.006026692000415734568302670666
0.825058150432683961490606718157,-0.005675883488270443024018102448
0.975738950745637334784168706681,-0.005522206484960178794240892897
0.727682686742601676136409257623,-0.005346498075058511957355999667
0.776534639056406725230819458576,-0.005317622516664591766282681333
0.485066097452436290309868619447,-0.005294710592666743884271083228
0.533556937472383875309649607669,-0.005271108165571986093911110281
0.582047776196200631347808214461,-0.005244978192199867979631630230
0.630538610259665853377218436208,-0.005211292227823401840651518759
0.874817562240000000000000000000,-0.005193494165000000000000000000
0.679029440074449278467228071062,-0.005171962996634260141757109982
0.435877582441581517844655649144,-0.004832653330942016389119364017
0.387386783382203939164753668571,-0.004765351787262842857008699769
0.338896238155608044737513377275,-0.004594628203147505846123063409
0.290373237992213087088066973149,-0.004463142979452503862030113307
0.241810280667000000000000000000,-0.004349291241000000000000000000
0.193250912616000000000000000000,-0.004241723829000000000000000000
-0.196326222692049222334594156073,-0.004130874682405377759689002946
0.144670319823000000000000000000,-0.004124677670000000000000000000
-0.244818317903647329236531347278,-0.004110837019816856201886468973
-0.293326351817863616742872218983,-0.004105125109225694629527552983
-0.341823090727437347557288168750,-0.004073244959777786947560818449
-0.390322102705669318781599183445,-0.004049798293280556173100311968
-0.438812900385968316131326795673,-0.003981510351267001605523631019
-0.487306085700939270805187982351,-0.003951500558431559629774820064
-0.535796916756066334551880635782,-0.003913731552092994102977734866
-0.584287748855003881211493693178,-0.003877327330316501467998413208
-0.632778585905366957632512290528,-0.003848257245166861135675916705
-0.681269311821587018747030873568,-0.003740447075242203553279000652
0.095552468928017674588660147186,-0.003695373401489983360105656413
-0.729760124999032991428038828018,-0.003684230487413701071939082206
0.047017677775502786093773794770,-0.003654224869656934443221569256
-0.778250958070705129101215523751,-0.003649145876218099756005177309
-0.147028343157948176465287751967,-0.003648542457277797654616964496
-0.826741803672881827945657361735,-0.003645183481011434431320838883
-0.875232647646170099604277585668,-0.003632004978533071911818556468
-0.001488502283421464415992195319,-0.003605749635015408012411632230
-0.049982749711485073891150654016,-0.003542038827023492346972766561
-0.098537937518804462702956640940,-0.003441941716682335624630409512
-0.923713102887688801109612504931,-0.002628220893275225900970011539
-0.975753384114619445092551582958,-0.001525829455652957274090166526
0.949175655619963206202596099915,0.035045680753359888179239928887
0.849463771451629047063000932987,0.036225522044173703282479335507
0.900044069668007695033194857262,0.036469154611482898333627023627
0.800974107381936395792798101735,0.036564050215929876916962273734
0.751889069343905631853698898619,0.036670321941144572982669840810
0.703326702474729611486664225843,0.036792369033872774477310905303
0.606166247421741986894677916192,0.036822366252837885460814920997
0.654689010081621155322433383715,0.036837730487983161706792524550
0.557556243108362799353359556134,0.036864333589624853435916277407
0.508893915322441644747996322479,0.036937945237491138372492298288
0.460403107597867896982357930512,0.036998683472022804079390267123
0.411665810305000000000000000000,0.037211390530000000000000000000
0.363167314377000000000000000000,0.037394981800000000000000000000
0.314615914835409531384274939432,0.037532746609780654221016307412
0.266058986407000000000000000000,0.037646363239000000000000000000
0.217497838420000000000000000000,0.037752422196000000000000000000
0.168936293428000000000000000000,0.037858460909000000000000000000
-0.172085825514820787262235665383,0.037866330791351215821187618017
-0.269067513013317071124744082581,0.037881430629126335553678822382
-0.220576667432388481530944389330,0.037885645039327463939368434203
-0.317570979133381635531849843196,0.037917196882910455711054517435
-0.366072336540404509012093913137,0.037941998094165088705479253150
0.120354245595000000000000000000,0.037973012260000000000000000000
-0.414563911950542491453555904850,0.038010735156365710418884385166
-0.463054749248673491008873603143,0.038039388967675411019958161497
-0.511545580303800554755566256574,0.038077157974013976546755246696
-0.560036412402738101415179313971,0.038113562195790469181734568354
-0.608527249453101177836197911320,0.038142632280940109514057064857
-0.657017973832416804962454506871,0.038251131515776846327543391814
0.071320665980757693685754909729,0.038306791409860842681363755561
-0.705508787011685838364872011337,0.038307346531063565088570518530
-0.802490449690661837089440274533,0.038348582263774944364040533434
-0.850981294362392013836912736597,0.038358874826730605430816502719
-0.753999605082601223830280504045,0.038359170541917260513495940425
0.022806550806594001112122321759,0.038359861503964148724026718585
-0.025684255680137402743357284474,0.038421580067481741558938107518
-0.074175911623912018020575639506,0.038484825595039958055279280899
-0.122723990385955121428755515517,0.038586583948895186147541957235
-0.948866724926563745680740648681,0.038828472429276920762040069682
-0.899461749603910715342247655860,0.039362658911988451441665047648
0.972674989186691849074361257003,0.077461991823917822176057640732
0.874554637766472502070206726310,0.077720227133924239895149736814
0.825509786675425257409877585069,0.078390121498321216181749728406
0.776522133571410258731830609613,0.078438423043281679220939008290
0.727674327835857816299275774047,0.078727500632436546280988382568
0.679006909199607360001119039907,0.078790107123904050110357593414
0.581802369939515475569120982115,0.078858231439221684504219825407
0.533264636549375991356355248686,0.078859658821191014660374042713
0.630308206236735141501060758157,0.078876235842804150385363198491
0.484633789049055419076962398297,0.079001495274636590846035934474
0.923970949057000000000000000000,0.079027901426000000000000000000
0.436139368028000000000000000000,0.079073863041000000000000000000
0.387481884810000000000000000000,0.079352697387000000000000000000
0.338923241854000000000000000000,0.079491734943000000000000000000
0.290363305844000000000000000000,0.079610342281000000000000000000
0.241797257017000000000000000000,0.079717081848000000000000000000
0.193230297672000000000000000000,0.079825392331000000000000000000
0.144672901325000000000000000000,0.079925663650000000000000000000
-0.148013858862043398097992449952,0.079960303571100674957376206717
-0.244995546360539681960500867150,0.079975403408875794689867411082
-0.196504700779611092366701173899,0.079979617819076923075557022904
0.096103378664911899137884319737,0.079986274071350024441387956055
-0.293486383724714303588509771132,0.080003945235753248628878584333
-0.341977225851365051852034760239,0.080022727220424908836392298968
-0.390468023526333187076549587767,0.080091018947742059873254332276
-0.438958860824464186631867286060,0.080119672759051760474328108607
-0.487449691879591250378559939491,0.080157441765390326001125193806
-0.535940523978528797038172996887,0.080193845987166818636104515464
-0.584431361028891873459191594237,0.080222916072316458968427011967
0.047109539011848908704103436718,0.080320877783481925848612043401
-0.632922085408207500585448189787,0.080331415307153195781913338924
-0.681412898587476533987865694254,0.080387630322439914542940465640
-0.001381260664979915924921527945,0.080387732973053311361797238133
-0.778394561266452532712433957450,0.080428866055151293818410480544
-0.826885405938182709459906419514,0.080439158618106954885186449830
-0.729903716658391919453274186962,0.080439454333293609967865887535
-0.049872067606217619863291008427,0.080449093402715919868487008955
-0.098362870094326787774320594646,0.080513877458630933468351124852
-0.972366343287668096662105258414,0.081244625717819745979155270164
-0.923875499752609863187076717913,0.081259328548030018384879934548
-0.875365861179701410965241338777,0.081442942703364800896034994758
0.897057868225446075543524988815,0.120673303180059039188767427895
0.800078139970812690255917811878,0.120823286915022812402486087388
0.654605710227135111869490601991,0.120840427992197573274477419031
0.703096544389694938894712878867,0.120873971006908058867657372818
0.557439810245090936283491875111,0.120894443222882993367846445468
0.751587375276014744022071586286,0.120911956123049664721361060540
0.605930649300160149046863809491,0.120919951066566966591712402419
0.508839536725656126907992955162,0.121018681072015435571318049768
0.848568466967702570414007041371,0.121047587270366992036589050976
0.460309267990000000000000000000,0.121112391928000000000000000000
0.411799829988000000000000000000,0.121308694287000000000000000000
0.363187447598000000000000000000,0.121477268778000000000000000000
0.314642761937000000000000000000,0.121588621674000000000000000000
0.266101993386000000000000000000,0.121680833453000000000000000000
0.217545349681000000000000000000,0.121780130195000000000000000000
0.168991751718000000000000000000,0.121878199495000000000000000000
-0.123652738570415064443557529081,0.121887597080836422278185374334
0.120430092269651229157153264636,0.121933540109885902553198424735
-0.172239420781588560905889923778,0.121966068325441219586773585591
-0.220753773356371532631107686416,0.121971814738048903087836491225
-0.269244610720546154259116590398,0.122000356564926357026847664476
0.071889865055291256656386157536,0.122001779454336024325486124535
-0.317735452847196902522641579505,0.122019138549598017234361379111
-0.366226250522165037747156407033,0.122087430276915168271223412419
-0.414717819524265278249172029905,0.122116506444423398099981324597
-0.463262879921069116188657245645,0.122185530589387614115972252991
-0.511784482723039206614100119962,0.122239628103543247875112444962
-0.560315730422935179994172579233,0.122291889002395936611631036487
0.022930104616383066237122965793,0.122354437290272189483855854421
-0.608806449882879257441920825010,0.122402564978632096198465912528
-0.025561335082000000000000000000,0.122420824146000000000000000000
-0.657298750789000000000000000000,0.122462551183000000000000000000
-0.074052874457687026367375136276,0.122480637544308496823389417892
-0.754304708294052728276617532468,0.122512605274508636661944278969
-0.705804725212121593301403574498,0.122523163420758216577148809759
-0.803014673232476216463770793657,0.122647572980736468866842506758
-0.900093615021187444522928980306,0.123517867111686621755164779053
-0.851495128473994917969105712919,0.123651357065994314877691051687
0.967625555293261745140727439110,0.125689217954710316374876647321
-0.967080172220000000000000000000,0.129473285502000000000000000000
0.929990073642094802978290709017,0.156265886246062654061026592155
-0.930812873940951046183230647270,0.161673848138977483569394709377
0.630163718745733449988765860417,0.162921385186853106862614313354
0.824128221359025176218327632443,0.162929767510473561295423319467
0.678654557416456201688627748053,0.162947613504641861875901814126
0.727145391579016028713850024929,0.162981156519352347469081767912
0.581518060217235345143376939743,0.162984822185225953519394291812
0.775636222465335833841208732348,0.163019141635493953322785455634
0.533014711701524217238649233531,0.163053464737461798221222497762
0.484488313068000000000000000000,0.163145657326000000000000000000
0.435992052298000000000000000000,0.163336988693000000000000000000
0.387491169142000000000000000000,0.163441656352000000000000000000
0.338939174481000000000000000000,0.163557148508000000000000000000
0.290414936088000000000000000000,0.163639879224000000000000000000
0.241869834729000000000000000000,0.163729808754000000000000000000
0.193314736586000000000000000000,0.163828341839000000000000000000
-0.099352104842314934597294154075,0.163849976938602323942044896781
0.144757204656970190968467327100,0.163880574877667371942150349873
-0.147878300489960227251455002907,0.163893361835176966907582753208
0.096208247918602663286532474564,0.163953875681200745571159833318
-0.196491623745051663637036588389,0.163956457396438246569654893657
-0.244982461109226285265045492371,0.163984999223315700508666066908
-0.293473766108012380722348582482,0.164004048689842369014038553870
0.047675190135149405014199246236,0.164056874600406390667557151554
-0.341964563782980515946863410010,0.164072340417159520050900587178
-0.390455401081394910195300613099,0.164100993748876442876693318979
-0.438946232237723422685314082644,0.164138632600547093885886352000
-0.487562639286186286091549090232,0.164247537161663483814257622403
-0.536061713595687745170832215375,0.164281230395877132106957528444
-0.001236017893846152848556443948,0.164394425940785734738624856678
-0.584552422972895757001133588425,0.164396239134093227786578364425
-0.633043235964833162143810368793,0.164452615509195108481837090537
-0.049726816586209566952483185388,0.164461991400909068475245968775
-0.681534048909864917094617762276,0.164509032214662985563247603598
-0.778545581787600521867664527447,0.164511945504124731894003308756
-0.730054736108640280967503320704,0.164514818477845928168794568173
0.882699889812303485396581527992,0.166989721206526138363008031021
-0.833343780432553617407485847800,0.168616795873963042751665863807
-0.882781219715656055474426968060,0.168812934080394481161077839696
0.955565294693333562254327907543,0.197463825406838510542596521039
0.850745201991939764692051778109,0.203462451419903550856016432251
-0.954153239099663110547205794006,0.204177841800428815706017786059
0.605885399409740823231523530691,0.204908501694449634541605369315
0.654376238113349019544821034771,0.204934669143091947972681707107
0.702867076784071771244682922407,0.204960897460880702985969207879
0.799959619545518907570457659028,0.204968330869547769449862856751
0.751357910946631598269905199283,0.204994440475591188579149161666
0.557326807325679843415904136113,0.205010354977226611813124149553
0.508830894380362853071344402925,0.205084377625926074481874281378
0.460307019888000000000000000000,0.205292699892000000000000000000
0.411791554699000000000000000000,0.205406833836000000000000000000
0.363259046576000000000000000000,0.205511927502000000000000000000
0.314708981784000000000000000000,0.205609840043000000000000000000
0.266183027462000000000000000000,0.205688690729000000000000000000
0.217638235062000000000000000000,0.205778556289000000000000000000
-0.075054408283722071495359536164,0.205814057589335750990312198235
0.169074870624872301569977340829,0.205833086659302694847934494289
-0.123578055133298499440254541410,0.205855966598474909800662347057
-0.172130503453423329982601667518,0.205883750906173993890464061274
0.120536974170528974522857435225,0.205899974449424073743706939249
-0.220711193727425369791519706603,0.205965677250937063290829249433
-0.269211616496692511728277484455,0.205988691348231712495856956301
0.072017265778161468874694993153,0.205996211275304809484265460566
-0.317702414171660646952792311983,0.206056983075548863532718989609
-0.366193251470075041201229515072,0.206085636407265786358511721410
0.023508550230091432052877596341,0.206096565829219842034677830464
-0.414684082626403553691242984617,0.206123275258936437367704754432
-0.463174914962968541268297793327,0.206159361570169595267739315478
-0.511836630810578468378882036912,0.206287271472956952937333794932
-0.560327335328279080025783460795,0.206404311174616522219201000139
-0.802960039781505285062798651628,0.206408202661281084192798969230
-0.025382835982919113328841026149,0.206446600770191181690447780433
-0.608818148355959458065111314746,0.206460656797853803579702127474
-0.705800077909958080883568385168,0.206503789393787811990964495420
-0.657308961257651233932152614389,0.206517110742246422404067800651
-0.754469628111219596972031353777,0.206613382974509750980034051886
0.907189941953000000000000000000,0.208843936637000000000000000000
-0.857896587881098429948864545152,0.210432125231859979462772056423
-0.906350705305120310483685511547,0.212319087757670778174168398276
0.944575249790451304624850634749,0.244692852878800568481001616446
0.872404547669467927618202409926,0.246847182233129269818981519823
0.629951177912967619955501150090,0.247006012641634410688213326241
0.678442016616575816268798654170,0.247032180090276724119289664033
0.726932855287298567968660541807,0.247058408408065479132577164805
0.581460373111874236738882858579,0.247069041658554911024313402093
0.775423689449858394993882818682,0.247091951422775964725757118592
0.823914521035422772131621833586,0.247129033158808994217160245952
0.532969579450886349213857061896,0.247140126412278709663710157522
0.484479103579487404298585659283,0.247329527257028153057851799353
0.435988361459981635553562582731,0.247429784996401506381781072779
0.387497135979000000000000000000,0.247511177462000000000000000000
0.338995504506000000000000000000,0.247584183620000000000000000000
0.290478300077000000000000000000,0.247657970367000000000000000000
0.241955933958000000000000000000,0.247734841579000000000000000000
-0.050753932152620225748668736707,0.247776528711952738017925409242
0.193390726513662038518746518892,0.247786647596490428885752279484
-0.099280455760226619365527706770,0.247820103520618465895575908798
-0.147830258096761602171401206022,0.247846355669471936783543655123
0.144854773637829049021550711306,0.247852408848191629434310176985
-0.196350073435797036137084785732,0.247892970760672810611638417050
0.096344105045000000000000000000,0.247945562134000000000000000000
-0.244941479569761105885573302622,0.247968717270838235403171290333
0.047849774658647883047142905834,0.248035413169524293286228854784
-0.341923018307697926524126569165,0.248065606692612168776427127820
-0.293432177858398188487959317420,0.248088309892198323994801614993
-0.390413849464026439014140038710,0.248103245544282819785620160841
-0.438904681800591426591194847420,0.248139331855515977685654721888
-0.000640934952803749752822420563,0.248150323102024959855401812829
-0.487395519099005820839632050508,0.248167985187232900511447453689
-0.827513362372213133402876801069,0.248223946180193983784045397549
-0.536081923967000000000000000000,0.248407673583000000000000000000
-0.584576037633000000000000000000,0.248463788694000000000000000000
-0.730051256092990345024832405464,0.248507359043797728721585107573
-0.633069234872000000000000000000,0.248520701185000000000000000000
-0.681560415855573413645949513337,0.248530510372531670550255230030
-0.779023820259615129185325145790,0.248579514212080635612625206674
-0.942752878126000000000000000000,0.251420717903000000000000000000
-0.893202067794793320812498189968,0.258993228933880299636109385682
0.909455835319118443329352999413,0.278129193140639199787234352106
-0.854652396375847012825972483625,0.288408955278915351555624502318
0.654172974832437457511129000944,0.289013948521735405680260398184
0.702664721562433598983365919907,0.289039592388829844835375012951
0.751155555724993426008588196782,0.289073135403540330428554966737
0.605678752385000000000000000000,0.289079591321000000000000000000
0.799646387310557803146327211686,0.289110217139573359919958094097
0.557182788168000000000000000000,0.289154491111000000000000000000
0.508689028623000000000000000000,0.289349379827000000000000000000
0.460195804624000000000000000000,0.289452151245000000000000000000
-0.026007086948216132906958836787,0.289477317377683956072584683089
0.411695235696000000000000000000,0.289538262696000000000000000000
0.363184049385000000000000000000,0.289615055456000000000000000000
0.314677475939000000000000000000,0.289682724042000000000000000000
0.266170192108000000000000000000,0.289750870877000000000000000000
0.217642553451795140825888118612,0.289777253844525913338808539753
-0.074979451224529615348550806073,0.289782318177349879816047371153
-0.123532658723689722096674371381,0.289810492591615492878457216864
0.849936253320399934384402387905,0.289818543300220853754295210519
0.169128769325319259632928409188,0.289830203648281137309963023812
-0.172049828079135308325884324235,0.289855575523970753504718010899
-0.220580359278132772231138381751,0.289896010780573982723980457950
0.120636864819000000000000000000,0.289913213935000000000000000000
0.072133072660479104419217259511,0.290007827456398176667252104324
-0.269070964535242284243048560536,0.290048735087409618570809243784
-0.366054395735426685399279373854,0.290125548993514318465141902083
0.023642392488835731801958765303,0.290134553168498476605549701310
-0.317561705991402582944358985498,0.290149313149292234295409585550
-0.414545250802037337808847288369,0.290163174126944023257719470278
-0.463036083138602325385902097079,0.290199260438177181157754031325
-0.511527486022607258037986292167,0.290227589266597713950895269970
-0.754479265389816800845434403773,0.290399688161481829301709400529
-0.560516550773341268409063471125,0.290578490755798686610775879882
-0.609007362509144398978796673355,0.290635937405939945843101276489
-0.705989039337425362100428934140,0.290644841792280265183916733692
-0.804061359240967338283841558996,0.290666444599193217929645376631
-0.657498198506284812556474146219,0.290666714234017924140406495627
-0.929146777970000000000000000000,0.297964199135000000000000000000
-0.887996412790101764167375418638,0.323616038263460162943758398308
0.919866104720676953011535796253,0.325489391766718564000304918926
-0.831199534321737646043842836723,0.330852033759987819484544104707
0.678396640511388228598776348275,0.331020806818793727194340651465
0.726887474673948055623998625150,0.331054349833504212787520605252
0.629898687897000000000000000000,0.331089295793000000000000000000
0.581399605576000000000000000000,0.331166008666000000000000000000
0.823770491078260631321190643786,0.331174331778060894346319188997
0.532901778240000000000000000000,0.331363241779000000000000000000
0.484406631266121869971928851411,0.331466860875615930740456771149
-0.001758708165092804196462330876,0.331469914931358692583374058588
-0.050258926478757572268319214301,0.331498715183903395616674250699
0.435914401262511064482382664646,0.331547989619643512255310907549
0.387412615373000000000000000000,0.331622907226000000000000000000
0.338918831999000000000000000000,0.331682820565000000000000000000
0.290426447888000000000000000000,0.331740398870000000000000000000
0.241893008310691876052600707858,0.331768652512006933487393183520
-0.099232540510503056534136959294,0.331773170982536499067766153026
0.193397035538224198143298696774,0.331811311041182192876574954729
-0.147752228706063428251157489595,0.331819712446114309599631572640
-0.196280113921471044419937920254,0.331858615543871925617060051799
0.144904939719000000000000000000,0.331895137538000000000000000000
0.096404999680665954466971976004,0.331986818411892075569559384248
-0.244770714472871427421418984381,0.332012826695362150183493094054
0.047914326400741178981770350915,0.332116154309091906814236010615
-0.293261424151770552116857810487,0.332127708162247876140597395976
-0.390246933158593192722710762240,0.332150342341529762558176725512
-0.341752246604304610276029770179,0.332175255943835852681547449023
-0.438737766538483913267124551112,0.332187979959410398612421301671
-0.779046103747236500885103853133,0.332206775790676082988597195180
-0.487228598875048900844179359822,0.332224066270643556512455862718
-0.535720041146211753639103263959,0.332252372424944562671919928987
-0.730554338398674494438039150924,0.332577407295916130929163065608
-0.584946076174162788507564542270,0.332736016061694762475166106090
-0.633485731225447752295685000006,0.332794656718804013042051707231
-0.682064112346283055693033681291,0.332822560926714566811370398770
0.775326275630473813341848525115,0.333300387413063915556972885113
0.872166130672554012376213232472,0.334211467134606245377850470223
-0.902993401263973454936454907564,0.369729511995432196243348582323
-0.806184043463144756921109317430,0.372392523897317626419319055428
0.901822548517348198714068457112,0.372576281789830216847622086832
0.606169227000510100285364805346,0.373377323644581459425174263218
0.654827255111115245240184404417,0.373398232351358984821218951622
0.557673361367349004649784271986,0.373456125939618290997682970159
0.022497912070071407035167646783,0.373457752428445122013976176003
-0.074511181998467134179963131062,0.373489073900178160921004528977
-0.026020336987498661100773432378,0.373497620065927367784245510351
0.508962590471191143268107063902,0.373532943422385620013256152006
0.460288276852667134858159290028,0.373534272292313578184153006895
0.411792432591947365727188695438,0.373613328681287345065640102466
-0.854659237364275995967817657233,0.373624473231683206042192204251
0.363301660369150644322890158582,0.373697780747934523162005750735
0.266183951482479149204974173036,0.373736642727642901190718124768
0.314810850626099297842191798184,0.373756885552406563115604205067
-0.123452110492876762688620077508,0.373782390837035315788940508802
0.217678029718520765668474907858,0.373785058128273658409608755724
-0.171982514548399164345211085614,0.373822752466015481711973613540
0.169185567058000000000000000000,0.373869809796000000000000000000
0.120686630157138502380098973070,0.373960197407616908859299109094
-0.220473115099799547346692149741,0.373976963617505706278406655795
-0.268963824115979489210401096120,0.374092124474051511868760724265
0.072195965699240032953201678431,0.374092799618070600456979148302
-0.317454623060504989417731230315,0.374159508717904982855872901267
-0.414446633625358432142789295458,0.374171011306142371665684380563
-0.365946058428269232925439580097,0.374199315628037052996287060516
-0.462937464781650633601699212582,0.374208650204593168880448418501
-0.511428297118215621178754021292,0.374244736515826326780482979548
-0.559919796405113298888771119589,0.374273009834721940698124919067
0.705320739710000431186006948431,0.374486175530198490574051910412
-0.609165549425227883555820659991,0.374745710103897567013483191154
-0.657751364442923481891098439413,0.374777923066760500601146683604
-0.755779751157000000000000000000,0.375007255792000000000000000000
-0.707206276458806740485496089791,0.375077173490176704569187765012
0.802246830229000000000000000000,0.375944829874000000000000000000
0.753759585227995740925581554230,0.376731251876005189917466272745
0.852749878338428742308459804167,0.378645364872845348352909688712
-0.883230714336000000000000000000,0.414728718555000000000000000000
0.679182267246515618889143801532,0.415329074303306665698746618912
0.630480316041898555623701374342,0.415333762404937239603806215200
0.581989529434218045278040166394,0.415409505940024615978810937155
0.533383759870176195164957836136,0.415425288881917855997224824599
0.046784434584320763537785979774,0.415428300996215524508924982547
0.484626705468498639396692819823,0.415474889300592572129661940009
-0.001765155354077050014625272844,0.415486288618817229754310112502
-0.050335345401718247550875578615,0.415523477045245086924065171864
-0.098826181114328150810392578269,0.415554698950873739971706778765
0.436108810033091008098720121678,0.415566587327720945268672691371
0.387618038603714923797887537054,0.415651493739252296630905261225
0.290479935685753526009013002477,0.415701714805609799575820713435
0.339127263135400323028948694152,0.415734061264430053137816245636
0.241970883949379291530394216362,0.415751942170729968568831885363
-0.147682396335212498782673673527,0.415785430856936487901282549702
0.193478689945509807190225805730,0.415837022551282604432436064400
0.144981098056926844760593908735,0.415926147323958238800156266207
-0.196172996886612881784154737653,0.415939642008426712467715591957
-0.244663705902792823647863684033,0.416054802864972518058069660427
0.096490442338746186512913813021,0.416061907905823888117784511529
-0.293154502161086638544374639534,0.416124093205956163415591498903
-0.341645307712573536370010809781,0.416186542246000985582903872308
-0.438640250717640794609911191675,0.416195183099370347114385490522
-0.390136137808011439762917475732,0.416225523909495017030153073567
-0.487131081873932996068821108799,0.416232821997821144329149528461
-0.535621914210497983645875917509,0.416268908309054302229184089507
-0.584113373289118241321986707224,0.416297204776117983689664909188
-0.682228052064786365516333671867,0.416639782034837138822755609391
-0.786366732984860385417625107997,0.416649007358184640087603142446
-0.633431177930308031494062571580,0.416728973719948110676318914706
0.882014401121030003404609669673,0.417309945941587407223712996596
-0.834841910553949195445960810230,0.417881599164105868588840653755
-0.736229551229000000000000000000,0.419383476066000000000000000000
0.785046641583429620392396838844,0.421529009120869675438279467434
0.736558800565544701606926843249,0.422068820512961276188242037132
0.833510184945740914064627512171,0.423155996423858858930420824519
0.654835969871727721630309162766,0.457264976905410164612915616474
0.509047874867483691293543592057,0.457367234760124808113630612601
0.557700269972533389600417626103,0.457378470636782117715013050899
0.703326675543173244242589116617,0.457381537619015122485321785131
0.071085129132346032741231178674,0.457390645632785703013035184382
0.606345289460314391045149844500,0.457391610838029259392646288258
0.022509009526497393551526351071,0.457463985581197161858285413904
-0.026037007054789365053715376480,0.457487186086425901627122759407
0.460447111344977407391644340193,0.457507131103005307264682288590
-0.074557337450965742566848668485,0.457535939750411741251286210014
-0.123056466956663886904446174287,0.457557738970774912084048819665
0.411935302660637954320344499026,0.457604238484984897433244951476
0.314775706772042378507343159775,0.457666910268485528462246870582
0.363444555571112214015391624608,0.457702062890763898876309799928
0.266268242101858514927998135605,0.457716218760763860023066793797
0.217775736755341305255181230755,0.457801479407479040752383540625
0.169278259991049241365594420505,0.457890537524004618937432497044
0.120787605232091072974149109823,0.458026640287542340947975177602
-0.171545910275000000000000000000,0.458112282007000000000000000000
-0.220045821892007068389531006299,0.458146873014221692517679919365
-0.268608259481843058651928052427,0.458221382958865687025371294748
-0.707160586914836631964960655340,0.458229814841577553877998636025
-0.462773447292930062949683131431,0.458254081634319659299966337074
-0.365746969073876800428365505775,0.458263519829232606775902878885
-0.317138756546438277032750662223,0.458268104221680043691133324447
-0.511284999798213808134208147801,0.458279823934009426813228479333
-0.414259510882631024107431115075,0.458290057597834341480773983795
-0.559790614201508686623046098970,0.458307415224253304272899053702
-0.608309933259362021412557982851,0.458319682196197721165005656365
-0.657907804114674786757532495264,0.458590797070945724264756192565
-0.763557537117887134433243761778,0.459440393253207547540751940417
-0.860520003276000000000000000000,0.460001865807000000000000000000
-0.812033531884140278292462877719,0.460673433165725371164518834890
0.760774998844330683139599547236,0.464079984075010327514389368114
0.809254165583538697308751488926,0.465144181043048889290439495704
0.857745009803649407985549707873,0.465156417695808210848291620267
-0.734512575613036968078135933222,0.498270179939416461465290852641
0.533364384969840885729003382024,0.499320416514989069831418838901
0.630712638260153194215682351106,0.499329534372150786237941766230
0.582011448083131388389981754076,0.499334742418120075230606572012
0.095379060943034827112972509433,0.499356905891382943736973123965
0.484868280743962459288495112426,0.499399476562537543248650961182
0.046783074718070028989728464256,0.499441740189918157889163643914
0.679230574470610323654870900495,0.499461699643602755209180241092
-0.001780832720513613608444998793,0.499475281179915643974579399872
-0.050283417862287176430552875564,0.499513778555155870903263424622
-0.098788192253948858875600790014,0.499538841455920259764039639461
0.436275255780836782284584526684,0.499543823664397895627313588881
0.339079836667115972741592798339,0.499627265283167006610824623769
0.387782450934206125823319460751,0.499664342121570619092344793310
0.290564591758717767661784418385,0.499681079254590720127551086167
0.727866117831209160663174371311,0.499694133978930887406197796758
0.242072187065999842345129877497,0.499766281625723984430163631156
0.193574671298570630529279868453,0.499855362323954181571887140689
0.145084016539612462137834557771,0.499991465087491903582429821246
-0.147275594474774862919495724936,0.500116724480893791887682506576
-0.195766439998467925207275300286,0.500121552736435162661198586826
-0.632881095143198202435491042727,0.500124228917733060457019828173
-0.244262316790130427622496711294,0.500157865596686110911273791327
-0.341446522559000000000000000000,0.500226570408000000000000000000
-0.292832581197073473137340767154,0.500227862939360735148015354791
-0.682759194402449725673423847579,0.500229367215457177069549590292
-0.486995056436712005715803009975,0.500262125785417363677605327801
-0.389980342164000000000000000000,0.500265190096000000000000000000
-0.535503800695048554614403507406,0.500289487179912643033816458212
-0.584039658534833688896755965755,0.500299628452840740385730020794
-0.438471813768619734687367343009,0.500303466313051175522908784500
-0.786727714933900781689853073430,0.502037399989468067567862579367
-0.835515763654475668545504267644,0.503986862457706634967070945207
0.785085838396322183357345438866,0.507182902287710532494469234082
0.833576682616432894034143657813,0.507195138940469854052321358645
-0.710186786435404643025331188205,0.540217982072544975589485082816
0.606366527479110522180238767606,0.541265545302518410354147575892
0.557675563080438884518567509997,0.541276688296327027347012360014
0.119669911658850927672066535109,0.541324949620113635003698211200
0.509184776839782331020015251468,0.541352666435736601393647355467
0.654857233668712112476236497080,0.541381890257067753300777335787
0.071057212499131349568004345002,0.541419452822942440584271340710
0.460694005422282270857457987532,0.541437579629495139367154993862
0.022493446452969514586263481449,0.541452912050684403066734754714
-0.026016334465443367177657869545,0.541495569683278818072469397337
-0.074514494225581349406850996534,0.541516808378370688895640235044
0.703347854072407877861127116999,0.541529727259874886231686824773
-0.758658547464076860313085865004,0.541578315007531238696763385854
0.363397910353566098607775570995,0.541579540729143677190919821280
0.412133219351156758763049956461,0.541597648697832341727732287569
0.314868432761760323297951260461,0.541641601598974643348721750164
0.266375297667579155290790240917,0.541727227015480377222113420959
0.217877931131577028754217805154,0.541816221280892764309034815524
0.169387276372618860362772494472,0.541952324044430486319577496082
-0.171491599027884162755422174229,0.542128208437732373644605656634
-0.219982743804573780674139056268,0.542132655469940006083546451091
-0.268486625266901856995775404925,0.542164353211540735176114473745
-0.123000775080407190808416218880,0.542182159249463635902647998122
-0.317140443473000000000000000000,0.542186502434000000000000000000
-0.365680037130000000000000000000,0.542228459859000000000000000000
-0.414194899631000000000000000000,0.542280604854000000000000000000
-0.511182217909808422420766465092,0.542290013464779449914429337181
-0.559673049045550858701609396370,0.542327678828536834561239008120
-0.608163881449291564168589584234,0.542363674759493892026144308630
-0.656654721402429832394596423623,0.542387414048542680562882724898
0.751829527474303367005020881253,0.542472842876676208081972643781
-0.462689710435000000000000000000,0.542479951048000000000000000000
-0.809448969902541445248312531362,0.544875545322392286356891158468
0.805031061603919314665493746398,0.551381886372345824818313524775
-0.685057459256046063993987103209,0.581689406432307026946944176933
0.582030642476418018308824523527,0.583207491180725362470553363894
0.143956184530301946372177051764,0.583295642644272020466974786651
0.630521348666019608604822253001,0.583323836135274705417183123789
0.533533526650758860997032939774,0.583330513329761473447431058702
0.095329106096905204945268352749,0.583398463102998586755682408561
0.485042740410102307498480681245,0.583406491469171047494066054156
0.046762497723165199568113453015,0.583433565611096350021204159474
0.679011969069715373989712872920,0.583471673138081838348092612775
-0.001756776429815050877253693271,0.583481709858706907264137669605
0.436551968992602247335923417309,0.583491404662929585467573692550
-0.050247628080881948130155080142,0.583498725085805058797328528661
0.387749987865105661344601303541,0.583512087083815297188480070492
0.339184305086161371224419096184,0.583595153010245444698823291644
0.290690649617488607225527080299,0.583681080026458399699645338760
0.242191539444909619670777231112,0.583771084809458310013213523990
0.193700884685951451279331920430,0.583907187572996032023756204548
-0.292794273713722289575594279508,0.584122670025975788018883971660
-0.195715903879156235019743692036,0.584134698143340380016520588942
-0.244207055017164269576462963653,0.584139141507101907519154817629
-0.098733626750070271020023348087,0.584184331362164348437188535140
-0.341373988758339203547145642000,0.584188329552414585480260297669
-0.147224788185000000000000000000,0.584189175663000000000000000000
-0.389896068790000000000000000000,0.584244738026000000000000000000
-0.535395014315822963761232866596,0.584303137760832515278723003619
-0.583886376138360166290133481427,0.584340497277331029137490801123
0.727493642471610863133606637174,0.584414788754883160198378431783
-0.781379802432717523871545322936,0.584416460340455457485791964955
-0.438392012855534180719308743730,0.584444728299180852012719120188
-0.486883345237000000000000000000,0.584555912333000000000000000000
-0.634516190402000000000000000000,0.585736795256000000000000000000
-0.733063611581743097434369986243,0.588528372859822838076258221029
0.776596664748678473850168255078,0.590660980027792927704529329743
0.557888606046737994787289953304,0.625261316214159808570972062583
0.168217361823979538683055459816,0.625280847172051302046772705991
0.119602110788673724607424676582,0.625376830938683891074396419727
0.606379312236339585083287682778,0.625377661168709151517601822477
0.509394649193538921734429842632,0.625386151691579667447944880521
0.412168737506551149917474764388,0.625405843048912540928321475473
0.071019772514792541798428684865,0.625421024960266260822874764914
0.460903862952882368235877584102,0.625462129830989241494579875974
0.022497623382234297671116569192,0.625470830028960243911837179536
-0.025993219398347527282104881521,0.625487840132151462697366413014
0.654869932640035350468178302697,0.625525498171516284448511311463
0.363538935698285729329168688686,0.625526216562958845710508181701
0.315010726365626756885853300661,0.625632194312963176553764641003
0.266507313809470681843833992334,0.625724692997151417443242777753
0.218016659050512513452388681652,0.625860795760689139453785458311
-0.268514702372032965666698170042,0.626097458954135695258802482333
-0.317027407225652459203361350050,0.626124067182590495474578710908
-0.219947376890876748524946787275,0.626137053298700126292737538896
-0.122965089937000000000000000000,0.626187231458000000000000000000
-0.171456547329000000000000000000,0.626192057968000000000000000000
-0.365586225914980047407073025276,0.626202508438106833074395431401
-0.559521798347634888317594576291,0.626365715133088488380399068974
-0.414076675233244245539487640478,0.626398589614067789491090610600
-0.608012629484506953830627317902,0.626403379042519871301751583886
-0.074474602926724120859806470233,0.626445741008635969753132457346
-0.462577272980000000000000000000,0.626520194121000000000000000000
-0.511051997496000000000000000000,0.627861907119000000000000000000
0.745635910918881819977033496756,0.629383891686806004300367280223
-0.688166497888464479058255716516,0.630080480006850141234305869574
-0.739492142467870083641907524368,0.636591207915204521776340469056
0.699532136027558365190088874320,0.644410669907199357591151805910
-0.646841392457199793197653460141,0.655449709084801505561295913588
0.192632479865594182844052361708,0.667176719688669668468556676184
0.436487880541201828726656382930,0.667357498617851848782426560831
0.143857710924906923229655860613,0.667365257736384696399741238119
0.095287540902735302347746903394,0.667402420129839664340559152096
0.387957685339731217902042149533,0.667419972528056089450349586682
0.046751824442716266122228594053,0.667460065004515947955298351666
-0.001739018337865558830992856661,0.667477075107707166740827585144
0.339366515933012047463762041250,0.667562584693496970351122970144
0.485624557410844195696972293799,0.667651324819782794803749003006
0.290839098429435737999555126461,0.667669017763707703213317057576
0.534393172130365489521029091244,0.667679787520845150130436908403
0.582908281799013914605172812887,0.667809640301491150643396026433
0.242314542054348250713407125015,0.667824768456879683498403239113
-0.244256474324253020083139391267,0.668094530640520073172615172584
-0.292747319867931259279477003242,0.668099153827226221329369046123
-0.341238149770169514076800935166,0.668138375083088236652360751813
-0.195719385887929310124620529835,0.668176639411533947881017747977
-0.147193510850000000000000000000,0.668192043733000000000000000000
-0.389728183025404256998749306833,0.668419084578730599573432844581
-0.098702739511000000000000000000,0.668450555877000000000000000000
-0.438219017455145071656691490328,0.668452239098450708517941414573
-0.583299349234505774308579277633,0.668626692366666282351983108259
-0.050212421540000000000000000000,0.668783189053000000000000000000
-0.486691379691916923911743696259,0.669790978095376227633675750715
0.639226638112000000000000000000,0.673377091785000000000000000000
-0.535046132844259022288007258528,0.673421401003354989382411344543
-0.703600879791035851438176959103,0.676049404055606083074001179614
0.688331346830292599643977107556,0.691590161683532955528416129287
-0.622387524453652209414903366428,0.697322975766298744317886330735
0.460806233342445575523886737641,0.709309612270788997095192500546
0.216569503028584178149254979436,0.709347575086790246663252358656
0.412276828374381896711223768075,0.709371628096995397304454672040
0.168078664291268984689528220442,0.709373679998345801757685817388
0.119523300791445883805604350471,0.709402301862190796441462634767
0.363785265574457536036635502098,0.709456340658594214090964375125
0.070982085172689260544069805377,0.709463119510971114096065186708
0.022477423595862111171077697740,0.709488098220517822685307984518
0.509984402725697041910441854279,0.709579359106536054263499451964
0.315194887996821028577463867051,0.709599408144241497010675386718
0.558538346691214179767482995293,0.709731810876931838281940186605
0.266704233062529163440574270198,0.709735448425596180115773816633
0.607028978798982742855047444791,0.709875757755187636751785030183
-0.220058947908533613457835562818,0.710116451566095055686785606810
-0.268571548867821215565636351968,0.710133594699741146286644861944
-0.669145647801356273051785153035,0.710169766179301020654653972425
-0.171465567535198500848143014629,0.710171231905889936019294658593
-0.317062544861539555350151447731,0.710172911481347015520932453780
-0.122974986055000000000000000000,0.710430074737000000000000000000
-0.365552578116774298272099819398,0.710453620976989378442004546548
-0.414101104933331783686101157042,0.710519973950718642168905057477
-0.074484603237851517368709104600,0.710762938608396026713729992394
-0.025993865207028402956596605661,0.710865154755848067883522632488
-0.462572796636410040992291890476,0.711882774873982748535264414704
-0.561778367168000000000000000000,0.713880546261000000000000000000
-0.510929308989582111335779090222,0.715489689892697776285572499907
0.653122899172940617618103432608,0.724932737116066969634599902482
-0.629858791393150925513971103542,0.745234793653261336138881374899
0.241315742536904535487778684754,0.751048723189828845234214635081
0.485166078657298421737356298122,0.751237646557542256554942949504
0.436595181175625643508454122786,0.751323741749932545617220611756
0.143825725872445608620327284427,0.751363644287059791423089175550
0.192316570859884988670942394645,0.751372322929823435829843514035
0.388104408609108214845817120640,0.751407996227533521945069460483
0.095242221148916099633668878806,0.751448925747480367320199610224
0.046751378361614551724758071209,0.751465916683902975685613886956
0.339613637638266517150337327899,0.751493164109338740750516791699
0.534129577286545732156895758328,0.751631382462622742415002730166
-0.195809565329380585129894709623,0.752108469467650878547031690032
-0.244300410877875356810980851158,0.752113041856507300728530646689
-0.292791240780520535387403190842,0.752152262609269711603727698705
-0.147186348391420690700379780568,0.752444366674219523714264541587
-0.389768973609821149731898610883,0.752464670859598301513275596834
-0.341278788545250583706664274316,0.752717801889724362056119981274
0.291138397731139981339336906305,0.752723301850098690256820156557
-0.098696640102446380040896802768,0.752776500630464739193960782848
-0.050200367778000000000000000000,0.752888018696000000000000000000
-0.438240676608445105918056862862,0.753827069967020367866006868444
-0.001661158938000000000000000000,0.755020907904000000000000000000
-0.582946616954745704279864265253,0.757507120750244810637457419418
-0.534457283756498104722654011864,0.757890120624968402307697670084
-0.486107253088805167862848680430,0.761582905122859873802777241947
0.608590527410303954342762390411,0.762671040545534573548432938355
0.569962937072127980330965184098,0.791984371771800366396407475814
0.264222953570674312625957027517,0.793787719499628298071216006951
0.215732130796348497921621898649,0.793834937966778002643897790988
0.167216169664781600783839070818,0.793840099672511691416962303333
0.118725335903780301991612593628,0.793874218254717064770458537589
0.070132842511582654319973268979,0.793947315638250882877240597387
-0.171787786749115531117733564032,0.794231103249923255763363828608
-0.220278868798524971314850168138,0.794235810510107384650646031422
-0.268769742101752304427874350560,0.794275056013086738174899175358
-0.365744238230353594178106568876,0.794585618295064125783498680463
-0.123109493007229298146736554533,0.794685130053876506687228274226
-0.074618989139519648416788392534,0.794867222256758918261663345649
-0.317254888806000000000000000000,0.795024546051000000000000000000
0.369066584861219332628068398922,0.796005343568592195980754136709
0.320575813890377634932588606181,0.796090511450397414786201467924
-0.026169238683874740189011157809,0.796863169074800690773046463659
-0.414149962300900674726621463625,0.797465343322473963410463876583
0.472274779255410873949989402640,0.797983518275220266090729946807
0.423784054052854446810534458634,0.798091648959459371612703131900
0.521919995829973441680524237646,0.798559926479777601666229609684
-0.559069068816484159188788943965,0.799711679956801128975740922079
0.022149527087095741968409544211,0.800944712567746267113060631843
-0.510716132416481206135233666288,0.803366220203122755046368491048
-0.462227103614751313893628941254,0.803785992498211460876749417831
0.290788742900795718893978117324,0.834353973457595907203060151399
0.191478617313114309776699485393,0.835824570099404414914389292434
0.142983062427263531867762547601,0.835874391392417486550567502212
0.094492216678851950106089687269,0.835875623654359622242496617536
-0.147839795763841615493375766044,0.836395731206113671329537413705
-0.196330641312284860573587727438,0.836400304141384503729987333376
-0.341879938301000000000000000000,0.836798082919000000000000000000
-0.245632667104626592473552207752,0.836890052006188688778029511209
0.240869805612000000000000000000,0.836961161800000000000000000000
0.394900434835028474543389388958,0.837041599714169565969858068173
-0.098438552530614588966552432207,0.837104534230561474216477152775
-0.049699988335212518269468154642,0.839262059906528613514727022782
0.496613785776168746515361387003,0.839923652806444898631914889192
0.448123060573612319375906442997,0.840031783490684004153888074285
-0.390247316639000000000000000000,0.840279749593000000000000000000
0.341408136371000000000000000000,0.840958880535000000000000000000
-0.293761781405469831756888115829,0.842801945064345429427206412391
0.046253369746078557376020299580,0.843020440630201886469387020537
-0.486887727059531572275133063907,0.845598544565625099574161496375
-0.438397834668154756739265629982,0.846017829592819174334290838678
-0.001989575268490301821768354689,0.847926851186037719989922951890
-0.124047597318500964432437509720,0.878648463852088712166927281284
-0.172538442866944209512649471114,0.878653036787359544567377200955
-0.221029283361463221241895728253,0.878675643198624382360604298978
0.213361177484567271089400281549,0.879097144361371493008097774921
0.164865171334122792664293876281,0.879147193851965512401751095848
0.116362382642576282724752566592,0.879154463329585075338778313201
0.372536790544402108551559449416,0.880067516752125303333478096771
0.421027307871441606694298841073,0.880245988796987442169664332042
-0.075583765715658601014036880347,0.880266842449961553803857472492
0.304465771292961429206040651074,0.880876022179407461941733020861
-0.323020341382814685777499196393,0.881471464193593580894651329608
-0.410094931529658931738808248973,0.885391777792709393725715601694
0.068402037533000324425059347869,0.886307603890561668468278455560
-0.272149487873000000000000000000,0.888505511033000000000000000000
0.020145690888325680314062770902,0.891070704920742876589374960990
-0.028344941078384113901345542794,0.891214699308888052850302871962
0.258589410542086130711444043893,0.896583397745372117625935025227
-0.365601371153000000000000000000,0.904672332994000000000000000000
0.338911457382272695778942411911,0.915006021194223494774244630521
-0.148289059814608184241642801485,0.920645054415663538972820101204
0.140611664041160221309249070245,0.921146539660328784497991841180
-0.099825228211765820823242172111,0.922263433013536380609750292412
0.201419827176134464866876771672,0.926094657867151847139399462018
-0.212754993490332688065538776190,0.926455327689453973162664757198
-0.305514126414278816540063308639,0.926691974588657961943708496406
0.092651636386081116268833707206,0.928301808365189735427448745555
0.293035096631397397284345804729,0.930713396760188150458446634887
0.044395073940661705585069440531,0.933062722549046870994817861239
-0.004095558026048088630338873165,0.933206716937192047255745772212
-0.052586403574491333710550834559,0.933211289872462879656195691882
-0.259098455082376309493232283559,0.940725775845748601550165871667
0.246435036897444655815948607800,0.944122220560460544932424336382
-0.177280562056478106713893624229,0.959514771685980367562229148636
0.167958596687004033970839610465,0.961190358131828190156509510266
-0.129392013527340505978819940079,0.967137167921989667576549340062
0.119997675462000000000000000000,0.968347548328000000000000000000
-0.081184490317463056627589007466,0.972371365939245232905586901866
0.071740971090000000000000000000,0.973113367688000000000000000000
-0.028080309199696015414556154452,0.975350445225668251644126492630
0.020985929620010826587761841318,0.975528874777494102493705635620
