0.015017640496741409776321867990,-0.931862398219564428209087563571
-0.120795166166768869889444063974,-0.924122062593654420174384103434
0.173106532199274615471150863148,-0.915765901992178862299769821118
-0.254034479636661397185725777107,-0.896693672274616927736218861175
0.304572188327667316832728155904,-0.880811467249889630683332321337
-0.381861689087535438678910521943,-0.850161578259581111533372123347
0.082877188967020919620164802313,-0.813963658061615582830602053186
-0.052935617696489360045601129652,-0.806223322435705574795898593049
0.477319395329987985560875238474,-0.800445398354553805967661027341
-0.501553486427519071593846148797,-0.785517128389959351137427024691
0.214713629309360146193939630962,-0.776235128011159603562540407977
-0.210484892006302437463267257825,-0.767819839916579868445049926639
0.349984614352647153391125359403,-0.752582208451643869554558784514
0.588690201862283540688135819454,-0.722285509408974507005215140230
-0.338417788767855074832880087938,-0.720611311526405777648386904855
-0.610559885299036820316167133190,-0.704137547078150379798228297737
0.029970206431236951519171131535,-0.688640545874038609542820247675
-0.105842600232273328146594800430,-0.680900210248128601508116787538
0.454795477186259033165450266843,-0.665865922314058677082273477053
-0.480209317288261089973339099235,-0.651168858236687555873157423075
0.262174305951785760457799151942,-0.648686197999040998782675251862
-0.233438353499702264314173002425,-0.633737142095821632893406962208
0.688896160732992789579614203765,-0.627706251736391426043251443838
0.134538429441048444634491184865,-0.601631822253978051281703235886
-0.724203830933116122077788330347,-0.586619016060173420151056971917
-0.360813029902638029978171398370,-0.585980225731077640602596175205
0.561125463651486781625844715469,-0.581019206244865770923350330524
-0.589215716159778838695660083628,-0.569789276924878584533958696122
0.367481547039332275211354309098,-0.561552409997967294506478026720
0.006902552930311128811183217789,-0.554577446508915103780731219909
-0.128901810414542561248987041113,-0.546690359218874922792010833436
0.239845670528594959388046342021,-0.514498034252904347005506010743
-0.469819428774155778700492382763,-0.504600644419268669263397448252
-0.256276486817478326912985437057,-0.498933442854130930501200046433
0.665442979615540746949549602387,-0.493710059458798161383542294286
0.800483297984401120529640597296,-0.477304460894326779352781826400
-0.801884546046779153374518235692,-0.474946558628398069229689234176
0.477524161628034748426250000179,-0.473707261199566601870324834650
0.112209794017857643564738374945,-0.467443658507841399504533994767
-0.660817283825990681942708572869,-0.454124905401507100673702635580
0.349884878583386842193080360396,-0.426662126772401751664696800386
-0.015426082492879672258569592132,-0.420389282762778452003561978790
-0.365282885688996075635306421450,-0.417553861542321959162001319480
-0.151230445837733362318739851034,-0.412502195472738271014841592317
0.583715155309988824517085001955,-0.384964512498462400118682491449
0.222249002072649526369772393319,-0.379607751027338804163724784409
-0.492935882520720061758112862297,-0.370545951045240514651231056139
0.718755473678849198097175996864,-0.368558913933991018087922023562
0.861438350764390395760945775316,-0.355692320094115242134779426178
-0.754480287028865802497971191601,-0.347440215741527007307467145448
0.455516380375314242175221702395,-0.339466102035343955758500094175
0.094613125561912210546464426242,-0.332553375282275856662752768433
-0.260236844709251111041060835426,-0.331122614160929299675642865363
-0.620571759031457377581420829374,-0.323491575300177567150259040163
-0.882214478476964651802496725695,-0.300453967066131258341317902953
0.326817225082461019485092446649,-0.292599027407278245902607772620
-0.033022750948825105276843540834,-0.285498999537212909161780752456
-0.388399339435560358692926900985,-0.283499168168293804549834927367
0.573919442246565948301285515714,-0.249236497182333819183591249411
0.199181348571723703661784479573,-0.245544651662215298401635756644
0.768905635453180381622284220616,-0.242107371739242893866267275696
-0.160658627459562421100151507911,-0.238444623792149961660808736480
-0.516035215946297674516234868061,-0.236444792423230857048862911391
0.904040800515937144194020459909,-0.226502295229233788349762649634
-0.777572064193564087667193260809,-0.213381269464907061898779675213
0.431385448092272512600412499980,-0.205590303787217687641490760831
0.071545472060986387838476512496,-0.198490275917152350900663740667
-0.288294503970299736923459474988,-0.191390248047087014159836720503
-0.643671092457034990339542835138,-0.189390416678167909547890895414
-0.916194694931059908124037066158,-0.168731946270125410249326403720
0.303749571581535196777104532903,-0.158535928042154740140518744855
-0.056090404449750927984831454581,-0.151435900172089403399691724691
0.668133850892961634596151177102,-0.150728606777296661351704005219
-0.415930380481037052746767442064,-0.144335872302024066658864704526
0.535953671102084005715732553310,-0.118581580167157129380373749042
0.176113695070797880953796565826,-0.111481552297091792639546728878
-0.183726280960488243808139421657,-0.104381524427026455898719708714
-0.543566256991774368570075409141,-0.097281496556961119157892688550
0.927383018912956829363449424783,-0.092486728634425147597753499740
0.790920901490988027638275204744,-0.089827669814938472575476793859
-0.803952787888129193070336230557,-0.079930571951657753614766461005
0.408317794591346689892424586233,-0.071527204422094181879401733065
0.048477818560060565130488598750,-0.064427176552028845138574712901
-0.311362157471225559631447388734,-0.057327148681963508397747692737
-0.671202133502511684393383376218,-0.050227120811898171656920672573
-0.931419365959393436517470080564,-0.032419491936317632938151809435
0.280681918080609374069116619157,-0.024472828677031234378429717089
-0.079158057950676750692819368327,-0.017372800806965897637602696925
0.674901019654146073530114562336,-0.014863833284019886358052119376
-0.438998033981962875454755355811,-0.010272772936900560896775676761
0.518954680798812365831851195435,0.016649267489895604463715200984
0.153046041569872058245808652080,0.022581547068031713122542298888
-0.206793934461414066516127335404,0.029681574938097049863369319052
-0.566633910492700191278063322887,0.036781602808162386604196339216
0.930967709233445396656103827440,0.043499231099394245964842967142
0.795043334768148119969981953657,0.048939421871728941137474023307
-0.826540274669241613289352943091,0.054214262799199595884160060235
0.385250141090420867184436672487,0.062535894943029323882687294700
0.025410165059134742422500685003,0.069635922813094660623514314864
-0.334429810972151382339435302480,0.076735950683159997364341335028
-0.693959818452717237662694969093,0.084668390250827838853504969180
0.619831414031975711234191877562,0.109524147590501814042685049922
0.257614264579683551361128705411,0.109590270688092271383659310677
-0.102225711451602573400807282073,0.116690298558157608124486330841
-0.462065687482888698162743269557,0.123790326428222944865313351005
0.489818364100232360299756725818,0.149544618563089882143804306489
-0.919204550800702907752915983695,0.153805242202226085722694885681
0.129978388068946235537820738334,0.156644646433155218884631326653
-0.229861587962339889224115249150,0.163744674303220555625458346817
0.875898103611275034360181142666,0.167887211973915946365580136439
0.739973729145977757674059268883,0.173327402746250641538211192604
-0.597454929018352497467575806757,0.180956691661146813464547338389
-0.786624094584178532126258009697,0.184259369653854328692039794626
0.362182487589495044476448758741,0.196598994308152829644776322466
0.002342511558208919714512771257,0.203699022178218166385603342630
-0.357497464473077205047423216227,0.210799050048283503126430362794
0.234546611078757728653140791664,0.243653370053215777145748338443
0.624647331779957789222038911120,0.245472072126577116088447564890
-0.125293364952528396108795195819,0.250753397923281113886575358607
-0.485133340983814520870731183303,0.257853425793346450627402378771
0.466750710599306537591768812071,0.283607717928213387905893334255
-0.887023208973660163421585628661,0.285977071604836621961460961141
0.106910734568020412829832824588,0.290707745798278724646720354419
-0.252929241463265711932103162896,0.297807773668344061387547374583
0.881070500327941457324191825120,0.303822040335256706569698054359
0.745146125862644180638069951337,0.309262231107591401742329110524
-0.742701558912163636806066692672,0.313006571990690886946287851010
-0.606788503541096544094435986818,0.318722569639658597997819640062
0.339114834088569221768460844995,0.330662093673276335406865350232
-0.020725141942716902993475142489,0.337762121543341672147692370396
-0.383740414175034938545378070403,0.348717435228783361305160386369
0.571318933609118030707088865402,0.370616441548273946167010346044
0.211478957577831905945152877918,0.377716469418339282907837366208
-0.148361018453454218816783109566,0.384816497288404619648664386372
-0.835944188842808910877838221495,0.412056272712290687198255938584
0.443683057098380714883780898325,0.417670817293336893667982362021
0.083843081067094590121844910841,0.424770845163402230408809382185
-0.523017178428146104990442704236,0.425901841601368213818992756226
0.827457167032821421191109648559,0.428844605268184423508844951298
-0.275996894964191534640091076642,0.431870873033467567149636402349
0.691532792567524144504987774777,0.434284796040519118681476007463
-0.660645060934652547435582849312,0.444041025812554568060562007312
0.316047180587643399060472931248,0.464725193038399841168954377997
-0.043792795443642725701463056235,0.471825220908465177909781398161
-0.400882372400738298881958043731,0.485802763180833280793296200610
0.188411304076906083237164964172,0.511779568783462788669926393974
0.577215512888783612957500429768,0.513448509724774226960251092693
-0.171428671954380041524771023312,0.518879596653528125410753414138
-0.767055708710377642584509304678,0.529356778058454376803982962737
0.420615403597454892175792984579,0.551733916658460399430071389786
-0.574475831991993375684706643629,0.551826573972803899492725384684
0.060775427566168767413856997095,0.558833944528525736170898409950
0.745667307505294776415002217945,0.559082574634026311826729985050
-0.316276860224001990585283696811,0.592324772919355761237152221411
0.292979527086717576352485017502,0.598788292403523346931043405763
-0.066860448944568548409450969982,0.605888320273588683671870425927
-0.452341025964585569576221983124,0.611727495552268966467028829068
-0.681825410373346269686721705081,0.635379546814992616391357597820
0.521611175546209755516902218301,0.642865060061233823494139701524
0.165343650575980260529177050426,0.645842668148586294432015421740
-0.194496325455305864232758937058,0.652942696018651631172842441904
0.656337608837249341809160890462,0.661675148367693582589142642287
0.393975299035472439693594251224,0.689919435806296770995111717500
0.037707774065242944705869083349,0.692897043893649241932987437716
-0.559690604345938463578237044575,0.695280468394457683365661042204
-0.367735513787849261279547636204,0.718249505290791446910884849869
-0.096045012566170912188729545857,0.753980141563820322298589815618
0.281886041193238410130561863574,0.766997510028470556449355342080
0.512219700487635578446149252716,0.778589651807768294682089294301
-0.245954979019153134927022876451,0.778867428390087316846575070362
0.146531503184536793536192841084,0.780568813940501386457085293125
-0.475085092169202155281562697656,0.801802478132980163809517063005
0.018895626673799477712884874007,0.827623189685564333958057309102
0.393425626694691872650159417760,0.844869538336382725158553996229
-0.353304557400506028929037937903,0.862420401232276033745207283498
0.247325528240640773927882229755,0.898567271728775710254485367871
-0.206058465990876153703439854510,0.908918570244383540476016936064
0.113884937407907384020920903805,0.924999070147210719978265112267
-0.071550607795418123132916547926,0.929232785294252137811102598568
