-0.047889724039560168645535935703,-0.933357897153651852524215266233
0.089493636431752242076362311078,-0.930019979335029840783707401025
-0.177756835665976094132989082999,-0.917525420477106642449482391482
0.239758286691051405319660738127,-0.903308559580082678734159654373
0.363549308559584892302524084076,-0.860977520086047258804694428008
-0.405886558949708893533793069544,-0.841847071095241539610514519780
-0.275541404050509911143768083275,-0.830609874193649665005792320270
0.015555469833482364152202476848,-0.818942682368583303213143307050
0.146192621912434159884349796758,-0.811866772773192543689541757405
-0.114311641792933561335250670448,-0.803110205692038093138410432299
0.269983643780967646867213142708,-0.769535733279157123760076531039
0.438870314066914419030172836865,-0.754006121435444594022368814950
0.569084891847022868140858900203,-0.741345247316750835003644862433
-0.583185897420601799811464084946,-0.730304456303944164178923952628
-0.452786612651171770802967037050,-0.719713869373919172678607748836
-0.322441457751972788412942050781,-0.708476672472327298073885549326
0.070587158622161719090363515868,-0.700251287444741981380003105549
-0.192042895231207567265105643188,-0.697877196427757628776662981697
-0.059279953004254206397089631428,-0.684418810768196771305270230797
0.195659065597752035754493277624,-0.661869624044224739135871965720
0.329177635991098145332513346887,-0.652864377385226018844218444036
-0.679453307645981563776878315701,-0.641711455855828794062078706607
0.456877286072956641592293329417,-0.624422623415538779153758824246
0.587091863853065090702979392754,-0.611761749296845020135034871729
-0.528410181899499782607490168076,-0.611494713483531384380757679447
-0.397345733185678625684936785457,-0.601213055520199235353399825945
0.717306441633173539813665456091,-0.599100875178151261116310919211
-0.266421592012992110298534480385,-0.590248466690086394988611297457
-0.136118616713223061023124600724,-0.578532297182559647406257624427
-0.005998874175410795046058017928,-0.564931319210561764934807244773
0.124215703604697654064628045410,-0.552270445091868005916083292259
0.254853057807882534219793481804,-0.545198268150293634220013878718
-0.762365710441562260285014524600,-0.540510331408517091920459016211
-0.624677592124879546572904398832,-0.522901713035416014263912433425
0.382552707889741030479573464333,-0.516756514180606394529554258927
0.512767285669849479590259527670,-0.504095640061912635510830306410
-0.471724429967463168718365622654,-0.493584325782528001565348141704
0.642981863449957928700945591007,-0.491434765943218876492106353893
-0.341325867446697947570529215061,-0.482984849737958332268125574076
0.773428774806022793707033958169,-0.480856662764327237354730644507
-0.211022892146928898295119335400,-0.471268680230431584685771901045
-0.080903149609116632318052752603,-0.457667702258433702214321521391
0.049311428170991816792633310734,-0.445006828139739943195597568878
0.179656583070190799182658297003,-0.433769631238148068590875369368
-0.830436538862094394945138102968,-0.428748813141701141837289834703
-0.700221961081985945834452039631,-0.416087939023007382818565882185
0.308147158043268807790638756536,-0.409146346668677207371882265536
-0.567991840192842932683779853409,-0.404991325334412631448502895683
0.438361735823377256901324819873,-0.396485472549983448353158313019
0.568576313603485706012010883210,-0.383824598431289689334434360502
0.854609390705799678496032132101,-0.378259855468649972721691536146
-0.415704564228482490603958052258,-0.375356120000287098480073889836
0.698972227297551373153238848486,-0.373192585837659999297502512543
-0.285401588928713441328548172596,-0.363639950492760350897720216805
-0.155281846390901175351481589800,-0.350038972520762468426269837151
-0.025067268610792726240795526463,-0.337378098402068709407545884637
0.105281663451062412019214469666,-0.326114915823166542618788196188
-0.882171434074930040626212964482,-0.308583782383088851206964866687
0.233893572266359125604134090657,-0.301431264163150439998734404412
-0.751956856294821591515526901145,-0.295922908264395092188240914170
0.364108150046467574714820153994,-0.288770390044456680980010451895
-0.621534463150271603121534455657,-0.285620803316872828764007481491
0.494322727826576023825506217331,-0.276109515925762921961286499377
0.780187636400688210519276461690,-0.270624601924006706519227452344
-0.491776491739442426607590357991,-0.268917424758995365781911128712
0.624778797215977326467990761585,-0.264882217782724543043623619938
-0.361561913959333977496904294654,-0.256256550640301606763187176195
-0.231347336179225528386218231316,-0.243595676521607847744463223678
0.905265188155967325706705755289,-0.232261337636321321401061631803
-0.101132758399117079275532167979,-0.230934802402914088725739271164
0.029082584892859500347757139299,-0.218281803894496706660047545783
0.157821644755399189600501784924,-0.194992568921858707300571643289
-0.828106762958034411845188214381,-0.189448794504115051936636815619
0.288036222535507638711187848261,-0.182331694803164948281847690771
-0.697892185177925962734502151043,-0.176787920385421292917912863102
0.418250800315616087821873911598,-0.169670820684471189263123738254
-0.567848419250402362611222663723,-0.162478729517703633083748367589
0.548465378095724536932559974935,-0.157009946565777430244399785737
-0.437633841470293913500536600386,-0.149817855399009874065024415071
0.678679955875832986043246038273,-0.144349072447083671225675833219
0.809502850833095897405550359316,-0.143122632516929395413036970663
-0.307419263690185464389850537049,-0.137156981280316115046300462554
-0.177204685910077015279164473712,-0.124496107161622356027576510037
-0.046990108129968566168478410375,-0.111835233042928597008852557523
-0.928592518316080169411868962436,-0.105670832186902413535622108744
0.930024301696404347061827672614,-0.092223576713265910727312283054
0.081750300782098991039145946351,-0.088553456627565468643758723220
0.211964878562207440149832009688,-0.075892582508871709625034770702
-0.773964112688885898738134456776,-0.070349225144129560219750101978
0.342179456342315889260518073025,-0.063231708390177950606310818185
-0.643920346761362298614854969456,-0.056040034276411900385585606465
0.472394034122424338371204136362,-0.050570834271484191587586865668
-0.513705768981253849504168906119,-0.043379160157718141366861653948
0.602608611902532787481890199699,-0.037909960152790432568862913150
-0.383491191201145400393482842782,-0.030718286039024382348137701431
0.738570513529215867378879429561,-0.026944040563470845028727748515
-0.253276613421036951282796779445,-0.018057411920330623329413748914
-0.123062035640928502172110716108,-0.005396537801636864310689796396
-0.874449868046931656304815204832,0.013428737173083078181264604897
0.005678373271139055035513640618,0.017885238613726264054404037904
0.135892951051247504146199703955,0.030546112732420023073127990421
0.903348821286366926246838675540,0.035856682283954391986582999109
0.266107528831355953256885767293,0.043206986851113782091851942939
-0.721334352524167887045150200322,0.049426575186761920050351097731
0.396322106611464402367571830630,0.055867860969807541110575895456
-0.589777696492213785507801211852,0.063059535083573591331301107175
0.526536684391572851478257893967,0.068528735088501300129299847973
-0.459563118712105336397115148515,0.075720409202267350350025059693
0.656751262171681300588943957304,0.081189609207195059148023800490
-0.329348540931996887286429085178,0.088381283320961109368749012210
0.786814564235678704512273477718,0.095320124276034239872285967000
-0.199133963151888438175743021841,0.101042157439654868387472964727
-0.070393554239820880968118665114,0.124323933855017996752566799027
-0.924909877220542441636154217603,0.134134666911851247354206797927
0.059821023540287568142567398223,0.136984807973711755771290751545
0.190035601320396017253253461560,0.149645682092405514790014704062
-0.796061871103500683461946097695,0.156813408489903857087808264403
0.320250179100504466363939524897,0.162306556211099273808738656579
0.919788576196814568827529610816,0.165648317062108469797170671114
-0.665849624003173721511433517585,0.169498230324865324029463868299
0.450464756880612915474625588234,0.174967430329793032827462609097
-0.535635046223065272400747454248,0.182159104443559083048187820816
0.580680476738889518478727237505,0.187629120686033622706524966925
-0.405420468442956823290061390911,0.194819978562252842066911773333
-0.275205890662848374179375327573,0.207480852680946601085635725851
0.721252961658852711573757449624,0.208535892910353221960460672795
-0.146465481750780816971750970847,0.230762629096309729450729560151
-0.016250903970672367861064907510,0.243423503215003488469453512668
0.113963673809436081249621155827,0.256084377333697247488177465185
-0.897116723587890363327103404891,0.261977048816496316788559968180
0.244178251589544530360307219164,0.268745251452391006506901417703
-0.741941125504893370858964380433,0.275922933280124348121038408013
0.374392829369652979470993282501,0.281406125571084765525625370220
-0.611728779454888070817970519333,0.288607714487647136517459607800
0.887644959388724576000717241101,0.292466777462777255905162143906
0.504607407149761428581679345838,0.294066999689778524544349322737
-0.481492395953916759293693696643,0.301258673803544574765074534457
0.634820088698058938005851973765,0.306747361037271104250102963183
-0.351277818173808310183007633306,0.313919547922238333783798486974
0.763090151519332410101756732533,0.332494690679932679960583772203
-0.222537409261740752975383276580,0.337201324337601462148892321274
-0.092322831481632303864697213243,0.349862198456295221167616273791
0.037891746298476145245988850094,0.362523072574988980186340226309
0.168106324078584594356674913431,0.375183946693682739205064178826
-0.851743670475016317470376396412,0.384685728424410089520100679397
0.298320901858693043467360976768,0.387844820812376498223788131343
0.428535479638801492578047040105,0.400505694931070257242512083861
-0.722550350708447630415008101509,0.405306594739733873120724091520
-0.557564323464876695297326002376,0.407697369044836307463237295580
0.559960823130355766719223633052,0.414042395212042738478980980025
-0.427349745684768246186639939039,0.420358243163530066481961248097
0.688230885951629238815128391820,0.439789724854704314189461789045
-0.298609336772700688979015582313,0.443640019578893194847055082398
0.818580744030752572837000532769,0.450972233457595160752558370575
-0.168394758992592239868329518976,0.456300893697586953865779034915
-0.038180181212483790757643455639,0.468961767816280712884502987432
0.092034396567624658353042607698,0.481622641934974471903226939950
0.222248974347733107463728671035,0.494283516053668230921950892467
0.352463552127841556574414734372,0.506944390172361989940674844984
-0.641528520748473670932582973369,0.508027561780734750796180799965
0.482678129907950005685100797710,0.519605264291055748959398797501
-0.772257707727948079944004486174,0.526337433675131671797613666997
-0.513944528065104627180519708882,0.537800431654266217863047715099
-0.383142151049668341402071897776,0.543491595982658680609257244389
0.610948192729223477781005556477,0.545352593933717324669879606521
-0.244514290130933642405127752822,0.562951426551968138582287226613
0.741560756382050747918950959453,0.568108791911506658378381931699
-0.114252108723443726761275761372,0.575400463057572445582665748556
0.015941297057056913980177299493,0.588280580139928566420059317800
0.146177046836773171460096365303,0.600722211294959963620113653590
0.276391624616881620570782428640,0.613383085413653722638837606107
0.406606202396990069681468491977,0.626043959532347481657561558625
-0.691172668886448171635206842818,0.629071324757420854077914748102
-0.449872144865781483497557988906,0.656022666915103042214801150037
0.652020259523749753576434490523,0.669567002635475006869300115917
-0.319799607370184008097943906975,0.670067914843057584028412745305
-0.189552209923867277341015534221,0.682386577853406088215313694690
0.522360008276691467313149547771,0.687012725505308822665139932945
-0.575935442225809033480074643655,0.691010937215570789901281390264
-0.059359147771735392230933040756,0.695266817267036821813816478976
0.070876596092108475623748200982,0.707708080070007299598385621966
0.204899136388414410541452636654,0.722950225226664265205967116802
0.335113714168522859652138699991,0.735611099345358024224691069319
-0.265344183754647134570163915597,0.789024801313550545938560118377
-0.494246980341417756353752623607,0.793202566984665264526245735795
-0.135541374200737438885432371600,0.805376089697429424142059136248
0.470886023778057837250873279917,0.807289751240632637529776861233
-0.005015725482344283281270466173,0.814274911335374174170850665588
0.125220018381499584573410775565,0.826716174138344651955419808577
-0.378639639662421782442440323272,0.854448601803516070009468402222
0.353540405560083192719017097032,0.865135579827858006433319320400
0.229266809489810415619014892507,0.906028211433857700038616285348
-0.214603410102736793459864629817,0.909612976061769219743884822623
-0.082311965011761839515760915618,0.930736300053153869678025814687
0.049327696807046825668392108410,0.933283005403711526527884852199
