0.007674800583336294833689213386,-0.939342010539904072252827348331
-0.113385576896379366400671110345,-0.932505241959002863141214363370
0.128607305442974031121338821177,-0.930528063153304804426160327584
-0.240139429921281383167244004348,-0.908124360700354808871598628860
0.247397037610398552155400905064,-0.906210252154952325851639153881
0.362064798521990587223417511106,-0.866793745362974798492084188746
-0.372335392185425798789859419319,-0.862431835599352392844468741395
-0.034744278530150945198535668086,-0.825750733905984003642520672071
-0.155804656009866606432895991818,-0.818913965325082794530907687110
0.086188226329486791089113939704,-0.816936786519384735815853651324
0.470700067263621018979868253175,-0.812935275410758565905622570769
-0.490086250956225983414196313660,-0.801397393278025529824472059608
-0.273936711102848476635068744776,-0.791579482347189451022450021259
0.296690038519974187347060001799,-0.764673731874732438925747668573
-0.384495989478419234130695376962,-0.741789901456875692003943837529
0.178369827543994622820683500338,-0.738165543050149765204992815754
0.603820164289924750345450867059,-0.719599558453193824366780373615
-0.078853826899686119432159384729,-0.712805153457718204228833381997
-0.571657827611031828076850193024,-0.711684326881824475150659605440
0.042078677959951616855490223061,-0.703991206071118936402166361250
-0.198974953064998769979692874637,-0.696274229438260450774125236917
0.485610593102683278514366713922,-0.692602268220866143323261074616
0.367290382126703713987990212461,-0.666094079396283469602506221797
-0.676851181510525300177445501324,-0.651379147207637562952681183425
-0.309534231440569527475319506823,-0.646484648547946691755619053187
0.248970171150724149461613710999,-0.639585890571700795881751368977
0.691591149919846586640600885654,-0.635633334801733886721314601085
-0.428639099815686650312939218000,-0.623125063452378458042837360068
0.130293091474353750956834967430,-0.614085257964611326131573497580
0.568095717870841275849812659588,-0.603728421718413843687553221310
-0.108709607835619535784541522404,-0.595284990315959421423710692820
-0.546609192780788392316675888362,-0.593046549199919289479238477486
0.012222897024018200503108085386,-0.586471042929360153597043672073
0.449407252545096850336725576177,-0.576879865322242134591368299588
-0.224676666260579059571696610719,-0.559873159518582267168752952850
-0.755116557744430914789033144226,-0.558767661509991793246683419512
0.331087041569117285810349074716,-0.550371676497659460870613446768
0.768165726522233308724615607082,-0.540688004784435260564566956423
-0.345859602234361632761503359281,-0.530800493034524888149198764479
0.212766830593137721283972573255,-0.523863487673076787149858593948
0.649843811644477275074930216476,-0.514176171246765394207468713709
-0.464147961782114321606338548551,-0.504150532515574206899634922661
0.094446619617158156757596071794,-0.497355298848494113429103741129
0.531524122963489986685460939894,-0.487665651248200799580230377379
-0.582673829735401124907023091224,-0.477280844600102568061734704723
-0.023980443533568227674533052358,-0.470748640030736144865150897044
-0.145208816490495292074886248721,-0.468291407771416816545211677619
0.413203911987510422159084438432,-0.461157462423618125859475524559
-0.822069647091419353577666783038,-0.454558918799458242287368957726
-0.700890653978626305224814222982,-0.450315332070086528343895422534
-0.263563799520019936457635504562,-0.441751200625773019890237562004
0.294883701011530857632707936971,-0.434649273599035452138720671740
0.731960682062870411423665580192,-0.424961957172724059196330791500
-0.381924239188974365351850562143,-0.415034788434708166731694991717
0.176563490035551293106331435510,-0.408141084774452778417965818920
0.850409028524444666530576331002,-0.399032328932448141074755390850
0.613640993381883123034196303610,-0.398451437174159464569092455170
-0.500212598736727054196685751413,-0.388384827915757485482131149899
0.058243279059571728579954934050,-0.381632895949870104697210966100
0.495320782405903558507819802149,-0.371943248349576790848337602350
-0.618429422979952234514476883171,-0.361419315385741445764291867709
-0.060183784091154655852174190102,-0.355026237132112136133258122015
-0.181412157048081720252527386465,-0.352569004872792807813318902590
0.377000571429923993981443300688,-0.345435059524994117127582749530
-0.873772883671554984217676740211,-0.344881520365238580204421866636
-0.752593890558761935864824180155,-0.340637933635866866260948331444
-0.299700516595834409097362575735,-0.325919044353842126563755060772
0.258680360453944429455066799227,-0.318926870700411443406827896711
0.695759621508669106145193287843,-0.309238841007840670542925589877
-0.417988876143587097942197765005,-0.299269083834891445314191218954
0.140360149477964864928690297766,-0.292418681875828769686073043891
0.894723810749218435592126304499,-0.286167115174927088101802889677
0.577437652824296694856555165866,-0.282729034275535455837199680141
-0.536205700386812278259988896763,-0.272303571304875405596351936765
0.022039938501985300402313796305,-0.265910493051246095965318191071
0.459117441848317130330178664405,-0.256220845450952782116444827321
-0.670132659560087865154486840343,-0.251741916951521783681344776620
-0.096248421045767388442521392965,-0.239260532532295414715754349253
-0.217476794002694452842874589327,-0.236803300272976086395815129828
0.340797230872337565803802162944,-0.229712656626370108395689974502
-0.910917875151391857285585788517,-0.229457926554774981067326591062
-0.789184861286812724499181532271,-0.223953575482176051300163376048
0.777874734206787714271990070332,-0.220023009079111087643360905657
-0.335765153550447141687709778597,-0.210153339754025405146251288010
0.222477019896358001277425661483,-0.203204467801787434674935121682
0.659554523242689831205290529576,-0.193514820201494120826061757926
-0.453981977793672322005500910355,-0.183187827224009365428412005820
0.104156808920378436751049160022,-0.176696278977204760954180268862
0.541234312266710266678914028115,-0.167006631376911447105306905107
0.886039247767076817778634546938,-0.165225249942207693530068901710
-0.572270337341425010850336099625,-0.156537866705058684178848164002
-0.014131550627374252093786029248,-0.150046318458254079704616427044
0.422914101290730702152537526654,-0.140498442552328773384552052287
-0.691078758802863924295581816467,-0.132311530003007625531263075224
-0.132302138682499914864079832415,-0.122878901965958814042025103626
-0.253541430957307185433221792189,-0.121037595673159364978311357066
0.304593890314751137626161025193,-0.113990253727746099663797199467
-0.932885735433275282563607209524,-0.110211251486680552284615446901
-0.811368300094941965613325962218,-0.104487973739878378470283472803
0.741677543671035721235342972829,-0.104298682347526638516485011436
-0.371758255200532365751012923947,-0.094072083143143325260472074876
0.186273679338771573099784523732,-0.087482064903163425943042346647
0.623351182685103403027649391831,-0.077792417302870112094168982897
-0.490046614748285054595848113217,-0.067422122624192644010908233058
0.067985319791018884254949334462,-0.060832104384212744693478504829
0.937729923394528809523002179756,-0.055541931003831355728596408091
0.505030971709123838501272890370,-0.051284228478287438373414130078
-0.608334974296037743440683302487,-0.040772162105241962761344391240
-0.050185268264106778515344468705,-0.033664687891917479030887181412
0.386710760733144273974896388909,-0.024776039653704764652659277258
-0.727143395757476656885929019329,-0.016545825403190904113759302461
0.823516021055386669792798092374,-0.014829022576344301177222358169
-0.289297024201858295040675584136,-0.005176066458798242680868520051
-0.168043750453436780020577754557,-0.005173731849913069281752215966
0.268390549757164709448519887448,0.001732149170877909068095575562
-0.939310450075364338059300186274,0.010871692984982223950625207431
0.705194406518700119278215702258,0.011672900629185722026103472717
-0.407822892155145098341360126810,0.021693621456673396157031697886
0.150102190209412020603684698178,0.028382109689828590317659417380
0.588371624866720288707654103943,0.044150494247769741359507538390
-0.526111251702897787186195316079,0.048343581975624077406595539704
-0.825908624573263674345921052282,0.053794674858928916434210534492
0.031931602154286357833390895011,0.055549526182123855980250740798
0.468827631151537410323631752626,0.064438174420336570358478644951
0.937072339310616156332223704740,0.065709559639923740018032455717
-0.646758562002145666392855396871,0.074232117414917967894094420336
-0.085926880035043643671842390841,0.084040482224128265729385706243
0.350507420175557845797255251165,0.090946363244919244079233497771
0.822858436971474016602019617358,0.106422468067410794569406505639
-0.324389115865766128273026915869,0.110888146383972267907854781403
-0.203200588463217461088976399648,0.114850118892932364255575285696
0.232219060627805156952420061895,0.117596323763869925328797339589
-0.929810711483703677903741845747,0.132880836649165932959806006782
0.704536822434787466087437227242,0.132924391272940817772732336526
-0.442606633835589845860477134177,0.137850617435685076082019211193
0.114048472572679494182126258727,0.144763740256165190991388663007
-0.560894993383342534705312323447,0.164500577954635757331583053011
0.583732684166585692854037837509,0.165314996596191407759423627775
-0.003810009616650507323107027125,0.173254696298169600740523628452
-0.812844922844572585280454505425,0.174342159682561127369796796404
0.438266662152248346095753176902,0.181776930055397476430641754277
-0.679202777591150972392942883873,0.191064173268498623147200891953
0.919297073571073809001673372998,0.193004126750215675213320579526
-0.121083718044824324740241035932,0.204064332966973699266713207905
0.319946451176268781569376675441,0.208285118879980150151396607097
0.802495927573226393484009354790,0.225953738499738761138445581248
-0.360147689971092164222247925418,0.226748755644039388677581402897
-0.239018686483003637059160845687,0.232237008020040531196438825493
0.201658091628516092724541486171,0.234935079398930831400960448915
0.671038083387305124702232850508,0.249458467329640759507642625540
-0.478671270790202578450824337039,0.253616322035501797499522983955
-0.904439082540961345859096288472,0.253795707807691936766472641245
0.083487503573390429954247683004,0.262102495891226097063551772333
0.521869794957394907731736218775,0.269599891661830856687858930290
-0.597044137129592242933236476266,0.280239922200976726380210446257
-0.758543050080706931172942425504,0.282756471535272668869073076925
-0.034370978615939571550985602849,0.290593451933230506812686737778
0.404011312768064906226502932923,0.298090847703835266436993895735
0.885077620436032454343682512912,0.314737860977089469449132178611
-0.151644687044113388968119611656,0.321403088602034605338876317231
0.285691101792085341700126431462,0.324599036528417940157748748555
0.754581313090017275780247318891,0.337338414820521288341609780655
-0.390617148413803119455912509170,0.344111307177175182449589562093
-0.269502064754806649505960867836,0.349898613150970850254486921390
0.167402742244332652855291242192,0.351248997047368621407312590373
0.609175194178114339579931231774,0.353743362395280208436077928054
-0.864213119472909757122041984160,0.368182019468693553225920786217
-0.508838510035764788239759166842,0.371056920111554935257939537092
0.049232154189206990084997439024,0.378416413539663887069903913790
0.486624279633147762881370100487,0.386845870693572398103220185805
-0.627127989687060719118767415048,0.397701908458065628849254816567
-0.748239130574668067708888026402,0.403571146318483986299808932202
-0.068041554238966827332136569783,0.409226050208467985596093493244
0.368453691578022100111076297319,0.414013287185867663765811509223
0.837163005952823336639920477013,0.426122537297871996652296378018
-0.185898931949660087869977825962,0.437721574757404230511704097402
0.250133480602042535584699795858,0.440521476010450337486566362043
0.692718423880826490657945700157,0.441623309886160737270045083169
-0.424748791274588013985915735552,0.460461585886699021335002545279
-0.303653068373812251301862609077,0.466640768300139918487238738317
0.131845121054289846739864606588,0.467171436529401018736130203861
0.574840542019125339223235568839,0.470033895377467871737662272638
-0.542970152896549682769762393225,0.487407198821078774143352520278
0.014571412626116029322730597781,0.497981073198205117262319783314
0.450662234034431377001016775286,0.503143035010894062980799750380
-0.661259632547845613648770641430,0.514052187167589467734667799754
-0.782370773435452962238891252785,0.519921425028007825185221915389
-0.103285965084577231215110658398,0.526476597747141362177930387472
0.775300116743632551517618858278,0.530407432363511445580731680532
0.332688625676794418194915045364,0.531153463983670182704361818799
-0.221040101508729394646995441513,0.555395791289877050153465028387
0.214068843647429802994352592996,0.556287180610267058904070134805
0.657422234881931400082908726961,0.558818017854818580048348870000
-0.460306412464630820101342371156,0.576384025368731418663820158767
-0.339210689563855057417289244681,0.582563207782172315816056351805
0.539242082932433667225736691387,0.585943800522857339856603546990
0.096795135219255985577218584189,0.587096817279071157430259714258
-0.578527774086592488885189028828,0.603329638303111171472170133766
-0.021062242491437274960622671991,0.615592341828007402345870318416
0.418551094670603978379930262574,0.620135285393388028165359646205
-0.696817253737888419764197277034,0.629974626649621865063485413241
-0.138816378915589438392507455105,0.644511535370743090321404959332
0.295145171752264329482737864941,0.646448066925771210811745587474
-0.256986966970715101162801258273,0.671678951863038355983996282749
0.648371298921987889785926927013,0.679733016752428657371185905612
0.183891315444492129984808843617,0.694665655592248724162980130548
-0.481965401324482725188151392253,0.695687187949313731737595180800
0.062962823272147908810932618570,0.703534487594453253114839684282
0.530191146972490156928754891439,0.706858799420467417179440582602
-0.600186762946444393971998049925,0.722632800883693484545945155799
-0.364701294707520694063188468223,0.727494585022894069371033536204
-0.054894554438545351726908637609,0.732030012143389498030450288440
0.378090325318485400984241245938,0.734892727024818731719324418658
0.268419157975770475691653608418,0.786609179473205638052924485958
-0.262373212810931282073861193542,0.792812534142721633968741421992
0.149640474742687395156226591047,0.810980900987595076869950614479
0.471068971517683961250262977722,0.812721563269004625941109854544
-0.143191851285190222280386097669,0.815132020360613241397749746962
-0.465650966500553871570644031231,0.815837908365530222609661938158
0.028711982570343173982350366000,0.819849732989799605821810168214
0.362458157767397951514365715863,0.866629332065911145689839382956
-0.356683872680214341120841306606,0.869021823833549002933354695944
0.247808297946915936624773947239,0.906097877051809326821568448533
-0.232143706880552482201919042449,0.910237120032411863421446006689
0.129029614713832856089346929868,0.930469598566198765638594577054
-0.112962345354811422408443946576,0.932556606250303470850454331659
0.008101122541488634915470704822,0.939338430568403294590454130789
