0.049314939232224824924253809788,-0.941547973130089774948703554740
-0.065042067532581225134754039028,-0.940581506220443064212126653065
0.162908795308260090971289155298,-0.928657780534934030665760082591
-0.181677494705975695731645942814,-0.925169085548268012972890730271
0.274107482260640647485743391880,-0.902113982324623353799215851306
-0.292315968273405345077205518823,-0.896379341366834359377045031300
-0.005693241280786372899891380732,-0.841329106243603789171041754605
0.444449095361359406912164651630,-0.831510403163620999906244800677
-0.119382513934064516825118694073,-0.829309518607923250049924656178
0.107900614795248893147143964778,-0.828438913648448044888098282456
-0.452608481255397724375623553869,-0.827097401538984748621468825105
0.333395476666322981981251398649,-0.804366067141152548888655778045
0.219099301747629449661598201360,-0.801895115438137368021554051171
-0.228886391779059310467478461825,-0.796467138361179858740527178058
-0.343182566697752842787131659113,-0.793996186658164677873425451184
0.503737089767041741407672658398,-0.733762487980150194995684727416
-0.061401769170890691323592858725,-0.730780566314341476057670960842
0.052892434282237695322998774258,-0.728220046761962059110436482321
-0.508526647260603327759517517993,-0.727383410976087856185575151195
0.616260705933692886817913281986,-0.713559591946576515785409613072
-0.621379152069503851720304671306,-0.709106831380323603178480809917
0.392683471072005316476759405417,-0.706618151957681743978095704785
0.278387296153311784157106208129,-0.704147200254666563110993977911
0.164091121234618251837453010840,-0.701676248551651382243892251037
-0.170905647015885484965952626476,-0.697938186067598084748273482722
-0.285201821934579017285605823765,-0.695467234364582903881171755848
-0.399497996853272549605259021053,-0.692996282661567723014070028974
0.698093162316874264210847900160,-0.633727453771165357917518253723
-0.702635059890593504201995409131,-0.628687936538788982917779665315
-0.001363976756851749303298638234,-0.627592202382185170422558423321
0.567019426848078531001506049077,-0.610384897193571017289431557765
0.452701535113414529311639145152,-0.609316799489771388944861618945
-0.568428587225106782176476721675,-0.607785763057775191280970318062
0.338427060032915871850461992925,-0.605990307577904855290217645784
0.224130885114222339530808795637,-0.603519355874889674423115918910
0.109834710195528807211155598348,-0.601048404171874493556014192036
-0.112258366003876225924387552719,-0.599804513797262453877869678888
-0.226554540922569758244040750008,-0.597333562094247273010767952014
-0.340850715841263290563693947296,-0.594862610391232092143666225140
-0.455146890759956822883347144584,-0.592391658688216911276564498266
0.769661893008315330025948493811,-0.544577927745621039640719646760
-0.773560464699474728079677914838,-0.539025747428442417196493862124
0.648851883231259908394440667251,-0.530552759018159859421540198415
-0.649684495046196434658167459500,-0.527366868216240571020269173459
0.397818015735716393935528080884,-0.508304916735306450627109499623
0.518495093924120318599680912760,-0.506871080156191475235506116789
0.283418879519904674026316802405,-0.505771440691418869512555845650
0.169122704601211141706663605117,-0.503300488988403688645454118776
0.054826529682517609387010407828,-0.500829537285388507778352391902
-0.059470502941448202290650953924,-0.498398583415131600957577408363
-0.519048528428131349419098458417,-0.497551192319178136686995862779
-0.173766677860141734610304151212,-0.495927631712116420090475681489
-0.288062852778835266929957348501,-0.493456680009101239223373954615
-0.402359027697528799249610545789,-0.490985728306086058356272227742
-0.833112584617124383286875488819,-0.441438523794008092054639729524
0.720420613922700974209541260902,-0.441403232992615541144741591453
0.836599982971469353681506317543,-0.434752615527233965868466371518
0.600327550307301695992615530934,-0.427038941980780317367614757440
-0.682128380618123738987217360166,-0.417744263374178414315087539284
0.457003048844280540841478006462,-0.410494477210963245469097499263
0.342706873925587008521824809174,-0.408023525507948064601995772389
0.228410699006893476202171611885,-0.405552573804932883734894045515
0.114114524088199943882518414597,-0.403081622101917702867792318641
-0.000181650830493588437134782692,-0.400610670398902522000690591767
-0.114478683454459400114796144444,-0.398179716528645615179915608229
-0.228774858373152932434449341732,-0.395708764825630434312813881355
-0.343071033291846464754102539021,-0.393237813122615253445712154481
-0.457367208210539997073755736309,-0.390766861419600072578610427607
-0.571663383129233529393408933598,-0.388295909716584891711508700733
-0.770803263716851577053933766503,-0.345588277407730875768125872122
0.769983434868805041802313127703,-0.338382613778655998908246728093
0.538835505227461918234412624636,-0.330662339035552087601206139913
0.883855779111036983017474435212,-0.328243066444487269973771256121
0.656199116894370217267392938619,-0.327298833446299613698346010891
-0.884338697767454862883562447123,-0.326893051029769836620163020611
0.401994868331269343017332815942,-0.310275610324477259691435699128
0.287698693412575810697679618654,-0.307804658621462078824333972254
0.173402518493882278378026421365,-0.305333706918446897957232245380
0.059106343575188746058373224077,-0.302862755215431717090130518506
-0.055189831343504786261279973212,-0.300391803512416536223028791632
-0.642340839613832757831706592537,-0.298340056387561618733491271774
-0.169486863967470597938941334964,-0.297960849642159629402253808094
-0.283783038886164130258594532252,-0.295489897939144448535152081220
-0.398079213804857662578247729541,-0.293018946236129267668050354346
-0.512375388723551194897900926829,-0.290547994533114086800948627472
-0.786963006960205125634573475819,-0.232413262931601421878124400140
0.803213531413784262885257708344,-0.228995768651032987523851628637
0.575189566510220885079246737220,-0.222273670662826760655016077305
0.917085875656016204100419015853,-0.218856221316864258589376156664
0.689429213439349438350337519260,-0.217911988318676602313950911435
-0.917409480067144029891227001207,-0.217423489789212354172693594738
0.461282862736951677512840822713,-0.212527695141006454780875625869
0.346986687818258145193187625424,-0.210056743437991273913773898993
0.232690512899564612873534428136,-0.207585791734976093046672172119
0.118394337980871080553881230848,-0.205114840031960912179570445245
0.004098163062177548234228033559,-0.202643888328945731312468718371
-0.110198011856515984085425163729,-0.200172936625930550445366991497
-0.224495044480481795763086525482,-0.197741982755673643624592007959
-0.338791219399175328082739722770,-0.195271031052658462757490281085
-0.453087394317868860402392920059,-0.192800079349643281890388554211
-0.567383569236562392722046117347,-0.190329127646628101023286827337
-0.681679744155255925041699314635,-0.187858175943612920156185100460
-0.841306292979731736444117940072,-0.131832308134168992056461781165
0.755920207764353808703765134670,-0.124913768566707915889013889233
0.634862501935990931129812573327,-0.117452069947853383369646123917
0.520570857142634012008348829484,-0.114779779957535649870315552610
0.406274682223940479688695632195,-0.112308828254520469003213825733
0.291978507305246947369042434907,-0.109837876551505288136112098857
0.883476251364794581072427375450,-0.109585390998951200617778309547
0.177682332386553415049389237618,-0.107366924848490107269010371983
0.063386157467859882729736040330,-0.104895973145474926401908645109
-0.050910017450833649589917156959,-0.102425021442459745534806918235
-0.165206192369527181909570354247,-0.099954069739444564667705191361
-0.279503224993492993587231715999,-0.097523115869187657846930207823
-0.393799399912186525906884913288,-0.095052164166172476979828480949
-0.508095574830880058226538110576,-0.092581212463157296112726754075
-0.622391749749573590546191307865,-0.090110260760142115245625027201
-0.736635479425791092806657847673,-0.085856858236213477231340008060
-0.939929173113965118313513141139,-0.074011475232939899940340907390
0.808415042128909141304570596591,-0.023355836486534470474466950297
0.694150496341673265625320580097,-0.019704154764382578459086050658
-0.828520494948151563654635300049,-0.017635018573309723657577347703
0.579858851548316346503856836254,-0.017031864774064844959755479351
0.465562676629622814184203638966,-0.014560913071049664092653752474
0.351266501710929281864550441677,-0.012089961368034483225552025597
0.942764245770476915567935382220,-0.011837475815480395707218236287
0.236970326792235749544897244387,-0.009619009665019302358450298722
0.122674151873542217225244047098,-0.007148057962004121491348571848
0.008377976954848684905590849810,-0.004677106258988940624246844974
-0.105918197963844847414062347479,-0.002206154555973759757145118100
-0.220214372882538379733715544767,0.000264797147041421109956608774
-0.334511405506504191411376906519,0.002695751017298327930731592312
-0.448807580425197723731030103808,0.005166702720313508797833319186
-0.563103755343891256050683301096,0.007637654423328689664935046060
-0.688707563675351089101979618748,0.017934452070487763144218393713
-0.941977185619082614030581016544,0.040293060320738390973351677037
0.867703036534591475800078603362,0.074392078696936334436093122963
0.753438490747355600120828586868,0.078043760419088226451474022601
0.639146845953998680999364843025,0.080716050409405959950804593909
0.524850671035305148679711645737,0.083187002112421140817906320785
0.410554496116611616360058448448,0.085657953815436321685008047662
0.296258321197918084040405251157,0.088128905518451502552109774537
0.181962146279224551720752053869,0.090599857221466683419211501414
0.067665971360531019401098856581,0.093070808924481864286313228288
-0.046630203558162512918554340708,0.095541760627497045153414955162
-0.842093916792674209370556134415,0.095908290356355910738262890603
-0.160926378476856045238207537996,0.098012712330512226020516682036
-0.275222553395549577557860735285,0.100483664033527406887618408909
-0.389519586019515389235522097037,0.102914617903784313708393392448
-0.503815760938208921555175294325,0.105385569606799494575495119322
-0.618111935856902453874828491614,0.107856521309814675442596846196
-0.731284546088247110468644331614,0.124033093777039148204140469329
0.926991030940273810295586610133,0.172139993880407139346653196222
-0.926912983974314512895187280389,0.172559755089912117777825071279
0.812726485153037934616336593638,0.175791675602559031362034095861
0.698434840359681015494872849796,0.178463965592876764861364667168
0.584138665440987483175219652507,0.180934917295891945728466394045
0.469842490522293950855566455219,0.183405868998907126595568120921
0.355546315603600418535913257928,0.185876820701922307462669847796
0.241250140684906886216260060638,0.188347772404937488329771574674
0.126953965766213353896606863349,0.190818724107952669196873301548
0.012657790847519821576953666061,0.193289675810967850063975028422
-0.101638384071173710742699531228,0.195760627513983030931076755296
-0.215934558989867243062352728516,0.198231579216998211798178482170
-0.330230733908560775382005925805,0.200702530920013392665280209044
-0.444527766532526587059667287557,0.203133484790270299486055192582
-0.558823941451220119379320484845,0.205604436493285480353156919456
-0.814394880844179077630457416131,0.206824856345784182928897906123
-0.703585510139751978728545613330,0.234949659766467420394775484850
0.899342225318392051805713201874,0.283069091735959096314966803939
-0.899213948025819381155088562104,0.283476321079340389968460086799
0.414834310009282753031421264699,0.283624735885393112373229921056
0.300538135090589220711768067410,0.286095687588408293240331647932
0.785077679531156176126463185380,0.286720773458110988330347703577
0.186241960171895688392114870118,0.288566639291423474107433374809
0.670786034737799257004999441537,0.289393063448428721829678274885
0.071945785253202156072461672829,0.291037590994438654974535101683
0.556489859819105724685346244249,0.291864015151443902696780001761
-0.042350389665491376247191524459,0.293508542697453835841636828557
-0.156646564584184908566844721748,0.295979494400469016708738555431
-0.270942739502878440886497919036,0.298450446103484197575840282305
-0.385238914421571973206151116325,0.300921397806499378442942009179
-0.499535947045537784883812478077,0.303352351676756285263716992717
-0.613867189956132443610826698374,0.305804047257947082880566058760
-0.757893353062287436832970770453,0.335549756190200720237063860026
0.480456770511904552087514627514,0.377237843306015915091570364342
0.359826129496271555207276074179,0.383843602771879098150891721193
0.245529954577578022887622876891,0.386314554474894279017993448067
0.131233779658884490567969679598,0.388785506177909459885095174943
0.858470826492714687126597916442,0.389836361820923060646941113630
-0.858294204872438982622381601475,0.390225072002358688815373212343
0.016937604740190958248316482309,0.391256457880924640752196901817
0.619579568378175028131332408891,0.391606658465549092584346780747
0.744206280705478811447347899948,0.393488043543074952662322013268
-0.097358570178502574071336714979,0.393727409583939821619298628691
-0.211654745097196106390989912268,0.396198361286955002486400355565
-0.325950920015889638710643109556,0.398669312989970183353502082439
-0.440282162926484297437657329853,0.401121008571160980970351148483
-0.554579195550450109115318691606,0.403551962441417887791126132021
-0.668842532805897055563202621276,0.407241266252601237801474287004
-0.769243384616048601352613452299,0.461916582064759206379783639322
0.540726855739146443860918821481,0.474383291115289102850433323230
0.425448589998893354263369436996,0.477456710192501900869232164477
0.304817948983260357383130883659,0.484062469658365083928553521327
0.190521774064566825063477686371,0.486533421361380264795655248201
0.680446227792913515394200601742,0.488379438600530482831229125582
0.076225599145873292743824489078,0.489004373064395445662756975078
0.804917404254914317864663149306,0.490960436396272564713597180828
-0.038070575772820239575828708211,0.491475324767410626529858701952
-0.152366750691513771895481905499,0.493946276470425807396960428826
-0.266678405895236445663991448632,0.496426615904791794901704144773
-0.380994168520801962942149323085,0.498868923754631785880911221743
-0.533148710526052505329538656452,0.515848246952448314613920681506
-0.647412047781499451777422586123,0.519537550763631664624268836489
0.601593515153884931123787014333,0.571156071250270493097315668065
-0.747812899591650997566833417146,0.574212866575789633202578188807
0.485718675226135246036773630963,0.574602158001775088628095123366
0.370440409485882156439224246476,0.577675577078987886646893964612
0.249809768470249159558985693139,0.584281336544851069706215321462
0.135513593551555627239332495851,0.586752288247866250573317048336
0.737428767327274459712305425322,0.587489031433808806854035093734
0.021217418632862094919679298558,0.589223239950881431440418775212
-0.093078756285831437399973898731,0.591694191653896612307520502087
-0.447654440447525946036872990676,0.591745881876753962447194163375
-0.207374934106410873592878658689,0.594165141764123188927230573908
-0.333890499324182697968610308363,0.603036891727414491596527110712
-0.563832554192162879224445957127,0.625976458330082703222635226185
-0.672818043659940910813253445457,0.660500135550681117640396175607
0.546585334640873733299641823815,0.671374938136756478874977468201
0.660903421869127738643299713030,0.672421903196598772704555098049
0.430710494713124048212628440443,0.674821024888261074405756923501
0.315432228972870958615079055956,0.677894443965473872424555764746
0.080505413038544429415187305331,0.686971155134352236350978848470
0.201804280190412482961691883301,0.690540950580255650027948719594
-0.148086939700728539097370651920,0.691913056947593993837790647168
-0.263978631025395946919574664040,0.693491586875517877505698740891
-0.478338284113636319931780291351,0.701874093254388351055908708054
-0.032086617882412088777718114503,0.706865857329843971793809940167
-0.586814699084505310770689285457,0.737965485558247341823357788140
-0.368602832653182219970759848662,0.741219803570778018913997745566
0.524428331488856671669129866775,0.783530136030945618893467969923
0.275957429734904070178692081779,0.785185922790613713424329559207
0.410167063088271280838538400595,0.787282967875381038614115112136
0.054842028650630176138085094239,0.798376325145089983438969565233
-0.158217470430336688852105944527,0.805786203696507923554280829007
-0.272527589588765071122790008344,0.807494378555568501746447763453
-0.472261424770933562985508326354,0.816035351936535984114712904165
0.167087388472564218837154171785,0.820071956083317547283528268354
-0.050251516535740343081197296995,0.843377080289015290470046614807
-0.370024229765365746660773803967,0.867194683057620056252252848215
0.341616310360838377523852624535,0.878773489263476606069907882399
0.232746269098498526182314714541,0.913659522556180439929106591546
-0.231013664074987143799556269328,0.914093466113897207473258868963
0.118867618741667293344719183393,0.923727997925858007842664698129
-0.118670287995298742294774059470,0.935334988402433685569344268896
0.006149945460918634395564721834,0.942818501678709108651947501918
