0.045801640043191076249931092927,-0.949710555415285595406314300566
-0.113751313820633072808208431465,-0.943985470175222637308583556466
0.143682054348997263176917322840,-0.939895417882174853126194219242
-0.210676537550430679887182798659,-0.927180309229881276883884951151
0.302990122334592412484270033212,-0.901246312095381070552667937295
-0.031913513567766650867260233821,-0.889400793944231908032841183422
-0.366765292585692136183747114100,-0.877229245666369662318467526316
0.210511778539558252361075662287,-0.867710236618402334838831170575
0.394486666647597622207133971735,-0.865117448174017286599402519692
0.058945281222704688079360251803,-0.851640343801446302092892911520
-0.272132330908679543451815288563,-0.850368214530033632710685720197
-0.120311493841625388517566570678,-0.845489684863122544797683934754
-0.455439032809149837531421965271,-0.834639572924578285519584223578
0.490468668306853034920060644322,-0.814506632971748433921943238939
0.312191758218783106527242046323,-0.803306318596683502864851294561
0.141917124707423708283284596975,-0.797200053700473541620877951920
-0.028357508803935689959724768953,-0.791093788804263580375390525229
-0.198632142315295088202734134881,-0.784987523908053619129903098539
-0.368906775826654486445809420921,-0.778881259011843657884291412712
-0.547560893701653198343339483081,-0.777272392889820440219137311319
0.403688302531788316250105984846,-0.767177454675319718911585876958
0.572324986489821918422681351828,-0.759270728487067025672663295203
0.228817168303888399082189746322,-0.751099133401604411899928547584
0.058542534792529000839180380394,-0.744992868505394450654441120894
-0.111732098718830397403828985534,-0.738886603609184489408953694203
-0.457580516050112187793484272091,-0.736291586270052281085408109974
-0.282006732230189795646838351462,-0.732780338712974528163466267513
-0.625229801681494937320213439223,-0.716334854929714282479943906295
0.485640819240843597129474847540,-0.712765163467154603855300328256
0.315717211912681661983685464605,-0.704998213103177400452066604330
0.145442578388993691638085529741,-0.698891948206525320933491716559
-0.024832055122365706604923836187,-0.692785683310315359688004289868
-0.195106688633725104847933202114,-0.686679418414105398442516863177
-0.365381322148543967053796907355,-0.680573153517771376419855310757
-0.535435242215640356595166504485,-0.676162108946856038293811849678
0.598547041509538626633758824368,-0.664458723656385919213312800093
0.402617255520661767995716180747,-0.658897292820756643409503050739
0.232342621985458382436990679089,-0.652791027907656191212542312223
0.695573457909062586780409375591,-0.648248018855658234521786299543
0.062067988474098984193981313161,-0.646684763011446229967054885533
-0.108206645037260414049028052767,-0.640578498115236268721567458842
-0.278481278548619812292037418695,-0.634472233219026307476080032151
-0.448755912068719411098363046608,-0.628365968330494625134853313125
-0.644599026605319737201354943283,-0.619889297461677260113225096003
0.490404593065800657599258306973,-0.614509278715070662024696175018
0.319242665581923073235895828436,-0.606690107608787061491592907888
0.148968032070563674992886462508,-0.600583842712577100246105481197
-0.740214244218762139395792291636,-0.596766957826506222789155169899
-0.021306601440795723250122903420,-0.594477577816367139000618054507
-0.191581234952155121493132269348,-0.588371312920157177755130627816
-0.361855868463514519736141635276,-0.582265048023947216509643201126
-0.533146425731161176804187601735,-0.577817440822089233273205853345
0.758828729971093293496744185177,-0.572910889989284349950975858839
0.577304636654845890589977599855,-0.568408358402215885104335571550
0.406142709178387764034800977784,-0.560589187309917931770643503553
0.235868075667028365791791611856,-0.554482922413707970525156076862
0.065593442155668967548782245928,-0.548376657517498009279668650172
-0.104681191355690430694227120000,-0.542270392621288048034181223481
-0.274955824867049828937236485928,-0.536164127725078086788693796790
-0.445230458378409227180245851856,-0.530057862828868125543206370100
0.669093341067914669109728165787,-0.528476954469638294009852269235
-0.616521015643876391411081571380,-0.525610255623529504137187144636
-0.797911497394112735827809615681,-0.517093000942906904476138048752
0.493930046731548986286909524252,-0.516201173220555056681800102577
0.322768119263493056590696761203,-0.508382002114838840804206672527
0.152493485752133658347687395275,-0.502275737218628879558719245836
-0.017781147759225739895321970653,-0.496169472322418918313231819146
-0.188055781270585138138331336581,-0.490063207426208957067744392455
-0.358330414781944536381340702509,-0.483956942529998995822256965764
-0.529620972045487125954541870443,-0.479509335328288189665418975052
-0.705241774600777824253847393052,-0.479242319499269655973195044688
0.751982292589325346253946789054,-0.474778129278868798446539746755
0.580830090336415873944778532622,-0.470100252908267664416949336189
0.409668162859957747389601910551,-0.462281081815969711083257268192
0.239393529348598349146592544622,-0.456174816919759749837769841501
0.069118895837238950903583178695,-0.450068552023549788592282414810
-0.101155737674120447339426187233,-0.443962287127339827346794988120
0.843524376174889939807603332996,-0.438764807267651156701849878224
-0.271430371185479845582435553161,-0.437856022231129866101307561429
-0.441705004696839243825444919089,-0.431749757334919904855820134739
-0.612995561962306408056280638613,-0.427302150129581283449800909275
0.667730133932880564743683681970,-0.423999332609398534695999931853
-0.784045457292917568921994318061,-0.419703856982287786572506554771
0.497455500413118969641710457019,-0.417893067726606835994413867216
0.326293572945063039945497693970,-0.410073896620890620116820437166
0.156018939433703641702488328042,-0.403967631724680658871333010475
-0.014255694077655756540521037886,-0.397861366828470697625845583784
-0.184530327589015154783530403814,-0.391755101932260736380358157094
-0.354804961100374553026539769742,-0.385648837036050775134870730403
-0.526095518363917142599740937676,-0.381201229834339968978032739691
0.766564882645723872734174622343,-0.377493698372802567289566276653
-0.872777658436654027815117662713,-0.377236117347858902388793190769
-0.696370151877201115500384855194,-0.375094964934502192483364078249
0.584355544017985857299579465389,-0.371792147414319443729563100827
0.413193616541527730744402843317,-0.363972976322021490395871032830
0.242918983030168332501393477389,-0.357866711425811529150383606140
0.072644349518808934258384111461,-0.351760446529601567904896179449
0.884343691096114837412271726363,-0.349262315912203323487396990953
-0.097630283992550463984625254467,-0.345654181633391606659408752759
-0.267904917503909862227634620395,-0.339547916737181645413921326068
-0.438179551015269260470643986322,-0.333441651840971684168433899377
-0.609470108280736424701479705847,-0.328994044635633062762414673914
0.671389818130830623485956686251,-0.325695949048213190543923631051
-0.791633416500067115058569772630,-0.321625646840886948952380677089
0.500980954094688952996511389786,-0.319584962232658615307027631855
0.329819026626633023300298626737,-0.311765791126942399429434201805
0.159544393115273625057289260809,-0.305659526230732438183946775114
-0.010730240396085773185720105119,-0.299553261334522476938459348423
-0.181004873907445171428729471047,-0.293446996438312515692971921733
-0.351279507418804569671738836975,-0.287340731542102554447484495042
-0.907083171897448988760681132722,-0.285040433199080205759110976307
-0.522570064682347159244940004909,-0.282893124340391748290646504330
0.758226844820691954968362739374,-0.279476406251980923527585478433
-0.692980638639331334554591986076,-0.276781890334810112170593524628
0.587880997699555840654380398156,-0.273484041920371223042176865466
0.416719070223097714099203776084,-0.265664870828073269708484797469
0.246444436711738315856194410156,-0.259558605931863308462997370779
0.853702614209067990029471150174,-0.255784848912544891567700150308
0.076169803200378917613185044228,-0.253452341035653347217509944088
-0.094104830310980480629824321700,-0.247346076139443385972022517397
-0.264379463822339878872833687628,-0.241239811243233424726535090707
-0.434654097333699277115843053556,-0.235133546347023463481047664016
-0.605944654599166441346678773080,-0.230685939141684842075028438553
0.674781041296020531453285547503,-0.227383121621502093321227461131
-0.776282979437644555876303864284,-0.224459415507862863442866969348
0.504506407776258936351312322553,-0.221276856738710394619641396494
0.333344480308203006655099559504,-0.213457685632994178742047966443
0.163069846796843608412090193576,-0.207351420736784217496560539753
-0.007204786714515789830919172352,-0.201245155840574256251073113062
-0.177479420225875188073928538280,-0.195138890944364295005585686372
0.930696305261814319556934943884,-0.194556718387888192030363675897
-0.869819809221223667811932826461,-0.194000034300952318833006697708
-0.347754053737234586316937904208,-0.189032626048154333760098259681
-0.519044611000777175890139072143,-0.184585018846443527603260268968
0.761752298502261938323163672141,-0.181168300758032702840199243072
-0.689319244514061148790782989660,-0.178478753946605751108591607527
0.591406451381125824009181330923,-0.175175936426423002354790630105
0.420244523904667697454004708851,-0.167356765334125049021098562108
0.249969890393308299210995342923,-0.161250500437915087775611135417
0.079695256881948900967985976995,-0.155144235541705126530123708727
-0.090579376629410497275023388933,-0.149037970645495165284636282036
-0.260854010140769895518032754861,-0.142931705749285204039148855346
0.850171598827762091889048815904,-0.138052877074399996143849944368
-0.431128643652129293761042120789,-0.136825440853075242793661428655
-0.602419200917596457991877840313,-0.132377833647736621387642203191
0.678306494977590514808086480270,-0.129075016127553872633841225770
-0.942237487181821553379387047233,-0.127422317696481097670743100046
-0.772757525756074572521502931517,-0.126151310013914642755480733987
0.508031861457828919706113255320,-0.122968751244762173932255161133
0.336869933989772990009900492270,-0.115149580139045958054661731082
0.166595300478413591766891126342,-0.109043315242835996809174304392
-0.003679333032945806476118239585,-0.102937050346626035563686877701
-0.173953966544305204719127605513,-0.096830785450416074318199451010
0.945955028415691859565805186817,-0.095621766547971253236075752080
-0.344228600055664602962136971441,-0.090724520554206113072712024320
-0.515519157319207192535338139376,-0.086276913352495306915874033607
0.768622896460056851176386123097,-0.083037228649487531528436456905
-0.685793790832491165435982056893,-0.080170648452657530421205372166
0.594931905062695807363982263690,-0.076867830932474781667404394744
-0.857872141982575120581313379103,-0.076831795274962909165573056126
0.423769977586237680808805641618,-0.069048659840176828333712326747
0.253495344074878282565796275690,-0.062942394943966867088224900056
0.083220710563518884322786909762,-0.056836130047756905842737473366
-0.087053922947840513920222456166,-0.050729865151546944597250046675
-0.257328556459199912163231822094,-0.044623600255336983351762619985
0.864320293253965266866901313537,-0.040704395445233971998609231640
-0.427603189970559310406241188022,-0.038517335359127022106275193294
-0.598893747236026474637076907546,-0.034069728153788400700255967830
0.681831948659160498162887413037,-0.030766910633605651946454990409
-0.772602881203071598270792924325,-0.027780132758926105174778960262
-0.950372578521052198294357706122,-0.027700198669460874404827914770
0.511557315139398903060914188086,-0.024660645750813953244868925772
0.340395387671342973364701425037,-0.016841474645097737367275495721
0.170120754159983575121692059109,-0.010735209748887776121788069030
-0.000153879351375823121317306819,-0.004628944852677814876300642340
-0.170428512862735221364326672747,0.001477320043532146369186784351
0.950794194867846135187665097358,0.006190985661469910279405131891
-0.340703146374094619607336038675,0.007583584939742107614674211041
-0.511993703637637209180537206609,0.012031192141452913771512201754
0.768731992255625188961792562384,0.015334009665263477774494413927
-0.682268337150921182081181124127,0.018137457041290690266180863196
-0.865025780383802733428042915983,0.021279049625560852069374032486
0.598457358744265790718783196456,0.021440274561473439019981840617
0.427295431267807664163606574385,0.029259445653771392353673908614
0.257020797756448265920597208457,0.035365710549981353599161335305
0.086746164245088867677587842529,0.041471975446191314844648761995
-0.083528469266270530565421523399,0.047578240342401276090136188686
-0.253803102777629928808430889327,0.053684505238611237335623615377
0.857636620556269168861428795145,0.057439585260361108551594160633
-0.424077736288989327051440255255,0.059790770134821198581111042067
-0.595368293554456491282275974779,0.064238377340159819987130267531
0.685357402340730481517688345804,0.067541194860342568740931244953
-0.765642927065815889525285340707,0.070344642236369781232617694221
0.515082768820968886415715120853,0.073647459743134267442517309589
-0.947909892347001125245823568210,0.074261465704314196410354551456
0.343920841352912956719502357804,0.081466630848850483320110739640
0.173646207841553558476492991876,0.087572895745060444565598166331
0.003371574330194160233483625948,0.093679160641270405811085593021
-0.166903059181165238009525739980,0.099785425537480367056573019712
0.945065890980385245441994779474,0.104395359108089120098580368179
-0.337177692692524636252535105908,0.105891690433690328302060446402
-0.508468249956067225825736273842,0.110339297635401134458898437115
0.772257445937195172316593495151,0.113642115159211698461880649288
-0.678742883469351198726380191360,0.116445562535238910953567098557
-0.851314556736233185901378415646,0.118690110473682598175129495146
0.601982812425835774073584129223,0.119748380055421659707368075978
0.430820884949377647518407507151,0.127567551147719613041060143975
0.260546251438018249275398141224,0.133673816043929574286547570666
0.090271617926658851032388775296,0.139780080940139535532034997357
-0.080003015584700547210620590632,0.145886345836349496777522424047
-0.250277649096059945453629956560,0.151992610732559458023009850738
0.861162074237839152216229727911,0.155747690754309329238980395994
-0.420552282607419343696639322488,0.158098875628769419268497277428
-0.591842839872886507927475042012,0.162546482834108040674516502892
0.688882856022300464872489278571,0.165849300354290789428317480314
-0.762117473384245906170484407940,0.168652747730318001920003929583
-0.935163879316541391576127893519,0.171803516027738802788752383065
0.518608222502538869770516053620,0.171955565237082488129903544951
0.347446295034482940074303290571,0.179774736342798704007496975001
0.177171661523123541831293924643,0.185881001239008665252984401692
0.006897028011764143588284558715,0.191987266135218626498471828382
-0.163377605499595254654724807213,0.198093531031428587743959255073
-0.333652239010954652897734173141,0.204199795927638548989446681764
-0.504942796274497242470935341075,0.208647403129349355146284672476
-0.675217429787781215371579258593,0.214753668029187131640953333918
-0.847789103054663202546577482879,0.216998215967630818862515730507
0.605508266107405757428385061990,0.218056485549369880394754311340
0.434346338630947630873208439918,0.225875656641667833728446379337
0.264071705119588232630199073990,0.231981921537877794973933806027
0.921764259842366904986820999714,0.233235028619437441367808009900
0.093797071608228834387189708062,0.238088186434087756219421232718
0.812310163687640104234559671808,0.241131549094545387175857688291
-0.076477561903130563855819657866,0.244194451330297717464908659408
-0.246752195414489962098829023793,0.250300716226507678710396086099
-0.417026828925849360341838389721,0.256406981122717639955883512789
0.715854577982893484461308975608,0.260450773090980316723048482358
-0.588317386191316524572674109246,0.260854588328056261361902738253
0.522133676184108853125316986387,0.270263670731030708817289780312
0.350971748716052923429104223338,0.278082841836746924694883210362
0.180697115204693525186094857410,0.284189106732956885940370637053
0.010422481693334126943085491482,0.290295371629166847185858063744
-0.159852151818025271299923874446,0.296401636525376808431345490434
-0.902705866592822645434668365249,0.298613542420228122856141136034
-0.793073491959285626616998664022,0.298748532981875736021092825756
-0.330126785329384669542933240374,0.302507901421586769676832917125
-0.501417342592927259116134408308,0.306955508623297575833670907837
-0.695470296330675889240141328158,0.311017544048521846681517422690
0.609033719788975740783185994757,0.316364591043318101082140546701
0.437871792312517614228009372685,0.324183762135616054415832614698
0.892732786812787407001310115074,0.327224847234024340070731337847
0.267597158801158215985000006757,0.330290027031826015661320041388
0.097322525289798817741990640829,0.336396291928035976906807468079
0.794948857674986331608175919027,0.337958701706842830712489892577
-0.072952108221560580501018725099,0.342502556824245938152294894769
-0.243226741732919978744028091027,0.348608821720455899397782321460
-0.413501375244279376987037456955,0.354715086616665860643269748151
0.698493271970239711834925222827,0.357277925703277760259680686644
-0.584791932509746541217873176479,0.359162693822004482049288973614
0.525659129865678836480117919154,0.368571776224978929504676015673
0.354497202397622906783905156105,0.376390947330695145382269445724
0.184222568886263508540895790177,0.382497212226905106627756872414
0.013947935374904110297886424249,0.388603477123115067873244299105
-0.867021386066536542092870551971,0.390284313547339601662647542967
-0.768722505894597203908730187172,0.394058248683620948632855637003
-0.156326698136455287945122941679,0.394709742019325029118731725795
-0.326601331647814686188132307607,0.400816006915534990364219152486
-0.497891888911357275761333475541,0.405263614117245796521057143198
-0.671119310265987466531872851308,0.406327259750267059293280233937
0.612559173470545724137986927524,0.414672696537266321769526782062
0.854145518431059126873469384313,0.417712057094350018247827881406
0.441397245994087597582810305452,0.422491867629564275103218850059
0.271122612482728199339800939524,0.428598132525774236348706276749
0.100847978971368801096791573596,0.434704397421984197594193703440
0.757488298292271078934359011992,0.435995771829381679643326851994
-0.069426654539990597146217792332,0.440810662318194158839681130131
-0.239701288051349995389227158260,0.446916927214404120085168556821
-0.409975921562709393632236524188,0.453023192110614081330655983512
-0.581266478828176557863072243712,0.457470799315952702736675208976
0.529184583547248819834918851921,0.466879881718927150192062251034
0.358022656079192890138706088871,0.474699052824643366069655681085
-0.822056324549417348196326271027,0.477777488551061087471639139412
0.187748022567833491895696722943,0.480805317720853327315143107775
0.017473389056474093652687357016,0.486911582617063288560630534466
-0.724334430092182987572729872740,0.489062158380493228561535966999
0.675465234151514871758344265445,0.490301658972780238457123035718
-0.152801244454885304590322008912,0.493017847513273249806117961156
-0.323075877966244702833331374840,0.499124112409483211051605387847
-0.494366435229787292406532542775,0.503571719611194017208443378560
0.446668678935591881396011716335,0.520758579824419235056623597406
0.274648066164298182694601872291,0.526906238019722457036092512111
0.790229252825772195536974052550,0.528758600191314242924428506928
0.104373432652938784451592506363,0.533012502915932418281579938801
-0.638644411215785701661578194436,0.537375025139078611677668796914
-0.065901200858420613791416859565,0.539118767812142379527067365492
-0.236175834369780012034426225493,0.545225032708352340772554792182
-0.408294925896677801275382732150,0.551410288511255121022863835666
0.539676322817803056796049403573,0.564690084850036420622194798878
0.361548109760762873493507021638,0.573007158318591586757041916446
0.191273476249403475250497655710,0.579113423214801548002529343137
0.636731720253460178773028845384,0.580726364283770064341785190260
-0.750390128616599239499029388963,0.583920015218368711069602262435
0.020998842738044077007488289782,0.585219688111011509248016769827
-0.149275790773315321235521076146,0.591325953007221470493504196518
-0.319550424284674719478530442073,0.597432217903431431738991623208
-0.497896084952499870938706767599,0.601879674540106574151583499769
0.731367807431602014372800689698,0.607576381659579826475070386621
0.448199689407262965892017382116,0.619573414064962247725924386875
-0.593558495290212608298345122911,0.624805984270397205473045811759
0.278173519845868166049402805058,0.625214343513670677723478747472
0.107898886334508767806393439130,0.631320608409880638968966174162
-0.062375747176850630436615926798,0.637426873306090600214453600853
-0.232650380688210028679625292726,0.643533138202300561459941027544
-0.402922639536566281396502525412,0.649643195230641154294448745438
-0.686042540248067316439600222414,0.658326334174651737541437149349
0.536462219839751798838058590601,0.663008862158934183969899732131
0.364825099492368258447913165536,0.671780599260041338692361217901
0.194798929930973458605298588477,0.677421528708749768689915578498
0.664484462831924149221981151953,0.680077642578808239886097496716
0.024524296419614060362289222549,0.683527793604959729935403005188
-0.145750337091745337880720143379,0.689634058501169691180890431879
-0.316313113340079442839326397191,0.696287620422621039356401793813
-0.487599473776574292072941792251,0.699710611506701921941461782000
0.454548627553906156024463646900,0.719693964167875370746128265923
0.281450509577473551003808948955,0.723987784455120429658798048927
-0.614205992773856014305825615057,0.725807980203753945085059145002
0.115061462676299277271572777131,0.735030978847419816204585071998
-0.058850293495280647081814994031,0.735734978800038820901839836214
-0.229124927006640045324824359959,0.741841243696248782147327262905
0.590607594237761768338457861676,0.745137973080515906729320834160
-0.401978091061707701391932764313,0.750527201233578588805893979817
0.368350553173938241802714098303,0.770088704753989559379747453262
0.028528645094874766693248230462,0.781817557167383083175807366991
-0.535868103354400346336240342377,0.785425556692175636201878851786
-0.312169615162747411900515944365,0.794571616334084640261624897126
0.510457875029743016932953536902,0.802172479656324009308357847816
0.166269887783909903115804867202,0.819022702412711541585350307916
-0.108776333711385392968255936603,0.820495246247764817680400173100
0.264623096955819650695216369092,0.820909147497180205940289281393
-0.451848774763478849199405504261,0.836588676735825331039695070091
-0.205687762250532700818371952083,0.837379779050655526580185293226
0.424844224103598762174454848613,0.850620546744356186764204559099
0.079737070202485392537480320534,0.865809280732674808556572602908
-0.021754744030590594525986712043,0.866366319473682869347664642035
-0.362992865187138204481989096373,0.878796966950323745251381385713
0.334683048406273701041005873681,0.889963587124405978457969981688
-0.270251486649360352642045223213,0.911598630572505247604309788768
0.240939431506333400676069151914,0.919780473614906206252090331021
-0.174617341162521383023107874795,0.934642559197465558828432650222
0.144616803357173221555998026537,0.939752046810545120854884230394
-0.077114094863285210320081529329,0.947682091036478617256979837947
0.029453681077020031318245378029,0.950358043038974594728429877953
