0.012321315282271693356010641377,-0.951000653477685807813181559893
-0.085445234163850762315642035449,-0.947234485058454410599558238059
-0.188626517005366370603014584935,-0.932187800181752439208292894680
0.193931751689375352777846132249,-0.931098562673125944037171253237
0.099309358426938593079305679467,-0.906217145742977342296510341470
-0.295564860589105215959748051380,-0.903983277900322426834883943194
0.309960535897226849185336704588,-0.899154338204278769379965226037
-0.391907151086872803893768651396,-0.866581122949399143193751816175
-0.027322523787767770637735685093,-0.861553192703486434837863676060
-0.125089073233890226309388361919,-0.857787024284255037624240354227
0.231468401727479373088118377327,-0.840746572550716197440591701312
-0.221290757108134016317687306108,-0.839962371835380044238569926265
0.378830580694715656202121771567,-0.829660459734624998934757454150
0.476451654408054544762287957106,-0.823132965405406625068017831222
-0.478861950701583815983489062761,-0.821733101375102506349888281660
0.136846008465042613389577924545,-0.815865155620567595699930789545
-0.313692979333233655003597474452,-0.807801657554966038754484248340
0.041867865533185731475493011677,-0.792378253305045278430274604009
0.300351321425075944141203974715,-0.771235395937896524215967819985
0.558495445844186724998020978978,-0.769829133442333211449798692625
-0.052374994137113625502279737980,-0.766095833014528159827928011577
-0.150171716926743555952579122137,-0.763217773464866138081620762492
-0.400647778947944667093317885817,-0.762953635980669401910620713825
0.205728928162639184442663521933,-0.746353979007747922475306908217
-0.532504277150813718711103764488,-0.739910225427862831112418923195
-0.244794110189180315651119574919,-0.738336356534717536340959850726
0.466762416351630714803085529437,-0.725774859009230907709890145654
0.111106534900202424744123069151,-0.721472562077599320734645996450
-0.627126670413250478409644217269,-0.715028808497714229371758011428
0.371387072569562645168347763217,-0.703956838622049751442573232064
0.642245770483099616306934483537,-0.701480169371765142536727258059
0.016484141637765665045582616369,-0.696591145147450718993985084683
-0.331267406336705928785277984692,-0.692566811326736116863167466680
0.277604257231828594520388963388,-0.676077352211938142844472065428
0.548806207787762895038818551310,-0.672471027046157494091671007057
-0.078138251624671094652957836413,-0.671709728217302117253324172915
-0.175934974414301025103257220570,-0.668831668667640095507016923831
-0.426095699662888895308350839441,-0.668482023596583168374321385467
0.182981863969391834821848510607,-0.651195935281789541103811153661
-0.520506543949889312066487649854,-0.642809573456814978849960896263
0.441110915178561921703312665922,-0.631358320718891257613826200786
-0.712174115434914216798792010865,-0.630366629057858726237671223796
0.088359470706955075123308057825,-0.626314518351640939363150241893
0.717274297391784092149597832074,-0.624550055221207367656195496885
-0.262408270561826638237415630343,-0.623062123459658676029224539786
-0.615128937212326071765028102636,-0.617928156526666377109299984495
0.346463393006707885068251317738,-0.606572664344860702010529138534
0.620648643331405868987064589586,-0.606054563196290963942356354059
-0.006262922555481684575232394957,-0.601433101421492337622489330126
-0.357030663824263397935956083125,-0.598180706529510074288563628019
0.251840999744271125369710864956,-0.581691247414712100269868226767
0.523154706614694101939045687795,-0.578054488755817843995607062189
-0.100885315817918444273772847739,-0.576551684491343735881828418358
-0.451653057086700157634496535907,-0.573299289599361472547902716251
0.157218606481834365671170412174,-0.556809830484563498529207314999
-0.195507709080355203972313300521,-0.551670267561195134141167506591
-0.546275450349136917333036988688,-0.548417872669212870807241804484
0.782319472099225813728903903826,-0.540860704155570193800456101937
0.418128993298642518773381727317,-0.536256725138856929874712343441
-0.737942137624734844850116681642,-0.535981824944124217254315749950
0.684861313812568447914946191785,-0.532235763660937133185929244799
0.062596213219397605972629959393,-0.531928413554414896788546403232
-0.290130102342791963670853753303,-0.526788850631046532400506594824
-0.640897843611573677031577441470,-0.523536455739064269066580892716
0.320700135519150415917573219306,-0.512186559547634659435925299873
-0.032026180043039153725910493389,-0.507046996624266295047885491465
0.590349085386613402390766655804,-0.506939105914839171181988134470
-0.384752495605228723369394206085,-0.501907433700897930659845683056
0.226077742256713656219032766524,-0.487305142617486057695264388106
-0.819728994666350114712790266931,-0.482284597544401708742573603849
-0.126648573305475913424450946171,-0.482165579694117693307224579697
0.496842303613535721499012880422,-0.478147371378602029755858317447
-0.479374888867665483067934658866,-0.477026016770749328919184771289
0.131455348994276896520492313742,-0.462423725687337455954603476338
-0.221270966567912673122991398953,-0.457284162763969091566563667930
0.741059810530378483127771692150,-0.452146993025963482938771285206
-0.573997282130102242766475111648,-0.452144599840600727178523859522
0.838821436745074045384773217002,-0.448255122650260767343891405446
0.389559271294029706465435573655,-0.442681871680557218601982372980
0.036832955731840136821951860960,-0.437542308757188854213942564571
-0.315893359830349432821531851735,-0.432402745833820489825902756163
-0.669274723702225306674379718450,-0.429902942019435536313870407176
0.646547582104423437603592156169,-0.426850335279865520934830174876
0.294936878031592946766895120874,-0.417800454750408616861321461212
-0.057789437530596622876588591822,-0.412660891827040252473281652804
-0.410515753092786192520072304517,-0.407521328903671888085241844395
-0.763181007935333074894295273496,-0.402442206474044580039995231305
0.553040800331345756711838380787,-0.398058600743628379508700357853
-0.864939247223247167723705275195,-0.395517580314899653871761174104
0.200314484769156187068354668092,-0.392919037820260015120660549445
-0.152411830793033382575129044603,-0.387779474896891650732620741036
-0.505138146355222952218612757299,-0.382639911973523286344580932628
0.458418407068908997013297928005,-0.373177183813479777768039446086
0.105692091506719427369814215310,-0.368037620890111413379999637677
-0.247034224055470142273669497385,-0.362898057966743048991959829269
-0.599760539617659711917153210080,-0.357758495043374684603920020861
0.715406717879302728151454510519,-0.357345647412788080100887247983
0.813182779583581674881813912674,-0.353835095780329307086490662260
0.363796013806472237314757475223,-0.348295766883331176027378534318
0.011069698244282667671273762528,-0.343156203959962811639338725910
-0.341656617317906901972209950167,-0.338016641036594447251298917502
-0.694382932880096471615693662862,-0.332877078113226082863259109093
0.621899936106225047259700735136,-0.328553912876550938674757430960
0.269173620544035477616217022441,-0.323414349953182574286717622551
-0.083552695018154092027266690254,-0.318274787029814209898677814142
-0.808391260492230127905210281760,-0.315675189244542525169182801560
-0.436279010580343661670750402949,-0.313135224106445845510638005734
0.899746623986180771064838940283,-0.308237035981630239083117735481
0.527277542843788287561160282355,-0.303672495946402336934096519192
0.174551227281598717917676569659,-0.298532933023033972546056710784
-0.904081264722397693776136849473,-0.295281432709915651417551489288
-0.178175088280590851725807143036,-0.293393370099665608158016902375
-0.530901403842780421369290855731,-0.288253807176297243769977093967
0.432655149581351527862619829573,-0.278791079016253735193435607425
0.079928834019161958219136116878,-0.273651516092885370805395799016
-0.272797481543027611424347595818,-0.268511953169517006417355990608
-0.625523797105217181067831308513,-0.263372390246148642029316182199
0.701099795250097345802648419878,-0.256794712630498211017236847236
0.816975623635925883406438157929,-0.256069577579085571603623859966
0.338032756318914768164079376791,-0.253909662086105133452774695657
-0.014693559243274801479404335904,-0.248770099162736769064734887249
-0.739593185436993524626608671126,-0.246110060883724027992446679349
-0.367419874805464371122888048599,-0.243630536239368404676695078840
0.596136678618667578109022636704,-0.234167808079324896100153592299
0.243410363056478008465538924009,-0.229028245155956531712113783890
-0.109315952505711561177944788686,-0.223888682232588167324073975481
-0.838574751369732138266835395133,-0.222608336425663579875341327473
-0.462042268067901130821428501381,-0.218749119309219802936034167073
0.926652650054410154484864913281,-0.214170315105547374364937952734
0.501514285356230818410482183922,-0.209286391149176294359492680531
0.148787969794041248766998471227,-0.204146828225807929971452872123
-0.203938345768148320876485241468,-0.199007265302439565583413063714
-0.556664661330337890519968954163,-0.193867702379071201195373255306
-0.931586142225317298197440375870,-0.191546492242757956097728110146
0.406891892093794058711941731141,-0.184404974219027692618831768764
0.054165576531604489068458018445,-0.179265411295659328230791960355
-0.668756797284541113541574677800,-0.175603432689061866591098539447
0.762293894457152578618340873856,-0.174937643612352009438029628207
-0.298560739030585080575025694250,-0.174125848372290963842752151947
0.664995814393546868656884991055,-0.164663120212247455266210665406
0.312269498831357299013401278359,-0.159523557288879090878170856996
-0.040456816730832270630082434336,-0.154383994365510726490131048588
-0.763513950059805688936266149015,-0.151240259392295044504697577510
-0.393183132293021840273566147032,-0.149244431442142362102091240179
0.855928478706548773195902861544,-0.146564296125567002982422647846
0.570373421131110108958344538273,-0.139781703282098853525549753637
0.217647105568920539314860825577,-0.134642140358730489137509945229
-0.135079209993269030328622887118,-0.129502577435362124749470136820
-0.858242600619163626541559561334,-0.126766498374295010514908595134
-0.487805525555458599972106599814,-0.124363014511993760361430328412
0.475751027868673349259804085491,-0.114900286351950251784888841870
0.123024712306483779616320372795,-0.109760723428581887396849033461
0.945116764243815149438472821426,-0.106340771440550097989138536472
-0.229701603255705790027163339900,-0.104621160505213523008809225053
-0.582427918817895359670647052595,-0.099481597581845158620769416645
0.381128634606236589561263632710,-0.090018869421801650044227930102
-0.947184234718870125042315782191,-0.086000483866655817443468621158
0.028402319044047019917779920013,-0.084879306498433285656188121694
-0.324323996518142549725703792682,-0.079739743575064921268148313286
-0.677923210159733846779341381847,-0.078194710850796152415414268999
0.768217977967403082975560292311,-0.077278094925463736333338076247
0.640056293208601395696362464529,-0.070048300010747048623969533014
0.286506241343799829862723179928,-0.065137452491653048303567018335
-0.066220074218389739780760532769,-0.059997889568284683915527209927
-0.418946389780579309424244245464,-0.054858326644916319527487401518
-0.772680362934998422174032853063,-0.053831537554029330329013307061
0.861852562216799277553122280000,-0.048904747438678729877731095886
0.544610163643552639807666439841,-0.045395598484872810950945914976
0.191883848081363070164182727146,-0.040256035561504446562906106567
-0.160842467480826499479300985551,-0.035116472638136082174866298159
-0.513568783043016069122784698246,-0.029976909714767717786826489751
-0.867409013494356359779326265381,-0.029357776536029296339224324686
0.449987770381115880109125987059,-0.020514181554724209210285003209
0.097261454818926310465642274364,-0.015374618631355844822245194800
-0.255464860743263259177841438332,-0.010235055707987480434205386392
0.951040847754065653795692239881,-0.008681222753661824884446984512
-0.608191176305452828821325151028,-0.005095492784619116046165577984
0.708310596676490113336122024795,0.000075559687801263949659316925
0.355365377118679120410585534277,0.004367235375424392530375908559
0.002639061556489550767101821582,0.009506798298792756918415716967
-0.350087254005700018876381891114,0.014646361222161121306455525376
-0.703686467647291315930019480280,0.016191393946429890159189569662
-0.950831476775029458013266103428,0.021761445243530998345866231491
0.613469299418431930355528794191,0.024109089382204629882997011918
0.260742983856242360712045081495,0.029248652305572994271036820326
-0.091983331705947208931438631200,0.034388215228941358659076628735
-0.444709647268136778574922343896,0.039527778152309723047116437143
-0.798443620422555891324710951496,0.040554567243196712245590531600
0.518846906155995170656988341409,0.048990506312353231623657923685
0.873130297148716898317091618493,0.050500094564682092124801581550
0.166120590593805601013504628714,0.054130069235721596011697732094
-0.186605724968383968629979083982,0.059269632159089960399737540502
-0.539332040530573538273462796678,0.064409195082458324787777348910
0.777169732451369403883984379145,0.069580247554878704783602243819
0.424224512893558410958447888627,0.073871923242501833364318835453
0.071498197331368841314964175932,0.079011486165870197752358643861
-0.281228118230820728328519536763,0.084151049089238562140398452270
-0.637503837299801747542813385938,0.088249298824733670728228579808
-0.882061180221692623777730427264,0.091354034842778064321156076239
0.682547339188932644185443926363,0.094461664485027306524263155586
0.329602119631121651259907435845,0.098753340172650435104979747220
-0.023124195931067918383576276850,0.103892903096018799493019555628
-0.375850511493257488027059989545,0.109032466019387163881059364037
0.943698296577570089984523961721,0.118269111613570285216160276448
0.587706041930874461204850695758,0.118495194179430672457600850579
-0.735853194507774919423420733760,0.120046125497504259874103133760
0.234979726368684891561366983063,0.123634757102799036845640658987
-0.117746589193504678082116729632,0.128774320026167401233680467396
-0.470472904755694247725600442327,0.133913882949535765621720275804
0.493083648668437701506310242976,0.143376611109579274198261762346
0.847367039661159429166413520061,0.144886199361908134699405420211
0.140357333106248131862826530281,0.148516174032947638586301570755
-0.212368982455941437780657182414,0.153655736956316002974341379163
-0.565095298018131007424140895109,0.158795299879684367362381187571
0.751406474963811934733306280712,0.163966352352104747358206082480
0.398461255406000941807769790195,0.168258028039727875938922674114
0.045734939843811372164286077499,0.173397590963096240326962482522
-0.935109544225256037558608160617,0.173563239264841172026087764311
-0.837390102769059668658207952690,0.178399867910099503901247001237
-0.306991375718378197479197635196,0.178537153886464604715002290931
-0.659757748794882568571404488306,0.183523879056463018726565089989
0.656784081701375175034765827930,0.188847769282253349098866994248
0.303838862143564182109229337413,0.193139444969876477679583585881
-0.048887453418625387534254375282,0.198279007893244842067623394290
-0.401613768980814957177738087978,0.203418570816613206455663202698
0.561942784443316992054172597326,0.212881298976656715032204689240
0.926554517949390772944057042344,0.214594461701234669782775091439
0.209216468881127422410688884631,0.218020861900025079420244497648
-0.749754932161483869019108625004,0.221903420497723949742140005414
-0.143509846681062147232794828064,0.223160424823393443808284306057
-0.496236162243251716876278540766,0.228299987746761808196324114472
0.467320391180880232355632144544,0.237762715906805316772865601007
0.832513800364254645455853874617,0.241591232827348838468197916209
0.114594075618690662712148431849,0.242902278830173681160905409416
-0.238132239943498906931335280846,0.248041841753542045548945217824
-0.591010945639921595022486999016,0.253139676625234511604563784395
0.729310037409956773287238102060,0.259430714054260619631084690788
0.372697997918443472657091691762,0.262644132836953918513526512775
0.019971682356253903013607979067,0.267783695760322282901566321183
-0.912330551260754669758022761116,0.268713644911303447908019405762
-0.332754633205935666629875733628,0.272923258683690647289606129592
0.631020824213817705884087729498,0.283233874079479391673470832909
0.278075604656006712958551238981,0.287525549767102520254187424542
-0.817439995687185485438567331291,0.292551947663439581776895302243
-0.074650710906182856684932473715,0.292665112690470884642227232951
-0.427377026468372426328416186410,0.297804675613839249030267041359
0.536179526955759522903494498894,0.307267403773882757606808527901
-0.706952275549005219759454230618,0.309883047709228910505284349175
0.183453211393569953260010786199,0.312406966697251121994848336309
0.897492764294194501991353871953,0.314737046538802145245608983722
-0.169273104168619616383472926496,0.317546529620619486382888144718
-0.521999419735224519121707524490,0.322686092542782658929732086604
0.441557133693322763204954046112,0.332148820704031359347469439668
0.795533004961671833790119393547,0.332172152377524707422198732958
0.088830818131133193561470333417,0.337288383627399723735509248077
-0.263895497431056376082013379278,0.342427946550768088123549056485
-0.616621887856318809307418637918,0.347567224798167000968945519678
0.699879959988696996431950083848,0.352738561946556832507413759802
0.346934740430886003506413593330,0.357030237634179961088130351436
-0.005791575131303566137070119365,0.362169800557548325476170159844
-0.358517890693493135780553832060,0.367309363480916689864209968253
-0.875657060647056267797185598205,0.371185627232828349553038742595
0.605257566726260236733409631066,0.377619978876705434248074671570
-0.774641915526193816888499888294,0.380533894845116815458609952227
0.252312347168449243807873140548,0.381911654564328562828791263203
-0.100413968393740325835610572147,0.387051217487696927216831071612
-0.453140283955929895479094284842,0.392190780411065291604870880020
0.510416269468202053752816400462,0.401653508571108800181412366562
0.860303580810759828734327599512,0.405501919316610651362677508497
0.157689953906012484109332687766,0.406793071494477164569452174971
-0.195036361656177085534151024929,0.411932634417845528957491983379
-0.547762677218366655177697609335,0.417072197341213893345292694804
0.415793876205765294054275947680,0.426534925501257401922073278329
0.063067560643575724410792234985,0.431674488424625766310113086738
-0.289658754918613845232691477711,0.436814051347994130698152895147
-0.642385145336760820738059372903,0.441953329597335250712176343021
0.674116702501139527281271985416,0.447124666743782875082017598463
0.771954894259851840204546560763,0.447537520893042656490862562127
0.321171482943328534355735494898,0.451416342431406003662734190097
-0.031554832618861035287748217797,0.456555905354774368050773998505
-0.832889848153275019669726908762,0.459182489396628736287027381302
-0.384281148181050604931231930492,0.461695468278142732438813806914
-0.735780046571416332969640204484,0.471105939060847522072455047088
0.579494309238702767582731532634,0.472006083673931476822678510231
0.226549089680891774657195042116,0.476297759361554605403395101864
-0.126177225881297794986288670579,0.481437322284922969791434910273
-0.478903541443487364629772383274,0.486576885208291334179474718681
0.484653011980644584602138302029,0.496039613368334842756016205223
0.131926696418455014958654589334,0.501179176291703207144056013632
-0.220799619143734554684829123361,0.506318739215071571532095822040
-0.573525934705924124328375707767,0.511458302138439935919896533465
0.390030618718207824903597849247,0.520921030298483444496677116991
0.037304303156018255260114136552,0.526060593221851808884716925399
-0.315422012406171314383369576143,0.531200156145220173272756733808
-0.666920921491823600100226788172,0.540610637523873214673606366572
0.659728585143276545690936796880,0.544145875051894611351545794580
0.779375215141919304911478853076,0.545094791525068214853970697524
0.295408225455771065205057396466,0.545802447228632046237338028758
-0.057318090106418504438426316230,0.550942010152000410625377837166
-0.410044405668608074081910028925,0.556081573075368775013417645575
-0.765349713222224027754856148290,0.564426491685553873467830427907
0.553731051751145298432053434202,0.566392188471157519397282348892
0.200785832193334305506516943684,0.570683864158780647977998940525
-0.151940483368855264136966769011,0.575823427082149012366038748934
-0.506172625485273951643665092202,0.582475530967491295182083029540
0.458889754493087115451460203597,0.590425718165560885330620043884
0.106163438930897545807976490902,0.595565281088929249718659852293
-0.246562876631292023835507221793,0.600704844012297614106699660701
0.364267361230650355752919750815,0.615307135095709487071280955652
-0.606096130060411766803284906980,0.617245009462895280287502589702
0.011541045668460786109436038120,0.620446698019077851459320764060
0.719250842833935023696689962697,0.622279907122144416178624662375
-0.341185269893728783534047674575,0.625586260942446215847360572469
0.622391753293235340255069727154,0.636092907828357536160092963122
0.269644967968213596054379298033,0.640188552025858088811941867419
-0.703060301620713112909175546603,0.640254218936863240350083995029
-0.083081347593975973589104414662,0.645328114949226453199981675828
-0.435807663156165543232588127357,0.650467677872594817588021484236
0.175022574705776836355838845252,0.665069968956006690552602779186
0.529808517546171945695402238352,0.667762768851930704348643029218
-0.177703740856412733287644867444,0.670209531879375054940642587595
-0.529615468541708597134588233644,0.678262962794883392276488628653
0.433126497005529646300782105165,0.684811822962786927905223882545
0.080400181443340076657298392470,0.689951385886155292293263690954
-0.268953718778293862382616115053,0.705507176905910882774472897255
0.338516468326192891421119365497,0.709740309158106598254970339605
-0.630602563816212394585041702895,0.711965212797430402587953862441
-0.014222211819096683041242060312,0.714832802816303894033924602721
-0.365666006459393638117100298069,0.720313109049863168508032186140
0.606473261835252686224110498301,0.732628309857174178172492810587
0.243881710480656126903701199601,0.734574656823084131386545706080
-0.459838583080273999792636600644,0.746846258650834789421468260647
-0.117514141242717732354667060454,0.747343793517031569752268457065
0.149259317218219367205160746819,0.759456073753232733127206617847
-0.554121902297509224916345029559,0.772983166129418514576939901391
0.430523248290350368133570554898,0.782616246744587515755093258247
-0.208764119195372493190561703312,0.782641438535946045152223276108
0.053733350215594515480387078329,0.785778910669519217173530043205
0.527997445168733827822352183518,0.791057997633903260536910302768
-0.305476406876472268925045886328,0.797447370679898330885782564994
0.312288681098313570789565968236,0.804524414407210712227490968011
-0.041401982181328037687381611622,0.808820792997068441659425575928
0.220920791444157708180659267280,0.839515712687056246563706671974
-0.440727797486136184701351786920,0.842800727484433245869290337938
-0.132651960129828450001607293819,0.844118437954789225119920154581
0.124163062251723086472343870681,0.854021713400092488973586727749
0.385468649100368785250557446762,0.869464190341389126269717652035
-0.351810386773511607429587085632,0.883619550193148878676829469370
0.012113265017806577211121261063,0.890726839980051558401452643178
0.294104350202272168772900683319,0.904464863283866261155476303857
-0.259169927513663630922325121496,0.915087431012923989010421538211
0.189203105755972207347072520171,0.932070942845857081440124410531
-0.163786791350603801404677222263,0.936871359741744030496607922087
0.092445376563537585638757123572,0.946576943558893323850004466306
-0.066670374424617505283776164816,0.948740807017043980999554396808
