-0.021622245288746721459230916727,-0.955885221576027430451223202838
-0.117517809460749462566134643789,-0.948879648300030258448881801413
0.126601568832163663496501965704,-0.947710990274995551339462714079
-0.209703537661279651733268452677,-0.932849668816536619332594343487
0.212944879301645411438227668516,-0.932115098417564231910516137137
0.305704205811228041623750801876,-0.905940956612573131825486171717
0.049913315110042982847098548822,-0.905081061273064847617895387670
-0.343417560412007129469611300738,-0.892327550577389278033875420121
-0.064219204238676838640900990514,-0.879178649537668308875133170105
0.387464353315113061012890112028,-0.874102656001501359542832420685
-0.151176534659097411586945947210,-0.867481564780695408438059419481
0.153047956768990985301815719913,-0.864036276465352171834037458314
-0.261164529717375143294083716179,-0.861785153042062466746743774344
-0.423770978027147948909906614655,-0.857089398196414675918037637711
0.239412722582609434102946005687,-0.848461931246725227299088495743
0.465961640196309246283752217381,-0.834903484352738241530487040199
0.076346763941712279277102511291,-0.821417019483766082814473662061
-0.500555794749296159436465889493,-0.814633644444960474543414449448
-0.010610566478708293668942445405,-0.809719934726793182377399911437
-0.354391218054949804081442692993,-0.803378617045344260370860394285
-0.097567896899128866614987402101,-0.798022849969820281940326160813
0.392162502737717831233639950121,-0.786488008266885160726904010603
-0.184525227319549439561032358797,-0.786325765212847381503252410190
0.303221104000302793353628081795,-0.786122352899724419371092337780
-0.271485936876237387727813551249,-0.774653828824425350852125515941
0.519154514802066926705597195263,-0.765125857588608833733701569672
0.216912732122101397195106013096,-0.763655389429863856753814154016
-0.431176034777098014608001967831,-0.760922863293890058996237206021
0.129955401701680824249061056400,-0.751958304672890956316740403393
-0.554504131675357525574925347929,-0.745438441948182039121992604583
0.603648684280777597005612463157,-0.741479834037894705915363662330
0.042998071281260251303016099705,-0.740261219915918055879666652769
-0.043959259139160321643028856991,-0.728564135158945155442592902145
0.445771140497686376205598495230,-0.717029293456010034229170751935
-0.130916589559580894589073813687,-0.716867050401972255005519151522
-0.636289912645911234096002723922,-0.713666046119497293139208095092
0.357478700302490515113109514902,-0.705893759375961630693154645972
-0.217889288206613205543997337287,-0.705176282486324036498605842672
0.270521369882069942167064558206,-0.694196674618988730256080895348
-0.305620492917549016276609165025,-0.693825422991323800333559397140
-0.483880489231221746399561549966,-0.690441351683077347605179992192
0.183564039461649369221019601510,-0.682499589862015829819007144725
-0.392577823337969589222654121721,-0.682128338234350899896485646516
0.096606709041228796274974644814,-0.670802505105042929381933394101
0.683053026097190838143970158189,-0.669046068561984839233084701086
0.009649378620808223328929688118,-0.659105420348070028944859643477
-0.565707881849596428366197096759,-0.658416174178999818675734242440
0.508024110688511713400386205622,-0.654801859615575953072178629616
0.596608342348664725826834651158,-0.654022228930408815195012601659
-0.699032338158628605418702202798,-0.652332636411254908000950174134
-0.077307951799612349617115268578,-0.647408335591097128507785892854
0.411087338062459060085068060011,-0.636435044565086504195421387304
-0.164265282220032922563160225274,-0.635711250834124228070712142230
0.324130007642038487139023103315,-0.624737959808113603758347636680
-0.251222613124783801316149703125,-0.624014169677713169239698963032
0.237172677221617914192978146619,-0.613040875051140703321273886057
-0.338184583248786737502148638258,-0.612351628882070493052148485019
0.741508254721954940637633260154,-0.603613772621183797755412703488
0.150215346801197341246933189923,-0.601343790294167802884200135433
-0.425141913669207310448193594954,-0.600654544125097592615074734395
0.063258016380776768300888233227,-0.589646705537194902447126384809
-0.512099244089627883394238551650,-0.588957459368124692178000983772
0.650216980108633270798793196268,-0.584563514119533688697279342991
0.551653306242848178003071561816,-0.578673414511184278134761879260
-0.023699314039643804645156723469,-0.577949620780222002010052634185
-0.599056574510048456340283508346,-0.577260374611151791740927233148
0.464695975822427605057026605120,-0.566976329754211377697688128636
-0.110656644460064377591201680165,-0.566252536023249101572978883562
-0.686013904930469029286328465041,-0.565563289854178891303853482524
-0.773673462078541457969983645706,-0.561794849027811449405480658519
0.377738645402007032110981648424,-0.555279244997238477260614378012
-0.197613974880484950537246636861,-0.554555451266276201135905132938
0.290781314981586459164936691728,-0.543582160240265576823540627389
-0.284571305785235829290236114712,-0.542858370109865142304891953740
0.203823984561165886218891735032,-0.531885075483292676386466876765
-0.371533275909238765476235049844,-0.531195829314222466117341475727
0.798680115016354133608969518645,-0.525636901478807059237570604347
0.711045300094284479589191679444,-0.521331286629263865992778651412
0.116866654140745313272846778336,-0.520187990726319775949393126141
-0.458490606329659338422280006540,-0.519498744557249565680267725104
0.605261944002816722975030106925,-0.509214699700309151637028620592
0.029909323720324740326801821641,-0.508490905969346875512319375517
-0.545447936750079911368324963236,-0.507801659800276665243193974480
0.518304613582396150028985150229,-0.497517614943336251199954869968
-0.057048006700095832619243135055,-0.496793821212373975075245624894
-0.632405267170500484314369919932,-0.496104575043303764806120223856
-0.821915444869268676712779479598,-0.488506990537627771350511425399
0.431347283161975577082940193533,-0.485820530186363350762881119344
-0.144005337120516405565288091751,-0.485096736455401074638171874270
-0.719362597590921057260414876628,-0.484407490286330864369046473232
0.344389952741555004136895236838,-0.474123445429390450325807368720
-0.230962667540936978511333048447,-0.473399651698428174201098123646
0.257432622321134431190850280142,-0.462426360672417549888733618097
-0.317919998445687857264322526299,-0.461702570542017115370084944449
0.170475291900713858244805323446,-0.450729275915444649451659867473
-0.404881968569690793450321461431,-0.450040029746374439182534466435
0.758591479393935225580869881788,-0.447590118075575541271768301078
0.666090263988467931765428590101,-0.445982472210039328932527929013
0.846313537297336890633980400919,-0.444881402328506092979627713638
0.083517961480293285298760366750,-0.439032191158471749014586116849
-0.491839298990111366396366418127,-0.438342944989401538745460715812
0.571913251342364695000943695339,-0.428058900132461124702221611300
-0.003439368940127287647284589946,-0.427335106401498848577512366226
-0.578796629410531939342411374823,-0.426645860232428638308386965188
0.484955920921944122054898738643,-0.416361815375488224265147860676
-0.090396699360547860593329546642,-0.415638021644525948140438615602
-0.773481668878274370563948326167,-0.415345740897451500832852325966
-0.665753959830952512288456331519,-0.414948775475455737871313214564
-0.864063550018973808797276971293,-0.409360842659961720436224310192
0.397998590501523549108853781947,-0.404664730618515323828074110052
-0.177354029780968433539374503338,-0.403940936887553047703364864978
0.311041260081102976162808825251,-0.392967645861542423391000359429
-0.264311360201389006485419460034,-0.392243852130580147266291114355
0.224083929660682403216763868555,-0.381270561104569522953926608805
-0.351268691106139885238408937885,-0.380546770974169088435277935157
0.712322230655868036642458733323,-0.371410330201629683174236526876
0.800055278256422410377785545566,-0.370265138350074058311794241703
0.137126599240261830270718911859,-0.369573476347596622516852858181
-0.438230661230142821424407873018,-0.368884230178526412247727457144
0.625521889102333239972902240448,-0.358600185321585998204488352632
0.050169268819841257324673955163,-0.357876391590623722079779107558
0.886840023933777612014997488799,-0.357349759014770483918289579682
-0.525187991650563394370452829714,-0.357187145421553511810653706520
0.538564558681912667026857283752,-0.346903100564613097767414602008
-0.036788061600579315621371001533,-0.346179306833650821642705356934
-0.719873031118305825591989781058,-0.345887026086576374335119067298
-0.612145322070983967316497786410,-0.345490060664580611373579955896
-0.813804102201447174407653836079,-0.337419490656879214011565456840
0.451607228261492094080812327056,-0.335206015807640197330340851384
-0.123745392020999888567415958229,-0.334482222076677921205631606310
0.364649897841071521134767370360,-0.323508931050667296893267100761
-0.210702722441420461513460914924,-0.322785137319705020768557855686
-0.900211804483042865561897247234,-0.322184396562219616400489352495
0.277692567420650948188722413664,-0.311811846293694396456193350137
-0.297660052861841034459505871620,-0.311088052562732120331484105063
0.190735237000230375242677456968,-0.300114761536721496019119599513
-0.384617383766591913212495349472,-0.299390971406321061500470925865
0.680015970771377629955760397418,-0.289833956919080679862202915694
0.103777906579809802296632500273,-0.288417676779748595582045848889
-0.471579353890594849398494284604,-0.287728430610678385312920447852
0.793751851634435887691952220109,-0.282751334190505948890301977959
0.592173196441881211998815828861,-0.277444385753737971269681343340
0.016820576159389229350587543577,-0.276720592022775695144972098266
-0.558536684311015422344539241300,-0.276031345853705484875846697228
-0.665488987706921157050464091520,-0.275827642947569506117148039808
0.915864098029776793433269090020,-0.274548779379696369326186989799
0.505215866021460639052770872165,-0.265747300996765070832607592716
-0.070136754261031343595457413119,-0.265023507265802794707898347642
-0.752486462022216331039991190349,-0.264432970138859049222564152076
0.418258535601040066106725915470,-0.254050216239792170395533842093
-0.839548276231552452753442098027,-0.253540788895552090417221246496
-0.157094084681451916541502369815,-0.253326422508829894270824597018
0.331301205180619493160680958774,-0.242353131482819269958460091469
-0.244051415101872489487547326511,-0.241629337751856993833750846395
-0.925955978513148143907685509183,-0.238305694800892492806145142150
0.244343874760198920214636002078,-0.230656046725846369521386340845
-0.331008745522293062433592283207,-0.229932252994884093396677095771
0.732736962557222633888084205176,-0.219699114431377946175842924428
0.157386544339778347268591045382,-0.218958961968873469084312590221
-0.417966076427043941186581761059,-0.218235171838473034565663916573
0.850593768934658722822274637742,-0.215912755934437119543870672208
0.645781834201849756970774373971,-0.207985670942862844771948084672
0.070429213919357774322546088686,-0.207261877211900568647238839598
-0.504928046551046877372580696191,-0.206572631042830358378113438560
0.558824503781429184024729417275,-0.196288586185889944334874334048
-0.016528116501062798623498868010,-0.195564792454927668210165088974
-0.591885376971467450318625652887,-0.194875546285857457941039687936
0.937175625473089551496259302738,-0.189435807961169709286017084160
-0.679442384899045457289653182502,-0.189203732781514160535917126404
0.471867173361008611078684460579,-0.184591501428917043897800583425
-0.103485446921483371569543824706,-0.183867707697954767773091338350
-0.766439859214340631279180281330,-0.177809059972803703641333238672
0.384909842940588038132639503883,-0.172894416671944143460726832801
-0.190442777341903944515588781402,-0.172170622940981867336017587727
-0.853501673423676752992631189009,-0.166916878729496744835990333092
0.297952512520167465186594547187,-0.161197331914971243023653082177
-0.277400107762324517461633738098,-0.160473538184008966898943837103
-0.943902621558056558476580347946,-0.152420206451133140779910310075
0.786345600317191178860042750285,-0.150240399620502819678109665760
0.210995182099746892240549590491,-0.149500247157998342586579331553
-0.364357438182745090407678694794,-0.148776453427036066461870086479
0.699390471961818301942732919080,-0.138526956131987718274214826004
0.124037851679326319294504633795,-0.137803162401025442149505580930
-0.451314769087495969160668172645,-0.137079372270625007630856907281
0.871905296377971480885264850459,-0.130799784515910459503700766569
0.612433141541397728996687962384,-0.126829871375014817837141075380
0.037080521258905746348459677099,-0.126106077644052541712431830306
-0.538276739211498905346667107778,-0.125416831474982331443306429268
0.525475811120977156050643005688,-0.115132786618041917400067324756
-0.049876809161514826597585279597,-0.114408992887079641275358079682
-0.625234069631919478292712064473,-0.113719746718009431006232678645
-0.712791077559497485263739594088,-0.108047933213666133601110117112
0.438518480700556583104598048992,-0.103435701861069016962993574133
-0.136834139581935399543630236293,-0.102711908130106740838284329059
-0.799788551874792659253266692917,-0.096653260404955676706526229381
0.951507974127806749006893237106,-0.093897036641072058931972392190
0.351561150280136010158553092296,-0.091738617104096116525919823509
-0.223791470002355972489675192988,-0.091014823373133840401210578435
-0.886850366084128780966717600596,-0.085761079161648717901183323800
0.264603819859715437212508135600,-0.080041532347123216088846072885
-0.310748800422776545435720149684,-0.079317738616160939964136827811
0.754203903464052464618833860250,-0.068573718374246810978401152336
0.177646489439294864266463178904,-0.068344447590150315651772322262
-0.397706130843197118381765106380,-0.067620653859188039527063077187
0.666041779301366273968646507493,-0.057371156564139691339407816712
0.090689159018874291320418222209,-0.056647362833177415214698571638
-0.484663461747947997134754584232,-0.055923572702776980696049897990
0.579084448880945701022601550797,-0.045674071807166790902334066088
0.003731828598453718374373265513,-0.044950278076204514777624821014
-0.571625431871950933320753519364,-0.044261031907134304508499419977
0.879747918123826853926271451924,-0.043410469437867621146340788917
0.492127118460525128076556594101,-0.033976987050193890465260315465
-0.083225501821966854571671691183,-0.033253193319231614340551070390
-0.658864730669412028226649250538,-0.032680387491524369416953500930
-0.955618291607488273479663976238,-0.031269139162492044247174781342
-0.746421738596990035197676780153,-0.027008573987181072011830939398
0.405169788040104555130511637406,-0.022279902293220990028186564841
-0.170182832242387427517716647879,-0.021556108562258713903477319767
-0.833886553320132522143085739875,-0.015809426978456104411340091072
0.318212457619683982184466680710,-0.010582817536248089591112814217
-0.257140162662808000463761604575,-0.009859023805285813466403569143
0.956129710674841266919113783497,-0.000233845295262306907850373379
0.231255127199263409238421724014,0.001114267220724810845960936406
-0.344097493083228573409806561271,0.001838060951687086970670181481
0.807172236880576837252701728514,0.005896422552362067930318408636
0.719650417061334818940605052603,0.012087558246735435158325441956
0.144297796778842836292376767318,0.012811351977697711283034687030
-0.431054823503649146355851517967,0.013535145708659987407743932104
0.632693086640914245994560095907,0.023784643003708335595399192580
0.057340466358422263346331810622,0.024508436734670611720108437654
-0.518012154408400025108840995818,0.025232226865071046238757111302
0.545735756220493673048515139211,0.035481727760681236032472943203
-0.029616864061998309599713146074,0.036205521491643512157182188278
-0.604974124532402961294839930951,0.036894767660713722426307589315
0.458778425800073100102470182515,0.047178812517654136469546693827
-0.116574194482418882545758102770,0.047902606248616412594255938901
-0.691931617896098524453780300278,0.048590641016767602322752930941
0.883554029431591250245544060086,0.049073046694967382168808824174
-0.779488625823676531424807829893,0.054262454521110899727875492473
-0.954461064264520946672215113201,0.056463750511419288376149267322
0.371821095379652527156425225819,0.058875897274627036906620444451
-0.203531524902839455491803059466,0.059599691005589313031329689525
-0.866487059164028714597003552662,0.065649802850827815474077622751
0.284863764959231954210380269123,0.070572982031599937343694195075
-0.290488855323260028437848016162,0.071296775762562213468403440149
0.197906434538811381264335312427,0.082270066788572837780767945698
-0.377446185743680601383892972858,0.082993860519535113905477190772
0.773823544220124809278615316927,0.087052222120210094865125417928
0.686301724400882790966518641016,0.093243357814583462093132451248
0.110949104118390808318290355731,0.093967151545545738217841696322
-0.464403516164101174329937929553,0.094690945276508014342550941396
0.599344393980462218020473684320,0.104940442571556362530206201871
0.023991773697970235372245399035,0.105664236302518638654915446946
0.950223115085642131926234374206,0.106113664886838653971678336381
-0.551360847068852053082927407405,0.106388026432919073173564120594
0.512387063560041645074428727624,0.116637527328529262967279952495
-0.062965556722450337573799557661,0.117361321059491539091989197569
-0.638322817192854989268926342537,0.118050567228561749361114598607
-0.730798187279598591843630677741,0.127253140913577290139725010929
0.425429733139621072128383770928,0.128334612085502163404353703119
-0.149922887142870910519844514356,0.129058405816464439529062948193
0.850205336771139222271457648500,0.130228846262815409103615833466
-0.918343944847789291194887081142,0.136425946521130991374571842958
0.338472402719200499182338814232,0.140031696842475063841427453743
-0.236880217563291483465889471052,0.140755490573437339966136698817
-0.830236038922595152290401323038,0.148799273898409916066659707219
0.251515072298779926236293857536,0.151728781599447964278501204366
-0.323837547983712056411934427748,0.152452575330410240403210449441
0.164557741878359353290248900841,0.163425866356420864715574954990
-0.410794878404132629357979384444,0.164149660087383140840284200064
0.653538166600076133692003993848,0.174637143731514554250293057626
0.077600411457938780344203944145,0.175122951113393765152648705614
-0.497752212184896377935227233948,0.175846743463517469125827443781
0.771116938623731137789606629442,0.182532317863549223447350152781
0.566580836179655560745959037152,0.186334228488487454687366808249
-0.009356918962481792601841012551,0.186820035870366665589722456237
-0.584713219604629327816938936357,0.187542313762010557936666119722
0.936494765600395531656023056186,0.192773525987979004001265101229
0.479623505759234987799914080456,0.198031313245460355124440558873
-0.673641314498932532854419764555,0.198368702501354296007446341495
-0.096314249382902365547885969247,0.198517120627339566026796206861
0.392666175338814414853869123760,0.209728398002433255561514309497
-0.760638789792745062826343789455,0.209763367839155464039870282107
-0.183271579803322938493930925943,0.210214205384312466463869957485
0.852441189675492360668900041275,0.217940875468894688994875381367
0.305708844918393841907824167064,0.221425482759406155998588060121
-0.270228910223743511439975882639,0.221911290141285366900943708109
-0.929656531518905994264732855605,0.223434132851306163377978234420
0.218751514497973268961779210368,0.233122567516379056435661810744
-0.357186240644164084386020839335,0.233608374898258267338017458732
-0.843327127001379171382435409359,0.239106816772933254630800255614
0.707146804360044678663962538957,0.244095858542389680748026316294
0.131794184077552696015734253672,0.244819652273351956872735561368
-0.444143574424927832963268688839,0.245305458274392595623560702449
0.620189473939624105717917582261,0.255792943299362581185100066917
0.044836853657132123069689296976,0.256516737030324857309809311992
-0.531104584720673652669238762898,0.257001030792608953888929442908
0.533232143519203532771872625565,0.267490028056335481622173817541
-0.620059594749147845900641548669,0.267848184467712843253961284284
-0.042120476763288449876355659720,0.268213821787297757746883062615
0.788197280775609882176949318337,0.277699718119347766750086990582
0.446274813098782959825827668869,0.279187112813308382059247568165
-0.707271982495680994303320865960,0.279408058839805601490382135018
-0.129077807183709022822400616415,0.279910906544270658183956813239
0.359317482678362386879782712173,0.290884197570281282496321318789
-0.216035137604129595768445573111,0.291607991301243558621030563863
0.909194331985628361027167743882,0.295525592962915731280346320978
0.272360152257941813933737755477,0.302581282327254182933395069412
-0.302992468024550168714490529807,0.303305076058216459058104314487
-0.905260047633499195221468079103,0.307714680308516568764151205847
0.185402821837521240987692798782,0.314278367084227083370468820036
-0.389949798444970741660535486503,0.315002160815189359495178065110
-0.816358016581953766229505622145,0.322599727782448601402061716795
0.673798111699592650689876127370,0.325251658110237707682833325586
0.098445491417100668041647842086,0.325975451841199983807542570660
-0.476907128869401069448378531438,0.326699245542353330239100016256
0.586840781279172077743831170674,0.336948742867210608119907076209
0.011488160996680095095602885390,0.337672536598172884244616321283
-0.563864463708436289505588172980,0.338396297450843798864851327244
0.499883450858751504797786213979,0.348645827624183508556980826833
-0.075469169423740477850442071306,0.349369621355145784681690071907
-0.650832255526031935044276941497,0.350015346122286432900567033806
0.844608642136604281709141119542,0.355131458165154936297500399570
0.754848588115157854202862906750,0.358855517687195793684893999874
0.412926120438330931851741257283,0.360342912381156408994054577457
-0.162426499844161050796487028002,0.361066706112118685118763822531
-0.737795539920951533430540607585,0.361668082835451388629560329290
0.325968790017910358905696300587,0.372039997138129309431128328080
-0.249383830264581623742531984698,0.372763790869091585555837573155
0.239011459597489785959651343891,0.383737081895102209868202078704
-0.336341160685002196688576941394,0.384460875626064485992911323778
-0.873240314441556634951587585941,0.389403943935842900880857766264
0.152054129177069213013606387195,0.395434166652075110305275829328
-0.423298491133242937431987404468,0.396157960371605471141339621607
0.065096798756648640067561430499,0.407131251409048010742349579952
-0.510255852186780682693486928248,0.407855032512592675200527082074
0.672671758718629869069540183446,0.415195139549617842887699967943
0.553492088618720049769744759088,0.418104542435058635054714085501
-0.021860531663771932878483526197,0.418828336166020911179423330575
-0.597254539888683655489672355273,0.419535079289957494203289650395
-0.794677837780554402152622571382,0.428472298988845688108356378760
0.466534758198299476823699802392,0.429801627192031535491787836125
-0.108817862084192505824528482893,0.430525420922993811616497081199
-0.684222331706279301028361123786,0.431154127961400128239005356991
0.379577427777878903877654845696,0.441498711949004435928861586748
-0.195775192504613078770573439589,0.442222505679966712053570831823
0.847238593807478828408044811008,0.442979128898184922594198563886
0.755909026539789887784859746748,0.446589630642223571100048912383
0.292620097357458330931609889000,0.453195796705977336365935337372
-0.282732522925033651716618396285,0.453919590436939612490644582446
0.205662766937037757985564932304,0.464892881462950236803009087996
-0.369689853345454224662663352980,0.465616675193912512927718333070
0.118705436516617185039519975608,0.476589966219923137240082838620
-0.456647183765874797609862237124,0.477313759950885413356213668434
0.612226379266619585962768819097,0.483286458698283591242223862731
0.031748106096196612093475018912,0.488287050976896037677156589243
-0.543604514190307052766622797215,0.489010844678035055841452408191
0.520143395958268021795658347501,0.499260342002906661989521094793
-0.055209224324223960852569937784,0.499984135733868938114230339867
-0.630561852541094530296682536111,0.500707870479693968673720751007
0.695676012731670345162618904565,0.510389185133214254421927574277
0.433186065537847448849613390805,0.510957426759879562426594845417
-0.142166554744644533798614894479,0.511681220490841838551304090491
-0.717529644358690175835371304621,0.512326919151136602709436457621
-0.805209898145727840957533828252,0.515578411346833239875356259081
0.801254614476577333031639172722,0.521704055091360408505368373691
0.346228735117426875903568434109,0.522654511516852462863668596040
-0.229123885165065106744659851175,0.523378305247814738988377841114
0.259271404697006302957523477413,0.534351596273825363300742346664
-0.316081215585485679690704807871,0.535075390004787639425451591738
0.172314074276585730011478520718,0.546048681030798263737816097288
-0.403038546005906252636749764567,0.546772474761760539862525342362
0.085356743856165157065433564022,0.557745765787771164174889847911
0.578877686606167557988682407511,0.564442258266131618177030872023
-0.001600586564255415880611392674,0.569442850544744064611963598535
-0.487405930229781210486143936532,0.570866946843112806566786828031
-0.575146449665690764409078377896,0.570885782309307419843916243435
-0.088557916984675988826656349366,0.581139935301716965049037349191
-0.662103788016478241939138116792,0.582582808110966332676184586251
0.493677814249795883323325790944,0.585528832102682248721718773589
0.662327320071218317188532492979,0.591544984701062281356734583568
0.399837372877395420875526979219,0.592113226327727589361401854708
-0.175515247405096561772701306066,0.592837020058689865486111099783
0.750056460204753492506902514017,0.592958164480339056976320470810
-0.749071579834073887477826885302,0.594201856782408966711900292865
0.312880042456974847929482022523,0.603810311084700489798475605332
-0.262472577825517134718746262762,0.604534104815662765923184850406
0.225922712036554274983437065827,0.615507395841673390235549355956
-0.351881328982592630454473173789,0.618075682900510338669667666865
0.138965381616133702037392109131,0.627204480598646290672623106579
0.052008051195713129091347152435,0.638901565355619191109696857203
-0.034949276412342082086048604551,0.650598671020024295586907445854
-0.452448769041393323233507571589,0.651343005315847891861976378638
0.590155218675212459788398137390,0.651454995127407696367585810407
-0.597738317312439467784708263061,0.655667894938622090387037481077
-0.121906609645128016800742760982,0.662295734869564991983844358470
0.450993216693312095762470357975,0.663397717973102662808473053119
-0.684695655663226945314768001958,0.667364920740281003219305823893
-0.208863940065548589746787717678,0.673992819626537892420918109094
0.364035886272891522816425401279,0.675094802730075563245546803742
0.673604852140263218988248222858,0.678557721562338359547289521953
-0.295829338784475740013584098297,0.685686588474420271271960725393
0.277078555852470949870380444583,0.686791887487048463682620554366
0.190121225432050376924335487887,0.698488972244021364119694304990
-0.523630900950736609479838924979,0.702641184645126833405950746352
-0.381775560507245767972562293432,0.703340088898938416174133309805
0.103163895011629803978290531192,0.710186057000994264556768055613
0.525115811000343793590867931941,0.710347053632440815941259280571
0.016206567403579260058933762015,0.721883162665396019672598909308
-0.070750765829206674655760394417,0.733580226514936716069535821925
0.608565444465394552790718017409,0.737449780067371479120962992116
-0.601364671316747224238050298964,0.743333444969939694932150466513
0.417644524032860067788383946389,0.744553517540950689743280062410
-0.157708096249627247601805351113,0.745277311271909616506609572548
-0.452957692416589054218893646822,0.754638268228217357718107677520
0.330709223807369201115871961422,0.756413225815683952390052436601
-0.244666543422743251681215505486,0.756966090972905019978784208293
0.243729863192018921896294032997,0.767947687054896490617427563658
0.156772532771598348950249076301,0.779644771811869391054501314281
-0.372941099994872071671191756873,0.790634713092604081111666046949
0.069815622861272303156756587178,0.791344989393776351573492895365
-0.530691462782599668977105020807,0.795330528553030219244307397680
0.526554001035363423339321042631,0.798075787323753032391458118230
-0.017142144769422865399112808192,0.803038954215107792602400794154
-0.104099475189843438345157764888,0.814736038972080693039474544778
-0.191064539675883355317404679045,0.826429925447972883066471540203
0.444145504647780244454552425239,0.828196192845520150710469589748
-0.294216756812069979359798919333,0.829375865580551709139882865839
0.296494952378681264060356937339,0.838049359422833460724640601594
-0.441706031954960770724011976657,0.847821845432265175015789540756
0.209537621958260691114311980643,0.849746444179806361161714352218
0.124166387177938934690568521599,0.869998638573036686368288753120
0.036461570041283531781354806825,0.872501468308325471019218756209
0.373460296260814691139446635094,0.880176962568074890457546416094
-0.050495760379137041164690149871,0.884198553065298371456292506833
-0.362175334334035150672083388718,0.884880192174253756148900004684
-0.188703887042111927584203926822,0.914138684559025622759828783137
-0.276436775410509798670783713523,0.915296010872666893200348778004
0.263146259718229236086270525752,0.919205158990681487659447610886
0.177775024937907479662527066708,0.939457353383911812866022011788
-0.108600729724915333704095440726,0.949942082351336658325708456025
0.090893189856405767461165937311,0.951749987643537748490869035992
0.003255082870487529019557004189,0.956010863079997686071055384168
