-0.039994472560373722336595216401,-0.955420306156234390530574704854
0.110422323091912012495147939436,-0.949860215933923898637586132203
-0.127144971730509876115032758392,-0.947766677729652502836737428184
0.196769932212042996342063188818,-0.935793306787520865447723314073
-0.223405724598308877621590962239,-0.929786244813225354638543219634
0.033566184483410296680322292983,-0.908064026013228295690178739375
-0.307450135664917803669497011888,-0.905484363934948784272901967770
0.324928560395307511370889875527,-0.899360300374932126701432038191
-0.074584693979476249849260286558,-0.875062953562501279803723579242
-0.161735193149612403627697828549,-0.867409325135919392109886302572
-0.405510652174443949874083576839,-0.866018839416390685552263106233
0.245342699318275752674470502289,-0.863030171689177570404746009518
0.154532717293878751438614888339,-0.856632400429609277838908797417
-0.245850945537012333897087884329,-0.843360879572895828954648695528
0.383507122382600619728259890748,-0.834380768142105583754532469769
0.470966771557128106654035276984,-0.832236636624530636801689820435
0.069557074641120965703538427110,-0.828324178011418748322365342286
-0.330451056230108239325339869963,-0.821076158250608565262544936349
-0.016006131992183141491890271336,-0.810083421329674736856824010821
-0.517632549473122855904340639692,-0.804042326607878374100148606894
0.303921261305568861031840517510,-0.798050639456351027457846441096
-0.101569338625487248687318969783,-0.791842664647930725391282679355
0.545058731312042300225407929851,-0.785690152490461833348346507272
-0.432744757369850704047710031959,-0.782879853086861723641699448026
0.213607437100940189142340298396,-0.781503116881015644372840525380
-0.187921254233116764636199301805,-0.777802215773734616712122784913
0.128044230467636081946911599949,-0.763262360199271632907299193919
-0.272521364926212670064451287439,-0.755517494451447353020019025734
-0.588949372872257031665431773620,-0.753369866297046881191171932167
0.460962623835595676120140987585,-0.745324585894716176572185163615
0.042481023834331974751482901502,-0.745021603517527621441757862453
0.373477347121167550839116269547,-0.744987107160534576440990252224
-0.358084571452382273276774039187,-0.737276737267159958635301131879
0.615923621326856600866305196673,-0.731481791941990923564587219000
-0.043082182798972132443945796944,-0.726780846835783609976216530988
-0.499059285540025885129575718476,-0.718546948150857574359866043503
0.272185999088233297499710313617,-0.716523584648189101425940956959
-0.128654160385654342936747801773,-0.708581281302495674344680641183
0.534881111259485559857160646824,-0.698528808834597622860760554064
0.186622792454929190304281615167,-0.698282827966445089960399625494
-0.655336671215365170057015955694,-0.696391676150296552936090154835
-0.214208596065580346834803193840,-0.690299333472295587045133868054
0.101059585821625083108852916721,-0.680042071284701078494858294029
0.680197634734223730900802296470,-0.672129970283294758646363070453
-0.299771883815777893794028056605,-0.672058503664187457416046855024
0.417512250635419894969984503229,-0.669391374435819411317937928042
-0.570376928265446322891030459491,-0.667875640986098442950599603481
0.015496379188320975913424218274,-0.661801314602957067029316962564
-0.385382680069460025309702869474,-0.653979502367191195756909004004
0.331569196919550995348663782604,-0.652270091994232652895159036683
-0.070066827444983131282004480173,-0.643560557921213055563775631102
-0.470938978088739059049212067609,-0.635701103521287344137637281860
-0.716238780695576710835161846952,-0.633584665438462700043661115447
0.245201354442222298661651630388,-0.633303295733618547013500057073
-0.155630034078287238477433178619,-0.625319801239469044098234299633
0.571014096149287887625720711058,-0.618853248361831562539564407498
0.159638147808918191466222931942,-0.615062539051874535547958725607
0.482759434497535708723684541492,-0.611110013123400109662744982229
0.738778372220233732153568747459,-0.607152399312295331723251013333
-0.241193240711591345672861877066,-0.607079044557725032632692968167
-0.632969117039033008101868744489,-0.606752769340307996648056895845
0.074074941175614084270794233495,-0.596821782370130524082417394142
0.653215776340136933670843780432,-0.588908777962483032547902875407
-0.326756528461788892632086739830,-0.588838214749616903003605955137
0.389343123062819514214450344056,-0.586564520182536015532141820117
-0.011488265457690022924634464951,-0.578581025688386512616876062677
-0.412345913690695546185561206820,-0.570720690916766556294055083969
0.303779916429515407019021645610,-0.568323763500792004066600488651
-0.771145948711944983211010793882,-0.565474530846623947697994424092
-0.097051472090994130120063163398,-0.560340269006642501151334731211
-0.497907902488126262841684152042,-0.552474222581101560663600776111
0.218216709796211299823592947163,-0.550083006819047992601059157186
-0.182614678724298237315491861844,-0.542099512324898489685793399746
0.533484891683416729767249057724,-0.539825744631453484050783583161
-0.688010450810436240213385146083,-0.538138056750459467051532281990
0.791175511141652539565436233720,-0.537092943372746221449704546990
-0.583541640426030705128832861249,-0.534567507067686203823567430863
0.132653503162907192628164248717,-0.531842250137303981135517825720
-0.268177885357602344510920560291,-0.523858755643154478220252068280
0.447921685050112622571820359278,-0.521584987949709472585242251695
0.047090296529603085432735550270,-0.513601493455559969669976494255
-0.353836832777621802900643235726,-0.505649004801102749417349478442
0.674528171436288688071047803811,-0.504058501893623884600951268478
0.362358478416808515376391660831,-0.503344231267965461119700920230
-0.038472910103701021762693148176,-0.495360736773815958204435162789
-0.819598600514993470978657695304,-0.492631356376062693213171506730
-0.439403943425410130810861379751,-0.487426570576081271002595078318
0.276795271783504408180962962384,-0.485103474586221449654159588764
-0.124036116737005128958121846623,-0.477119980092071946738893831324
0.592063453670709838124619072945,-0.474846212398626941103884014739
-0.525035303176362828870176274633,-0.469231233902485648765307690350
0.191232065150200300985534263938,-0.466862717904477438188618257299
0.837770536574768887515148311501,-0.461021027961396549164395687215
0.750040580640343580758476255537,-0.459880865131394845030856931679
-0.209599323370309236153550545069,-0.458879223410327935273352499859
0.506500247037405730929190374499,-0.456605455716882929638342683274
-0.616811989606555519031438190613,-0.453654767656008659173847334505
-0.704285223213935269349448912972,-0.452164487157292205035110236338
0.105668858516896193790105565491,-0.448621961222733426723076925833
-0.295162530003613343348979243516,-0.440638466728583923807811168393
0.420937040404101623733761676052,-0.438364699035138918172801351808
0.020105651883592086594676867045,-0.430381204540989415257535594368
-0.380725741718154022879067826773,-0.422397733881771726764885790254
0.335373833770797516538332977606,-0.420123942353394906707260020343
0.658995768263977946526319230457,-0.417957612794126509381563054625
-0.782822057096359831041657865874,-0.413250795859816403140823633015
-0.065457554749712020600751831402,-0.412140447859245403791994262902
-0.466291887081033831045697321203,-0.404170767556170335774735782732
0.249810627137493409342904279159,-0.401883185671650895241718688877
-0.869112459792042509676829375035,-0.398837124005878410891716403197
-0.151020761383016127796180529848,-0.393899691177501392326452931437
0.565078809024698839286560389720,-0.391625923484056386691443114852
-0.551853406715150350538459916609,-0.385922099341838142854009583906
0.164247420504189302147475580713,-0.383642428989906883776177357412
0.876433336926628444839031962450,-0.382481535730432516660798099989
0.788952638476545930149791451840,-0.381525014752191326970960017068
-0.236583968016320234991609228295,-0.375658934495757380860911599972
0.479515602391394732091131691274,-0.373385166802312375225901783386
-0.637623483319634620934512682651,-0.368680246397418718316636953910
0.078684213870885194952046882266,-0.365401672308162872310636025946
-0.322147174649624342187037926744,-0.357418177814013369395370268507
0.393952395758090624895702992827,-0.355144410120568363760360451921
-0.722968368589698526440133134324,-0.349443872208509994000992508287
-0.006878992762418912243381816180,-0.347160915626418860845094694481
0.708945773228610602990844704361,-0.346131667257290491986319624911
-0.407710386364165021717126510002,-0.339177444967201172352444890368
0.308389189124786517700274294381,-0.336903653438824352294819120456
-0.809806996931707822758964700514,-0.330030602662619763419899610046
-0.092442199395723019438810514627,-0.328920158944674849379553363015
0.623657371011991947643930404942,-0.326646391251229843744543546430
-0.493274845846063704139028320270,-0.320942566100956860786906989209
0.222825982491482410504845595934,-0.318662896757080340829277788990
-0.901925776147502894609672615127,-0.317737963693008581700706868134
-0.178005406029027126634239213073,-0.310679402262930837914012031550
0.538094164378687840448501706495,-0.308405634569485832279002214965
-0.578838052793265592838878595967,-0.302701810891635421612959322964
0.137262775858178303309416897488,-0.300422140075336329363736457525
0.869534975843336572557400811507,-0.295268003821326754562171594247
0.779600743908132712246265995000,-0.294540363222870545750978179807
-0.263568612662331233829667911521,-0.292438645581186826448470700085
0.452530957745383733253073008049,-0.290164877887741820813460883499
-0.664400000827247487268964641774,-0.284455151407602005783403116682
0.051699569224874196113988199041,-0.282181383393592317898195126059
-0.349131819295872064905927959081,-0.274197888899519574026749164273
0.366967751112079626057644309602,-0.271924121205997809347919552034
-0.749963207460551594585265598041,-0.266214394725857994884845828290
-0.033863637408429911081440499405,-0.263940626711848306432653794594
0.683041329765731723138919603753,-0.262398308958797858896628579051
-0.434695031019869023072325479904,-0.255957156055773628279686213990
0.281404544478775518862215611155,-0.253683364524253797882378220569
-0.846061783982897743803307767141,-0.250410391977336115398741842035
-0.119426844041734018276869197852,-0.245699870030104294967112463128
0.596672726365980948805871721716,-0.243426102336659289332102646543
-0.520259490501767705494227290172,-0.237722277189529316714148312831
0.195841337845471411666786912709,-0.235442607842509786416836889103
0.928113537830629680914770826729,-0.230288471588500211615272025825
-0.204990050675038125472297896299,-0.227459113348360283501571131663
0.511109519732676841610443023270,-0.225185345654915277866561315078
-0.929576699835536446805975665768,-0.224306776432977121796933036793
0.825175007226821472971482673241,-0.219862561590424877754848188211
-0.605821438849700397947596736542,-0.219475619165989499618145900449
0.110278131212167304471358214262,-0.217201851160765774951295557638
-0.290553257308342232667726594747,-0.209218356666616272036029800198
0.425546313099372734415014324823,-0.206944588973171266401019983612
-0.691384645587733633275451484327,-0.201234862389832963813637266893
0.024714924578863197275929515816,-0.198961094479021763485754226172
0.740814494986578164358670435384,-0.196687326785576757850744409588
-0.376116463941646339863155463620,-0.190977599984872260570489268163
0.339983106466068627219585626377,-0.188703832291427254935478652147
-0.777042590718604718948264309564,-0.183024884946832686941191026241
-0.060848282054440909919499182631,-0.180720337797277752020212894707
0.655251288353274057163241736938,-0.178446570103832746385203078122
-0.461679675656187019393529615632,-0.172736867138060063528903429392
0.254419899832764520024156927930,-0.170463075609683243469937320682
-0.862755685260442188186693085945,-0.164531982619502264459992473743
-0.146411488687745017114927881077,-0.162479581115533740554671563241
0.569688081719969949967813038491,-0.160205813422088734919661746656
0.883753569214114581328852688462,-0.154883029357598334807948619789
-0.547242877208248731887012989459,-0.154496086621389486459680206016
0.168856693199460412828728229484,-0.152222318927939232004395989216
-0.231974695321049124310356579524,-0.144238824433789729089130231776
0.484124875086665842772384340045,-0.141965056740344723454120415191
-0.946207397635166894769150145148,-0.138271761077742491182671429524
-0.632806083841552839082441687905,-0.136255329939645474994138874550
0.083293486566156305633299531037,-0.133981562246195220538854657751
0.799393056973871272716040450605,-0.131707794552750214903844841166
-0.317537901954353231505785277970,-0.125998067752045717623588900310
0.398561668453361735576955641598,-0.123724300058600711988579083725
-0.718369290500147541541049588336,-0.118014573376533846685434661896
-0.002269720067147801562129167409,-0.115740805564451209073313326285
0.713829850340567165520611752159,-0.113467037871006203438303509700
-0.403101108587657338701214108065,-0.107757311070301706158048186375
0.312998461820057628381526943152,-0.105483543376856700523037752260
-0.803932497108161053329061529162,-0.099773816576157452193085288520
0.951112626788017050279524834053,-0.099057005887788332551377554153
-0.087832926700451908757557865856,-0.097500048882707197607771994820
0.628266643707263058325183053713,-0.095226281189262191972762178235
-0.488664315220961445896642674863,-0.089516554388557694692506237380
0.227435255186753521186098244705,-0.087242786695112689057496420794
-0.173396133333756015952986564302,-0.079259292200963186142230663354
0.542703437073958951129754355266,-0.076985524507518180507220846769
-0.574227521854265553092071373310,-0.071275797706813683226964905914
0.141872048553449413990669546259,-0.069002030013368677591955089329
0.868021143859098368327976471579,-0.065504521297904062472984816000
-0.258959339967060123148415262749,-0.061018535519219174676689331889
-0.906741646620568772590060774998,-0.060193325959267991494953433053
0.457140230440654843934325656819,-0.058744767825774169041679515304
-0.659790728487570999511031438185,-0.053035041025075953751899177552
0.056308841920145306795240847812,-0.050761273331624666126413757864
0.772408412327860273877981767381,-0.048487505638179660491403941279
-0.344522546600364230343843961195,-0.042777778837475163211148000423
0.371577023807350736738896958373,-0.040504011144030157576138183838
-0.745353935120873767482928769798,-0.034794284343325660295882243348
-0.029254364713158800400187850635,-0.032520516649880654660872426398
0.686845205694556166682553068934,-0.030246748956435649025862609813
-0.430085753233668337539272659642,-0.024537022155731151745606668958
0.286013817174046629543468259926,-0.022263254462286146110596852373
-0.830917141754177874678357468245,-0.016553527661581648830340911882
-0.114817571346462907595616549081,-0.014279759968136643195331094933
0.601281999061252059487124370487,-0.012005992274691637560321278348
0.956185233930976547649788628103,-0.011718261962372957616970887019
-0.515648959866972444734701358089,-0.006296265473987140280065337492
0.200450610540742522348039561480,-0.004022497780542134645055520907
-0.200380777979767014791045247528,0.003960996713607368270210236533
0.515718792427947952291695672041,0.006234764407052373905220053118
-0.601212166500276551930130056535,0.011944491207756871185475993973
-0.956181950959538760462340737674,0.011983151099162272130936422696
0.114887403907438415152610863033,0.014218258901201876820485810558
0.831084177184704298424295425965,0.016404266969450904202517260657
-0.285943984613071121986473945974,0.022201753395351379735751567998
0.430155585794643845096266973594,0.024475521088796385370761384583
-0.686775373133580659125558754982,0.030185247889500882651017325438
0.029324197274134307957182164587,0.032459015582945888286027142024
0.745423767681849275039923084156,0.034732783276390893921036958608
-0.371507191246375229181902644421,0.040442510077095391201292899464
0.344592379161339737900838275148,0.042716277770540396836302716049
-0.772338579766884766320987453428,0.048426004571244894116558656904
-0.056239009359169799238246533860,0.050699772264689899751568473489
0.659860561048545167844494385709,0.052973539958134905386578290074
-0.457070397879679336377331342867,0.058683266758839402666834230929
0.906690534989418361152612514072,0.060420925102499097978300429294
0.259029172528035630705409576701,0.060957034452284408301844047514
-0.867980562604141235320173916475,0.065105713786260600499337315975
-0.141802215992473906433675232306,0.068940528946433911217109804954
0.574297354415241060649065687262,0.071214296639878916852119621539
-0.542633604512983443572760041314,0.076924023440583414132375562395
0.173465965894731523509980878255,0.079197791134028419767385378980
-0.227365422625778013629103930753,0.087181285628177922682651136420
0.488734147781936953453636988816,0.089455053321622928317660953005
-0.628196811146287550768188739760,0.095164780122327425597916893860
0.087902759261427416314552179808,0.097438547815772431232926710445
-0.951085148779028269913443188806,0.099320486421628049081910197225
0.804099532538693299586236742740,0.099624555884021458614958160544
-0.312928629259082120824532629199,0.105422042309921934148192467885
0.403170941148632846258208290369,0.107695810003366939783202284470
-0.713760017779591657963617438207,0.113405536804071437063458225326
0.002339552628123309119123481362,0.115679304497516442698468041911
0.718439123035838276201864400930,0.117953072190961448333477858495
-0.398491835892386228019961327646,0.123662798991665945613733799351
0.317607734515328739062779591922,0.125936566685110951248743615936
-0.799323224412895765159046136653,0.131646293485815448528999556791
-0.083223654005180798076305217085,0.133920061179260454164009373376
0.632875916402534169006435702484,0.136193828872705459799019189961
0.946175534582765112055141490704,0.138489627799607442370748166477
-0.484055042525690335215390026092,0.141903555673409957079275130816
0.232044527882024631867350893476,0.144177323366854962714284947401
-0.168786860638484905271733915532,0.152160817861004465629550704841
0.547312709769230061811007004037,0.154434585554449471264560521426
-0.883627071446245677361269156359,0.155026817626082791510019567717
-0.569618249158994442410818724539,0.160144312355153968544816462282
0.146481321248720524671922195029,0.162418080048598974179826278867
0.862678094525986407943606757961,0.164604088116848001561857728965
-0.254350067271789012467162613978,0.170401574542748477095092036307
0.461749503135925954615578305590,0.172675342236193482730101852892
-0.655181455792298549606247422985,0.178385069036897980010357793747
0.060918114615416417476493496583,0.180658836730342985645367610332
0.777114887892682300748178059515,0.182844844798592013027399060431
-0.339913273905093119662591312425,0.188642331224492488560633367772
0.376186296502621847420149607144,0.190916098917937494195643184357
-0.740744662425602656801676121432,0.196625825718641991475899125213
-0.024645092017887689718935201864,0.198899593412086997110908941798
0.691494930376430298039942203646,0.201186467025179222149615379196
-0.425476480538397226858020010871,0.206883087906236500026174699238
0.290623089869317740224720908697,0.209156855599681505661184515823
-0.110208298651191796914363900310,0.217140350093831008576450273263
0.605891271756523170168377019258,0.219414117787276014211460089848
-0.825048509458952569003899141138,0.220006349858909334456919136139
0.929558915717949688862961761792,0.224383024002095238556975119922
-0.511039687171701334053448709318,0.225123844587980511491716030703
0.205059883236013633029292210253,0.227397612281425517126725847297
-0.928093408024368112880412977396,0.230369584000945982500785950183
-0.195771505284495904109792598757,0.235381106775575020041991604728
0.520328065123219062972948320812,0.237654874469020025677001421314
-0.596602893805005441248877407764,0.243364601269724522957257362169
0.119496676602709525833863511804,0.245638368963169528592267178754
0.846061475661170984751427029049,0.250497484319335797748084682411
-0.281334711917800011305221297203,0.253621863457319031507532936194
0.434764858489914955777519622365,0.255895631150764037142542752779
-0.683175038991501214687151584204,0.262524732598550048045016760476
0.033933469969405418638434813358,0.263879125644913540057808510219
0.754218694525077260463653415914,0.267281518483486325868255433860
-0.366897918551104118500649995650,0.271862620139063042973074267659
0.349201651856610848582090923919,0.274136387832508048608084084244
-0.051629736663898688556993885089,0.282119882326657551523349841685
0.664469833743816278525747034480,0.284393650020102557158359658270
-0.452461125184408225696078694096,0.290103376820807054438615599125
0.263638445223306741386741251608,0.292377144514252060073996109192
-0.779301713735919711734085120718,0.294578584737389323913838725463
-0.869514846037075004523042962175,0.295349116233772525447685518605
-0.137192943297202795752422583535,0.300360639008401562988891173150
0.578906627110512171330318336033,0.302634406701846568623900989735
-0.538024331817712332891507392543,0.308344133502551065904156930590
0.178075238590002634191233527027,0.310617901195996071539166747184
0.901730345283683078684663531021,0.318265575299626856339367010956
-0.222756149930506902947851281982,0.318601395690145574454432504616
0.493343420477208064134889637588,0.320875163383590580089442321209
-0.623587538451016440086936090989,0.326584890184295077369698262056
0.092512031956698526995804828579,0.328858657877740083004708078641
0.813441367290277549765104743828,0.331674550437589004923858840966
-0.308319356563811010143279980428,0.336842152371889585919973836081
0.407780213843903956939460939140,0.339115920065334591554983652666
-0.708803620973176157385656917844,0.346384052117885850564144276235
0.006948825323394419800376130132,0.347099414559484094470249410106
0.723318451047514705400525982703,0.349128708335816855004925039263
-0.393882563197115117338708678875,0.355082909053633597385515167546
0.322217007210599849744111266829,0.357356676747078603020895677616
-0.078614381309909687395052568314,0.365340171241228105935790741572
0.637485095988865897344023123644,0.367614022871564197503208929301
-0.479445769830419224534137377322,0.373323665735377608851056499012
0.236653800592138607962172911450,0.375597433498447092244090638722
-0.788917518160984004119221021945,0.381534457678525385765471417614
-0.876397388911754475762194487973,0.382563897878137625643954453784
-0.164177587943213794590481266761,0.383580927922972117401332073037
0.551921889355561790148594425199,0.385854779553308208968750260775
-0.565008976463723331729566075768,0.391564422417121620316597830477
0.151090593943991635416802860192,0.393838190110566625972239387651
0.868872991191982428067504259891,0.399358541198447847876657003454
-0.249740794576517901785909965207,0.401821684604716128866873404503
0.466380463781068795584437984324,0.404197408709990209150199911809
0.065527387310687528221374161743,0.412078946792310637437780719107
0.782541123812714994701977310617,0.413521740289919534060528446369
-0.658534066062479245254268692698,0.417985444442173181679851350417
-0.335304001209822008981338663654,0.420062441286460140332414735968
0.380795586275917313347975245143,0.422336214517548229532350108914
-0.020035819322616579037682553093,0.430319703474054648882690309993
0.696333805829346776029816836321,0.432348997064862318908285453771
-0.420867207843126116176767362100,0.438303197968204151797956067434
0.295232379642613206152625572834,0.440576971199292240998262133866
-0.105599025955920686233111251539,0.448560460155798660348231641459
0.610691160925532522794850018806,0.450904112346882921451214195421
-0.506430414476430223372196060547,0.456543954649948163263497398899
0.209669173033580356183444732765,0.458817727994887153868700824292
-0.749996736881403360702635797210,0.459885975329960381460765157796
-0.837750330121983383858572395578,0.461058535088849457251877391837
-0.191162232589224793428539949986,0.466801216837542671813772972924
0.525061321863989432051449932728,0.469115199007733076816799049334
-0.591993621109734330621658853060,0.474784711331692174711517872816
0.124105966376004991931825619003,0.477058484562780263984141781926
-0.276725439222528900623968648432,0.485041973519286683279314304390
0.439411473334135664904325529639,0.487422771959238417562575261389
0.819481444392272609043457315094,0.492826218405443357044521012974
0.038542742664676529319687462129,0.495299235706881191829589878415
-0.362288645855833007819397346879,0.503282730201030694744855635855
-0.674453451628762570299746163062,0.504010793595129805752449075116
0.353822236794933160784180440163,0.505560165105541687978190174942
0.733973428815762254315098256956,0.511323969778606185842572964106
-0.047020463968627577875741236318,0.513539992388625203295131209880
-0.447851852489137115047201733419,0.521523486882774706239583407830
0.268253347513538860900262435469,0.523799079794751770917625774029
-0.132583670601931685071169934765,0.531780749070369214760672541346
0.583635357816940540825072914441,0.534102450414394652533660597078
-0.791194951245284731712972976398,0.537064305623662404843554754622
-0.533415059122441222264288837839,0.539764243564518717658417441238
0.182690140904506010893421699777,0.542039836590346683775855839233
-0.218146877235235792266598633211,0.550021505752113226226213872811
0.498068376441814131062414001756,0.552332795891634682499143866941
0.097121304651972797499558681873,0.560278767939704886220153392551
-0.303710083868539899462027331658,0.568262262433857237691755204277
0.663136918338249689971960553730,0.570622285862607192580475938758
0.412469326739168069574021577435,0.570710885899241426878213341594
0.011558098018665530481628778903,0.578519524621451746242030778302
-0.389273290501844006657456030104,0.586503019115601249157296535742
0.326831910196160213474444396372,0.588778611400745098943465080038
-0.653237092060645142009602959281,0.588885133771489567671618769397
-0.074005108614638576713799919543,0.596760281303195757707572109768
0.746250852578741945593138234936,0.597944131400715309956627557858
0.241268703758045472228133449705,0.607019368998077641330112623415
-0.738800348231005106475049956547,0.607125658084717031414560537370
-0.483799977921604018274408188327,0.611820688461074746974707109761
-0.159568315247942683909228617990,0.615001037984939769173113441233
-0.571010230308833708995327286000,0.618760386743549482995548850412
0.155699866895101828390947848074,0.625258299941897258820001647540
-0.245131521881246791104657316436,0.633241794666683780638654772698
0.471415369203406268066044165689,0.635659890757863295250774674313
0.605367607715428056269024071318,0.636322318464273626747374917285
0.070136660005961798661499998648,0.643499056854275440632594292438
-0.331707393731349214643954678209,0.652401684617106163594104127156
0.387494416875357353656695521569,0.660379544761295994249077472172
-0.015426546627341421523028167926,0.661739813536023612862861143848
0.688480405666993543098040829120,0.663643164858696594288345064657
-0.417773449717912374813613304836,0.669216551613946633444589870775
-0.680221962712222439515148482286,0.672105349402150649307319025926
0.300825764306649096741124154206,0.672309850525216063643234564202
-0.100989753260649575551858602768,0.679980570217766312120013009655
0.214278428968904646504521396843,0.690237832096735945774311442519
0.538113153743935186741905227082,0.692274315342780400552265888144
-0.186552959893953682747287301215,0.698221326899510323585554341120
-0.534927110269302074901813926479,0.698458542192147133555258164064
0.128715222170855037837145537304,0.708478588926996794403912861064
-0.272116166527257789942715999665,0.716462083581254335051095672584
0.624947355776712812168961034925,0.723787483836761217261691426674
0.043152015545545790631533663450,0.726719345829026209765794365276
-0.615950097646130005063312256334,0.731459497484842323272959239724
0.464164946688148264594862892497,0.739935022587078616712748441165
-0.373533054285874669864752005682,0.744692209582016193957305640568
-0.042411191273356467194488587370,0.744960102450592855066912577916
-0.461017089149767787462460437349,0.745267689928525333568257380361
0.376968666458812197837724121376,0.747229968547623509491752021392
0.272867313981627798084509051599,0.755208056712801336445128544956
-0.127974397906660574389917285997,0.763200859132336866532453909544
0.187293784322893647828652543777,0.773458121011306500239343302966
0.556183476564084325215330610514,0.777873678464661640733340323869
-0.213537604539964681585345984444,0.781441615814080877997995241006
-0.545194158426596491145074061997,0.785597634246897286339691258277
0.101752866990532269672911786096,0.791803120210930400309027563394
-0.304085459581951953514605148453,0.797897652193987483241341641366
0.016167370713939801358564050266,0.809939634683416549121055836792
0.330148329647882945193660520538,0.821334245004115369931691825923
0.482764323893740479635388389359,0.825449045566396409576709649072
-0.069395835919367466032547270595,0.828180391365163409479353477803
-0.471079097086270340666595291490,0.832173061051269205097529858691
-0.383620009415790506899283915816,0.834339975342007787662548912115
0.244585188516410321291978625604,0.839575308937224711454637026466
-0.154870291981481811017613733586,0.856596270928405450662483087703
-0.245506897594658845157235133231,0.862877184426814026188241209788
0.405304418417797092570403072887,0.866115377800248043825425412086
0.161644528023603276468321274508,0.867407563080807861532097801929
0.074500915974074035866336815814,0.875139213141255949121376405613
-0.325041447428497398541913900596,0.899319507574834330609448480537
0.306894026566509021801644756557,0.905672996013931065577000001017
-0.033826303312356464653861414741,0.908109083859253827485344684950
0.222838305076042328933883867275,0.929930432366793676741559425561
-0.197069229559634469647369845768,0.935730323336711811204895618698
0.127062533202110130147891465745,0.947777127606026699444283817560
-0.110726124065721502088746565376,0.949824849485649954516354685598
0.039756967420197730739307626744,0.955430218693445176738163575240
