0.000322049608675151558678265852,-0.957449261336707567199986554959
-0.091341872485292646304898659579,-0.953102420058167987713248075710
0.091985573390016851619251963733,-0.953040510722375213981170800552
-0.228369251813359860266079597467,-0.929836031575493527178657779495
0.228997207436658403232973272087,-0.929681579776682465175974849562
-0.309992873030547354822519200400,-0.905898437718115787205516199209
0.310604642677523456614020354537,-0.905688863096496254845105080970
-0.151644588245012207959436604118,-0.893110700527134881568693932849
0.152247757218484767531075495549,-0.893008076651186587588570992146
-0.042232243148199973925350916716,-0.883649786942777497379592512492
0.042829047196823427626341160578,-0.883621061913661975519841671909
-0.389169877588170134224262369896,-0.874811046551119308958552622543
0.389760632871011278064435101685,-0.874548003172978906962278468197
-0.246582983943259447839871922075,-0.846747621419877163549121236777
0.247154817819189982283445285772,-0.846580887087127521596276066758
-0.454224420323154623050142717455,-0.820008396890452846768525431702
0.454778147268354350593526917072,-0.819701428422326015172886142570
-0.326416635358506972943798998844,-0.817387579832774193796322640172
0.326968621365102158887306521991,-0.817166932850707592342094591098
-0.169858320374911795533228928726,-0.810022290371518517939157390130
-0.084797027090017357005529439254,-0.810004262924629441980695715722
0.000273525419373237275381462220,-0.809970186110745472586255827308
0.085344081541235002753690976348,-0.809946806591136355950090619110
0.170405367601016346581547509234,-0.809907383961631644008872209342
-0.535188637406367676941545365080,-0.793927379034739843038495088405
0.535724730864956579048422798683,-0.793565733590813383742404408051
-0.383749922507010016898413737849,-0.749849129948506714267668335257
0.384255559784661968277708645221,-0.749590145001269504792043109424
-0.603539306715728235029046927477,-0.743295275135631465890092324483
0.604041187854989131695375010054,-0.742887477458457157846030339127
-0.298538038734216109837429370181,-0.737024604585787804416383449477
-0.213476748389195833636054548853,-0.736995879547417416813220944436
0.213974463902802487713573985111,-0.736851530070698617429664310427
0.299035754247822763914948806438,-0.736822805032328229826501805419
-0.127343286711110615444203285135,-0.736348035350829496760308789374
-0.042281996366090339242828463807,-0.736319310312459109157146284349
0.042779293978929936958546357520,-0.736290585274088721553983779325
0.127840584323950213159921178848,-0.736261860235718333950821274301
-0.468998012270348748385198645911,-0.736239877020125246887494869433
0.469495158900192055340706259199,-0.735922949629046277454925004246
-0.518683960480262086776593689800,-0.667198364212471049576765812633
0.519134465405780799560920294392,-0.666847894870241460316751193184
-0.687986881239532505134460125103,-0.665899100489073613409206364400
0.688436470032082799868880636868,-0.665434284899434019636930049836
-0.425597955915980886987644645297,-0.663083475736810586734806235640
-0.340536665570960610786269823969,-0.663054750698440199131643730616
-0.255475375225940334584895002642,-0.663026025660069811528481225575
-0.170414084880920058383520181314,-0.662997300621699423925318720551
0.170861831855337676767129758310,-0.662882052378714803176725529686
0.255923122200357952968504579638,-0.662853327340344415573563024662
0.340984412545378229169879400966,-0.662824602301974027970400519654
0.426045702890398505371254222293,-0.662795877263603640367238014630
-0.084837518151553915761038389835,-0.662668434514172745728036741391
0.000223772193466360440336431493,-0.662639709475802358124874236366
0.085285062538486636641711252821,-0.662610984437431970521711731342
-0.603271615056360248337964185253,-0.658234401160206231885625963048
0.603716046462503677890504347636,-0.657826803681660858246795437420
-0.744371803133378926538581895917,-0.602211075529019250564666482343
0.744778364416896468926522489274,-0.601708192304499478277109799137
-0.553214768046464739707229392652,-0.589461324976894610908859197706
-0.468153477701444463505854571324,-0.589432599938524223305696692682
-0.383092187356424187304479749997,-0.589403874900153835702534187657
-0.298030897011403911103104928669,-0.589375149861783448099371682616
-0.212969606666383634901730107341,-0.589346424823413060496209177592
-0.127908316321363358700355286014,-0.589317699785042672893046672568
0.128306310069874100248919832283,-0.589231176580428439747615986727
0.213367600414894376450294653611,-0.589202451542058052144453481703
0.298428890759914652651669474938,-0.589173726503687664541290976679
0.383490181104934928853044296266,-0.589145001465317276938128471671
0.468551471449955205054419117593,-0.589116276426946889334965966647
0.553612761794975481255793938921,-0.589087551388576501731803461623
-0.042331749591997216077873494534,-0.588988833677515994695764693408
0.042729540753023060123501326793,-0.588960108639145607092602188384
-0.645827137050912253065204620259,-0.584583525482731292549608429455
0.646221815231292911394775338199,-0.584147202965710375787017933758
-0.794881775591607558260123495584,-0.533770103717123898772278365227
0.795242100583904346150853614205,-0.533233121860181641425526624834
-0.707209607475787583926358664023,-0.525697056197954383301552614261
0.707564499962037824810601322347,-0.525219289628208733954518886488
-0.595770290041016744434469827657,-0.515810449299419671572841664113
-0.510708999486908040024064497351,-0.515781724140237859876587149723
-0.425647709141887763822689676024,-0.515752999101867472273424644699
-0.340586418796867487621314854696,-0.515724274063497084670262139658
-0.255525128451847211419940033369,-0.515695549025126697067099634633
-0.170463838106826935218565212041,-0.515666823986756309463937129609
-0.085402547761806659017190390713,-0.515638098948385921860774624585
0.085750788284410523730709906256,-0.515580300782142076318506443768
0.170812078629430799932084727584,-0.515551575743771688715343938744
0.255873368974451076133459548911,-0.515522850705401301112181433720
0.340934659319471352334834370239,-0.515494125667030913509018928696
0.425995949664491628536209191566,-0.515465400628660525905856423688
0.511057240009511904737584012894,-0.515436675590290138302693918664
0.596118530563764714760064929484,-0.515407950672626019272025957961
0.000174018967559483605291400766,-0.515309232840859243663492645425
-0.839118148997269692553754381743,-0.461116354961794715102997285873
0.839429393835774330712550739717,-0.460549512598114073376000567308
-0.723387102171500597154054575027,-0.442188298539503695746894626187
-0.638325811826480320952679753699,-0.442159573501133308143732121163
-0.553264521481460044751304932357,-0.442130848462762920540569616130
-0.468203230927351340340899602051,-0.442102123303581108844315101740
-0.383141940582331064139524780723,-0.442073398265210721241152596699
-0.298080650237310787938149959396,-0.442044673226840333637990091675
-0.213019359892290511736775138068,-0.442015948188469946034827586650
-0.127958069547270235535400316741,-0.441987223150099558431665081626
-0.042896779202249959334025495413,-0.441958498111729170828502576602
0.043195266498946947212499980229,-0.441929424983855712889396900810
0.128256556843967223413874801556,-0.441900699945485325286234395785
0.213317847188987499615249622884,-0.441871974907114937683071890761
0.298379137534007775816624444212,-0.441843249868744550079909385737
0.383440427879028052017999265539,-0.441814524830374162476746880713
0.468501718224048328219374086867,-0.441785799792003774873584375705
0.553563008778301138241855003457,-0.441757074874339655842916415002
0.638624299123321414443229824799,-0.441728349835969268239753909986
0.723685589468341690644604646126,-0.441699624797598880636591404962
-0.791199101630074459004137819527,-0.390836992132382490878960644187
0.791462890985506485372569652581,-0.390302530139058113525583125981
-0.878018175154036486098400603039,-0.378770588679330185068661039761
0.878273431636295314425088056983,-0.378178336280847963688669534953
0.000124468329137504273183084050,-0.368578690254725640054406831987
-0.680881333611943897470889679726,-0.368508697702846944714622578204
-0.595820043266923621269514858399,-0.368479972664476557111460073180
-0.510758752921903345068140037057,-0.368451247626106169508297568147
-0.425697462367794640657734706765,-0.368422522466924357812043053748
-0.340636172022774364456359885423,-0.368393797428553970208880548716
-0.255574881677754088254985064095,-0.368365072390183582605718043692
-0.170513591332733812053610242768,-0.368336347351813195002555538667
-0.085452300987713535852235421440,-0.368307622313442807399393033643
0.085701035058503646895664875529,-0.368249824147198961857124852827
0.170762325403523923097039696857,-0.368221099108828574253962347802
0.255823615748544199298414518184,-0.368192374070458186650799842778
0.340884906093564475499789339512,-0.368163649032087799047637337754
0.425946196438584751701164160854,-0.368134923993717411444474832738
0.511007486992837561723645077429,-0.368106199076053292413806872043
0.596068777337857837925019898772,-0.368077474037682904810644367027
0.681130067682878114126394720099,-0.368048748999312517207481862003
-0.807573378419998091590092889163,-0.307366596183311797272652727324
0.807780788453294802958739683173,-0.306821094103742952855924362197
-0.906494019966298975233142268635,-0.297636590124728947285882737040
0.906696270583051779427891710131,-0.297026855965397644948157489927
-0.042431053456326072245026841978,-0.294927814456439276625297289028
0.042630236888694203956347979350,-0.294899089418068889022134784004
-0.723436855397407473989099605754,-0.294857821904560581285513035245
-0.638375565052387197787724784426,-0.294829096866190193682350530221
-0.553314274707366921586349963098,-0.294800371827819806079188025197
-0.468252984362346645384975141771,-0.294771646789449418476025520156
-0.383191693808237940974569811464,-0.294742921630267606779771005765
-0.298130403463217664773194990123,-0.294714196591897219176608500733
-0.213069113118197388571820168795,-0.294685471553526831573445995709
-0.128007822773177112370445347467,-0.294656746515156443970283490684
0.128206803618060346578829770830,-0.294570223310542210824852804844
0.213268093963080622780204592157,-0.294541498272171823221690299819
0.298329384308100898981579413485,-0.294512773233801435618527794795
0.383390674653121175182954234826,-0.294484048195431048015365289779
0.468451965207373985205435151417,-0.294455323277766928984697329076
0.553513255552394261406809972744,-0.294426598239396541381534824069
0.638574545897414537608184794072,-0.294397873201026153778372319044
0.723635836242434813809559615400,-0.294369148162655766175209814020
-0.850128900205461668108302815191,-0.233715720385025433843543184366
0.850286557012851502641904578473,-0.233141493267086201823652314214
-0.084986575241789648763236768005,-0.221276938658152913196187746069
0.000074715103230627438138053323,-0.221248213619782525593025241045
0.085136005448250903639512874650,-0.221219488581412137989862736021
-0.765992377182871050507309531781,-0.221206946106274217856403492286
-0.680931086837850774305934710453,-0.221178221067903830253240987262
-0.595869796492830498104559889126,-0.221149496029533442650078482238
-0.510808506147810221903185067798,-0.221120770991163055046915977197
-0.425747215802789945701810246470,-0.221092045952792667443753472173
-0.340685925248681241291404916164,-0.221063320793610855747498957782
-0.255624634903660965090030094822,-0.221034595755240468144336452750
-0.170563344558640688888655273495,-0.221005870716870080541173947726
0.170712572177617046261994666130,-0.220890622473885459792580756861
0.255773862522637322463369487458,-0.220861897435515072189418251836
0.340835152867657598664744308799,-0.220833172397144684586255746820
0.425896443421910408687225225390,-0.220804447479480565555587786117
0.510957733766930684888600046717,-0.220775722441110177952425281093
0.596019024111950961089974868045,-0.220746997402739790349262776086
0.681080314456971237291349689372,-0.220718272364369402746100271061
0.766141604801991513492724510700,-0.220689547325999015142937766037
-0.933062173170911396298833797844,-0.214808151119626079338032168661
0.933207040962834097741499217807,-0.214177915498417445629941219097
-0.813503180104080905314465614386,-0.150372902955121616714441368655
0.813165759124060945174702619447,-0.149601296727389940836638439174
-0.127542097027253225281446694032,-0.147626062859866549767078203111
-0.042480806682232949080071872704,-0.147597337821496162163915698086
0.042580483662787327121302948623,-0.147568612783125774560753193062
0.127641774007807603322677769951,-0.147539887744755386957590688038
-0.723486608623314350824144636495,-0.147527345269617466824131444295
-0.638425318278294074622769815167,-0.147498620231247079220968939271
-0.553364027933273798421394993840,-0.147469895192876691617806434247
-0.468302737588253522220020172498,-0.147441170154506304014643929214
-0.383241447243233246018645351170,-0.147412445116135916411481424190
-0.298180156689124541608240020863,-0.147383719956954104715226909799
-0.213118866344104265406865199522,-0.147354994918583717112064404767
0.213218340737173745945159561430,-0.147211021637228708760308708878
0.298279631082194022146534382771,-0.147182296598858321157146203861
0.383340921636446832169015299362,-0.147153571681194202126478243159
0.468402211981467108370390120690,-0.147124846642823814523315738134
0.553463502326487384571764942032,-0.147096121604453426920153233118
0.638524792671507660773139763360,-0.147067396566083039316990728094
0.723586083016527936974514584687,-0.147038671527712651713828223070
-0.913127171205806558234295936778,-0.132115832026865503382392988224
0.913216193467681540461076994170,-0.131499079290393679293799841914
-0.170097618812716801799656620059,-0.073975187061580186337968660152
-0.085036328467696525598281798732,-0.073946462023209798734806155128
0.000024961877323750603093022596,-0.073917736984839411131643650103
-0.851103420753798203543729383850,-0.073905194509701490998184406361
0.085086252222344026804467843924,-0.073889011946469023528481145079
-0.766042130408777927342354562522,-0.073876469471331103395021901336
0.170147542567364303005842665251,-0.073860286908098635925318640055
-0.680980840063757651140979741195,-0.073847744432960715791859396312
-0.595919549718737374939604919867,-0.073819019394590328188696891288
-0.510858259373717098738230098539,-0.073790294356219940585534386264
-0.425796969028696822536855277197,-0.073761569317849552982371881231
-0.340735678683676546335480455870,-0.073732844279479165379209376207
-0.255674388129567841925075125562,-0.073704119120297353682954861816
0.255724109296730445628324456744,-0.073531420800571957728036660902
0.340785399850983255650805373335,-0.073502695882907838697368700200
0.425846690196003531852180194663,-0.073473970844537451094206195176
0.510907980541023808053555016005,-0.073445245806167063491043690160
0.595969270886044084254929837332,-0.073416520767796675887881185136
0.681030561231064360456304658660,-0.073387795729426288284718680111
0.766091851576084636657679479988,-0.073359070691055900681556175087
0.851153141921104912859054301315,-0.073330345652685513078393670063
-0.955682692991270134752505862805,-0.058464956228579139953283445265
0.955721962027238240144241889470,-0.057819478453736928261527793931
-0.212653140598180378317866546100,-0.000324311263293822908859117201
-0.127591850253160102116491724759,-0.000295586224923435305696612169
-0.042530559908139825915116903431,-0.000266861186553047702534107145
-0.893658942539261780061939309877,-0.000254318711415127569074863402
0.042530730436880450286257917896,-0.000238136148182660099371602120
-0.808597652194241503860564488549,-0.000225593673044739965912358378
0.127592020781900726487632739224,-0.000209411109812272496209097096
-0.723536361849221227659189667222,-0.000196868634674352362749853353
0.212653311126921002689007560565,-0.000180686071441884893046592080
-0.638475071504200951457814845894,-0.000168143596303964759587348329
-0.553413781159180675256440024567,-0.000139418557933577156424843305
-0.468352490814160399055065203239,-0.000110693519563189553262338281
-0.383291200469140122853690381897,-0.000081968481192801950099833248
-0.298229910124119846652315560569,-0.000053243442822414346937328224
0.298229878065519679132595447308,0.000148179915378524731740842759
0.383291168410539955333970268636,0.000176904953748912334903347783
0.468352458755560231535345089978,0.000205629992119299938065852799
0.553413749100580507736719911305,0.000234355030489687541228357823
0.638475039445600783938094732633,0.000263080068860075144390862847
0.723536329790621060139469553960,0.000291805107230462747553367872
0.808597620135641336340844375288,0.000320530145600850350715872896
0.893658910480661612542219196616,0.000349255183971237953878377920
-0.955715814271639707999667916439,0.057921007768793492812648263615
0.955676476664384906051169332159,0.058566481371201852551546073459
-0.255208662592732383045106981107,0.073326564414181116427158416391
-0.170147372038623678634701650799,0.073355289573362928123412930782
-0.085086081693603402433326829458,0.073384014611733315726575435814
-0.000024791348583126231952008131,0.073412739650103703329737940838
-0.851153173979705080378774414577,0.073425282125241623463197184581
0.085036498996437149969422813197,0.073441464688474090932900445863
-0.766091883634684804177399593249,0.073454007163612011066359689605
0.170097789341457426170797634538,0.073470189726844478536062950879
-0.681030593289664527976024771921,0.073482732201982398669522194630
0.255159079895710236193278551129,0.073498914644508597566730911582
-0.595969302944644251774649950594,0.073511457240352786272684699654
-0.510908012599623975573275129266,0.073540182278723173875847204678
-0.425846722254603699371900307939,0.073568907317093561479009709702
-0.340785431909583423170525486597,0.073597632355463949082172214735
0.340735646625076378815760342608,0.073827780752035275764012890742
0.425796936970096655017135163951,0.073856505790405663367175395758
0.510858227315116931218509985278,0.073885230828776050970337900782
0.595919517660137207419884806606,0.073913955867146438573500405806
0.680980808005157483621259627933,0.073942680905516826176662910830
0.766042098350177759822634449261,0.073971405943887213779825415855
0.851103388695198036024009270588,0.074000130982257601382987920879
-0.913210045712083008316503021139,0.131600608605450243844920311598
0.913120954878921329532959406131,0.132217357169488215980655616418
-0.297764184378195959563316907134,0.146977440212467479856267959350
-0.212702894033175683361942085806,0.147006165250837867459430464374
-0.127641603479066978951536755498,0.147034890410019679155684978766
-0.042580313134046702750161934158,0.147063615448390066758847483797
0.042480977210973573451212887170,0.147092340486760454362009988821
0.127542267555993849652587708510,0.147121065525130841965172493838
-0.723586115075128104494234697949,0.147133608000268762098631737588
0.212603558110246659675068625102,0.147149790442794960995840454540
-0.638524824730107828292859876621,0.147162333038639149701794242613
0.297664848455266935876443446429,0.147178515481165348599002959565
-0.553463534385087552091485055293,0.147191058077009537304956747637
-0.468402244040067275890110233966,0.147219783115379924908119252661
-0.383340953695046999688735412638,0.147248508153750312511281757685
0.383241415184633078498925237923,0.147507381588692026796284938716
0.468302705529653354700300059251,0.147536106627062414399447443741
0.553363995874673630901674880578,0.147564831665432802002609948765
0.638425286219693907103049701906,0.147593556703803189605772453789
0.723486576564714183304424523234,0.147622281742173577208934958813
-0.813547634762744032752748682881,0.149932137857666719809229232566
0.813362012151845412318441784592,0.150389332848208905445380375253
-0.933182725205375539380352780625,0.214283835526911654859950801446
0.933037785880320892789644811477,0.214914054704210594453190964345
-0.340319706163659536081526833176,0.220628316010753843285377502300
-0.255258415818639259880152011834,0.220657041049124230888540007333
-0.170197125473618983678777190506,0.220685766087494618491702512357
-0.085135834919510279268371860197,0.220714491246676430187957026749
-0.000074544574490003066997038858,0.220743216285046817791119531780
0.084986745770530273134377782481,0.220771941323417205394282036798
-0.766141636860591681012444623976,0.220784483798555125527741280547
0.170048036324783083156858699074,0.220800666241081324424949997499
-0.681080346515571404811069802648,0.220813208836925513130903785571
0.255109326669803359358233520402,0.220829391279451712028112502523
-0.596019056170551128609694981321,0.220841933875295900734066290596
0.340170617014823635559608341744,0.220858116317822099631275007539
-0.510957765825530852408320159993,0.220870658913666288337228795620
-0.425896475480510576206945338665,0.220899383952036675940391300644
0.425747183744189778182090133224,0.221186982425348777828556986699
0.510808474089210054383464954551,0.221215707463719165431719491724
0.595869764434230330584839775879,0.221244432502089553034881996748
0.680931054779250606786214597206,0.221273157540459940638044501772
0.765992345124270882987589418534,0.221301882578830328241207006796
-0.850276027296443635661739702799,0.233307593886520182602724054821
0.850118258308719374322140296477,0.233881813865220748544207181099
-0.382875227949123112599736759203,0.294279191809040206714487045259
-0.297813937604102836398361937875,0.294307916847410594317649550283
-0.212752647259082560196987116533,0.294336641885780981920812055316
-0.127691356914062283995612295206,0.294365366924151369523974560340
-0.042630066359953579585206964895,0.294394092083333181220229074733
0.042431223985066696616167856453,0.294422817121703568823391579757
0.127492514539319506638648773047,0.294451542039367687854059540458
-0.723635868301034981329279728675,0.294464084635211876560013328530
0.212553804884339782840023594375,0.294480267077738075457222045482
-0.638574577956014705127904907348,0.294492809673582264163175833554
0.297615095229360059041398415717,0.294508992116108463060384550498
-0.553513287610994428926530086020,0.294521534711952651766338338579
0.382676385574380335242773237045,0.294537717154478850663547055522
-0.468451997265974152725155264693,0.294550259750323039369500843603
0.468252952303746477865255028524,0.294866583262005528860829034682
0.553314242648766754066629849852,0.294895308300375916463991539707
0.638375532993787030268004671179,0.294924033338746304067154044731
0.723436823338807306469379492507,0.294952758377116691670316549755
-0.906689983494224925720883265534,0.297019590149131378557208521469
0.906492604635005948589647419805,0.297634187761927101251344664235
-0.807770258736886935978574807499,0.306987194723176933634996102804
0.807562736523255797803930370449,0.307532689663507111973316724058
-0.425430749734586689117946685230,0.367930067607326570143596588218
-0.340369459389566412916571863902,0.367958792645696957746759093242
-0.255308169044546136715197042575,0.367987517684067345349921598266
-0.170246878699525860513822221233,0.368016242722437732953084103299
-0.085185588354505584312447399905,0.368044967760808120556246608323
-0.000124297800396879902042069584,0.368073692919989932252501122711
0.084936992753855930120438847020,0.368102417837654051283169083417
0.169998283098876206321813668348,0.368131142876024438886331588441
-0.681130099741478281646114833375,0.368143685471868627592285376513
0.255059573443896482523188489690,0.368159867914394826489494093457
-0.596068809396458005444740012047,0.368172410510239015195447881537
0.340120863788916758724563311017,0.368188592952765214092656598481
-0.511007519051437729243365190720,0.368201135548609402798610386561
0.425182154133937034925938132345,0.368217317991135601695819103505
0.510758720863303177548419923824,0.368546184098662279893101082665
0.595820011208323453749794745152,0.368574909137032667496263587690
0.680881301553343729951169566480,0.368603634175403055099426092714
-0.878273431636295314425088056983,0.378178336280847963688669534953
0.878018175154036486098400603039,0.378770588679330185068661039761
-0.791631939673593063975257859067,0.390503532035699174301656940574
0.791368014529072924819107984179,0.391038108169247196364377876613
-0.467986271520050265636156611257,0.441580943405612933572706131177
-0.382924981175029989434781789930,0.441609668443983321175868636201
-0.297863690830009713233406968602,0.441638393482353708779031141225
-0.212802400484989437032032147274,0.441667118520724096382193646249
-0.127741110139969160830657325932,0.441695843559094483985356151282
-0.042679819794948884629282504595,0.441724568597464871588518656301
0.042381470968392353602228920983,0.441753293635940414712278626370
-0.723747361375423552935876068594,0.441758853413750859397843159955
0.127442761313412629803603742320,0.441782018674310802315441131400
0.212504051658432906004978563663,0.441810743712681189918603636415
0.297565342003453182206353384990,0.441839468751051577521766141440
-0.553563040836901305761575116747,0.441852011346895766227719929520
-0.638675934020649281788136805962,0.441853031916102257941688060252
0.382626632348473458407728206318,0.441868193789421965124928646464
0.467687922693493734609103027645,0.441896918827792352728091151488
0.553264489422859877231584819125,0.442225784935319030925373130648
0.723448834060330030963613546205,0.442247568864923369988351678920
0.638377273199123866022851708262,0.442284238909290404514859667075
-0.839153276028907645777857677165,0.461052426649950400411132727641
0.838841691574170496684143253482,0.461619082433601502715000278486
-0.510541793305513842154366537284,0.515231819203899297001815674135
-0.425480502960493565952991715957,0.515260544242269684604978179160
-0.340419212615473289751616894629,0.515289269280640072208140684184
-0.255357922270453013550242073302,0.515317994319010459811303189208
-0.170296631925432737348867251974,0.515346719357380847414465694232
-0.085235341580412461147492430625,0.515375444395751235017628199261
-0.000174051026159651125011514027,0.515404169313415354048296159960
0.084887239527949053285393816286,0.515432894472597165744550674354
0.169948529872969329486768637635,0.515461619510967553347713179374
0.255009820217989605688143458963,0.515490344549337940950875684398
-0.596118604304401310358309825749,0.515502863061259857647817621651
0.340071110563009881889518280290,0.515519069587708328554038189423
0.425132400908030158090893101618,0.515547794626078716157200694447
0.510193691253050434292267922946,0.515576519664449103760363199471
0.595770299536507614131490356692,0.515905361799401188891517181604
-0.707899642562885930446518223526,0.525330820895236002231208745826
0.707544674687899875232965937367,0.525808813799067398536863444816
-0.794922437769888580112968463522,0.533709545277048215617323971454
0.794561791060922511698016740210,0.534246311148626350995807367328
-0.646409571108517944055824006555,0.584104922783945355319683377422
0.646014921435693364524690855273,0.584541372103727100782420870916
-0.553097356773013846751101246287,0.588882670918263388421913366267
-0.468036066444263877481525238994,0.588911444096328799132385319810
-0.382974734400936866269826820656,0.588940145078926435637250227143
-0.297913444055916590068451999329,0.588968870117296823240412732167
-0.212852153710896313867077178001,0.588997595155667210843575237191
-0.127790863365876037665702356672,0.589026320194037598446737742214
-0.042729572811623227643221440055,0.589055045111701717477405702919
0.042331717533397048558153381273,0.589083770150072105080568207943
0.127393008087505752968558711606,0.589112495309253916776822722332
0.212454298432526029169933532936,0.589141220347624304379985227357
0.297515588777546305371308354263,0.589169945385994691983147732381
0.382576879122566581572683175591,0.589198670424365079586310237406
0.467638211005490957562449513539,0.589227419463377881767884889937
0.552699501366698171192173460513,0.589256096528531261726507250426
-0.744417679532335190865798849101,0.602154364917792043867999089503
0.744010816970858240757747653768,0.602657004456276141204398010265
-0.603388323577130480448615427093,0.657484730640948886093779122038
0.602944123265883921585373959094,0.657892106832857173617410939738
-0.425530256186400442788036746684,0.662591020877212799066359770101
-0.340468965841380166586661925356,0.662619745915583186669522275126
-0.255407675496359890385287104028,0.662648470953953574272684780150
-0.170346385151339614183912282701,0.662677195992323961875847285174
-0.085285094597086804161431366096,0.662705920909988080906515245869
-0.000223804252066527960056544754,0.662734645948358468509677750902
0.084837486092953748241318276588,0.662763370986728856112840255917
0.169898776647062452651723606908,0.662792096145910667809094770316
0.254960066992082728853098428236,0.662820821184281055412257275340
0.340021357337103005054473249564,0.662849546222651443015419780364
0.425082647682123281255848070891,0.662878271261021830618582285389
-0.688037609779994675120191847512,0.665846685294811494190611199764
0.687587742526029108046361612903,0.666311231421034252988505490085
-0.518831713703289280342257703937,0.666736955612851044958999918675
0.518381283778334306857724972549,0.667087220648933005737840165817
-0.469024823330398551308685325493,0.735691271008412139993180130948
0.468527833166809576069933737447,0.736007880848991547289810396223
-0.127840616382550380679641292124,0.736356796708274444335624788828
-0.042779326037530104478266470796,0.736385521746644831938787293852
0.042281964307490171723108350561,0.736414246785015219541949798876
0.127343254652510447924483171888,0.736442971823385607145112303900
-0.299069278095167556165614635551,0.736926473705223893390700196132
-0.214007987750147279964239814223,0.736955198743594280993862701156
0.213510202209386433827116260302,0.737099570835738318361703510094
0.298571492554406710028491081630,0.737128295874108705964866015118
-0.604469322337150082309492327871,0.742539156639649889156178675768
0.603967676382273312838185022608,0.742947243534326289557653369149
-0.384255559784661968277708645221,0.749590145001269504792043109424
0.383749922507010016898413737849,0.749849129948506714267668335257
-0.536182089997840666061107840531,0.793256785130391086957619213102
0.535646205126903855846896288802,0.793618739523584333896905296286
-0.170414976140526219183414501000,0.809996784700438841081652695158
-0.085353695927237366389422163608,0.810047269985654799803615443772
-0.000273557477973404795101575481,0.810065122583301582971059341826
0.084806573623814253959534113206,0.810104732789812043860904871095
0.169867868533892914754891887716,0.810111697579482424869018739902
-0.327187518067281267509824978370,0.817205913919753888283753396357
0.326635505681438051123380172111,0.817426708731982065098649994574
-0.455316045522502730962859383843,0.819640620924307332144723334123
0.454762359588619077966859065284,0.819947952789965057058734192197
-0.247293014767049291273037926180,0.846399959249185212172126916625
0.246721303058364113097562553549,0.846566786964649038535597725582
-0.390188925199308465451344829089,0.874356999995805160088002907078
0.389598298814305616390215097650,0.874620332687764006829961709769
-0.042829079271003406514065111474,0.883715998377216061218670136445
0.042232211074013918658079857465,0.883744723424325107852269412959
-0.152574483930569563634960910694,0.893166134691851813092953405293
0.151971208124812728239447435718,0.893268979199853655291737303318
-0.311048196775753472819444842984,0.905536625472657570954652331057
0.310436529840768283082285868706,0.905746499706334909786432600116
-0.229452522557092635724584335874,0.929569309240598184183427626759
0.228824642649283926582118101551,0.929724068585020268958316288998
-0.092140435462257809979582040480,0.953025551043979861727046477835
0.091496744622157899408351754634,0.953087564976798750924049124698
-0.000324021501765436359838609776,0.957448373732489289111236176115
