-0.008909438249380059446416382234,-0.959482789104040747854274787356
0.071998420118550207988015461626,-0.956819119884851274665144403368
0.159052723097945764664121632910,-0.946249878178019551130297796919
-0.161965695037194177919800885521,-0.945755631391062489673462067625
0.244109876231309100312688773108,-0.927901895535451522518579257716
-0.083160981256847930093818825873,-0.927235540532969286299714377400
-0.247895576084135892543734034461,-0.926948965172680390848265533900
0.326952531837646968957082114052,-0.902102345968427850867296043026
0.026416153092114324532721104013,-0.886645441021013601821230268844
0.107324011460044591967152947872,-0.883981771801824128632099884856
-0.385690708620422122568625994974,-0.878595059148789711347056201098
0.187114129246332197793676703454,-0.870317446606459686166067884686
-0.190400463339103113809281364198,-0.869962223821465276935468103532
-0.305219317256951625105213162969,-0.869789841864617384500318867361
0.408427968096118142707752049742,-0.868258714643086638471659723259
-0.109058178860316986992058467858,-0.850538005789789973391003528184
0.265361694210692717069345566329,-0.849569066994005574718911013955
-0.458376102753576178415053347637,-0.842957857251020363403593157191
0.480161178677399837933235062369,-0.830741742762405528620168152219
-0.030895055351216720764759922522,-0.829473751644545273082178305935
0.341652267160114455675553234113,-0.822496476455911859818330777735
-0.247724204511918846370760492706,-0.812803100513402270587521436993
0.047268068157000717390677344000,-0.808409497496024662829586267281
0.128176453205965951383149990665,-0.805761874380341419147445872906
-0.165829044904039022557392580668,-0.792829726937964132357082016734
0.207966570992253557209673746247,-0.792097549184976976681413872736
-0.396415765185288389581126951786,-0.790860894508077565388569807712
0.413385477741396150901036246744,-0.784979504575230749966839206709
-0.498686678128232969525766414360,-0.772756474128189836361122356138
-0.317676954487447835040905614777,-0.772062586890529886246762298117
-0.087665921394938756330094035333,-0.771765472792719432048256794485
0.284357206144836639960874527378,-0.765308604816464449017303920384
0.527634626378206820502038247115,-0.765171563238531526368955650119
-0.579260775322732153979491112178,-0.764946766023163124859228835183
-0.009502797669126467790313120728,-0.750701218430138581182582967533
0.605797749807444470342627613954,-0.744107308796940634153596304220
-0.223152786076854755118871709177,-0.735670603629901126009135350195
0.068705256151352612432218563283,-0.729732915614357385015479069863
0.356090416726118335186357540008,-0.727791632935783339165812349359
0.149641501909780438838069854778,-0.727707865107676935163157793714
-0.436726440693090592528991042458,-0.720659394974219002140952281020
-0.144989662351042466579090794572,-0.714606349267320275143461523243
0.227961300776501386130185556258,-0.707233838027722745644431364383
0.434262868337412725729152822538,-0.706762023132599679052033363631
-0.650883241874786251526145815153,-0.705008940456330063095545858863
-0.357987593481584211827146414923,-0.701861240298895811999455927460
-0.066826538841942200351792249237,-0.693542095122075574834636300994
0.667748506071545823922674489183,-0.689056262808783547882360264302
0.512416650528378404260614020005,-0.685663136701287309888249861139
-0.572634032711009900663796909082,-0.684266762541802851772501964196
-0.280476527249670487680350837671,-0.678511480321838119661188683642
0.011336584587295449488797117602,-0.672477840680484682619276955095
0.299763512794671387878440415789,-0.669649939007141496686063703487
0.590579773957616054101203386843,-0.664598882259696417672890515240
-0.494206053811343851400382334387,-0.663458743006193822897010601372
-0.202313403523858199140569923081,-0.657447225959257268795514856704
0.089499708016533099329386484441,-0.651413586238893790403917609196
0.170428076680478137862016953041,-0.649470438074980396227354095820
0.377935874319196626316139990229,-0.648619934492803177275694669790
-0.707994892670395095461886501089,-0.647634026769304625612659403873
-0.415963649936228392871342457281,-0.642415652736381995279466002915
-0.124150279798045910600789008473,-0.636382971596676417929841029753
0.723453606772218989222674436699,-0.630318554006667480967797555509
0.456089759653146687559619149466,-0.627521430123959712255345011689
-0.629753182265230945175894343005,-0.626863580643408600607770596455
-0.337800268205774197929347596910,-0.621352356796438962756393412403
-0.045987156368808260760199641635,-0.615318717155085525714481683854
0.242439771621855655316961287280,-0.612490815699078490338117036948
0.534252883082384337400208516305,-0.606457175682368820039985665790
-0.551503973101454594313545436933,-0.606121402728881389284726701788
-0.259637144696673931702049051575,-0.600288102651194262447568190151
0.032175967060429389080389725204,-0.594254462713494633499122337955
0.320602895051093305157550654119,-0.591426561257487598122757691049
0.623492942015065150991777538479,-0.588045423959284459772384093459
-0.473287390892332103120339216518,-0.585256529210982838374670731674
-0.181474020970861643162268136982,-0.579223848288613411581894363214
-0.768081509817343268606913102438,-0.575097726437428256468466808990
0.110339090503602494578820553210,-0.573190208323614032868628085927
0.398766018480330954998140020958,-0.570362306815896705907398345150
-0.687333161520883912703275258636,-0.569363537149655250670772010566
-0.395124267383231836893040671183,-0.564192275065738138065845509425
-0.103310897541623993321678770143,-0.558159593847022519366535017315
0.780949653177812946665548446863,-0.557497398329964837876596284633
0.700119270139313746560090950730,-0.552802843255255430984500080900
0.188502213918904688761568458881,-0.552125953830312849068403646157
0.476929141909568604838729387796,-0.549298052374305813692038999251
-0.609091451115719762417283100552,-0.548593091023759225665883203147
-0.316960885652777641951045810812,-0.543128979125795105542772918910
-0.025147774112386343481089403305,-0.537095339405431627151175671416
0.266665337348142338602157825720,-0.531061699388721956853044300258
0.555092265338806254679318754635,-0.528233797932714921476679653352
-0.530842241951943411554934194480,-0.527850913109232014342839308480
-0.238797762143677375723747265477,-0.522064724980550405233947696661
0.053015349316851306359499963534,-0.516031084963840734935816325517
0.344828460777379988442747192558,-0.509997444947131064637684954359
0.633255388768043904519908121474,-0.507169543491124029261320307453
-0.452638588287543184284904769484,-0.506937634243093826647080778554
-0.160634638714439725883157898638,-0.501000470538959513018588350762
0.131178472746088956200089330373,-0.494966830522249842720456979618
-0.777377124538534539716813514728,-0.494681507760164567416997809632
-0.666493802972761256141683133705,-0.491140153083909869370506493295
0.825398460160957240563418072811,-0.489289262748232943758476044207
0.422991584206617638283336559397,-0.488933190505540172422325608459
-0.374462428396963683395726182613,-0.485921813912760058405992988913
0.744553373840797994585717509190,-0.485136107648754764616516378192
-0.082471515285202076042568531799,-0.479936216097368620803229004863
0.209341596175326606040678697211,-0.473902576080658950505097633719
-0.588252092567597105855690975621,-0.470369706958013844365617685876
0.501154707635855288123925926236,-0.467868936063949280206966262560
-0.296299046666509488453731322243,-0.464858517972817025882920398398
-0.004308391855964426201979164961,-0.458871961655777728587869658964
0.287504719604564255881268064050,-0.452838321639068058289738287820
-0.846286778396720835852052845965,-0.452200496890138513297604300575
-0.510002883403820754993342069549,-0.449627529043486633042573791209
0.579317831065092937964515293074,-0.446804681622358387991606916661
-0.218135923157409222226432776907,-0.443794263827572325574095176149
0.073854731573273223638610201878,-0.437807707214186836372510313065
-0.723817544145576988703162262213,-0.433981029775846863022559826756
0.365667843033801905721857430889,-0.431774067197477166074378941921
0.658544182782843244504802365235,-0.429965846632740443048152878681
-0.431804389853216792761850635307,-0.428694963844484581915977981705
-0.139972799728171572385843410068,-0.422730009385981433358735830250
0.152017855002510873479199568717,-0.416743452772595944157150967166
-0.645654420716339338862572895375,-0.412916775334255970807200480857
0.443830966463039555562446797727,-0.410709812755886273859019596021
0.816489164243727483623394590373,-0.408829327838654782702847890878
-0.353623046140541766116615944283,-0.407698436163106159842686976475
0.735644077923568237645694026752,-0.404676172739176603560888224863
-0.061809676298933922545254043230,-0.401665754944390541143376484351
0.230180978431748523319788935555,-0.395679198331005051941791621267
-0.567412710311175188576580737290,-0.392146329208359945802311673438
0.521994089892277205403036164566,-0.389645558314295381643660250122
-0.794143863400206747872223363610,-0.388512276712037105177931025088
-0.275459664410087571174621083913,-0.386635140223163127319614385958
0.016353447130303727295335323609,-0.380601500502799648928017138452
-0.881391582667166388125791075749,-0.379256481395184926443983105549
0.308344101860986173160378302394,-0.374614943889414159726432275368
-0.489163501147398837714231831219,-0.371404151293832734479267778771
0.600157213321514855243625531405,-0.368581303872704489428300904223
0.886249781457192131215652861908,-0.367760690590862141061297158557
-0.197296540900987304947322538577,-0.365570886077918427010789163711
0.094516570559541377135924690448,-0.359537246061208756712657792553
-0.702978161889155071424052023883,-0.355757652026192964459253814318
0.386507225290223823000967669233,-0.353550689447823267511072929469
-0.410965007596794875482740396977,-0.350471586094830683352671969267
0.678320336750752505084214898243,-0.347517049431113597212941558324
-0.119133417471749655106733171738,-0.344506631636327534795429817812
0.172679693988779026976514057286,-0.338472991619617864497298446654
-0.624815038459917421583462657044,-0.334693397584602072243894468419
0.464670348719461472841557036071,-0.332486435006232375295713583570
-0.332783663884119848837505705952,-0.329475058413452261279380964037
0.756483460179990154924804265082,-0.326452794989522704997582212425
-0.040970294042512005266143804899,-0.323442377194736642580070471913
0.250842817418016676817103424125,-0.317408737178026972281939100755
-0.546573328054753271297470498960,-0.313922951458706047239005661000
0.542833472148699122682146402910,-0.311422180564641483080354237671
-0.840533449995873983210780328066,-0.309372365360070127088041074678
-0.254620282153665653895510845583,-0.308411762473509228756308373520
0.834646580870676020171757333093,-0.305388530385991053485548590153
0.037192829386725644574445561939,-0.302378122753145750364711126014
-0.760301903061970803985531152392,-0.298598528718129958111307147779
0.329005940847254326657692790964,-0.296344482736436080066579754856
-0.468324118890976920435121592889,-0.293180773544178835915961766333
0.914346084652106054588513605871,-0.290893303055050824574488066619
0.620996595577936772522735769748,-0.290357926123050590864994891772
-0.176457158644565387668212300246,-0.287347508328264528447483151273
-0.916948282486524899980468460883,-0.282652521520330302288050371234
0.115355952815963294415034928778,-0.281313868311554858149351780115
-0.682138779632733154144941785553,-0.277534274276539065895947801880
0.407169064276491976498282157802,-0.275280228294845187851220408956
-0.390125625340372958203630158647,-0.272248208345176784789365956829
0.699159719007174422363325136587,-0.269293671681459698649635545873
-0.098294035215327737827622933408,-0.266283253886673636232123805374
0.193519076245200944255624295617,-0.260249613869963965933992434216
-0.603975656203495504304352418714,-0.256470019834948173680588455981
0.485332187705729626338871524641,-0.254215973853254295635861063057
-0.311944281627697931558395467622,-0.251251680663798362716074951599
0.777322839697860287610278204598,-0.248229407077928047137601923600
-0.020130911786090087987033566569,-0.245218999445082744016764459475
0.271682199674438594096213662455,-0.239185359428373073718633088317
-0.525733945798331354018360260630,-0.235699573709052148675699648562
0.563495311134967276179460891479,-0.233151719411663403420501717158
-0.233780899897243736616400607252,-0.230188384723855330193002361082
0.861845477139940939496952373216,-0.229142896274075582386352244054
-0.845543341911774973715430242346,-0.228038725669531641418453461611
0.058032211643147561853555800270,-0.224154745003491851801405113576
-0.739462520805548886706420914061,-0.220375150968476059548001135341
0.349845323103676243936803029294,-0.218121104986782181503273742418
-0.447484736634555003156011354558,-0.214957395794524937352655753895
0.641658434564204926020050258318,-0.212087464970072511205142371259
-0.155617776388143470389102061916,-0.209124130578610629884177138835
-0.937510176031023727002838838077,-0.204355745001376351677107833112
0.136195335072385211694145167108,-0.203090490561900959586045767677
0.938054609777104695542523169192,-0.201841892957612957005893450881
-0.661299397376311236865831547223,-0.199310896526885167332641789442
0.428008446532913893777392396132,-0.197056850545191289287914396518
-0.369286243083951040924519920317,-0.194024830595522886226059944391
0.719821557993442575860639625157,-0.191023210528481618989783025360
-0.077454652958905820548512695077,-0.188059876137019737668817792936
0.214358458501622861534734533947,-0.182026236120310067370686421778
-0.583136273947073587025242180384,-0.178246642085294275117282443543
0.506171569962151543617981762971,-0.175992596103600397072555050619
-0.291104899371276014279285229292,-0.173028302914144464152768939161
0.797984678684128441107592693168,-0.169958945924949967477749403088
0.000708470470331829292076671761,-0.166995621695428845453458447037
-0.796786261978364619267900042570,-0.163216027660413053200054468802
0.292521581930860511375323900785,-0.160961981678719175155327075879
-0.504894563541909436739250022300,-0.157476195959398250112393636124
0.584334693391389193458571129810,-0.154928341662009504857195704720
-0.212941517640821819337290368922,-0.151965006974201431629696348644
-0.876784045359369639347367968373,-0.150825251513612632752610754902
0.876306681037662973743330056341,-0.149493349751682686212829886026
0.078871593899569479132666038600,-0.145931367253837953238099101138
-0.718623138549126969427310675731,-0.142151773218822160984695122903
0.370684705360098161215913267624,-0.139897727237128282939967729980
-0.426645354378133085876901116228,-0.136734018044871038789349741457
0.662497816820626843299160496648,-0.133864087220418612641836358821
-0.134778394131721553109991823586,-0.130900752828956731320871126397
0.157034717328807128973255405438,-0.124867112812247061022739755239
-0.640460015119889319586721308892,-0.121087518777231268769335777004
-0.951906972945898828392260343044,-0.120663646280743925104433702880
0.951917881576973460020336290966,-0.120577557658113904203947870789
0.448847828789335811056502634463,-0.118833472795537390724608384080
-0.348446860827529123645409681986,-0.115801452845868987662753931953
0.740680118422984764201569325828,-0.112780592917266419963775920155
-0.056615270702483903269402456747,-0.109836498387365839105511780498
0.235197840758044778813844772277,-0.103802858370656168807380409340
-0.562296891690651669746131942054,-0.100023264335640376553976431105
0.527010952218573460897092001301,-0.097769218353946498509249038181
-0.270265517114854097000174990962,-0.094804925164490565589462926723
0.819404602749306499250699676254,-0.091827225176089411399220422577
0.021547852726753746571186910091,-0.088772243945774946890152434599
0.313360964187282428654434139116,-0.082738603929065276592021063441
-0.785611423082669890201456724825,-0.081826670046075474869235124345
-0.484055181285487519460139783969,-0.079252818209744351549087623686
0.605174075647811110737681368140,-0.076704963912355606293889692282
-0.192102135384399902058180130592,-0.073741629224547533066390336206
-0.888224792802052273689619281509,-0.070686085200585192957749999679
0.099710976155991396411776276930,-0.067707989504184054674793088700
-0.697783758137952176296943882182,-0.063928394977578542562093800544
0.391524087616520078495023505954,-0.061674349487474384376661717542
-0.405805972121711168597790877898,-0.058510640295217140226043729019
0.683337199077048760578270734979,-0.055640709470764714078530346383
-0.113939011875299635830881585256,-0.052677375079302832757565113959
0.911650867534338546924084854787,-0.050351178999631421057634829280
0.177874099585229046252365643769,-0.046643735062593162459433742801
-0.619620634708714526456354515343,-0.042864140535987650346734454645
0.469687211045757728335612872793,-0.040610095045883492161302371643
-0.327607478571107206366299443656,-0.037578075096215089099447919515
0.761484574183381500882258251143,-0.034518104437662211307633148621
-0.035775888446061985990292218417,-0.031613120637711940542205768060
-0.959009925500093290067580447577,-0.031409607910544964639024601407
0.256037223014466696092955010607,-0.025579480621002270244074396902
-0.541457511279476876615765148504,-0.021799886094396758131375108746
0.547850334474995378176202239632,-0.019545840604292599945943025743
-0.249426134858432179721064752631,-0.016581547414836667026156914285
0.839630201039071277271711457602,-0.013389032457908390411272158851
0.042387234983175663850297148422,-0.010548866196121048326846422161
-0.835979831203711776363283305803,-0.008850491348967272209608020409
-0.755056232979305070813253910082,-0.006717903763633167137473863914
0.334200346443704345933544377446,-0.004515226179411378028715051003
-0.463215800874312726329772990420,-0.001029439968500733126486301327
0.626013457904233028016791606470,0.001518413837298292269416320156
-0.171262753127977984779069892262,0.004481748525106365496915676232
0.120550358412413313690886515260,0.010515388245469843888512923738
-0.676893109550067420972664543244,0.014346350677957725077885481985
0.959406687263911181036309269758,0.015013630809247258183338997528
0.412363469872941995774133744285,0.016549028262179514186644294896
-0.384966591710536375467424084349,0.019712737946026478196557593340
0.704160801009532353439421985070,0.022641137264379072992702817953
-0.093099629618877718551771346925,0.025546002670351065805740898479
-0.906764963901752792741244471871,0.030425985941072956109117377863
0.198713481841650963531475882099,0.031579642687060736103872269637
-0.598729986120829771132075176405,0.035410605119548617293244827884
0.490526593302179645614723111123,0.037613282703770406402003640795
-0.306768728480375194281565941584,0.040647657712563133699709420074
0.782306459874375023277843071708,0.043770090858297478543109389981
-0.014936506189640068711181980087,0.046610257111941958021100244378
0.276876605270888613372065248937,0.052643897128651628319231615536
0.886096915843682297094863367856,0.052898380334123735557501306223
-0.520548009945890200593272201347,0.056404777662792673780998987020
0.568689716731417295455312477962,0.058677537145361298617362986695
-0.228586752305435623742762966526,0.061641830255807190187463579209
0.063226617239597581129407386752,0.067674511553532850236459590277
-0.821734042668712972214952697131,0.070837865318807085161145271252
0.355039728700126263212654615776,0.073708151570242520534590961435
-0.739373198265717024373493525086,0.075291156318266098845647104210
-0.442306299540726050307280043263,0.077175223788688698785887794439
0.646837059836716620877942856561,0.079800260572442079340649484492
-0.150423370574981428800768106156,0.082705126195750222710536169726
0.141389740668835230969996753590,0.088738765995123742451818936176
-0.656053727293645503693554304913,0.092569728427611623641191494423
0.433202852129363913053243982615,0.094772406011833412749950307334
-0.954747362689476679316610647208,0.095624652230884088687195328960
0.954726779811550529629406078487,0.095829935758382741987049177452
-0.364057090376949699444931137191,0.097917401703215910108931689106
0.724982718701559290716363943200,0.100929214166360484891056056520
-0.072260247145743778960178739318,0.103769380637341114925895515625
0.219552864098072880810586120429,0.109803020436714634667178282075
-0.577890603864407853852964938075,0.113633982869202515856550840322
0.511365975558601562893833349453,0.115836660453424304965309653233
-0.285859227146788518259072994427,0.118852321469752565612083515840
0.803145842130796940556953310039,0.121993468607951377106415402419
0.005902876283493870880410627521,0.124833635078932007141254861524
-0.880096382783505276340502645197,0.126936117838111340913530689244
0.297715987527310530651175487268,0.130867274878305526882537627974
0.883232030206228500102138422691,0.133799363700697421522433265386
-0.499708627689468283314161963017,0.134628155412446572344304999458
0.589512774258242379209278516371,0.136961397904861131670000423161
-0.207695845416334323317078134057,0.139915617409695598135156106355
0.084065999712731520720999994360,0.145897889520522899356614207423
-0.792492451318406911569898360397,0.146323665405287105413367106336
-0.711697897117782213845580798541,0.151365162297742685199791437748
0.375879110956548180491764854106,0.151931529319896419097896973873
-0.421466917284304133028169804933,0.155398601538342597349193806877
0.667658977620473954903390003330,0.158088337566418070723928487017
-0.129532721987096673476488767218,0.160979871851286490350515452254
0.162229123141969170561589361198,0.166962143962113791571973553322
-0.633537102027273921910354044682,0.172438054605489530049385874113
0.454042234385785830332354220945,0.172995783761487311313256319772
-0.343217708120527782165820898861,0.176140779452869808672237701544
-0.942856806372710242890751821500,0.178066401528874157178467802325
0.745822101049711604743979370168,0.179152592008008962939287832916
-0.051369598557859023635899400380,0.182044126292877382565874798153
0.240392246571206820402178728037,0.188026398403704683787332899221
0.940273193043104315684770908188,0.191240485047789337557769321350
-0.555352804951893533418479893695,0.193423582242958807814337636390
0.532188972175108075087898346833,0.194120746537341755283598555429
-0.265019844890366600979962756097,0.197075699219406464175389528278
0.833334438604344131121019848906,0.198401397137377624501264948037
0.026793524871378626204689966459,0.203108380734468274781234144052
-0.865324626496801849767735884183,0.206528654520896863568083597118
0.318555370000444470242768094875,0.209090652845295576002692245120
-0.476982511999041324501285154322,0.214315453311526857234405546107
0.610335236452470206091290052004,0.215247460879306919299498588666
-0.186856463159912406037967895727,0.218138995159349496698462118793
0.104956648300616276045279333298,0.224172635176059166996593489951
-0.782078506301990663573937757060,0.226602718891170834088430919808
0.396718493429682120083357461714,0.230154907286886468218051591019
-0.701232025708975670231814179810,0.233236773371821614394726325220
-0.398706560434952378842569000306,0.235082818340426941912007829235
0.688498359881707855931879418843,0.236311715320897811514857934565
-0.108693339730674756197378528888,0.239203249600940388913821464692
0.183119771729853925885868700136,0.245236889617650059211952835851
-0.612508316362406576864670143917,0.250750924714043533188531920249
0.474863760612827752992830632439,0.251285309466426342167084588533
-0.320508697204791197656710857543,0.256017738106963597415159655973
0.766661483312718815861556777360,0.257375969755908482446845303969
-0.030530216301437106356789162049,0.260267504042531281129180810591
-0.922553724071964295991300190493,0.263782537097774189905017695924
0.261282895159091575726458066975,0.266301144059240951427312181750
0.920806969996571960341863644999,0.269816835431966470338264573725
-0.534214290951740720871344254538,0.271566655546097229974189752281
0.553011495279654473529810923496,0.272406584187369925647445255205
-0.242345315474337002714715997172,0.277081034046906629938232246485
0.047632907127800543483800204789,0.281331758484122173344540156490
-0.839806793052410498847223971573,0.283353239490154090917989781682
0.339446018588329225567047433813,0.287365398500831843642671527649
0.841806391444460521585448267158,0.287482770669762158208749552575
-0.455820035407693234506228307139,0.292452040541293716191870503528
0.631174618708892123370400290334,0.293470838628960817862804601104
-0.164182192045099352874126630333,0.298145288488497522153591592384
-0.750175834982562204257204307904,0.301002962453129944538119691087
0.125796030557038193324389571628,0.302396012925713065559899502389
-0.669544440394434439089127003641,0.308197049342232813790697380624
0.417591285767452513929498685750,0.308495800695247307111497099838
-0.377619488465708038054870735856,0.313389631930911102759150953632
0.709337742138129773210989657173,0.314535093070551710078163947003
-0.086019068615861703033537263495,0.319209542930088414368950938283
0.203959153986275843164978938466,0.323460267367303957775258848289
-0.591301322162063532247752508443,0.328962191496081619903657669835
0.495739020438300111606341197549,0.329617075401313832075070889784
-0.299456106735253843112875875485,0.334452927870854135282223544144
-0.007855945186624053192947896656,0.340273797371679306584310284182
-0.897035890627572945070788277883,0.340607122067031417254923880487
0.282122277415513493005568305305,0.344524521808894849990618194188
0.784482650272260463633480803700,0.344641893978442612304656385061
-0.513051814360392630876287407355,0.349703242775864088931654709702
0.893498580167876731170639663515,0.349781200059089810154466755067
0.573902143867537761446930564388,0.350681329842904724290430235683
-0.221292983306016193272286508646,0.355517182312445027497582890043
-0.807904121732982039530490522417,0.357753483052113201367678552961
0.070307178242613596647641470183,0.361338051813270198799669630081
0.360267104008984068989155366849,0.365656553326728981575919253200
-0.434851267418407434424929836073,0.370640834165481475498935159805
0.656445819997649850468062203009,0.376488949830375238557459153477
-0.143129859876778543431697141807,0.376581436754035919712942235942
-0.729207066993276404175905836838,0.379191756077317703845184347364
0.148470301671851246488230837021,0.382402306254861091015028975980
-0.648575672405148639007828532574,0.386385842966420573097762036901
0.438415279076137363361812277182,0.386776198519484504065173758134
-0.356687885687953239482934975702,0.391704130105424508022007750317
-0.064966736447540893591107774969,0.397645691195626811928301581841
0.226633425101088896328820203860,0.403466560696451983230388321879
0.731789144823385211804100597719,0.406095707227936539874940693858
0.836174838995676673218672200056,0.406940323367770264250373587553
-0.570332554172777732166454037376,0.407150985120269379210722326111
0.516578402435596935506105232618,0.407840453220000889171746636142
-0.278524762258715589642345608863,0.412768384547015400237367096216
-0.865133219308144485754054828728,0.415007365628990527704612651767
0.013196386981696756249481591870,0.418709945637217704143660927740
0.304771640304605047829630772329,0.424623025528822220477178727817
-0.492083046371106830794988936289,0.427892036400051848238719365979
0.594741525864834585346694599456,0.428904707661591781387105982041
-0.200361638829477939801756242024,0.433832638988606292452726442115
-0.786935353743696239449192051351,0.435942276676300960674743209238
0.091359510410934406090070958708,0.439774200078808596359020273639
0.382926416911351178085117980141,0.445718228133773164394090546900
-0.413919664640652635852994075918,0.448955332339994880761791956491
-0.122198515400240289961166875186,0.454896893430197184668085788014
0.169522633840172055930660325547,0.460838454520399488574379619538
0.668255409806476880941380471360,0.462799921884385362619337120800
0.461089540270810750229410935577,0.466782482834289549500663424908
-0.640856110011590806681368222194,0.467133161709306103072425787730
-0.335756541211414986012404709079,0.470019586781585772977151302390
-0.044035391971002640120577508347,0.475961147871788076883445133913
0.247660849043688207431470894017,0.481994919352769725821170025476
-0.720416503719084072613437769562,0.482077071254769338067246190680
-0.549747958502499493458036763981,0.485441796206152782802046425270
0.745614105684767053374560989410,0.486649635748592042933535487803
0.826563028757960893143160998858,0.487319361576425531634204449392
0.539252663700048400070000302415,0.487846737275880441716022770807
-0.257593417782177336171815342241,0.491083841223176665192510648289
0.034127731458235009720011858491,0.497025402313378969098804479812
0.325815625650434337686958101828,0.503090121957720669738081844559
-0.471498450700828592086571662893,0.506182847485935251830043465138
-0.179430294352939686331225975402,0.512148095664767557407869994188
-0.810659697426877836437099012602,0.513339513036500558649873911284
0.112290854887472659560601225330,0.518089656754969861314163825712
0.612766547641690695664686174319,0.521741951498674022948253909566
0.403978749009893909831251057264,0.524154376658237054844654722567
-0.393080282384230718573883837588,0.527178710089648779325097968929
-0.101267170923702036490636608563,0.533212350106358449623229340087
0.190429070090988811061411793800,0.539246121587340098560954231649
-0.607376411597063553789804334258,0.542293692158020133296524543327
0.690125243519980868097866692369,0.545591665362880703262452276569
-0.314917158954993068733294470749,0.548242964531239671540457314828
0.488923771954119071281906187245,0.552728990096792673231009236873
-0.023104047494464386650047241725,0.554276604547949341838588685986
-0.687178104955232547620649998833,0.555890251155174080563697315962
0.268583846697734941316899001611,0.560341324192291042477866050732
0.777859629432690255273448105442,0.561569227658915657266753174404
-0.529879337409616751708726994724,0.565689849359143736558440541702
-0.236754035525755418892705103910,0.569307218972830563755816660727
0.055059075934773263190542125114,0.575340858989540234053948031885
-0.764504570612939140477194602706,0.579844256838605070305780978147
0.346746970057194513461191957047,0.581405578892807427584438928741
-0.450404023557046451135362966096,0.584337833397711785673044635468
0.567189194237550248325903876782,0.588643980885445306695974807262
-0.158590912096517769052115737072,0.590371473414421455971176006626
0.133197291138289414691352693583,0.596497323821910471300738437823
0.424943855065882574836535965724,0.602344152252335473127320043276
-0.372240900127808801294773599258,0.605402087839302677888403981367
-0.080427788667280119211526370233,0.611435727856012348186535352525
0.646730601453860935213911341300,0.613929661524223154631537214725
0.211352067745035544946839901395,0.617592526426861415217650256906
-0.635581459257725519410082873365,0.618267833924629412595984311001
0.727675056391864274654040862236,0.625303280697901074473218300080
-0.294077776698571151454184232419,0.626466342280893570103763327266
-0.002264665238042469370937003395,0.632499982297603240401894698424
0.499714400330017401217336042881,0.633369017123891099975341011112
0.289515191104495117091132856831,0.638656781127377800324223134915
-0.712907924915432112266627477238,0.642221839608060402338067973187
-0.504389774573138313656944202570,0.644659598678768155711512089997
-0.215914653269333501613594865580,0.647530596722484462319122673165
0.075873549965473682129873565075,0.653656447129973477648685104362
0.367712076113183178466476865507,0.659595354486905845867104249449
0.585945226898007268815773783150,0.667392872421988161059245728997
-0.137751529840095851773005498742,0.668594851164075354534482019064
0.154028326572219812385360772887,0.674751649734924421565596923445
-0.578693559857798411155588472171,0.676786288078167073700286846739
-0.351401517871386884015663360927,0.683625465588956576451709993805
-0.433855746412060251646546901135,0.684385252238735777194626992207
-0.059588406410858201932416131903,0.689659105605666246749841364963
0.442482621377318004847276942664,0.690620219358461472715125217285
0.663530525620907493614904279317,0.693118923595389130720224463808
0.232191449931679384529653728322,0.695815904435440806672169801453
-0.656237010096731184026409326363,0.700028276040397803374876639479
-0.273240843355610618949638212321,0.704698805111519296471729175579
0.018488338674247027051490321046,0.711041307463983311234315731122
0.519916125338431751668335789762,0.714225920866751857279283329589
0.310354573360917034370243095161,0.716880158877031698887529147352
-0.503526185657470964633997075632,0.725606685677492561621553270764
-0.195075271012911584334484627250,0.725753974472138360882428685603
0.096703883571721754352708758281,0.731910069185404072293621305279
0.602745151065053827216766721166,0.746582134493154137147932978080
-0.116912147583673934493895260411,0.746818228913729253097788031502
0.175000434334647056954648011904,0.753107827202741314650060762957
0.380814052358110012015494846928,0.756737887096768996421556731558
-0.589609829375145592480594284172,0.756998579774757802593402397165
-0.352973576339096035125281561661,0.764561893182274686849533804978
-0.433891813901339002887158560436,0.766889017849053952054487600265
-0.038835402498568705509988807463,0.768200430772046317582262397661
0.460756236177542765577534669403,0.769482451646974126978181195758
0.252933668074720921879750160324,0.775013306737301563772383768626
-0.252392368403071128157684709652,0.782919759922539436136143788328
0.039302820166847700985784715599,0.789356868044992985124021665323
0.537669613640886464892022833657,0.794731393141134526523841161220
-0.174229244973833478317095342814,0.803984014364130328351503134227
-0.523703021838059211950471498612,0.804003573122951940166782701470
0.117542874602798761316751932768,0.810133551159815140555894354805
0.316806075775366271576337697733,0.826077875584867513314987975389
-0.313953010859134221725779984419,0.835488419595305331975218612526
-0.075809255057364094225345345002,0.840215088351977786298764746972
-0.454068650081927250203632983416,0.845285905294513330599717030971
0.446697898127128748920347197342,0.849204091185148470030318360060
0.240401059745896683710594641589,0.854988993091784365374000854766
0.002328967608052312270428178060,0.861371525624924453840524014633
-0.230867289130983354624328676808,0.861822657445093612769265139596
0.160760970091969892806181492803,0.878583334955552634126102920706
-0.146324460718107015266717315473,0.879974143295694076302385740038
-0.381202351102814510470427306653,0.880551740779878978738733646094
0.373527561183138920014624292213,0.883834691395039699141445145078
0.080002603591019379748747996328,0.884174660334429742758846283304
0.297698564819910198142239737404,0.912174415986851923177961510835
-0.293022160577307563570634125362,0.913687372183393608498053973297
0.219750637551167128795173767489,0.934021551128583021131047830320
-0.032682218920354504878520291615,0.934360521352139568463735210389
-0.202962504875256891573950649467,0.937812786376657360720147745407
0.125224016660426863682433114998,0.951317794602948540128949621840
-0.111451810293683209301791815839,0.953029430111709352294387181443
0.044590450644045591284942750204,0.958487502468420078139348783258
