-0.006561178325187402109717273407,-0.960371533044713665339607103088
0.078946153880907884131699850795,-0.957143685833574557800827864743
-0.134282808558018177536988078648,-0.950959861334556591557710831897
0.164312310283571150577803814159,-0.946233583864440894184673892546
-0.281954640146867922524272351057,-0.918073042542541206574149982717
0.289116917623389881019822715856,-0.915842747685222678727180505646
-0.203009538250259193751732106833,-0.911574650409817043076875302600
-0.066995285507375026128288731193,-0.909163360817339208446110084878
0.033677758681156701018142751888,-0.892141142730894871571552553385
0.215745204761528567349027928269,-0.885990612661188610772505328303
0.113198191315362542107416169245,-0.885719907262532104316473001110
-0.405140517852591716087089562021,-0.870756964564626536414839843631
0.351288177945875903355645781300,-0.866758202218342152454093078020
0.430090135346381067369695312423,-0.858707753558450219405810292513
-0.327831392449755068599143711025,-0.853498420500162008872680219368
-0.248109861869255621249301590943,-0.846455382729364897256555795593
-0.169165489351093517179982909492,-0.839948134679948471868836430370
-0.090221767952456589545200578526,-0.833432992225836206529531860264
-0.011277720994057073693150072318,-0.826921796974071861166019892600
0.067676092757220088676945701492,-0.820529017792745115076286000731
0.146610372922741958010950940098,-0.813899406470543170438995957284
0.225554419881141473863001446308,-0.807388211218778825075483989627
-0.449473918206720079361898237408,-0.805113169527950316527107710934
0.304596134768317454895504631686,-0.802061176671390472449752779692
-0.528617661335094549798415003126,-0.801822859906278641920857386578
0.383442513797940505567102458781,-0.794365820715250134348460054344
0.472511498629252338149574285015,-0.791812416269523664454801652451
-0.372164792803883431873952386412,-0.787854625463485788984948086671
0.551527392908896972642773959249,-0.786240462845040583299644317223
-0.293220745845483916021901880205,-0.781343430211721443621436119011
-0.214276698887084400169851373998,-0.774832234959957098257924151351
-0.135332651928684884317800867791,-0.768321039708192752894412183684
-0.056388604970285368465750361584,-0.761809844456428407530900216020
0.022555441988114147386300144628,-0.755298649204664062167388248360
0.101499488946513663238350650836,-0.748787453952899716803876280701
0.180443535904913179090401157047,-0.742276258701135371440364313044
-0.574990533086675936112634343145,-0.737603587259447990550565605163
0.259387582863312694942451663266,-0.735765063449371026076852345392
-0.496219723738511242498603181876,-0.729253868197606680713340377795
0.338331629821712210794502169478,-0.729253868197606680713340377790
-0.417275676780111726646552675673,-0.722742672945842335349828410088
0.417275676780111726646552675683,-0.722742672945842335349828410082
-0.338331629821712210794502169465,-0.716231477694077989986316442427
0.496219723738511242498603181890,-0.716231477694077989986316442425
0.575235618018155876991802856124,-0.710659524269594908831159107198
-0.259387582863312694942451663258,-0.709720282442313644622804474767
-0.648584626555449792622100705989,-0.708303969168319846916895056573
0.654097257298078406927673389151,-0.703216402353357991444492337535
-0.180443535904913179090401157051,-0.703209087190549299259292507100
-0.101499488946513663238350650844,-0.696697891938784953895780539437
-0.022555441988114147386300144635,-0.690186696687020608532268571779
0.056388604970285368465750361574,-0.683675501435256263168756604119
0.135332651928684884317800867785,-0.677164306183491917805244636462
0.214276698887084400169851374000,-0.670653110931727572441732668807
-0.542307287002504189075730266571,-0.664818578939606651499809705251
0.293220745845483916021901880210,-0.664141915679963227078220701150
-0.462386560756340021419152964976,-0.657630720428198881714708733532
0.372164792803883431873952386418,-0.657630720428198881714708733502
-0.383442513797940505567102458730,-0.651119525176434536351196765845
0.451108839762282947726002892627,-0.651119525176434536351196765840
-0.304498466839540989715051952523,-0.644608329924670190987684798185
0.530052886720682463578053398835,-0.644608329924670190987684798184
0.608996933679081979430103905042,-0.638097134672905845624172830525
-0.225554419881141473863001446316,-0.638097134672905845624172830520
0.687942035575690708202644149267,-0.631598742540181682126898150414
-0.146610372922741958010950940109,-0.631585939421141500260660862857
-0.659417775698363762670059914664,-0.629836134398753478289603051527
-0.067666325964342442158900433897,-0.625074744169377154897148895196
0.011277720994057073693150072311,-0.618563548917612809533636927538
-0.737306166398813339516070632649,-0.615415426792304123376118725305
0.090221767952456589545200578524,-0.612052353665848464170124959879
0.169165814910856105397251084736,-0.605541158414084118806612992223
0.248109861869255621249301590944,-0.599029963162319773443101024565
-0.586441491690967832043803760399,-0.599029963162319773443101024562
-0.507497444732568316191753254191,-0.592518767910555428079589056917
0.327053908827655137101352097154,-0.592518767910555428079589056909
0.756413993616044068013476287874,-0.591772254170044461490534948128
0.405997955786054652953402603362,-0.586007572658791082716077089260
-0.428553397774168800339702747984,-0.586007572658791082716077089257
0.484942002744454168805453109572,-0.579496377407026737352565121599
-0.349609350815769284487652241777,-0.579496377407026737352565121597
0.563886049702853684657503615779,-0.572985182155262391989053153942
-0.270665303857369768635601735570,-0.572985182155262391989053153932
0.642833677818641670899504053315,-0.566475678561647155186595159057
-0.191721256898970252783551229363,-0.566473986903498046625541186269
-0.112777209940570736931500723155,-0.559962791651733701262029218611
-0.033833162982171221079450216948,-0.553451596399969355898517250953
-0.789437670063293352957890237972,-0.546941217708728957378986633571
0.045110883976228294772600289260,-0.546940401148205010535005283298
-0.710456844669268646852114552117,-0.540892462972821033789440090948
0.124054930934627810624650795472,-0.540429205896440665171493315639
0.202998977893027326476701301679,-0.533918010644676319807981347981
-0.631552375667196126816404049661,-0.533918010644676319807981347976
-0.552608328708796610964353543453,-0.527406815392911974444469380322
0.281943024851426842328751807887,-0.527406815392911974444469380322
-0.473664281750397095112303037245,-0.520895620141147629080957412672
0.360887071809826358180802314094,-0.520895620141147629080957412665
0.439831118768225874032852820302,-0.514384424889383283717445445016
-0.394720234791997579260252531038,-0.514384424889383283717445445011
0.753860923904165960764811271094,-0.512601299591847811800896360956
0.518775165726625389884903326509,-0.507873229637618938353933477354
-0.315776187833598063408202024831,-0.507873229637618938353933477349
0.597719212685024905736953832717,-0.501362034385854592990421509697
-0.236832140875198547556151518624,-0.501362034385854592990421509686
0.676663259643424421589004338924,-0.494850839134090247626909542034
-0.157888093916799031704101012416,-0.494850839134090247626909542028
-0.078944046958399515852050506209,-0.488339643882325902263397574370
0.828425555525534813762479174024,-0.485867913630728959478979980786
-0.000000000000000000000000000001,-0.481828448630561556899885606712
0.078944046958399515852050506206,-0.475317253378797211536373639057
-0.755778014025655391920380445147,-0.475236365925851051737045656611
-0.834986733850722215872196447432,-0.474503619413984705860627122303
-0.676760927572200886769457018638,-0.468873724452997208615020571540
0.157888093916799031704101012414,-0.468806058127032866172861671396
0.236832140875198547556151518621,-0.462294862875268520809349703738
-0.597719212685024905736953832715,-0.462294862875268520809349703735
-0.518775165726625389884903326507,-0.455783667623504175445837736081
0.315776187833598063408202024828,-0.455783667623504175445837736079
-0.439831118768225874032852820299,-0.449272472371739830082325768427
0.394720234791997579260252531036,-0.449272472371739830082325768422
0.473664281750397095112303037244,-0.442761277119975484718813800773
-0.360887071809826358180802314092,-0.442761277119975484718813800766
0.552608328708796610964353543451,-0.436250081868211139355301833111
-0.281943024851426842328751807885,-0.436250081868211139355301833103
0.631552375667196126816404049658,-0.429738886616446793991789865454
-0.202998977893027326476701301677,-0.429738886616446793991789865445
0.710496422625595642668454555865,-0.423227691364682448628277897790
-0.124054930934627810624650795470,-0.423227691364682448628277897787
0.789455772706812092938523197034,-0.416904776805043819834506896774
-0.045110883976228294772600289262,-0.416716496112918103264765930129
0.033833162982171221079450216945,-0.410205300861153757901253962471
0.868383823944201237089590088767,-0.410202468124845600421841231172
0.112777209940570736931500723152,-0.403694105609389412537741994813
-0.721774143619652716361604628184,-0.403694105609389412537741994810
0.191721256898970252783551229360,-0.397182910357625067174230027155
-0.642830096661253200509554121976,-0.397182910357625067174230027153
-0.820856209411540986893100002288,-0.396562061225491396645213723923
0.270665303857369768635601735567,-0.390671715105860721810718059497
-0.563886049702853684657503615769,-0.390671715105860721810718059494
-0.484942002744454168805453109561,-0.384160519854096376447206091840
0.349609350815769284487652241775,-0.384160519854096376447206091839
-0.405997955786054652953402603354,-0.377649324602332031083694124183
0.428553397774168800339702747982,-0.377649324602332031083694124181
0.507497444732568316191753254190,-0.371138129350567685720182156527
-0.327053908827655137101352097147,-0.371138129350567685720182156521
0.586441491690967832043803760397,-0.364626934098803340356670188869
-0.248109861869255621249301590939,-0.364626934098803340356670188862
-0.890696802174062245550464366525,-0.359187607164512130067175883769
0.665385538649367347895854266605,-0.358115738847038994993158221207
-0.169165814910856105397251084731,-0.358115738847038994993158221204
0.744437020329420975446402720130,-0.351655293339747906461265429192
-0.090221767952456589545200578524,-0.351604543595274649629646253546
-0.011277720994057073693150072316,-0.345093348343510304266134285888
0.823655035984631188959530721364,-0.344827444289711070527032910170
-0.766885027595881011134204917449,-0.338582153091745958902622318230
0.067666325964342442158900433891,-0.338582153091745958902622318230
0.146610372922741958010950940099,-0.332070957839981613539110350572
-0.687940980637481495282154411242,-0.332070957839981613539110350567
0.901618476682384490093874446819,-0.330818157072136770808555167251
0.225554419881141473863001446306,-0.325559762588217268175598382914
-0.608996933679081979430103905033,-0.325559762588217268175598382910
0.304498466839540989715051952514,-0.319048567336452922812086415256
-0.530052886720682463578053398826,-0.319048567336452922812086415252
-0.451108839762282947726002892618,-0.312537372084688577448574447598
0.383442513797940505567102458721,-0.312537372084688577448574447598
-0.372164792803883431873952386410,-0.306026176832924232085062479940
0.462386560756340021419152964928,-0.306026176832924232085062479940
0.541330607714739537271203471136,-0.299514981581159886721550512286
-0.293220745845483916021901880200,-0.299514981581159886721550512280
0.620274654673139053123253977343,-0.293003786329395541358038544624
-0.214276698887084400169851373993,-0.293003786329395541358038544622
0.699218701631538568975304483551,-0.286492591077631195994526576966
-0.135332651928684884317800867785,-0.286492591077631195994526576963
0.778162748589938084827354989758,-0.279981395825866850631014609307
-0.056388604970285368465750361577,-0.279981395825866850631014609305
-0.890951573825949901954376256102,-0.279975907869635360949977152190
-0.811999167169735188079486962807,-0.273472456118301316682241271315
0.022555441988114147386300144630,-0.273470200574102505267502641647
0.101499488946513663238350650837,-0.266959005322338159903990673989
-0.733051864613709790054754700508,-0.266959005322338159903990673987
0.180443535904913179090401157045,-0.260447810070573814540478706331
-0.654107817655310274202704194295,-0.260447810070573814540478706326
0.875162980459892330019087842945,-0.256154478262435132482902276794
0.259387582863312694942451663252,-0.253936614818809469176966738673
-0.575163770696910758350653688087,-0.253936614818809469176966738669
0.338331629821712210794502169460,-0.247425419567045123813454771015
-0.496219723738511242498603181876,-0.247425419567045123813454771013
0.417275676780111726646552675667,-0.240914224315280778449942803357
-0.417275676780111726646552675669,-0.240914224315280778449942803355
0.496219723738511242498603181878,-0.234403029063516433086430835701
-0.338331629821712210794502169461,-0.234403029063516433086430835697
-0.259387582863312694942451663254,-0.227891833811752087722918868039
0.575163770696910758350653688085,-0.227891833811752087722918868039
-0.180443535904913179090401157046,-0.221380638559987742359406900381
0.654107817655310274202704194293,-0.221380638559987742359406900381
-0.101499488946513663238350650839,-0.214869443308223396995894932723
0.733051864613709790054754700500,-0.214869443308223396995894932722
-0.936051897444946329451945740212,-0.214856640189183215129657645183
-0.857106795548337600679405495986,-0.208358248056459051632382965069
-0.022555441988114147386300144631,-0.208358248056459051632382965065
0.811995911572109305906805206707,-0.208358248056459051632382965065
0.937701544178839673641923421868,-0.207538778516902831810285449087
-0.778162748589938084827354989777,-0.201847052804694706268870997410
0.056388604970285368465750361576,-0.201847052804694706268870997407
0.135332651928684884317800867784,-0.195335857552930360905359029748
-0.699218701631538568975304483561,-0.195335857552930360905359029747
0.214276698887084400169851373991,-0.188824662301166015541847062090
-0.620274654673139053123253977353,-0.188824662301166015541847062084
0.293220745845483916021901880199,-0.182313467049401670178335094432
-0.541330607714739537271203471138,-0.182313467049401670178335094430
0.372164792803883431873952386406,-0.175802271797637324814823126774
-0.462386560756340021419152964930,-0.175802271797637324814823126772
0.451108839762282947726002892617,-0.169291076545872979451311159118
-0.383442513797940505567102458722,-0.169291076545872979451311159114
-0.304498466839540989715051952515,-0.162779881294108634087799191456
0.530052886720682463578053398825,-0.162779881294108634087799191456
-0.225554419881141473863001446307,-0.156268686042344288724287223798
0.608996933679081979430103905035,-0.156268686042344288724287223796
-0.146610372922741958010950940100,-0.149757490790579943360775256140
0.687940980637481495282154411246,-0.149757490790579943360775256135
-0.067666325964342442158900433892,-0.143246295538815597997263288482
0.766885027595881011134204917457,-0.143246295538815597997263288474
-0.903067010467910945590946567218,-0.142838896230567100041521112292
0.846903421770821643971234898257,-0.137242597731783820949943074441
-0.823273632566166379599955279040,-0.136735100287051252633751320828
0.011277720994057073693150072315,-0.136735100287051252633751320824
-0.744329585607766863747904772830,-0.130223905035286907270239353169
0.090221767952456589545200578522,-0.130223905035286907270239353165
0.926278711032551839468280124460,-0.129154614958894161903527472906
0.169165814910856105397251084730,-0.123712709783522561906727385507
-0.665385538649367347895854266618,-0.123712709783522561906727385504
0.248109861869255621249301590937,-0.117201514531758216543215417849
-0.586441491690967832043803760398,-0.117201514531758216543215417847
0.327053908827655137101352097145,-0.110690319279993871179703450192
-0.507497444732568316191753254191,-0.110690319279993871179703450189
0.405997955786054652953402603353,-0.104179124028229525816191482534
-0.428553397774168800339702747983,-0.104179124028229525816191482531
0.484942002744454168805453109560,-0.097667928776465180452679514876
-0.349609350815769284487652241776,-0.097667928776465180452679514873
-0.270665303857369768635601735569,-0.091156733524700835089167547215
0.563886049702853684657503615772,-0.091156733524700835089167547215
-0.191721256898970252783551229361,-0.084645538272936489725655579557
0.642830096661253200509554121982,-0.084645538272936489725655579554
-0.956667910761488688729863521434,-0.084516501719585953115195526412
-0.112777209940570736931500723154,-0.078134343021172144362143611899
0.721774143619652716361604628194,-0.078134343021172144362143611893
0.800718190578052232213655134453,-0.071623147769407798998631644257
-0.868384516542394674372555568303,-0.071623147769407798998631644246
-0.033833162982171221079450216946,-0.071623147769407798998631644241
-0.789440469583995158520505062093,-0.065111952517643453635119676587
0.045110883976228294772600289261,-0.065111952517643453635119676583
0.879662237536451748065705640656,-0.065111952517643453635119676549
-0.710496422625595642668454555885,-0.058600757265879108271607708925
0.124054930934627810624650795469,-0.058600757265879108271607708925
0.958707796681475617168110315594,-0.056884893652171577484952905954
-0.631552375667196126816404049664,-0.052089562014114762908095741267
0.202998977893027326476701301676,-0.052089562014114762908095741267
0.281943024851426842328751807884,-0.045578366762350417544583773609
-0.552608328708796610964353543452,-0.045578366762350417544583773606
0.360887071809826358180802314091,-0.039067171510586072181071805951
-0.473664281750397095112303037244,-0.039067171510586072181071805948
0.439831118768225874032852820299,-0.032555976258821726817559838293
-0.394720234791997579260252531037,-0.032555976258821726817559838290
0.518775165726625389884903326506,-0.026044781007057381454047870635
-0.315776187833598063408202024830,-0.026044781007057381454047870632
-0.236832140875198547556151518622,-0.019533585755293036090535902974
0.597719212685024905736953832717,-0.019533585755293036090535902973
-0.921985416835972417511472522518,-0.013300753258426652072306058366
-0.157888093916799031704101012415,-0.013022390503528690727023935316
0.676663259643424421589004338931,-0.013022390503528690727023935311
-0.078944046958399515852050506207,-0.006511195251764345363511967658
0.755607306601823937441054845148,-0.006511195251764345363511967656
-0.834551353560223453293105351356,-0.000000000000000000000000000006
0.000000000000000000000000000000,0.000000000000000000000000000000
0.834551353560223453293105351356,0.000000000000000000000000000006
-0.755607306601823937441054845148,0.006511195251764345363511967656
0.078944046958399515852050506207,0.006511195251764345363511967658
-0.676663259643424421589004338931,0.013022390503528690727023935312
0.157888093916799031704101012415,0.013022390503528690727023935316
0.921985416835972417511472522484,0.013300753258426652072306058335
-0.597719212685024905736953832717,0.019533585755293036090535902974
0.236832140875198547556151518622,0.019533585755293036090535902974
0.315776187833598063408202024830,0.026044781007057381454047870632
-0.518775165726625389884903326506,0.026044781007057381454047870635
0.394720234791997579260252531037,0.032555976258821726817559838290
-0.439831118768225874032852820299,0.032555976258821726817559838293
0.473664281750397095112303037244,0.039067171510586072181071805948
-0.360887071809826358180802314091,0.039067171510586072181071805951
0.552608328708796610964353543452,0.045578366762350417544583773606
-0.281943024851426842328751807884,0.045578366762350417544583773609
-0.202998977893027326476701301676,0.052089562014114762908095741267
0.631552375667196126816404049664,0.052089562014114762908095741267
-0.958707796681475617168110315595,0.056884893652171577484952905941
-0.124054930934627810624650795469,0.058600757265879108271607708925
0.710496422625595642668454555885,0.058600757265879108271607708926
-0.879662237536451748065705640656,0.065111952517643453635119676550
-0.045110883976228294772600289261,0.065111952517643453635119676583
0.789440469583995158520505062093,0.065111952517643453635119676588
0.033833162982171221079450216946,0.071623147769407798998631644241
0.868384516542394674372555568303,0.071623147769407798998631644247
-0.800718190578052232213655134452,0.071623147769407798998631644257
-0.721774143619652716361604628194,0.078134343021172144362143611893
0.112777209940570736931500723154,0.078134343021172144362143611899
0.956667910761488688729863521438,0.084516501719585953115195526361
-0.642830096661253200509554121982,0.084645538272936489725655579554
0.191721256898970252783551229361,0.084645538272936489725655579557
-0.563886049702853684657503615771,0.091156733524700835089167547215
0.270665303857369768635601735569,0.091156733524700835089167547215
0.349609350815769284487652241776,0.097667928776465180452679514873
-0.484942002744454168805453109560,0.097667928776465180452679514876
0.428553397774168800339702747983,0.104179124028229525816191482531
-0.405997955786054652953402603353,0.104179124028229525816191482534
0.507497444732568316191753254191,0.110690319279993871179703450189
-0.327053908827655137101352097145,0.110690319279993871179703450192
0.586441491690967832043803760398,0.117201514531758216543215417847
-0.248109861869255621249301590937,0.117201514531758216543215417849
0.665385538649367347895854266618,0.123712709783522561906727385504
-0.169165814910856105397251084730,0.123712709783522561906727385507
-0.926278711032551839468280124472,0.129154614958894161903527472898
-0.090221767952456589545200578522,0.130223905035286907270239353165
0.744329585607766863747904772830,0.130223905035286907270239353170
-0.011277720994057073693150072315,0.136735100287051252633751320824
0.823273632566166379599955279040,0.136735100287051252633751320828
-0.846903421770821643971234898257,0.137242597731783820949943074441
0.903067010467910945590946567258,0.142838896230567100041521112273
-0.766885027595881011134204917457,0.143246295538815597997263288475
0.067666325964342442158900433892,0.143246295538815597997263288482
-0.687940980637481495282154411246,0.149757490790579943360775256135
0.146610372922741958010950940100,0.149757490790579943360775256140
-0.608996933679081979430103905035,0.156268686042344288724287223796
0.225554419881141473863001446307,0.156268686042344288724287223798
-0.530052886720682463578053398825,0.162779881294108634087799191456
0.304498466839540989715051952515,0.162779881294108634087799191456
0.383442513797940505567102458722,0.169291076545872979451311159114
-0.451108839762282947726002892617,0.169291076545872979451311159118
0.462386560756340021419152964930,0.175802271797637324814823126772
-0.372164792803883431873952386406,0.175802271797637324814823126774
0.541330607714739537271203471138,0.182313467049401670178335094430
-0.293220745845483916021901880199,0.182313467049401670178335094432
0.620274654673139053123253977353,0.188824662301166015541847062084
-0.214276698887084400169851373991,0.188824662301166015541847062090
-0.135332651928684884317800867784,0.195335857552930360905359029748
0.699218701631538568975304483561,0.195335857552930360905359029747
-0.056388604970285368465750361576,0.201847052804694706268870997407
0.778162748589938084827354989777,0.201847052804694706268870997410
-0.937701544178839673641923421869,0.207538778516902831810285449080
-0.811995911572109305906805206707,0.208358248056459051632382965065
0.022555441988114147386300144631,0.208358248056459051632382965065
0.857106795548337600679405495986,0.208358248056459051632382965070
0.936051897444946329451945740212,0.214856640189183215129657645182
-0.733051864613709790054754700500,0.214869443308223396995894932722
0.101499488946513663238350650839,0.214869443308223396995894932723
-0.654107817655310274202704194293,0.221380638559987742359406900381
0.180443535904913179090401157046,0.221380638559987742359406900381
-0.575163770696910758350653688085,0.227891833811752087722918868039
0.259387582863312694942451663254,0.227891833811752087722918868039
0.338331629821712210794502169461,0.234403029063516433086430835697
-0.496219723738511242498603181878,0.234403029063516433086430835701
0.417275676780111726646552675669,0.240914224315280778449942803355
-0.417275676780111726646552675667,0.240914224315280778449942803357
0.496219723738511242498603181876,0.247425419567045123813454771013
-0.338331629821712210794502169460,0.247425419567045123813454771015
0.575163770696910758350653688087,0.253936614818809469176966738669
-0.259387582863312694942451663252,0.253936614818809469176966738673
-0.875162980459892330019087842948,0.256154478262435132482902276789
0.654107817655310274202704194295,0.260447810070573814540478706327
-0.180443535904913179090401157045,0.260447810070573814540478706331
0.733051864613709790054754700508,0.266959005322338159903990673987
-0.101499488946513663238350650837,0.266959005322338159903990673990
-0.022555441988114147386300144630,0.273470200574102505267502641647
0.811999167169735188079486962807,0.273472456118301316682241271315
0.890951573825949901954376256103,0.279975907869635360949977152190
0.056388604970285368465750361577,0.279981395825866850631014609305
-0.778162748589938084827354989758,0.279981395825866850631014609307
0.135332651928684884317800867785,0.286492591077631195994526576963
-0.699218701631538568975304483551,0.286492591077631195994526576966
0.214276698887084400169851373993,0.293003786329395541358038544622
-0.620274654673139053123253977343,0.293003786329395541358038544624
0.293220745845483916021901880200,0.299514981581159886721550512280
-0.541330607714739537271203471136,0.299514981581159886721550512286
-0.462386560756340021419152964928,0.306026176832924232085062479940
0.372164792803883431873952386410,0.306026176832924232085062479940
-0.383442513797940505567102458721,0.312537372084688577448574447598
0.451108839762282947726002892618,0.312537372084688577448574447598
0.530052886720682463578053398826,0.319048567336452922812086415252
-0.304498466839540989715051952514,0.319048567336452922812086415256
0.608996933679081979430103905033,0.325559762588217268175598382910
-0.225554419881141473863001446306,0.325559762588217268175598382914
-0.901618476682384490093874446820,0.330818157072136770808555167247
0.687940980637481495282154411242,0.332070957839981613539110350567
-0.146610372922741958010950940099,0.332070957839981613539110350572
-0.067666325964342442158900433891,0.338582153091745958902622318230
0.766885027595881011134204917450,0.338582153091745958902622318230
-0.823655035984631188959530721366,0.344827444289711070527032910169
0.011277720994057073693150072316,0.345093348343510304266134285888
0.090221767952456589545200578524,0.351604543595274649629646253546
-0.744437020329420975446402720130,0.351655293339747906461265429192
0.169165814910856105397251084731,0.358115738847038994993158221204
-0.665385538649367347895854266605,0.358115738847038994993158221207
0.890696802174062245550464366525,0.359187607164512130067175883770
0.248109861869255621249301590939,0.364626934098803340356670188862
-0.586441491690967832043803760397,0.364626934098803340356670188869
0.327053908827655137101352097147,0.371138129350567685720182156521
-0.507497444732568316191753254190,0.371138129350567685720182156527
-0.428553397774168800339702747982,0.377649324602332031083694124181
0.405997955786054652953402603354,0.377649324602332031083694124184
-0.349609350815769284487652241775,0.384160519854096376447206091839
0.484942002744454168805453109561,0.384160519854096376447206091840
0.563886049702853684657503615769,0.390671715105860721810718059494
-0.270665303857369768635601735567,0.390671715105860721810718059497
0.820856209411540986893100002288,0.396562061225491396645213723923
0.642830096661253200509554121976,0.397182910357625067174230027153
-0.191721256898970252783551229360,0.397182910357625067174230027155
0.721774143619652716361604628184,0.403694105609389412537741994810
-0.112777209940570736931500723152,0.403694105609389412537741994813
-0.868383823944201237089590088767,0.410202468124845600421841231172
-0.033833162982171221079450216945,0.410205300861153757901253962471
0.045110883976228294772600289262,0.416716496112918103264765930129
-0.789455772706812092938523197034,0.416904776805043819834506896774
0.124054930934627810624650795470,0.423227691364682448628277897787
-0.710496422625595642668454555865,0.423227691364682448628277897790
0.202998977893027326476701301677,0.429738886616446793991789865445
-0.631552375667196126816404049658,0.429738886616446793991789865454
0.281943024851426842328751807885,0.436250081868211139355301833103
-0.552608328708796610964353543451,0.436250081868211139355301833111
0.360887071809826358180802314092,0.442761277119975484718813800766
-0.473664281750397095112303037244,0.442761277119975484718813800773
-0.394720234791997579260252531036,0.449272472371739830082325768422
0.439831118768225874032852820299,0.449272472371739830082325768427
-0.315776187833598063408202024828,0.455783667623504175445837736079
0.518775165726625389884903326507,0.455783667623504175445837736081
0.597719212685024905736953832715,0.462294862875268520809349703735
-0.236832140875198547556151518621,0.462294862875268520809349703738
-0.157888093916799031704101012414,0.468806058127032866172861671396
0.676760927572200886769457018638,0.468873724452997208615020571540
0.834986733850722215872196447432,0.474503619413984705860627122303
0.755778014025655391920380445147,0.475236365925851051737045656611
-0.078944046958399515852050506206,0.475317253378797211536373639057
0.000000000000000000000000000001,0.481828448630561556899885606712
-0.828425555525534813762479174024,0.485867913630728959478979980785
0.078944046958399515852050506209,0.488339643882325902263397574370
0.157888093916799031704101012416,0.494850839134090247626909542028
-0.676663259643424421589004338924,0.494850839134090247626909542034
0.236832140875198547556151518624,0.501362034385854592990421509686
-0.597719212685024905736953832717,0.501362034385854592990421509697
0.315776187833598063408202024831,0.507873229637618938353933477349
-0.518775165726625389884903326509,0.507873229637618938353933477354
-0.753860923904165960764811271094,0.512601299591847811800896360956
0.394720234791997579260252531038,0.514384424889383283717445445011
-0.439831118768225874032852820302,0.514384424889383283717445445016
-0.360887071809826358180802314094,0.520895620141147629080957412665
0.473664281750397095112303037245,0.520895620141147629080957412672
-0.281943024851426842328751807887,0.527406815392911974444469380322
0.552608328708796610964353543453,0.527406815392911974444469380322
0.631552375667196126816404049661,0.533918010644676319807981347976
-0.202998977893027326476701301679,0.533918010644676319807981347981
-0.124054930934627810624650795472,0.540429205896440665171493315639
0.710456844669268646852114552117,0.540892462972821033789440090946
-0.045110883976228294772600289260,0.546940401148205010535005283298
0.789437670063293352957890237972,0.546941217708728957378986633571
0.033833162982171221079450216948,0.553451596399969355898517250953
0.112777209940570736931500723155,0.559962791651733701262029218611
0.191721256898970252783551229363,0.566473986903498046625541186269
-0.642833677818641670899504053315,0.566475678561647155186595159057
0.270665303857369768635601735570,0.572985182155262391989053153932
-0.563886049702853684657503615779,0.572985182155262391989053153942
0.349609350815769284487652241777,0.579496377407026737352565121597
-0.484942002744454168805453109572,0.579496377407026737352565121599
0.428553397774168800339702747984,0.586007572658791082716077089257
-0.405997955786054652953402603362,0.586007572658791082716077089260
-0.756413993616044068013476287875,0.591772254170044461490534948128
-0.327053908827655137101352097154,0.592518767910555428079589056909
0.507497444732568316191753254191,0.592518767910555428079589056917
0.586441491690967832043803760399,0.599029963162319773443101024563
-0.248109861869255621249301590944,0.599029963162319773443101024565
-0.169165814910856105397251084736,0.605541158414084118806612992223
-0.090221767952456589545200578524,0.612052353665848464170124959879
0.737306166398813339516070632651,0.615415426792304123376118725302
-0.011277720994057073693150072311,0.618563548917612809533636927538
0.067666325964342442158900433897,0.625074744169377154897148895196
0.659417775698363762670059914666,0.629836134398753478289603051522
0.146610372922741958010950940109,0.631585939421141500260660862857
-0.687942035575690708202644149267,0.631598742540181682126898150414
0.225554419881141473863001446316,0.638097134672905845624172830520
-0.608996933679081979430103905042,0.638097134672905845624172830525
-0.530052886720682463578053398835,0.644608329924670190987684798183
0.304498466839540989715051952523,0.644608329924670190987684798185
-0.451108839762282947726002892627,0.651119525176434536351196765840
0.383442513797940505567102458730,0.651119525176434536351196765845
-0.372164792803883431873952386418,0.657630720428198881714708733502
0.462386560756340021419152964976,0.657630720428198881714708733532
-0.293220745845483916021901880210,0.664141915679963227078220701150
0.542307287002504189075730266571,0.664818578939606651499809705251
-0.214276698887084400169851374001,0.670653110931727572441732668807
-0.135332651928684884317800867785,0.677164306183491917805244636462
-0.056388604970285368465750361574,0.683675501435256263168756604119
0.022555441988114147386300144635,0.690186696687020608532268571779
0.101499488946513663238350650845,0.696697891938784953895780539437
0.180443535904913179090401157052,0.703209087190549299259292507101
-0.654097257298078406927673389151,0.703216402353357991444492337535
0.648584626555449792622100705994,0.708303969168319846916895056568
0.259387582863312694942451663258,0.709720282442313644622804474768
-0.575235618018155876991802856124,0.710659524269594908831159107193
-0.496219723738511242498603181891,0.716231477694077989986316442425
0.338331629821712210794502169466,0.716231477694077989986316442428
-0.417275676780111726646552675683,0.722742672945842335349828410082
0.417275676780111726646552675673,0.722742672945842335349828410088
-0.338331629821712210794502169479,0.729253868197606680713340377792
0.496219723738511242498603181876,0.729253868197606680713340377795
-0.259387582863312694942451663267,0.735765063449371026076852345392
0.574990533086675936112634343147,0.737603587259447990550565605150
-0.180443535904913179090401157047,0.742276258701135371440364313044
-0.101499488946513663238350650836,0.748787453952899716803876280701
-0.022555441988114147386300144628,0.755298649204664062167388248360
0.056388604970285368465750361584,0.761809844456428407530900216020
0.135332651928684884317800867791,0.768321039708192752894412183684
0.214276698887084400169851373998,0.774832234959957098257924151351
0.293220745845483916021901880205,0.781343430211721443621436119011
-0.551527392908896972642773959254,0.786240462845040583299644317220
0.372164792803883431873952386412,0.787854625463485788984948086671
-0.472511498629252338149574285020,0.791812416269523664454801652452
-0.383442513797940505567102458783,0.794365820715250134348460054345
0.528617661335094549798415003137,0.801822859906278641920857386571
-0.304596134768317454895504631686,0.802061176671390472449752779692
0.449473918206720079361898237417,0.805113169527950316527107710894
-0.225554419881141473863001446308,0.807388211218778825075483989627
-0.146610372922741958010950940098,0.813899406470543170438995957284
-0.067676092757220088676945701492,0.820529017792745115076286000731
0.011277720994057073693150072318,0.826921796974071861166019892600
0.090221767952456589545200578526,0.833432992225836206529531860264
0.169165489351093517179982909492,0.839948134679948471868836430370
0.248109861869255621249301590943,0.846455382729364897256555795593
0.327831392449755068599143711057,0.853498420500162008872680219389
-0.430090135346381067369695312425,0.858707753558450219405810292512
-0.351288177945875903355645781302,0.866758202218342152454093078020
0.405140517852591716087089562062,0.870756964564626536414839843611
-0.113198191315362542107416169245,0.885719907262532104316473001110
-0.215745204761528567349027928270,0.885990612661188610772505328303
-0.033677758681156701018142751888,0.892141142730894871571552553385
0.066995285507375026128288731193,0.909163360817339208446110084879
0.203009538250259193751732106834,0.911574650409817043076875302601
-0.289116917623389881019822715857,0.915842747685222678727180505646
0.281954640146867922524272351058,0.918073042542541206574149982717
-0.164312310283571150577803814160,0.946233583864440894184673892545
0.134282808558018177536988078649,0.950959861334556591557710831897
-0.078946153880907884131699850795,0.957143685833574557800827864743
0.006561178325187402109717273408,0.960371533044713665339607103088
