-0.009252548708728091383313104266,-0.962468150458860829441684415706
0.065689926980226713696077503018,-0.960268391544072555280799836335
-0.109449797468788899033251071084,-0.956269466279954399565643804310
0.143255448648247309551430551139,-0.951792218258742190801280009053
-0.183549674678897419610874715116,-0.944849229893626296733050849981
0.224190964621064821540888791486,-0.936038974449025928400805761187
-0.256535845170733742283184863473,-0.927696022653889078642735497595
0.296368084877740171953216096548,-0.915749151553638268795974722428
-0.327965457773028188619727530071,-0.904913923427546680720443392501
-0.055912296402618720878474580605,-0.903781852681481478430400555282
0.022498482998376571041273635816,-0.894548450907057695319985528861
0.097440958687331376120664243099,-0.892348691992269421159100949490
0.171758989795263486962746830192,-0.882446982346293755543440323345
0.390946777882773423815054806600,-0.879540315828890912255881250531
-0.397405105891201259888598462830,-0.876641164968261610212333733598
-0.193218584686266712907316849309,-0.870352194130542978131752695903
0.243936110051938837375074135255,-0.862157159450906095938609284586
-0.118429608368808567450828156545,-0.861985343155243625023204468825
-0.271196956789083717308261624658,-0.854168712028604708405698920072
0.458220380032646593954963976753,-0.846442339222255991672599151778
0.323888631208330841601087767022,-0.846007964789011264062437813378
-0.464433457246898567198054155562,-0.843049295174962467079906553618
-0.024161264695514058453887840524,-0.835862153129678344308701668437
-0.341119413655148021783694133528,-0.827112037667439231347288695700
0.049992433880700013049178813371,-0.824796775181286357428540376224
0.124934909569654818128569420654,-0.822597016266498083267655796852
0.522713682426694211015167928303,-0.808208485793877831692304048486
0.197402581681064012304618942067,-0.803370729562455137034912176104
-0.219613096582501396754567676290,-0.799759898699691299495549680911
0.271558016583272111744206483809,-0.792316993717178694326793413577
-0.145051860398280385310899792829,-0.791896333328081305872281893226
-0.406950318595455447309856812994,-0.790833942746326547481011851682
0.366842923321488036993839027339,-0.784557640211102531640798531607
-0.564723138356105763900006263288,-0.779434620292515862466326335181
-0.071438738686442821290870344548,-0.777672342555061186254384798787
0.440993812082998438045610324422,-0.773473448876102807200338335635
-0.490061410661107864815840337647,-0.772590643431745790075261149745
0.003332686186809383554017337032,-0.766110477403907006417256515800
0.584011291438807376677617024956,-0.765036541998504484075772599239
0.077488441150873862382318434935,-0.755045910054957499155966111807
-0.340462504136794201730453991959,-0.752140162463750557544417625630
0.151642139727087934023091035199,-0.743980532106565512163559003749
-0.266308628901095412861408881863,-0.741075968448767344072556287092
0.515781017288534897180375052416,-0.733554940963408307806049427677
-0.623677738160877481256522486359,-0.733114335712949826971812733145
0.225806983146987316381537880178,-0.732919548139235503273461370310
-0.192157542342681376112903393582,-0.729993100413851398410874937860
0.300295786836190075233549896954,-0.722210217722608293809272163791
-0.118006087097012504994785562111,-0.718912699400244583635238763066
0.649065413184783854695454377155,-0.710735281038287536030813445440
0.375077892395382426555024103555,-0.710036509744470616410598553851
-0.043852602164345310991668686657,-0.707845889832285446374082780696
-0.551487250478011893887092776504,-0.705637432854570097465479115027
-0.461252805076004628371488281490,-0.703371586475480262781879152831
0.449266640632751238164860790157,-0.698956511811706719303711284866
0.030828693456983232884836243133,-0.696359612277578148143767418154
-0.386954750628941589725718880367,-0.693321078674675932348804700346
0.576955333528675631257922160888,-0.690208468970591797707132148540
0.104982392033197304387902909561,-0.685294234329186161263606209931
-0.312801052052727518249054433734,-0.682255700726283945291711239331
-0.683190718869297632693839364146,-0.677992113027217564437801248615
0.179147235453096686746349754544,-0.674233250361856152373508576490
-0.238649788579510966125970075131,-0.671174016422966456223071590414
0.253312078872996069104796599521,-0.663172266394526143483410943050
-0.164498333333842095007852243660,-0.660093615409359641447435415620
-0.610441850282783611243608999575,-0.659317148275004061970965512991
0.702416872425460173523139647467,-0.658058574624890486008084741327
0.327467544571829375203744318873,-0.652118737154417831317490181203
-0.090344848401174901004735368206,-0.649026805841400504186279433250
-0.507922508686114216825661092260,-0.644618363095370585022802711578
0.402582988121391179278282822898,-0.640289227999761256620548126591
-0.016191149824960829528070921573,-0.637961427893008517129185972234
0.630306792769351950085607431200,-0.637531762557194747684403444426
-0.433758854193681186530011960495,-0.633619910749708924824832897997
0.478053536861147356176977500452,-0.629728423529504921761476597905
0.058322644339306674892741499692,-0.626607936551806810252322296658
-0.359460799746618147884242559372,-0.623569402948904594391758445513
-0.735314598877389766942715477582,-0.621082112915104922694487417077
0.552313324200888951226557648198,-0.619398971175719345119512561496
0.132487487759206057111161628906,-0.615546952584476801473555782671
-0.285309536273401595761158200769,-0.612487718645587105323118796593
-0.662091406928290705294108708542,-0.604970695768926662530493578578
0.206652331179105439469608473887,-0.604485968617146792583458149230
-0.211158081027732724643040369298,-0.601407317631980290547482621802
0.751506344325562255521097996720,-0.601389029450768428659603562359
-0.566740302537854563447822444636,-0.598121447497066663602151618172
0.280817174599004821828055318864,-0.593424984649816783693360515790
-0.137004596095065530639923493844,-0.590340508064021153286326639432
0.354972640297838127927003038216,-0.582371455409708471527439753942
-0.062850897518851459163259047211,-0.579275130115629166229233178416
-0.482193657447552103336117820771,-0.574196492801997140207656808943
0.430100165911219356771382023803,-0.570546712070410390330365740336
0.011302801057362612479834334986,-0.568209752167237179237740850738
0.651648447828895658060680446630,-0.565658628765824380568212123191
-0.406276506012133876061140699687,-0.563863662713414887708273058897
-0.781426175924140201409682297498,-0.561964128646911449788371534556
0.504253748790728376043468528178,-0.559480558818057550369579420790
0.085827740065315427616000219038,-0.556860654807097450462271869399
-0.331981768226417815931493051907,-0.553788666980191634054999144818
0.578513536130469971093048675924,-0.549151106464271973727615384381
0.159992583485214809834420348249,-0.545799670839767441683505355411
-0.257827286209344758340939954346,-0.542728540468602311913401230042
0.796035973414917134569467746429,-0.541070493868103192363222297034
-0.610271533971112424636608410855,-0.537078466806598122162541515103
0.234157426905114192192867193230,-0.534738686872437432793407721970
-0.685167188139208544812688256691,-0.533635417517709168033455403921
0.719433328369414702868699571652,-0.533620782836668422414352457523
-0.183665476786096422764178017489,-0.531655111117164323433831526972
0.308322270325013574551314038207,-0.523677702905107423903310088530
-0.536687870694152005185060444180,-0.522702858978903355202255474449
-0.109510645212742088798447172849,-0.520588832338249815329280384598
0.382498988195770559889869875152,-0.512621402560878778934158463599
-0.035356946636528017155353790652,-0.509523454389857828337788056919
-0.452926875984958429436829699696,-0.505169910208813840084143393484
0.457593387512264519200035163666,-0.500794748888944335286045453299
-0.822796368473844056167117220442,-0.499436368651264715115963277528
0.038807896783371365203093054331,-0.498462470422527819447690423479
-0.378771410286125123337881980344,-0.494116380968705527918222631637
-0.748107469383387574144018705096,-0.492895577083848630250747005885
0.531780788221358745233898414195,-0.489741934642803753269076094234
0.113332835791324180339258938381,-0.487113373062388090672221442139
-0.304477576083635068678517052212,-0.484034724300990076707131893448
0.606040575561100340283478561941,-0.479412482289018176627112057825
0.835735571543282966137181341813,-0.477468956857437918386240407008
0.187497679211223562557679067592,-0.476052389095058081893454928151
-0.230324091478084436060046651661,-0.472967912541176963709677874516
-0.647899290090048881870921555948,-0.468579154355195646202512581830
0.680227206790417495839435847274,-0.468570095627490327532851045930
0.755197205049061706387567040532,-0.467725724398908662774491610285
0.261662522631122944916125912572,-0.464991405127728073003357294710
-0.156170392906632718293608582717,-0.461902534560870464317996471325
-0.573743822370547302909356835617,-0.457525638671272645411989903919
0.335838511220601650841858568383,-0.453934817327804710946931637583
-0.082016694330418646790541916290,-0.450837156612478477437835263101
-0.499586643452863116151652958498,-0.446483609118543289518379707683
0.409992209796815722318523015015,-0.442869439379412723889838176563
-0.007851850910519264432095071307,-0.439776172645148468547737629660
-0.425432945587166744599174699435,-0.435418226408677811836690702198
-0.859174158585666393096854903328,-0.433878226607328071234639067712
0.485120426942894888390465049684,-0.431056124713690538185542126743
0.066312992509380117926351773674,-0.428715188677818459657639996218
-0.351277479888333438500226980083,-0.424364697168569499670769940350
-0.768860124621088069846749065771,-0.420850168470544793607021549413
0.559484321549480655783838530894,-0.420073234046263193057299076967
0.140837931517332933062517657723,-0.417366091317678730882171014879
-0.276983839171975008463677343176,-0.414281614763797567306598607556
0.803039276912920642168668929248,-0.409999216090800076408651505156
-0.694685142530318473886330383773,-0.409928372212292116853697555420
0.633744108889222250833418678640,-0.409743781692477616415335040558
0.215002774937232315280937786935,-0.406305107350348722103404500891
-0.202830140600523290697239274232,-0.403216236783491067914917204365
0.717462296017227648599140821183,-0.402693516529028556034858630102
-0.620422112616142161395154566518,-0.398820869401075640491600864879
0.876863414172604288062586596456,-0.396914478434424947457428452045
0.289178763526711021206670442744,-0.395248519550425360046978843760
-0.128676442024309219194172607805,-0.392150858835099081034755996141
-0.546239060652603506009821783089,-0.387778225210185030208898960557
0.363332462102925092683334889377,-0.384183141602033372989885382745
-0.054511598604409894067283196945,-0.381089874867769117647784835842
-0.472083594953770199910874063737,-0.376724695970076718042978198709
0.437519249227446091508952901033,-0.373130815204158926789334850007
0.019653244815489488291163648036,-0.370028890900439108757687202400
-0.890338820239175369097842903557,-0.365687483352139250483613183350
-0.397928016872627675275423242716,-0.365670878802615424373319289901
-0.815449560900349054906611810896,-0.362108036836993625613106992928
0.512614377825218330231941370679,-0.361304448987919200228495871910
0.093818088235388870649610493017,-0.358967906933109099867589568958
-0.323772551173794369176475523364,-0.354617349562507112207398528053
-0.741277084339366518858748031164,-0.351133674794444739952162171231
0.586768076401432401708605817311,-0.350239071039527213171402410894
0.168343027243341685785776377066,-0.347618809572969371092120587619
-0.249480510573347844072928274242,-0.344522484278890020290787538952
-0.667110187932631229499126729852,-0.340157105245383954472086639503
0.661027863741173996758185965057,-0.339909618685741636529438374485
0.242519015832820391571482317103,-0.336562221773046009147026049941
0.809874678052473060006198791290,-0.335336702786370135195494709027
-0.175326811997133772569861607814,-0.333457106330498033410626330729
-0.592889430625428059385510783099,-0.329084472705583982584769295145
0.735181562317388068246483818203,-0.328844240737349649550305207638
0.905097310028524458528000693012,-0.327459019855060385776790794597
0.316672714409034463048146763739,-0.325496843824654022089932588927
-0.101171346298300466470913888460,-0.322403577090389721244705568882
-0.518733964926594753286563063746,-0.318030943465475670418848533297
0.390859501533555461873764775395,-0.314444517426779575889382056189
-0.027006502878401141344024477602,-0.311342593123059757857734408582
-0.444578525695963741708961872968,-0.306977236658030323781129635124
0.465013200109769533350429222027,-0.303379139478387588832288595173
0.047158340541498241014422367379,-0.300281609155729748967636775140
-0.862755779957453818109841868950,-0.295970989676039196828753805168
-0.370423086146452051266513406389,-0.295923531989843739327467525861
-0.787866520618627503918610776289,-0.292391543160893571958247614746
0.540108328707541772073417691674,-0.291552773262147862271449617076
0.121323183961397623372869212359,-0.289220625188399740077539141698
-0.296267620447618745167565687037,-0.284870002749735427161546764013
-0.713699624211892214558989474977,-0.281414973611832786478172083017
0.614262027283755843623414436799,-0.280487395313755875243261477572
0.195859268138929761909882226872,-0.277875923995666658070075699364
-0.221977181969958325945550607822,-0.274763353825896985786496665315
0.852721942883408384657552857293,-0.273811703817004314190384269730
-0.639539800598252612761199783108,-0.270390720200982934960639629732
0.688521814623497438672994584545,-0.270157942959970298601297441163
0.270012966715143833412958638102,-0.266810546047274671189979795108
0.777894749146141049258555548070,-0.265211543112107749906033007388
-0.147821716271125019846602888469,-0.263709824585788673620575903470
-0.565384334899419306662252063756,-0.259337190960874622794718867885
-0.927326570737390672879270825462,-0.257868147528419891730512476327
0.927848809406393231188543318648,-0.255982689235905795984295381007
0.344199753839664832238576649757,-0.255758219649400224989429262371
-0.073666250572291713747655169117,-0.252656295345680361454655141622
-0.491228895668788295084650872978,-0.248283484153429276156999969712
0.418353452415878903715241096390,-0.244692841701008237932335801355
0.000498592847607611379234241741,-0.241595311378350398067683981322
-0.417073456119276604642202406399,-0.237229779485242691703337860448
0.492507150992092975191905543022,-0.233627463752616250875242340339
0.074663436267506993737681086722,-0.230534327411020389177586347880
-0.342917990420443298543254687046,-0.226176250245134379537417098601
-0.761907727448672131162424184627,-0.222054108896966580449785310815
0.567602279589865213988226311161,-0.221801097536376524343308683754
-0.861699521186824101967367746072,-0.219867245765576834936715962149
0.148839424856985699496975062166,-0.219477739611097027055494253443
-0.268762524721609992444306967694,-0.215122721005026067371496336753
-0.687740831041936841802802883315,-0.211077539347905794969709779087
0.641755978166079285464890757799,-0.210735719587984537286215222740
0.223353219021253203917848910728,-0.208124248269895320178654790606
-0.194472086243949573222291888479,-0.205016072081187625996446238055
-0.612064904078547608557334417996,-0.200631536842056819164666646042
0.716015765505820880514470905545,-0.200406267234198960644251186331
0.864417457737360928585620423137,-0.199754776160141935567329026577
0.297540006145774202603388524119,-0.197071921872020874089476468552
-0.120316620545116267123344169126,-0.193962542841079313830525476210
-0.537879567295087893160576573756,-0.189589779821073213902176983634
0.790169464082034952017561789581,-0.189340889285806973764252270374
0.371693704721988274080052970752,-0.186006543923628887032383007537
-0.944584599539625941887474638428,-0.184906691652498731778437898673
0.944958497828728825817497891396,-0.182986304642123565414304087839
-0.046161154846282961024396449774,-0.182909013600971001664604714362
-0.463723964942612671075741036651,-0.178536137340657591111148205671
0.445847403298202345556717417385,-0.174941165975236899975289546521
0.028003688573616364102492961084,-0.171848029633641038277633554062
-0.389568360393267851918943687056,-0.167482497740533331913287433188
-0.809760811428195130791762780707,-0.164336728886076518314806236353
0.520001101874416417106714162510,-0.163875788026844912947101407017
0.102179677163095069861786936528,-0.160791441833717676155541459625
-0.315412894694434545819995967704,-0.156428968500425019747366671341
0.595096230472188655829702632161,-0.152049421810605186386262428922
-0.735849552109122677057463023244,-0.151753432515824491440161142708
0.176333375739309141504941746021,-0.149726063885325689164073344685
-0.241257428995601239721048248351,-0.145375439260316707581445909493
-0.881872678958700387343173017525,-0.143816198606972272321735862714
-0.658724651773494184943868654301,-0.141945239065517020440654556055
0.669249929048402727472948672388,-0.140984043862213199394830274313
0.250880258451883572941773961078,-0.138385624094641523012429129676
-0.166966990517940820499033169136,-0.135268790336478266206395810795
-0.584529949830272920880069568705,-0.130896037301161636722937164789
0.743509716388144322522528820134,-0.130654591508427622752866237904
0.891911408619684370593678337727,-0.130003100434370597675944078150
0.325033957028097644444864845114,-0.127320246146249536132430213719
-0.092811524819107514400085449783,-0.124215261096369954040475048950
-0.510374475459526963656193162622,-0.119842496542151647224238382414
0.817663414964358394025619704171,-0.119589213560035635872867321947
0.399187655604311715921529291747,-0.116254868197857549075336752703
-0.018656059120274208301137730431,-0.113161731856261641874554287102
-0.956111263160614819601747615469,-0.110823295216850993274885042055
-0.436218869216603918352482317308,-0.108788855595948231321097778411
0.473341354180525787471526036872,-0.105189490249465562047148613199
0.055519929469204440226598810890,-0.102105144056338325255588665807
-0.362063264667259099195684967713,-0.097735215995823972123237005928
0.957875500289228649376294405099,-0.094366711561692553064415355058
0.547495052756739858948190483510,-0.094124112301073574990055152186
-0.783702636088645676686801619324,-0.094036052504934429305182068245
0.129673628045418511869753620384,-0.091039766107946338264120550867
-0.287907798968425793096737248361,-0.086681686755715659957316244081
-0.705375021739076052232986862744,-0.083251486555159414902353824461
0.622590181354512097837760546750,-0.082297746084833848494877480495
0.203860415169939510528866796371,-0.079987439710071891997847683755
-0.213752333269592486997789529008,-0.075628157515607347791395482233
-0.631189700063459122421738212314,-0.072209738522401897131276319584
0.696743879930726169481006586977,-0.071232368136441861503445325885
-0.893372104195948461580621114027,-0.069728569269236579434764575410
0.278374209334207014783250282073,-0.068633948368870185055382874842
-0.139461894791932067775774449793,-0.065521508591768906416345383535
-0.557024857994711991375686157571,-0.061148754022240070044998563568
0.771003667270467764530586734723,-0.060902915782656284861481289476
0.352527907910421086286341166109,-0.057568570420478198175383958885
-0.065306429093098761676826730441,-0.054467979351660594250424621690
0.855860473985970686586962580701,-0.053725163877123397502360773115
-0.482869379733518210932934443279,-0.050095214797442287434187955154
0.426681606486635157836337911234,-0.046503192472086211147195819381
0.008860181775313799962843152106,-0.043418846278958902079089710979
-0.408713773490595165629223597965,-0.039041573851238871531047351151
-0.961836622371446022362882015459,-0.036067466925140367757498899287
0.500835305062849229313002357872,-0.035437814523694224090102358367
-0.827986677161860244961935546935,-0.033041248118153631059859418115
0.083013880351527882234565494746,-0.032353468330566987364167757049
-0.334558168941250346472426248370,-0.027987934251114612333186578668
-0.753390596780089264352271139827,-0.025462049598371483292263477686
0.574989003639063300956248398099,-0.024372436575302237098670203758
0.933898534092645943065522866828,-0.023329265846909826915537814253
0.157200667476048880893678670733,-0.021301141932692541097894889937
-0.260402703242417040373478529018,-0.016934405011006300167265816820
-0.677840071388906459202878723071,-0.013515985475103584575507220353
0.650084132236835539845818461340,-0.012546070359062510603492532067
0.231354366052262952370343117366,-0.010235763984300554040801428922
-0.186247237543583734274530809666,-0.005880875770897988001345054973
-0.603684605688602620869553479765,-0.002462456244860719032685759282
0.724237830813049611322482907972,-0.001480692410670523546399071052
0.305868160216530456698058901560,0.001117727356901152872758058480
-0.111956799065923315052515730450,0.004225773152940453373705043725
-0.894586270187475030284979257811,0.005236351878042651036683218701
-0.529519762268703238652427438229,0.008598527722469289745051863692
0.798497618152791206372063055718,0.008848759943115053095564965357
0.380021858792744528201149785597,0.012183105305293139752756974437
-0.037801333367090008953568011098,0.015279302393048765539625805570
-0.455364284007509458209675723936,0.019652066947267072355862472106
0.872651316729005277848727502351,0.019914137891507040152658426373
0.454175557368958599677814232234,0.023248483253685126809850435451
0.036354132657637309852006711172,0.026332829446812409055665163578
-0.381208677764586412905964878622,0.030705707893470488259003076109
0.528329255945172671321060272461,0.034313861202077113801282590060
0.110540919782158251258490545095,0.037385155844686809802057903881
-0.961725937960356962358063120460,0.038907204468830505316564370913
-0.814063473339330525475264035240,0.040629356582697483098403254128
-0.307053073215241593749167529028,0.041759347493594747456863848592
-0.725686895308112372826210670547,0.044206584136074306294250194793
0.602482954521386742964306312688,0.045379239150469100792714744669
0.961392484974969384906999187823,0.046422409878861511041508440580
0.184694618358372322735154991728,0.048450533793078796859151364896
-0.232897607516408287650219809675,0.052812876733703059622784610440
-0.650335724313137683863733981779,0.056231591497924102737627278964
0.677578083119158981687294782335,0.057205605366708827353553722766
0.258848316934586394285151736853,0.059515911741470783887339504400
-0.158742141817574981551272090320,0.063866405973811371788705372286
-0.576179509962593868146294760422,0.067284825499848640757364667978
0.751731781695373053163959228967,0.068270983315100814410647183782
0.333362111098853898539535222560,0.070869403082672490829804313312
-0.084451703339914562329257011105,0.073973054897649813163755470984
-0.502014666542694485929168718886,0.078345809467178649535102290952
-0.878761119014316257512482460653,0.078521945223661706546190540454
0.825991569035114648213539376713,0.078600435668886391052611220191
0.407515809675067970042626106597,0.081934781031064477709803229269
-0.010296235584704225397527528401,0.085026583326818284949923160199
-0.427859188281500705486417004594,0.089399348691976432145912899366
0.900145267611328719690203823346,0.089665813617278378109704681207
0.481669508251282041685872146824,0.093000158979456464701235383878
0.063881172088267610822329219807,0.096071453622066233083823114060
-0.353703582038577660182706159281,0.100452989638179848049053503369
-0.772323769177876629274758822580,0.102911060944308211033226712545
0.555823206827496113329118187051,0.104065536927848451692667538487
0.138034870664481693099966866091,0.107136831570458147759104158714
-0.279547977489232841025908809685,0.111506629238304107246914275852
-0.955779881516509829805832379079,0.113645802358002579773932674017
-0.698165462430619016103476460843,0.113969514078098665744143262746
0.629976905403710184805782633683,0.115130914876240438749760999503
0.212188569240695764649963611216,0.118202209518850134787292298218
-0.205392511790399534926961090330,0.122560158478412419412835037699
-0.622829879935418421521983760432,0.125978578004449688381494333390
0.705072034001482423528771103330,0.126957281092480165310599977600
0.286342267816909836126628057853,0.129267587467242121844385759232
-0.131237044035189197995231607624,0.133613686907580891199002726915
-0.548674414236585115423036041079,0.137032107244558000547415095238
0.779225732577696495005435549962,0.138022659040872152367693438616
0.360856061981177340547593137149,0.140621078808443828721189261739
-0.056946605557528778773216528409,0.143720335831419332574052825613
0.951658424842254153905421390512,0.144141571838479183370312660263
-0.474509570816685733205909999543,0.148093091211888009325152718212
0.853485519917438090055015697708,0.148352111394657729009657475025
0.435009760557391412050684021186,0.151686456756835815601188177696
-0.892200303197090346209886024463,0.153380558207228285389007265718
0.017219656304076570838571518189,0.154769606599671173641257127618
-0.400354107483608804556985227842,0.159146636323641440875208390806
-0.817785903738450046470424282178,0.162529916375028185052578213810
0.509163459133605483693930061413,0.162751834705227802592620332306
0.091375122970591052737137839295,0.165823129347837571011964047382
-0.326198668253040204771340932253,0.170200343131505486319243317443
-0.743630807133031046966669300059,0.173585921490518501633645749750
0.583317157709819555170594508046,0.173817212653619789649713793321
0.165528821546805135014775485578,0.176888507296229485687245092036
-0.252043228703449749126645924346,0.181254047799163662572281826088
-0.669480249908242920298174192012,0.184672330509050779401840799701
0.657470856286033626647258954678,0.184882590602011776706807254337
0.239682520123019206491439932216,0.187953885244621472744338553050
-0.177887763004616443027698204994,0.192307577039271974738202587936
-0.595324784523145868338186684084,0.195725861853939860011983749808
0.732565984883805865370247424325,0.196708956818251503267646232434
0.313836218699233278134685972442,0.199019263193013459735770707659
0.904998677148363524270233264874,0.202827869615858534270265454081
-0.103732297305781253982046342632,0.203361106279367654668147057969
-0.521169318510576362699777321737,0.206779388989267360337465522498
0.388350012863500782555651051739,0.210372754534215166612574210166
-0.938860053318171286301688039562,0.212066854054819992702397052554
-0.029441858828120834760031263416,0.213467755203206096043197156667
-0.447015619934304177212375600760,0.217844766937636440482819180102
0.828214166053249829804212331675,0.218939449321114125149187937635
0.462503711439714854058741935775,0.221438132482607153492573126124
-0.864706355199607182851990249382,0.223132235070114270227638057270
0.044713607186400012680047839189,0.224521282325442511598303382450
-0.372860156601285362548927313253,0.228898312049412778766593339234
-0.790291955740966883112528507097,0.232281593237914169891209005362
0.536657410015928925535406382408,0.232503510430999140549666587139
0.118869073852914494578614160295,0.235574805073608908969010302214
-0.298704717370716762763283017664,0.239952018857276824210628265870
-0.716139997599822585687445797540,0.243358628288267509941053637408
0.610811108592142997012070829041,0.243568888379391127606760048155
0.193022772429128576856251806578,0.246640183022000823644291346868
-0.224549277821126307118588009757,0.251005723524935000463666774516
-0.641986299023172778889744125234,0.254424006233739453434315821382
0.684964807168357068488735275673,0.254634266327783114663853509170
0.267176471005342648499497846805,0.257705560970392810635723501478
-0.150393812122293001019640290405,0.262059252765043312629587536364
0.767562754261373820913321783457,0.263014610685822210494831949043
-0.567830897192629167723575021606,0.265477963942333317691480288817
0.341330169581556720142743887032,0.268770938918784797627155656087
-0.076238346423457811973988428043,0.273112782005138992559532006396
0.922147841459950804232172535787,0.275814990158369002909780571413
-0.493675367628194806707628354513,0.276531064715015791495678078612
0.415843963745824224397127372734,0.280124430259986504569620465000
-0.001947907945797392751973348827,0.283219430928977433934582105094
-0.919505360751649592046151804323,0.284500337177808095652814787423
-0.419521669051980735204317686168,0.287596442663407778374204128528
0.489997662322038295900218256770,0.291189808208378491449619380957
0.847251772491008118655710453327,0.291456917167101388547114665269
0.072207558068723454688105753778,0.294272958051213849489688330878
-0.845351662633085488596454014143,0.295565718193102373178055792140
-0.345366205718961920540869398664,0.298649987775184116657978287661
0.564151360898252367376882703403,0.302255186156770478506712841973
0.146363024735237936586672074884,0.305326480799380246860395250642
-0.771003024355703509582264900864,0.305509413428792157776082315064
-0.271210766488393320755225103074,0.309703694583048162102013214297
0.638305059474466438853547150036,0.313320564105162465563806302989
-0.689327478731730999427604371030,0.313375072311232609063141412279
0.220516723311452018864309721167,0.316391858747772161535676295296
-0.197055326938802865110530095168,0.320757399250706338355051722943
-0.614492348125309562559559950889,0.324175681953385493436741590928
0.712458758050680510330211596668,0.324385942053554452620899764004
0.294670421887666090507555761394,0.327457236696164148527108449905
-0.122899861239969559011582375815,0.331810928490814650520972484791
-0.540337048732261818860340135661,0.335230326841405434115778775112
0.786600360699132109764819905108,0.335532078531809473892758676677
0.368824120463880161984220208027,0.338522614644556135584201910921
-0.048744395541134369965930513453,0.342864457730910330450916954824
-0.466181416745871364866152033518,0.346282740440787129452724333446
0.897881968108849147547724377047,0.346754266953252293615785634871
0.443337914628147666238603693729,0.349876105985757842526666719834
0.025546042936526049256084565762,0.352971106654748771825967053522
-0.894375216580513746973996416720,0.355242227668419569370060116309
-0.392027718169657293362841365173,0.357348118389179116331250383362
0.517491613204361737741694577765,0.360941483934149829406665635791
0.099701508951046896696163668368,0.364024633776985187381073279305
-0.817838682186390131346603924922,0.365309890054359220509051060475
-0.317872254836638478699393077669,0.368401663500955454615024542495
-0.736180832068468863343702807606,0.371906917342596239787867450542
0.591645311780575809218359024398,0.372006861882541816463759096807
0.173856975617561378594729989473,0.375078156525151584751780199069
-0.243716815606069878913748782079,0.379455370308819500059059469131
-0.661158502319648273235231546418,0.382856885540079044085168048444
0.665799010356789880695023471031,0.383072239830933803520852557822
0.248010674193775460872367635756,0.386143534473543499427061243723
-0.169561376056479423269053774173,0.390509074976477676312097977777
0.837230556316973138656833828828,0.390829428317960378961429646279
-0.587006012191755786327578887113,0.393930358775951325838228017816
0.739940613005241480129631779471,0.394218376309188824792711470495
0.322164372769989532349032082389,0.397208912421935486484154704739
-0.095405910357646117170106054820,0.401562604216585988478018739625
-0.512850715443995542816849295297,0.404985021408722690709570395638
0.396318071346203603825696529022,0.408274290370327473541248165754
-0.021250444658810928124454192458,0.412616133456681668407963209657
-0.438695080812902044778181221631,0.416037417263583262654734303497
0.470831865510471108080080014724,0.419627781711529180483712974668
0.053039993818849491097560886757,0.422722782380520109783013308355
-0.863839170652929533289117774968,0.424514354940992119904265866539
-0.364533767287333851521365044178,0.427099794114950454288296638195
0.544985564086685179583170898760,0.430693159659921167363711890625
-0.782066482331294277849559602641,0.431200430492269218500928192172
0.127195459833370338537639989363,0.433776309502756525338119534139
-0.290378303954315036857916756674,0.438153339226726792572070797329
-0.707809513894866420165469628345,0.441550128087084699711486199675
0.619139262662899251059835345393,0.441758537608313154420805351640
0.201350926499884820436206310468,0.444829832250922922708826453903
-0.216222864723746437072272461084,0.449207046034590838016105723965
0.693280865311350850494443653833,0.452904674086568175692664264313
-0.633721863269470945885607104242,0.453049416172966801860226507840
0.275504625076098902713843956752,0.455895210199314837384107498557
-0.142067425174155981427577453178,0.460260750702249014269144232611
-0.559504447167656755528760905013,0.463679032762615942194975749036
0.767434563887564921971108100466,0.463970052034960162749757725329
0.842391019220645448476997982825,0.465626374942087987294171149847
0.349658323652312974190508403384,0.466960588147706824441200959572
-0.067911959475322675328629733825,0.471314279942357326435064994458
-0.485349150419896512022934550469,0.474733695395387307068251449618
0.423812022228527045667172850017,0.478025966096098811498294420588
0.006243506223512513717022128537,0.482367809182453006365009464491
-0.411193515788803013984266476803,0.485786091250247879013415357474
0.498325816392794549921556335719,0.489379457437300518440759229501
-0.828176071548755690054369034438,0.490464009708539215017913721988
0.080533944701172932939037207752,0.492474458106291447740059563189
-0.337040484928256661646291805576,0.496855942914458776139797781922
0.572479514969008621424647219755,0.500444835385692505320758145458
-0.753901099151677259609217858359,0.500683700363642710270545835745
0.154689410715693780379116310358,0.503527985228527863295165788973
-0.262884355099993129127224445551,0.507905015751873509142736530887
0.228844877382208262277682631463,0.514581507976694260665872708736
0.653255929085668528579905467708,0.516301977513471401029894023929
-0.188728915869424529341564947095,0.518958722559737554586765465024
0.302998575958422344555320277747,0.525646885925086175341153753390
-0.617061889880711128928342800263,0.526149750565899555480390817923
0.727409627661882600056569914341,0.527367355461863388086987484945
-0.114573476319834073694454955865,0.530012427227395730838852062099
0.802255392647953257463742590236,0.531804517010354147152539347679
-0.533385283067524351646154603454,0.533957072493268127656045170498
0.377152274534636416031984724379,0.536712263873478162398247214406
-0.040418010621000767517560219628,0.541065956467504042974048525946
-0.690510699901374427149142457015,0.541199199333920367658853162928
-0.459229986319764108140328248911,0.545011735126039492529320871080
0.451305973110850487508649171012,0.547777641821870149455340675422
0.033737455077834421641955110331,0.552119485707599722859111546379
-0.385074351688670610101660175244,0.556064130980900064474484778936
0.525977170902169447259529530024,0.559258218572588294041606325120
0.108027893555494840863970189547,0.562226134631438164234161645077
-0.310440559057357877892752371288,0.566953428927406929889281995710
0.600796041636723554485727784355,0.569866646937605795195805551697
-0.773290247949811584342758217203,0.573107967778346869931481209431
0.182183359570015691026064815487,0.573279661753674578716333723503
-0.235390402189668142373990877397,0.577656690678269396104350638145
0.256338826236530173545758830770,0.584333184501840975842211358776
0.680749879967991970421381788703,0.586053653239242738986940278763
-0.161234962959099542588346581808,0.588710397486133441548385564782
-0.580992020693557596817572610005,0.591877812597990572126841530513
0.330492526840745786396796598742,0.595398561650857513298200008224
0.754903578544206041898046235336,0.597119031187634726044033739779
-0.087079523409509086943651573927,0.599764102153791617801424073600
-0.506182152185260914837615228837,0.603981818079218580259027471754
0.404646225416959857873461045374,0.606463939599249500355293469240
-0.654435898342062013603361448167,0.606951313771383759963433631241
-0.012924057710675780844703855404,0.610817631393899929967344841012
-0.431991633011156847460376312659,0.614863619214503823421757749080
0.478799923993173929350125492007,0.617529317547641487412386930255
0.061231407988159408200948005747,0.621871160633995609897289319172
-0.357465230821039195716312092822,0.625770300339065859812678622232
0.553471121784492889101005851019,0.629009894298359631998652579954
-0.726335964910536749191687686260,0.631558878001716702595366970339
0.135521846465819827422963084962,0.631977809557834051272339417870
-0.282048430771809912105276399512,0.636344355229696335202823372597
0.628289992519046996327204105350,0.639618322663377133152851806530
0.209677312480340674863042158607,0.643031336680070466827445837944
-0.207885473475979100861018889190,0.647404038284666992792773862471
0.283832779146855156761608473104,0.654084859428236864198152802042
0.702061740130284076001358605287,0.658283570625569644316997422605
-0.133730032232426921053005412589,0.658457744298709135160005252505
-0.603550459123286287165511370251,0.663378375234132899556726329955
0.357986477723069228238272919737,0.665150237376628851255246263058
-0.060092826833486821795118229948,0.672556523774503469647533969427
-0.478328929844889255081921983183,0.673804848619864423375758848461
0.432140176299283299714937366369,0.676215615325020838312339724073
0.014447325723982449057011206547,0.680617495079624198818949715365
-0.404115741337918753981870824149,0.684463941137599411009344434969
-0.674974562952316830472813687062,0.686177739126413687352280679587
0.506293874875497371191601813002,0.687280993273412825369433185089
0.088725358870482850042424326742,0.691622836359766947854335574006
-0.328724586854886523404038760613,0.695017603435169353203105561254
0.163015797348143269264439405957,0.701729485283605389229385672704
-0.254543502058120870592304411305,0.706091702836093931891246596924
-0.544334590992488137139834343366,0.709364183514391456752038910608
0.647610959094868809947805842364,0.712060809176808936905671465435
0.237171263362664116704518479602,0.712783012405841804784492092778
0.573187910633228498604312936200,0.721139545837221009847565482265
0.311326730029178598603084794099,0.723836535154008202155199056876
-0.109121330721349416192030120650,0.729278824575781047392881960187
-0.184058656841703931633286759303,0.731647527935090806760780287559
0.385480428605392670079749240732,0.734901913102400189212292517892
-0.619517682716960738820625657895,0.736633145538751140175475324459
-0.034374991811752665718131528464,0.743195687545866524020125797634
-0.463515929171405625406955051727,0.747305307218466130216296046759
0.042074760983903347188116675122,0.750316407715558857048438842996
-0.375375097371766081669597491941,0.753711244233702904399771373990
0.474710214959455899122489742072,0.756427548272000350079007270537
0.117117963394138311149580364442,0.761013567801625030622654748537
-0.301219658141197481891066772405,0.764764951041566949891528785580
0.189760082048061322181818144687,0.779569865900711038343379456445
0.264676365194700075433233318695,0.782530291742616688183400674312
-0.560301814586162588794948631010,0.782618953819009697370787905112
-0.230734812924780542932049120404,0.790320776140563824761062476216
0.547548549908341546776996673838,0.791594047349132205201451472041
0.339991947729465824463501694634,0.796886651561506219391766030621
-0.084565437180979964006239846165,0.800118232352150933439701962867
0.414661438413801430969687823702,0.803964799432427869021419157534
-0.423836081922646417181916958730,0.810919168317977365320063602082
-0.158719848569755644732036633296,0.811178832392699732256310191554
0.061049775992033589438953654225,0.822850278473391742293362364853
-0.497686256991156116391506974395,0.823856140298438670915268080125
-0.013889944270788757862036340230,0.825141987137839771522883286848
0.484273100289843852384793976308,0.831811345583222128376591306116
-0.333481314812556425687699493326,0.832443596938867033406889107693
0.135225223059010234176261519921,0.833768916396086969367554200036
0.269723239779920859825578277037,0.857334988510893377771930076798
-0.262996469596139486728681841325,0.857999422037863908276422798328
-0.116239250264641769789550131504,0.872957569586918332174760206368
0.197127009713070266955647359322,0.876070008707137374245893744202
0.396992868945408688687336095631,0.876827926284171970384665926958
-0.190981505241114588528669354217,0.878857478289999815771670513667
-0.392298501311295619285101968461,0.878938243663466462204150399146
0.031293864789943644143190101328,0.891667422777744495482026756325
-0.044196234742834022823694834431,0.893718530937427622018544246479
0.110681628846622690561194011904,0.904612586436609496947097673330
0.327539934770248108100825935159,0.905068031385491688302918325574
-0.318652354406813172362987971700,0.908235226874790673648732391172
0.249650128176857383413140446159,0.929572678065887666113670951663
-0.245052594006541571948565327772,0.930795238748014255748139936110
0.172583415500682723340579851305,0.946913678747659901825437217496
-0.163341808405326507672102934384,0.948551529402691627946749301519
-0.089015066696482266049084415191,0.958387639844300458138469577857
0.060804478824650638820544527506,0.960590113242984801745201303000
-0.014148216823563366126962625733,0.962408633723753120330136791552
