-0.024797313883949488677875629935,-0.963964039787864029433383606074
0.048030011537834398716515146609,-0.962949604472607709135991241384
-0.096552588641469273799324945957,-0.959436904859631214227687296866
0.124973307303299510209069935427,-0.956150223156211413635678003367
-0.167314020303970159062278573099,-0.949656567075550992342688270774
0.195413444102104851599738747788,-0.944274940175874498080517011411
0.264781180365641509966232943431,-0.927217613780160799756496409071
-0.280666826173601504550547079909,-0.922533310762074963197728137083
0.009992508097705808073819376525,-0.901574108672481124686869854836
0.081397849844838893330855892678,-0.899546206290061543020187995178
-0.348191117512185088937800197480,-0.899224400506132581429233817812
-0.061313616613412039823434665515,-0.897299556440960419951465259210
-0.214376548105880866594889350601,-0.895916882530590442946378188225
0.374488306779869399415130386934,-0.888594443413385430844576334539
0.151837986643644234721524705039,-0.887670923309724627465027003221
-0.132075048275912925086388292657,-0.887519218656880198066466233118
0.221205722907180893088018900681,-0.870613596914010929141006400882
0.305858551573895162692608913209,-0.868775464669122592915539148866
0.439242690954027149987142442632,-0.858433127985787146479780284351
-0.451805777392588754589700027332,-0.851887971680946059779067268807
-0.310680080339062960039911104280,-0.838431659917357182574588897652
0.044517787480686423791092797782,-0.838368626915639457415769907783
-0.382083656641180871718952297560,-0.836342519097518702316111371311
-0.026824277026609888832123671014,-0.834743016631251219120570566923
-0.239847820667770335408295471392,-0.829178216884838828774161249334
0.114957924279491765181761610144,-0.826493343935302541860608915826
-0.168481830590360270193267439620,-0.826058813357159516535839179310
-0.097151205243119512044421313805,-0.822214713245421491737763689664
0.255212685903767433739999130607,-0.807793523005694936176251339552
0.183779914800559670000111677240,-0.807352580136134822054024335825
0.397688390716192296639016067939,-0.800329123391943803759434025017
0.326254260109692251002596065340,-0.800314889945999622218935033453
0.540007059629544377517281904379,-0.798895457697846422462071648833
0.468785084874985782246481867146,-0.793394046046414751355569479478
-0.491733780112782691521126121500,-0.792654621135213163539864539942
-0.562538586953574699985483463240,-0.783193408404509809065870303192
-0.422288788904066065568271355719,-0.775914596818660915516938118029
-0.350959522143213971258649387391,-0.772045369317377151310466967243
0.004741988293118247241907950620,-0.770661770452185547184762005908
-0.279560675105141632108593341516,-0.769800406125821711461512711477
0.076059347361833052520237411357,-0.766578938890451442808435135605
-0.208281555348042199334263849758,-0.765096970705773156838352688319
-0.136915565270632134119235817986,-0.761977567178093844600030618295
-0.065584939923391375970389692170,-0.758133467066355819801955128649
0.144793570116273185805441786662,-0.747125357203767259336213943679
0.216144112561678639721163472512,-0.743670605281575923163540348859
0.287494655190638579704972658644,-0.740215857150313616521890061768
-0.618974218521437432320007912526,-0.739400090333896051791806227937
0.358844578367545566010588006861,-0.736748339198382972177144804629
0.572749321948893140591982731693,-0.735407037680425574836996949201
0.430194500642678376180643107067,-0.733280802691005312637699540185
0.501540636279380963549283607335,-0.729736208524287899573375632625
-0.468191359170235376777923236585,-0.721180793177246781894500852551
0.642322929336224708776033396225,-0.719209865914622377468944261600
-0.549788207345666531541459982271,-0.712906403645794065620183183677
-0.389975004832773144912854543074,-0.712207026019804160323286734293
-0.318645738071921050603232574745,-0.708337798518520396116815583507
0.037170955691030185565798227868,-0.706544722608623971619482194974
-0.247278522511039791250741415611,-0.705246559093273969523164372939
-0.175945582199695712800902830511,-0.701400659520219365497406522154
-0.104579592122285647585874798739,-0.698281255992540053259084452130
-0.033231179891394489445055978243,-0.694446188667216711606244688548
-0.672013009680955125760967820388,-0.691549052200595769213536744936
0.105909931085970731009625890954,-0.687107940988426447048569515096
0.177385560920344533592158489905,-0.683559663991745896809811594044
0.248736103365749987507880175755,-0.680104912069554560637137999225
0.320086645994709927491689361887,-0.676650163938292253995487712133
0.391447937588254619713542401406,-0.673188476190169243411392005941
0.541135056223876584459082329561,-0.670202946039274958568268806937
0.462797859866546256377348385769,-0.669720939684411920197791965128
0.693802986783452508321401851717,-0.669685741456661330153146623692
-0.604804975014162666647784124062,-0.667343364969601623090752248949
-0.503088713723697484078969033145,-0.658850945886663375963182032169
-0.431799857265564661593569626074,-0.654297467766673757321939429795
0.619725412790440395374361713897,-0.651444185337648207920952719020
-0.360770211485149609903107264423,-0.646706378358278130588993409518
-0.289423307450833552091445665914,-0.643154328476697540276172684802
-0.218056091889952292738954506780,-0.640063089051451113682521474234
-0.146725623291069969223230916782,-0.636216081440157260457401507607
-0.075359633213659904008202885010,-0.633096677912477948219079437583
-0.004028949200968833526939738168,-0.629253666543888395454928088784
0.067368452636662937732121246889,-0.626963201758473566969121816216
0.138718374911967971523942666300,-0.623495665254639674598996330310
-0.680366770758740391679537911474,-0.620605060954312127548525053527
0.210068916675366681590533000310,-0.620040899247080477096950759139
0.281419459120772135506254686160,-0.616586147324889140924277164320
0.741475554434794911654394433029,-0.616486479134466749990985064947
0.352770001749732075490063872292,-0.613131399193626834282626877228
0.424119924025037109281885291704,-0.609663862689792941912501391319
0.495469846303328745945691276066,-0.606196326184035618698901350506
-0.750246125557042138070154634280,-0.605782409670869184836916580600
0.566849732450999895980567960150,-0.603412970000757184603221849495
0.671205470237668194919730169389,-0.601920060879687160605155081111
-0.541764705493321730465384431287,-0.598792616916124680344951040025
-0.613158736091947932566354215149,-0.596399373723317981425740557540
-0.470475849035188907979985024216,-0.594239138796135061703708437652
-0.399454891709442291379081482004,-0.586567187373454648469182733080
-0.328104969411309643086625023895,-0.583099651339334233989205158152
-0.256755262414042444238986282554,-0.579627687989641419793876395067
-0.185405340138737410447164863143,-0.576160151485807527423750909153
-0.114055520726537998258261166236,-0.572690499061713443803451767391
-0.042706885039491377750418267282,-0.569196589547345986326162960072
0.028643037235813656041403152130,-0.565729053043512093956037474162
0.100040439073445427300464137186,-0.563438588258097265470231201594
0.171390361348750461092285556598,-0.559971051754263373100105715687
0.242740903112149171158875890607,-0.556516285746704175598060144517
0.314091445557554625074597576457,-0.553061533824512839425386549697
0.385441988186514565058406762589,-0.549606785693250532783736262606
0.456791910461819598850228182001,-0.546139249189416640413610776697
0.740267251445653857136433983001,-0.545062567018257917835730610721
-0.795952463019883125974458217329,-0.544094200705167367463750816329
0.528141832736952194105170389069,-0.542671712682034558663593816349
0.599521718884623344140047073154,-0.539888356498756124567914315337
-0.724280804085906811971254587851,-0.539234402195077027588433832279
-0.652874069571112905545620688721,-0.536983014036244449731096728227
-0.510198384183658353836369432467,-0.534711398317594722062823193047
-0.581592414782284555937339216332,-0.532318155124788023143612710561
0.670335059916441073284619159056,-0.530491231938074297826070369840
-0.439187957337772230073055224831,-0.526942582625190549934514912858
0.808829413809270309628939448087,-0.525011005729356107029528019436
-0.367893119991603196332492296537,-0.522483727852853685184394415897
-0.296543197693470548040035838428,-0.519016191818733270704416840970
-0.225193490696203349192397097087,-0.515544228469040456509088077884
-0.153843568420898315400575677675,-0.512076691965206564138962591971
-0.082493749008698903211671980769,-0.508607039541112480518663450209
-0.011145113321652282703829081814,-0.505113130026745023041374642889
0.060204808953652751087992337597,-0.501645593522911130671249156980
0.131602210791284522347053322653,-0.499355128737496302185442884411
0.202952133066589556138874742065,-0.495887592233662409815317398505
0.274302674829988266205465076075,-0.492432826226103212313271827335
0.345653217275393720121186761924,-0.488978074303911876140598232515
0.417003759904353660104995948057,-0.485523326172649569498947945424
-0.834654853205773944847892620202,-0.482900458479846307204904689673
0.488353682179658693896817367468,-0.482055789668815677128822459514
-0.763306408096766691019936200815,-0.479402659368337914245576629086
0.559703604454791289151759574537,-0.478588253161433595378805499166
-0.691977796850683320310462476757,-0.475521366310270935787923629345
-0.620608431691761653152840413194,-0.472480160149881926751088412210
0.630606476412111339978601563872,-0.469892394014611588100413260932
-0.549279199477228841726427307611,-0.468610295839244585805445204674
-0.477865893176323100618294756469,-0.466885505628666383512694663330
0.701957009347724998545846331612,-0.466437445693521882144475953304
0.773309995620834468732602611531,-0.463033540875971669889230221584
0.845834073743831677880003916407,-0.462756440166110329142142633167
-0.406571055830154066877731828175,-0.462426650856329518762574166369
-0.335221133554850668572677967681,-0.458959114352461973724735440726
-0.263871426534725893415875626201,-0.455487151472498047380322949171
-0.192521504259420859624054206789,-0.452019614968664155010197463258
-0.121171684847221447435150509883,-0.448549962544570071389898321496
-0.049823049160174826927307610928,-0.445056053030202613912609514176
0.021526873115130206864513808483,-0.441588516526368721542484028267
0.092876795390435240656335227894,-0.438120980022534829172358542358
0.164274197228067011915396212951,-0.435830515237120000686552269789
0.235624119503372045707217632362,-0.432362978733286108316426783883
0.306974661266770755773807966372,-0.428908212725726910814381212712
0.378325203712176209689529652222,-0.425453460803535574641707617893
0.449675746341136149673338838354,-0.421998712672273268000057330801
-0.802009813539171224686081853806,-0.419361992939172247068955975289
0.521025685370803951570451245541,-0.418531165374228877335751769778
-0.730683556054698336441407292465,-0.415437682635925915336756147637
-0.659333021638186113314962694898,-0.411982764898034783565360311585
-0.872816847707201931236630544467,-0.409917463812486147849236555948
0.591928557328171314657475693218,-0.409835306227792637014846388654
-0.587982486347879139930114140508,-0.408527865205692152177250251216
0.663289669865092088276947634390,-0.406373545758267027907558815782
-0.516631951074680398826651964680,-0.405072965160030589044221079861
0.734683868387706970183707458391,-0.402941084258596807175618844756
-0.445248991668566706942658684617,-0.402369573859716329199505107251
0.808777429965794053145631084712,-0.401026312917583856476780567527
-0.373899069393263308637604824123,-0.398902037355848784161666381604
-0.302549362373138533480802482643,-0.395430074475884857817253890053
0.879909402438737852728172636669,-0.394462951720311868677680442416
-0.231199440097833499688981063231,-0.391962537972050965447128404139
-0.159849620685634087500077366325,-0.388492885547956881826829262378
-0.088500984998587466992234467370,-0.384998976033589424349540455058
-0.017151062723282433200413047959,-0.381531439529755531979414969148
0.054198859552022600591408371452,-0.378063903025921639609289483238
0.125548781827333979958152053790,-0.374596366522218317249603263824
0.196946183664961518806224812726,-0.372305901736671557834326295225
0.268296104982596872729103428975,-0.368838345527360149357602898762
0.339646647700040574632814615967,-0.365383599223543972117078748706
0.410997190145446028548536301816,-0.361928847301352635944405153886
0.482347732774405968532345487949,-0.358474099170090329302754866795
-0.769350875844161023059354600192,-0.355373745787254111077229470246
-0.698000340572264847290397859414,-0.351918845714691991559272746147
0.553247370593989619149400031336,-0.349751910502711383395136011221
-0.626649803231057543857149675810,-0.348463929481684286067735627472
0.624598516782780989097294631608,-0.346309650250607718478300939632
-0.555299267940750570472301121418,-0.345009029789341654679625567098
0.695948440172368416723616730621,-0.342842136674932066392347778535
-0.483948732667551829368838945590,-0.341554129743680091546596395750
0.767298976046703857356611076026,-0.339387249043957457970280857355
-0.864563254455784773211380716414,-0.338961749338332262619997069921
-0.412566255357335215382409995092,-0.338838038590220712206258717589
0.838659378671215363026765523777,-0.336142537136083133719098284336
-0.341216548337210440225607653611,-0.335366075710256785861846226037
-0.269866626061905406433786234198,-0.331898539206422893491720740121
-0.198516806649392980031438105410,-0.328428886782127301829177989488
-0.127168170962346359523595206455,-0.324934977267759844351889182168
0.908770222249820927591806128239,-0.322456601625720939384902276378
-0.055818247672982550160463411132,-0.321467440111108967904074807387
0.015531678021009810902724200949,-0.317999901406439164127607206825
0.086881603040232917906867545709,-0.314532363136297963966943754048
0.158232153831076244345995885334,-0.311077610138276995743474260758
0.229629139358986462569763487642,-0.308774204914511780490842982607
0.300979683614533817580104702471,-0.305319457620524116564628108446
0.372330226059939271495826388320,-0.301864705698332780391954513626
0.443680823486519987753709150212,-0.298409922290523529576962285272
-0.808018200911247798034859413424,-0.295309806223014515248187004195
-0.918842734573481461193028892937,-0.292522829709963861405225193821
-0.736667665639351622265902672645,-0.291854906150452395730230280101
0.514580461306103638370763693600,-0.289687733623144583669343429698
-0.665317130367455446496945931867,-0.288400006077890276212273556005
0.585931020737069527823590453678,-0.286233297235242746938240854340
-0.593966595950943199650254046964,-0.284945088339999634308495082237
0.657281534710364919551162329708,-0.282777957332415663867797119316
-0.522616060660636226265405492574,-0.281490188647657002920385021859
0.728632070584700360184156675112,-0.279323069701441055445730198136
-0.451265525387437485161943316746,-0.278035288601995439787355850514
0.800205017675769535244661159798,-0.275937567024548022852077250682
-0.379883702353107853129823278013,-0.275302056377478542311041742425
-0.308533780077802819338001858602,-0.271834519873644649940916256511
-0.237183960665603407160202180724,-0.268364867449550566092274429214
-0.165835324978556786652359281769,-0.264870957935183108614985621894
-0.094485402703251787670928194464,-0.261403421431348499967283296501
-0.023135480427946854418043645486,-0.257935884927512538853159466600
0.048214441847364463019095324834,-0.254468348423807942196150631180
0.891224651198089687711029246877,-0.253210748648332172608526693352
0.119564984494523683099580760982,-0.251013600668413435990571246313
-0.862650000694960487905449096671,-0.248175361719005447403156513125
0.190915526952267238734115451745,-0.247558849001039320490440024175
0.262312512654979532513851324346,-0.245255449195493975447417277839
0.333663055100384986429573010196,-0.241800697273302639274743683020
0.405013597729360781699014590440,-0.238345949142367790146775836282
-0.775334964505675206086078198779,-0.231790980067653737960185510820
0.475913235548944432316069133828,-0.229623760474988844239156980708
-0.703984429233779030317121458001,-0.228336079995091618442228786725
0.547263775026053290105798517222,-0.226168947249498866148519960371
-0.632633894817266783470429573098,-0.224881162257200976538450312957
-0.937976733668455876708700683642,-0.223698958148339196640808877264
0.618614307299279020021024336398,-0.222713985249003986893079515341
-0.561283359545370607701472832320,-0.221426262184638857020493588862
0.689964843173614460654018681802,-0.219259097618029378471012594161
-0.489932824255063634316624277930,-0.217971362492296225632383528483
0.761315382555591258566388814405,-0.215804282427824836605708763907
-0.418582288981864893213162102102,-0.214516462446634662499354357139
0.832663656109172997987902460935,-0.212302985665086983046289947778
-0.347200954014387228205898559625,-0.211770513365125611480521111777
-0.275851134602187816028098881746,-0.208300860941031527631879284480
-0.204502498915141195520255982791,-0.204806951426664070154590477160
0.942557857481454820158044587496,-0.203534424803194713511733232351
-0.133152576639836196538824895487,-0.201339414922829461506888151766
-0.061802654364531263285940346509,-0.197871878418993500392764321866
0.009547267910780054151198623811,-0.194404341915288903735755486446
0.080897810368523609785733314574,-0.190949590247914788235624264308
0.152248353015682829866218750722,-0.187494842492520282030044879441
0.223598894804923551415174031661,-0.184040077018670649298854320686
0.294995880949291441996915896538,-0.181736690902877320673588233703
0.366346476561493492954626665452,-0.178281908663167929179033212436
-0.885341708564427522620203882513,-0.175404141134545729150806298187
-0.814002278242930092029063499968,-0.171727063558303553818675605531
0.437246114381077143571681208840,-0.169559719995788983271414356862
-0.742651743826417845182371615065,-0.168272145820412911914897131752
0.508596653858186001361410592234,-0.166104906770299005180777336524
-0.671301208554521669413414874287,-0.164817245747850792396940407657
0.579947186131411731276636411410,-0.162649944769804125925336891494
-0.599950674138009422566722989383,-0.161362328009960150493161933890
0.884139444583486497019689096337,-0.161109417713705158831954884039
0.651297722005747171909630756814,-0.159195057138829517503269970314
-0.528600138866113246797766248605,-0.157907427937398030975205209795
0.722648261387723969822000889420,-0.155740241948624975637966140059
-0.457249603575806273412917694215,-0.154452528245055399587095149415
0.795421912336425722671523550056,-0.151344903847640253581061150219
-0.385899068302607532309455518387,-0.150997628199393836454065978071
-0.952414374823787538291741845742,-0.150825844632184168073550376000
-0.314518305245606336383166164002,-0.148236852312483907239305987626
-0.243169669558559715875323265047,-0.144742942798116449762017180306
-0.171819747283254716893892177743,-0.141275406294281841114314854912
-0.100469825007949783641007628765,-0.137807869790445880000191025011
-0.029119902732638466203868658445,-0.134340333286741283343182189592
0.955039041872167431088643192792,-0.133199118915592846234749613156
0.042230639725105089430666032318,-0.130885581619367167843050967453
0.113581182372264309511151468467,-0.127430833863972661637471582586
0.184931724161505031060106749405,-0.123976068390123028906281023832
0.256282265823621181122220438086,-0.120521300290797466093551707595
0.327679252618766585871588508658,-0.118217934346939927461383241503
-0.852856435996390642200191476328,-0.111783843396498003411293708766
0.398578890438350236488643052046,-0.109495745679560981553764385929
-0.781319044892154453541409071393,-0.108208221153528426225584567592
0.469929429915459094278372435440,-0.106040932454071003463127365592
-0.709968507420845253233590400420,-0.104753319665052134626895638377
0.541279962188684824193598254616,-0.102585970453576124207686920562
-0.638617973004333006386898515517,-0.101298401927161492723117164610
0.612630498063020264826592600020,-0.099131082822601515785619999382
-0.567267437732436830617941774739,-0.097843501854599373205160440515
0.683981037444997062738962732623,-0.095676267632396973920316169128
-0.495916902460540654848985033961,-0.094388601782037253687203716420
0.755331569805101506892782888828,-0.092221307426087997888922403925
-0.424566367170233681464136479571,-0.090933702089694622299093656040
0.897941305033385944787648373120,-0.090272627491453071948009040111
-0.353215831897034940360674303743,-0.087478802044033059166064484696
0.826579277534926598872223678332,-0.087063850558317617597982833173
-0.281836597637093777193311254954,-0.084678778015219782660973993511
-0.210486675361788778211880167650,-0.081211241511385174013271668117
-0.960966538613119330947786138860,-0.079905496969345316921124685690
-0.139136753086483844958995618672,-0.077743705007549212899147838215
-0.067786830811172527521856648352,-0.074276168503844616242139002797
0.003563711646571028112678042411,-0.070821416836470500742007780658
0.074914254293730248193163478560,-0.067366669081075994536428395792
0.146264796082970969742118759508,-0.063911903607226361805237837031
0.217615337745087119804232448188,-0.060457135507900798992508520794
0.962441120203241262905292675442,-0.059570688445979220896629891742
0.288965911702530156603879311884,-0.057002671314736269110259059445
-0.891336837352350810509278979745,-0.051600008942537620479673401837
0.359992177431133192108010213033,-0.049380017310055576522801820357
-0.819986341559065007473495863408,-0.048144293654815706846945060168
0.431342716908242049897739596430,-0.045925204084565598432164800018
-0.748635806287168837053765926554,-0.044689393582253476856850869097
0.502693249181467779812965415606,-0.042470242084070719176724354988
-0.677285271870656590207074041651,-0.041234475844362834953072395330
0.574043794863313674612008640213,-0.039015348157912910514853535411
-0.605934736598760414438117300872,-0.037779575771800715435115671235
0.645394362990618583405065322473,-0.035560514516850751829246597890
-0.534584201326864238669160560094,-0.034324675699238595917158947140
0.716744959389338300438547833805,-0.032105513205936464975189903501
-0.463233666054968062900203819316,-0.030869775626676476399202223045
-0.391883130764661089515355264927,-0.027414875934333845011092162665
0.868351942884204311179531279688,-0.024072519133036175867459430965
-0.320532595491462348411893089099,-0.023959975888672281878062991321
0.796613188394309094342785572126,-0.022218891465770911815780838880
-0.249153860920880295310745010495,-0.021147242485044324952305352056
-0.177803938645575362057860461517,-0.017679705981208363838181522154
-0.106454016370264044620721491197,-0.014212169477503767181172686736
-0.035103474581023322532463142582,-0.010757404003654145588094500177
-0.949029059236181789059606824975,-0.009475873910417329353888746966
0.036247067868553827814804535327,-0.007302652167620314710281006631
0.107597610523879443267017185964,-0.003847904580885518780377864020
0.178948152185995593329130874645,-0.000393136481559955967648547784
0.250298693975236314878086155583,0.003061628992289676763542010982
0.321324991635799837182826427465,0.010683981564200709944937836064
0.964210223372617146574420757449,0.011841533841760811505948489318
-0.860338206019307703689502742025,0.012802870357049606041450152056
0.392675531112908694972555810859,0.014138794789690688035574856404
-0.787303105153492513871005507493,0.015374532500545121044558863892
0.464026063386134424887781630036,0.017593756790185567291015301431
-0.715952570736980267024313622590,0.018829450238435762948337337659
0.535376599261341579656208157418,0.021048644403157485756650269025
-0.644602035465083998258292827008,0.022284350310997942334929098046
0.606727138630789219498690695354,0.024503459852120341313164299058
-0.573251500193187822489336086230,0.025739250383560061852885822141
0.678077671011680861973609464178,0.027958419629139927516616550707
-0.501900964921291646720379345452,0.029194150456122181370842546236
0.749428206886888016742035991560,0.031413307242111845982251518295
-0.430550429649395470951422604674,0.032649050528684300888799270331
-0.359199894359088497566574050285,0.036103950221026932276909330711
-0.287849359085889756463111874456,0.039558850266688495409938502055
0.829296542440128214481928951352,0.041299874158358851925583703184
-0.216471126414833228830066103314,0.042384291622301551564138116716
0.900660531968167943777420196219,0.044464714871463680355912994691
-0.145121204139521911392927132994,0.045851828126006148221146952133
-0.073770662477405748306717710125,0.049306596225331442050182261517
-0.002420120688165026218459361510,0.052761361699181063643260448079
0.068930421641688592418922065042,0.056216116007848609700110290961
0.140280964416737500122260886228,0.059670861121949813663626320532
-0.962370471069503476566247440675,0.060701344247551814192935580718
0.211631506078853650184374574908,0.063125629221275376476355636769
0.282657804011183297533693651885,0.070747979260825861818629175511
0.354008343488292155323423035279,0.074202792486315839909266195850
-0.825970404019816004694116978824,0.075438458583343838683238669461
0.425358875761517885238648854455,0.077657754486810719164706640878
-0.754619869603303757847425093920,0.078893376321234480587017143228
0.496709411636725040007075381837,0.081112642099782637630341608472
-0.683269334331407582078468353142,0.082348276393796600104973867326
0.960687881194373811122035217614,0.083188771515526836703790223072
0.568059951006172679849557919773,0.084567457548745493186855638505
-0.611918799059511406309511612364,0.085803176466358719622930591424
-0.896311524317129366100003817549,0.087886832509940849083280684607
0.639410483387064322324476688597,0.088022417325765079390307890154
-0.540568263787615230540554871586,0.089258076538920839140887315516
0.710761019262271477092903215979,0.091477304938736997855942857742
-0.469217728515719054771598130808,0.092712976611482958658844039611
0.782111560932707136881179370786,0.094932072866241609723616060359
-0.397867193243822879002641390030,0.096167876684045078176800763706
-0.326516657953515905617792835640,0.099622776376387709564910824086
-0.255166122680317164514330659812,0.103077676422049272697939995430
-0.183788394118251740323431415162,0.105915824307132038368969856254
0.864701681230038839211165373596,0.106560574913439804680364384319
-0.112437852583220295965633384330,0.109370595031108193003790058892
-0.041087310921104132879423961461,0.112825363130433486832825368277
0.030263230184229812551102507887,0.116280142728836404983276256030
0.101613773045945142073166496717,0.119734886053023262574420917160
0.172964315973034050216022757560,0.123189628027054464795300408807
0.243990614177044899948249750721,0.130811975535034874732219819828
-0.955236123423083610084419659012,0.131778318731258655044061008524
0.315341153654153757737979134115,0.134266788760524852822856840168
0.386691685927379487653204953292,0.137721750761019732078297285195
-0.795181606061364565117825605470,0.139968359743159551639211692442
0.458042221802586642421631480674,0.141176638373991650543932252789
-0.721936633197731165898643879278,0.142412202476595257875018636604
0.529392761172034282264114018610,0.144631453822954506100446282822
-0.650586097945548355425934704962,0.145867102956277425234741363323
0.600743293552925924739032787434,0.148086413599974092303898534471
-0.579235562653938814360730397717,0.149322002621719496910932084798
0.672093829428133079507459314816,0.151541301212946010769533502059
-0.507885027382042638591773656939,0.152776902694281616428888808893
0.951893423769644799410930606606,0.154079481320847017198453002524
0.743444370971481157171467635813,0.154996071765160751307093979348
-0.436534492127254888717423625980,0.156231803120166627213457650637
0.814794912641916816959743790620,0.158450839692665363174767181960
-0.889177176670709499618176035887,0.158963806993647689934406112413
-0.365183956814302439181324514816,0.159686702827083631942109162489
-0.293833421523995465796475960426,0.163141602519426263330219222869
-0.222482885936259438023240504348,0.166596502403244524360314445202
-0.151105157374194013832341259698,0.169434650288327290031344306026
-0.079754615839162569474543228865,0.172889421012303444666164508664
0.883980788986584056692347087996,0.176231439584623566905330351556
-0.008404074177046406388333805997,0.176344189111628738495199818049
0.062946466884385545266043995242,0.179798969616726428424400132144
0.134297009790002382875704674908,0.183253712034218764144971139122
0.205323324319466337825881799586,0.190875907417384136106861195945
0.276673861674439867200388410609,0.194330795983162810933165065674
0.348024397549651102816180927096,0.197785683596050451506431388901
0.419374933424854176737241363043,0.201240571209106647864435053497
-0.832035153542460898233533299394,0.201831328626093295399471923327
-0.760603931721334406240632534714,0.202476128780026676938489402530
0.490725469300061331505667890425,0.204695458822078566330070021090
-0.689253396801984216884327703082,0.205931036133354590914734085792
-0.941725091467545021627408288973,0.207353391292358134874673653431
0.562076005175268486274094417807,0.208150346435050484795704988678
-0.617902861177542776878240426838,0.209385928925150451060132506060
0.633426541050475641042520945189,0.211605234048022403261339956266
-0.546552325905646601109283686060,0.212840828997712570578089230155
0.704777164276482872604538193297,0.215060076715061399319717970866
-0.475201790650858851234933655104,0.216295729423597581362658071897
0.776904967791454573376691253830,0.219008147290148848997215489719
-0.403851255360551686075082913741,0.219750629115936252216373551882
-0.332500720070244712690234359351,0.223205528808278883604483612261
0.937875113800584571089055084321,0.224124625361735652123476191915
-0.261150184779937739305385804962,0.226660428500621514992593672641
-0.189799649506738998201923629133,0.230115328546283078125622843985
-0.118421920944673574011024384484,0.232953476431365843796652704809
-0.047071379409642129653226353651,0.236408247155341998431472907447
0.024279162252474033432983069217,0.239863015254667292260508216831
0.095629703313090721965199234019,0.243317795776602365822547787191
0.869962479017523828370471565711,0.246276583625512201830353540947
-0.884583068339296420242765552479,0.250220912924803740339739464345
0.166656034160111917421351152307,0.250939839105459491612704085167
0.238006571816861305078020459474,0.254394727865512072307806441790
0.309357109171989583503876466034,0.257849616431211121890606540123
0.380707645047196738272302993416,0.261304504044183040356241507704
0.452058180922403893040729520798,0.264759391657154958821876475297
-0.799351962382082031327893948984,0.265350178062080584220532676136
-0.727920740560955539334993184304,0.265994978216013965759550155339
0.523408716797611047809156048180,0.268214279270126877287511442886
-0.656570205641605349978688352672,0.269449885569341879735794838601
0.594759252672818202577582575562,0.271669166883098795753146410474
-0.585219670017163909972601076428,0.272904778361137739881193258869
0.666109788548025357346009102944,0.275124054496070714218781378062
-0.513869134745267734203644335650,0.276359678433699859399149982964
0.737460324423240056644271977761,0.278578942108886822624274044666
-0.442518599490479984329294304694,0.279814578859584870183718824706
0.808751200678238549603520292045,0.283100687445809510850362661448
-0.371168064200172819169443563331,0.283269478551923541037434304691
-0.299817528909865845784595008941,0.286724378244266172425544365071
-0.228466993619558872399746454552,0.290179277936608803813654425450
-0.157116458346360131296284278724,0.293634177982270366946683596794
-0.085738971367240780034955655293,0.296478395035017482998319963650
-0.014388134896876444653417379749,0.299927069139193853911687615082
0.916145656555644400256724858976,0.300863279172159984995341189175
0.056962406765239718432792043119,0.303381837238519147740722924466
0.127988749043926261391486138034,0.311003774040169665503049286112
0.199339284919124992692393137557,0.314458661653315545899941851739
-0.910803131246151013470996363096,0.316668964207426603143174051192
0.270689820794332145038938096407,0.317913549266287514382412994331
0.342040356669539299807364623789,0.321368436879259432848047961918
-0.839772271159428702777979423501,0.324248682766711597916813761322
0.413390892544746454575791151171,0.324823324492231351313682929505
0.484741428419953609344217678553,0.328278212105203269779317897093
-0.766668881405164635028869487384,0.328869084192096317010696268423
-0.695237659584038143035968722704,0.329513884346029698549713747625
0.556091964295160764112644205935,0.331733099718175188244952864682
-0.623887124664687953679663891072,0.332968791699357612525958430887
0.627442500170367918881070733317,0.335187987331147106710587832270
-0.552536589040246513673576614828,0.336423684491153472671356851155
0.854898752831472470474558536376,0.337628099344432072717941337613
0.698793036045713781384663848296,0.338642874944047653900649535898
-0.481186053768350337904619874050,0.339878584563715592189313575250
0.770083912300712274343912162580,0.343164620280970342126738152680
-0.409835518513562588030269843094,0.343333484989600602973882416993
-0.338484983223255422870419101731,0.346788384681939273827597896978
-0.267134447932948449485570547341,0.350243284374281905215707957357
-0.195783912642641476100721992952,0.353698184066624536603818017736
-0.124433377369442734997259817123,0.357153084112286099736847189080
-0.053056644790800924677849614814,0.360016170645128383674907665251
0.018295105151178113877544604605,0.363445893420336941536409196874
0.089321460666268822926547768408,0.371067706875246057994855740320
0.160671996541467554227454767931,0.374522594488391938391748305946
0.232022532416674706573999726781,0.377977482101363906874219448538
0.303373068291881861342426254163,0.381432369714335825339854416126
-0.884561620969642224497221183959,0.383879513586020609929615453648
0.374723604167089016110852781545,0.384887257327307743805489383713
0.446074140042296170879279308927,0.388342144940279662271124351301
-0.813266908455461394687617599307,0.390583447151825900167832806712
0.517424675917503325647705836309,0.391797032553251580736759318889
-0.663268215823467772806047689373,0.393394944792277913975872111855
0.588775211792710480416132363691,0.395251920166223499202394286478
-0.742032421989032029969481865617,0.395920408455937229792524446663
-0.591233088598313545791716928737,0.396502634229724130646950979528
0.660125747668056342919725478670,0.398706807779124046392455990106
-0.519882552973872105785629652493,0.399957527021519990792349399796
0.731416623923054835878973792954,0.403228553116046734618544606887
-0.448532017701975930016672911713,0.403412427094082110310306123890
0.874496766185219133027451412014,0.406321280160899274041161204702
0.803062940183631828119547179620,0.406530375527752532110417370112
-0.377181482439751489815833384287,0.406867327516144938388791416068
-0.305830947149444324655982642924,0.410322227208483609242506896053
-0.234480411859137351271134088533,0.413777126900826240630616956432
-0.163129876568830377886285534142,0.417232026593168872018727016811
-0.091779341149437787171749352399,0.420686926563692224355139762777
-0.020404937352164586609025638844,0.423607842034478486186425857774
0.050633290843813664643898664272,0.431118191751609546274225487446
0.122004708163663672044515680134,0.434586527323374054981066096917
0.193355244039017226004151396942,0.438041414936440272260196851938
0.264705779914224422877487884536,0.441496302549412217831660870334
0.336056315789431577645914411918,0.444951190162384136297295837921
0.407406851664638732414340939300,0.448406077775356054762930805509
-0.852800673852856521520022909396,0.450080645502682839935632273592
0.478757387539845887182767466682,0.451860965388327973228565773097
-0.701316308055149984698662947271,0.454614814358208924766779022179
0.550107923415053041951193994064,0.455315853001299891694200740685
-0.781566187386427156801887175706,0.455417606806794169560323913544
-0.629908698242469231604814132686,0.456561215893717321817213638885
0.621458459290398904454787109043,0.458770740614200438884262444314
-0.558558641384536922838193083624,0.460025982042726045077214033695
-0.487208105760095482832105807381,0.463480874834521905222612453962
0.698945207824236927178269208631,0.466855924228131187692262432267
-0.415857570488199307063149066603,0.466935774907084024740569178058
0.770402804161776074721395740239,0.470061082537287458791426945140
0.841873301336090331507129675002,0.470199119972501063933826554721
-0.344507035233411707206597883141,0.470390675332972133689752349343
-0.273156499943104542046747141778,0.473845575025310804543467829328
-0.201805964652797568661898587389,0.477300474717653435931577889708
-0.130455429362490595277050032999,0.480755374409996067319687950087
-0.059104894089294803269355096016,0.484210274455718535126884696363
0.011986884393263260392057001116,0.491195562587527009286179061543
0.083337419786283840502908313794,0.494650460158629162159929322975
0.154687955661490992849453227695,0.498105347771601130642401393852
0.226038491536698147617879755071,0.501560235384573049108036361566
0.297389027411905302386306282453,0.505015122997544967573671329153
0.368739563287112457154732809835,0.508470010610516886039306296741
0.440090099162319611923159337217,0.511924898223488804504941264329
-0.740850073452545111531068257361,0.514112012709065864534578489060
0.511440635037526766691585864599,0.515379785836460722970576231917
-0.669232095535352111580128592776,0.518438309444908269808140738618
0.582791170912741465989848739417,0.518834673449276831376068898521
-0.812045361966654097747348807796,0.520022986884660269070309281714
-0.597766094130319999310262862795,0.520370771378586873609289494011
0.654131968280039472347686908993,0.522485132200669027111457024595
-0.525875398497363159137609837129,0.523544804863016847492188964698
-0.454524863225466983368653096351,0.526999704935578967010145688793
0.731903190010485970056054973126,0.530232628373332528256118912757
-0.383176145081325355271156763319,0.530491930198262526004543643107
0.803263098734317704244855585496,0.533488491901877473939975982856
-0.311823812415984447622829736285,0.533909508480030905584276274786
-0.240473263199046815555656986314,0.537364401006506056205842279100
-0.169122727908739842170808431924,0.540819300698848687593952339480
-0.097772192681004326499790082456,0.544274201683415858754348091625
-0.026680414108981408478830693390,0.551259488904708416231160815772
0.044670121192330370493729643408,0.554714388540417507486403315688
0.116020656585350950604580956086,0.558169286111519660360153577120
0.187371192460558102951125869987,0.561624173724491628842625647997
0.258721728335765257719552397363,0.565079061337463547308260615711
0.330072264210972412487978924745,0.568533948950435465773895583298
0.401422800086179567256405452127,0.571988836563407384239530550886
0.472773335961386722024831979509,0.575443724176379302705165518474
-0.771308127974324609914707469520,0.578727352473287467486813047625
-0.635949827704726098444235152682,0.581645317491073268150071133173
0.543866051382291553594899638403,0.582419470170875545882408129121
0.615300179582217605122964556391,0.582442845671291002766754557330
-0.564542683863406828853827894053,0.583608739636876236157973840091
0.686640976949515611480802725968,0.586093304422683198502142683403
-0.493192148591510653084871153275,0.587063639709438355675930564186
-0.421843431511511060854769299507,0.590555886713254735943391176942
-0.350492894410636970097742412269,0.594010749013590296900374036813
0.757233730439419200290943928320,0.597024835551083954531109009722
-0.279140561745296062449415385239,0.597428327295358676480106668493
-0.207790026454989089064566830849,0.600883226987701307868216728872
-0.704120559697766338470979010313,0.602989790256418630214228786198
-0.134466082517382559259879178516,0.605655409346424640688295375734
-0.058336502098802671148357473287,0.615296410374109051629139242315
0.077353359824793042277115474613,0.618233213549945112630640437976
0.148703904082900622381276758705,0.621688106559567994228602548327
0.220054439958107819254614027630,0.625142994172539939800067069850
0.291404975833314974023040555007,0.628597881785511858265702037563
0.362629569676919104749814516065,0.634065280610466791425045693338
0.434048535098563596057222555637,0.635537216818132908910356607807
0.009025671488620628384736519473,0.639069773360345155956541248125
0.505147372375102361568530337330,0.642450288206578982288797292358
-0.531859447457834236905046679409,0.647127565792237013445975333466
0.637180763196612688394347846539,0.650443399189559921470028565998
-0.460514211797278721183742870855,0.650690228649888237798962960781
-0.618950611818738831889514354089,0.651027317154956465974984015546
-0.389160161479741754196888233945,0.654074695566443571291269887579
0.708521560563910694752186016116,0.654093857940952117205416692071
-0.317811226330591617021906280064,0.657562484433312968885118860084
-0.246457325001238335958325229774,0.660947153276553928142481118265
-0.175106789710931362573476675385,0.664402052968896559530591178645
-0.103916484435047571427333300919,0.670299141472892618360964942278
-0.690481570158623860561544190912,0.673109781574506028290498614544
0.569532895745560119854561163398,0.673391193145021358965247453189
0.100827246344888433123910854790,0.685700330501384307247423639286
0.172177781810655177751028712267,0.689155226570132537788186627600
0.243528317685862330462956130124,0.692610114183104498724758403840
0.314878853561069485231382657499,0.696065001796076417190393371554
-0.038546630638395119949353351967,0.699102221737020153141053071339
0.457367139680709939793875961645,0.703058160964664165524042220977
0.385933896751228439642832611913,0.703414563370900838139576144705
0.032499558008716019231531899650,0.706536890311784350573324449435
-0.568720803678299308529356658816,0.708316418009658701194592955278
-0.427768213348192275704881608094,0.714176721730463401437702434373
-0.356421803669579565336525211755,0.717715795630376850572285109408
-0.285065484867559337104214759629,0.721049110065281617276370152497
0.639360971066819310436862820005,0.721844252908126754365788364425
-0.638757147420435556133385076220,0.722378628836225869866492659215
-0.498713275024207321969091892039,0.722521387205119121782217858152
-0.213714949577252363719366205240,0.724504009757624248664480212876
0.524108466793208965094486310755,0.728522458978940791987055233860
-0.142524644301368572573222830774,0.730401098261620307494853976509
0.133510501272274703790159839914,0.749219164451890445949204892550
0.204847382953948917808887877460,0.752968442135121696386718637518
0.276211565183412046766444287767,0.756128934631152809682199825693
-0.077154790504716121095242881822,0.759204178525747842274942105570
0.347266608373571001177894242180,0.763478496205977230631382598844
0.584169044670831033862762884250,0.767194958291806317943343902083
-0.006400434232288310759349999074,0.769035571436818246440368845417
0.065025212837877689941099713134,0.770136552229374149292325321018
0.462982197287258619694389590645,0.774271266122160491581145742365
-0.567320081728655714960977293757,0.779736815629087260869275843699
-0.323630362480199146338939215811,0.781178848405138068638797506635
-0.446650068290797743046403829462,0.783070195819261503704233638621
-0.248936489675403875703409483700,0.786651240840044929615948197913
-0.177746184399520084557266109234,0.792548329344040988446321961547
0.525771283594066837230540107555,0.808335409423492448267621200634
0.401266027428683434365025105233,0.810242777017381251165853930987
0.170921868627163834867624907689,0.815832715265816768775283336597
-0.384582025581609548577825040983,0.818431096434883276078215565125
-0.508040089073874725045521340244,0.819595537246151221933022378016
-0.112376330602867633079286160281,0.821351409608168523226410090607
0.264275701951479663755932069907,0.826558831599742041548057156306
-0.041623609542770693322928116550,0.831194563609280412621439005984
0.101234094482540218110665068973,0.831713756681511395313242612128
0.029802230310629862397379696685,0.832282965802344587177997544822
0.334966618693387004910319167234,0.836836453322991754862221753669
-0.290728338629898485645485333043,0.844584621365111804067119009945
0.463276354605740919451713866506,0.845704792491572448021463201689
-0.219660634890832606504390508939,0.851810733968292831517565318846
-0.445972046364686530576942551765,0.854956437861772994307004304520
0.211456752822072231011596439645,0.874652426089679678422346584424
-0.153824406469257943878559478267,0.879531236224199643112248838889
0.391889010773620488089851224051,0.881058783518370574732192245578
-0.373517201928135003248936784279,0.889003080221758647140376925818
-0.083063482710860760276282598467,0.889380233064139303514386151695
0.141804693390911758743594123086,0.890508839148615155463903934780
0.065105933630807179680267678949,0.894383559599653732456023250542
-0.008473333608494241852149770605,0.894470897444125976992051722000
0.325589602038324058635145286052,0.907652459823981078428560068260
-0.306680094017092462442063264955,0.914214907291313614854894807940
0.257503404962500881944207530530,0.929265071555321127820990126997
-0.238159970392922548876982253221,0.934409656030180412982469943282
0.187998511891745428474829788761,0.945754615433801835319382398165
-0.168332859519730535769929120249,0.949476500596991333681654699228
0.116318192764412889181539054535,0.957241690907797174951812246730
-0.097581962417388679750624751474,0.959332756342015647187130086690
0.045135169146162615878946656297,0.963226034368955950473695825702
-0.026295549710121006094820324398,0.963924333568481076738194406368
