-0.041550140282931105217928997219,-0.963584821667427930646527605154
0.097536665939699012259920729388,-0.959535680161372477741718773048
-0.112362863860540892768469038582,-0.957912683667168954108613389612
0.167899480952075194778916161858,-0.949753592781519242724233817176
0.027575364909079259608340131489,-0.947205581699642395262672662539
-0.182565999580598473406510893756,-0.947043704642249897357667318455
-0.251778683360196956521824446950,-0.931036850672832295254966149791
0.290184675842950092054871266600,-0.919790724355982032554768937002
0.221207521728697971926284714703,-0.902797573374728825674825953613
0.357099457287412631251123813237,-0.895936437650805395326895313602
-0.369245302096325567542875454135,-0.890999455434835499422924692149
0.113972290651154994955137516610,-0.890423559586779105941071503720
-0.140480369004318567943100826011,-0.889812466066015598607335968193
-0.011928844610134337238514174864,-0.888162949642500592649947452478
-0.299353656707422716652186889883,-0.878280458823278050327122668335
-0.209693052783917051058414379205,-0.873805612096597996504634799529
0.428810206891063942247377655634,-0.863180393893523766396230379471
-0.076592623164756346128285094853,-0.858748485292256820283967595435
-0.442245781044040419739839930499,-0.857111889926937602686035845760
0.051612403561807353999839885806,-0.856396225689208341141886469377
0.172884661049109336058760902787,-0.850725353278846400050391072559
0.299271944375108804815011918750,-0.849334805366890753760417347074
0.366186725819571344011264465386,-0.825480518661714116532543723673
-0.504195492932467003777363558032,-0.822197681589997404803261565600
-0.257268026131142811188776822138,-0.821049220247043751576791318072
-0.381095819601053101432785131168,-0.820955325025192313428974070181
-0.135062172397985214757645239449,-0.818400910613771120363684703300
0.235783245694389313720820994413,-0.817418552783513550100835471682
-0.012024726515012010921714741520,-0.817123483311219133342839270883
0.110524773959761695103463271984,-0.816698019381275635251206038216
0.481028971139424436653433794548,-0.813542523137085868217133911167
0.549689392167605005602297153970,-0.791709748883754588889624304632
-0.319155510571128696717652520727,-0.786170082647850449340574974915
-0.443024548603917507958381933874,-0.786076627619681792169159224975
-0.196949656837971100286520938033,-0.783521773014577818127468360133
-0.073912210954997896450590440111,-0.782244345712025831106622927728
0.049125234927975307385340057807,-0.780966918409473844085777495298
0.172162680810948511221270555729,-0.779689491106921857064932062869
0.295200126693921715057201053650,-0.778412063804369870044086630448
-0.570989851369854516328142545697,-0.777298341911271280101525894823
0.418237572576894918893131551572,-0.777134636501817883023241198030
-0.504933015929465570999184457290,-0.751161979089058813309983446864
-0.381874587160930189651327134543,-0.749920062717936502912097449396
-0.258837141277956985815396636622,-0.748642635415384515891252016975
-0.135799695394983781979466138696,-0.747365208112832528870406584563
-0.012762249512010578143535640783,-0.746087780810280541849561152143
0.110275196370962625692394857137,-0.744810353507728554828715719717
0.612947197706713891972635655603,-0.744659556796840373380721169177
0.233312642253935829528325355061,-0.743532926205176567807870287291
0.356350088136909033364255852983,-0.742255498902624580787024854873
0.479387534019882237200186350904,-0.740978071600072593766179422452
0.546833053486323916981685967918,-0.718668502490051857173178941044
-0.443762071600916075180202833132,-0.715040925118743200675881106238
-0.320724625717942871344272335211,-0.713763497816191213655035673817
-0.197687179834969667508341837290,-0.712486070513639226634190241397
-0.074649733951996463672411339368,-0.711208643211087239613344808978
-0.596304299403779680058092036082,-0.710922188883917718178454524224
0.048387711930976740163519158547,-0.709931215908535252592499376561
0.171425157813949943999449656472,-0.708653788605983265571653944133
0.294462603696923147835380154392,-0.707376361303431278550808511712
0.417500049579896351671310652315,-0.706098934000879291529963079294
-0.666072947974972588987954280345,-0.697544945276868593424197325120
0.666095788324140616860424775934,-0.697523134729036638587843477016
-0.507252946751302113834049202124,-0.680160339030854187118768844049
-0.382612110157928756873148033801,-0.678884360216997911418819330660
-0.259574664274955553037217535880,-0.677606932914445924397973898239
-0.136537218391982349201287037957,-0.676329505611893937377128465821
-0.013499772509009145365356540038,-0.675052078309341950356283033397
0.109537673373964058470573957880,-0.673774651006789963335437600981
0.232575119256937262306504455803,-0.672497223704237976314592168555
0.599981644103750641869475088249,-0.671532080422248122380301248884
0.355612565139910466142434953726,-0.671219796401685989293746736137
0.478650011022883669978365451646,-0.669942369099134002272901303716
-0.715609521742944528719919703179,-0.646625962281297783300215579202
-0.569140431191287999362924900713,-0.645281201431660884882552500891
-0.444499594597914642402023732390,-0.644005222617804609182602987502
-0.321462148714941438566093234469,-0.642727795315252622161757555081
-0.198424702831968234730162736548,-0.641450368012700635140912122661
-0.075387256948995030894232238627,-0.640172940710148648120066690240
0.047650188933978172941698259293,-0.638895513407596661099221257819
0.170687634816951376777628757214,-0.637618086105044674078375825397
0.293725080699924580613559255134,-0.636340658802492687057530392976
0.416762526582897784449489753057,-0.635063231499940700036684960558
0.539799972465870988285420250976,-0.633785804197388713015839528133
-0.638909079762480908292787144976,-0.631903957824611760128295301787
0.684446916657276581706996175725,-0.628894780101567028567299408915
-0.506387079037900527930899430979,-0.609126085018611306946386644345
-0.383349633154927324094968933058,-0.607848657716059319925541211924
-0.260312187271954120259038435138,-0.606571230413507332904695779503
-0.137274741388980916423107937216,-0.605293803110955345883850347082
0.751280466505207107158183514438,-0.604813841899388512758871234295
-0.014237295506007712587177439296,-0.604016375808403358863004914661
0.108800150376965491248753058625,-0.602738948505851371842159482240
0.231837596259938695084683556545,-0.601461521203299384821314049819
0.602610046243692083056054194507,-0.600521820497252267269942407715
0.354875042142911898920614054468,-0.600184093900747397800468617401
0.477912488025885102756544552386,-0.598906666598195410779623184976
-0.761263790804401834461605850801,-0.592198922251207801653294648459
-0.688445653530452848024752567810,-0.580984974829040950004313555869
-0.568274563477886413459775129569,-0.574246947419418004710170301188
-0.445237117594913209623844631647,-0.572969520116866017689324868766
-0.322199671711940005787914133727,-0.571692092814314030668479436345
-0.199162225828966801951983635806,-0.570414665511762043647634003924
-0.076124779945993598116053137885,-0.569137238209210056626788571504
0.046912665936979605719877360036,-0.567859810906658069605943139083
0.169950111819952809555807857956,-0.566582383604106082585097706661
0.292987557702926013391738355877,-0.565304956301554095564252274240
0.416025003585899217227668853797,-0.564027528999002108543406841819
0.539062449468872421063599351718,-0.562750101696450121522561409397
0.662107525489318243899833907596,-0.561459132464594637564252853938
0.793760360481369885879699133016,-0.547874632405868809728166596507
-0.630162047917872298988650828163,-0.539367809820224702473953958040
-0.507124602034899095152720330237,-0.538090382517672715453108525609
-0.384087156151925891316789832316,-0.536812955215120728432263093188
-0.261049710268952687480859334395,-0.535535527912568741411417660766
-0.802788072899306818760272102004,-0.534559101237643677823611718061
-0.138012264385979483644928836474,-0.534258100610016754390572228346
-0.014974818503006279808998338553,-0.532980673307464767369726795925
0.108062627379966924026932159367,-0.531703246004912780348881363504
0.231100073262940127862862657288,-0.530425818702360793328035931083
0.354137519145913331698793155208,-0.529148391399808806307190498661
0.725282423727913252562016264430,-0.528969946532716930961907703609
0.477174965028886535534723653129,-0.527870964097256819286345066240
0.600212410911859739370654151049,-0.526593536794704832265499633819
-0.694957490438550830713892354880,-0.510244527063598526875306793098
-0.569012086474884980681596028837,-0.503211244918479413216892182452
-0.445974640591911776845665530906,-0.501933817615927426196046750030
-0.322937194708938573009735032985,-0.500656390313375439175201317609
-0.199899748825965369173804535064,-0.499378963010823452154355885188
-0.076862302942992165337874037143,-0.498101535708271465133510452768
0.046175142939981038498056460778,-0.496824108405719478112665020346
0.169212588822954242333986958699,-0.495546681103167491091819587925
0.292250034705927446169917456619,-0.494269253800615504070974155504
0.415287480588900650005847954540,-0.492991826498063517050128723083
0.538324926471873853841778452460,-0.491714399195511530029283290661
0.662344026111610942351343957435,-0.490419995100542910383094874047
0.816671620297979154010194542220,-0.480631126075600899939500931918
-0.753607947888227910285870691311,-0.470160380435329472880842619952
-0.630899570914870866210471727430,-0.468332107319286110980675839302
-0.507862125031897662374541229498,-0.467054680016734123959830406873
-0.824574575179981284973635032448,-0.466942806690048707644411252001
-0.384824679148924458538610731574,-0.465777252714182136938984974452
-0.261787233265951254702680233653,-0.464499825411630149918139542030
-0.138749787382978050866749735732,-0.463222398109078162897294109610
-0.015712341500004847030819237811,-0.461944970806526175876448677189
0.107325104382968356805111260109,-0.460667543503974188855603244768
0.230362550265941560641041758030,-0.459390116201422201834757812347
0.353399996148914764476972255951,-0.458112688898870214813912379925
0.725518924350205951013526314269,-0.457930809168665203780749723718
0.476437442031887968312902753871,-0.456835261596318227793066947504
0.599474887914861172148833251797,-0.455557834293766240772221515083
-0.692787055354856751739347426018,-0.433452969720092808744459496142
-0.569749609471883547903416928087,-0.432175542417540821723614063716
-0.446712163588910344067486430164,-0.430898115114988834702768631294
-0.323674717705937140231555932243,-0.429620687812436847681923198873
-0.200637271822963936395625434321,-0.428343260509884860661077766452
0.864335797945630392227820854665,-0.427955314367131716768896136221
-0.077599825939990732559694936400,-0.427065833207332873640232334032
0.045437619942982471276235561520,-0.425788405904780886619386901610
0.168475065825955675112166059441,-0.424510978602228899598541469189
0.291512511708928878948096557361,-0.423233551299676912577696036768
0.414549957591902082784027055282,-0.421956123997124925556850604347
0.537587403474875286619957553208,-0.420678696694572938536005171925
0.660624849357848490455888051130,-0.419401269392020951515159739506
0.783974807254065449922951765358,-0.417563437147400037352575613423
-0.871353529993228373690447366692,-0.413479320491025527577638033765
-0.759339176090730977838748547905,-0.399352414829306103187860122287
-0.631637093911869433432292626680,-0.397296404818347519487397720566
-0.508599648028896229596362128753,-0.396018977515795532466552288137
-0.385562202145923025760431630833,-0.394741550213243545445706855716
-0.262524756262949821924501132912,-0.393464122910691558424861423294
-0.139487310379976618088570634990,-0.392186695608139571404015990874
-0.016449864497003414252640137069,-0.390909268305587584383170558453
0.106587581385969789583290360852,-0.389631841003035597362325126032
0.229625027268942993419220858772,-0.388354413700483610341479693610
0.352662473151916197255151356693,-0.387076986397931623320634261189
0.475699919034889401091081854613,-0.385799559095379636299788828768
0.598737364917862604927012352541,-0.384522131792827649278943396347
0.721774810800835808762942850465,-0.383244704490275662258097963934
-0.820742623399785728139020897706,-0.363628030600363934408744602677
0.893491206165512542080014248022,-0.363174320692250629925731192695
-0.693524578351855318961168325268,-0.362417267219154217251181377406
-0.570487132468882115125237827342,-0.361139839916602230230335944980
-0.447449686585908911289307329422,-0.359862412614050243209490512558
-0.324412240702935707453376831501,-0.358584985311498256188645080137
-0.201374794819962503617446333580,-0.357307558008946269167799647716
-0.078337348936989299781515835658,-0.356030130706394282146954215296
0.044700096945983904054414662263,-0.354752703403842295126108782874
0.167737542828957107890345160183,-0.353475276101290308105263350453
0.290774988711930311726275658104,-0.352197848798738321084417918032
0.413812434594903515562206156024,-0.350920421496186334063572485611
0.536849880477876719398136653945,-0.349642994193634347042727053189
0.659887326360849923234067151875,-0.348365566891082360021881620770
-0.899424384897939127478188597952,-0.348221048410839162681057760784
0.789363467798328262552705226059,-0.346728577738266879825259905768
-0.755888187336715567961526229546,-0.328396755107247185672513193554
-0.632374616908868000654113525935,-0.326260702317408927994119601829
-0.509337171025894796818183028011,-0.324983275014856940973274169401
-0.386299725142921592982252530090,-0.323705847712304953952428736980
-0.263262279259948389146322032170,-0.322428420409752966931583304558
-0.140224833376975185310391534248,-0.321150993107200979910737872138
-0.017187387494001981474461036327,-0.319873565804648992889892439717
0.105850058388971222361469461594,-0.318596138502097005869047007296
0.228887504271944426197399959515,-0.317318711199545018848201574874
0.351924950154917630033330457435,-0.316041283896993031827356142453
0.474962396037890833869260955356,-0.314763856594441044806510710032
0.597999841920864037705191453276,-0.313486429291889057785665277611
0.721037287803837241541121951211,-0.312209001989337070764819845198
0.847370574184238536288313434301,-0.305718937667831702306772767855
0.917799270953634371319767253014,-0.296423043878773671088476284601
-0.817291634645770318261798579348,-0.292672370878305016893397673944
-0.694262101348853886182989224523,-0.291381564718215625757903258670
-0.571224655465880682347058726600,-0.290104137415663638737057826244
-0.448187209582907478511128228679,-0.288826710113111651716212393822
-0.325149763699934274675197730759,-0.287549282810559664695366961401
-0.202112317816961070839267232838,-0.286271855508007677674521528980
-0.079074871933987867003336734917,-0.284994428205455690653676096559
0.043962573948985336832593763005,-0.283717000902903703632830664138
0.167000019831958540668524260925,-0.282439573600351716611985231717
0.290037465714931744504454758846,-0.281162146297799729591139799296
0.413074911597904948340385256767,-0.279884718995247742570294366874
0.536112357480878152176315754687,-0.278607291692695755549448934453
-0.886862314204023627959648568987,-0.278301027316348463355850943747
0.659149803363851356012246252609,-0.277329864390143768528603502034
0.782187249246824559848176750539,-0.276052437087591781507758069610
-0.756149585788839771711864923110,-0.256502427119022323521686915507
-0.633112139905866567875934425192,-0.255224999816470336500841483091
-0.510074694022893364040003927269,-0.253947572513918349479996050665
-0.387037248139920160204073429348,-0.252670145211366362459150618244
-0.263999802256946956368142931427,-0.251392717908814375438305185822
-0.140962356373973752532212433506,-0.250115290606262388417459753402
-0.017924910491000548696281935585,-0.248837863303710401396614320981
0.105112535391972655139648562336,-0.247560436001158414375768888560
0.228149981274945858975579060257,-0.246283008698606427354923456138
0.351187427157919062811509558177,-0.245005581396054440334078023717
0.474224873040892266647440056098,-0.243728154093502453313232591296
0.597262318923865470483370554019,-0.242450726790950466292387158874
0.720299764806838674319301051944,-0.241173299488398479271541726462
0.866699420109284742590619091792,-0.237359514870540766753855571849
-0.937120648564771663058250543838,-0.228094306678009531859300484909
0.937128116878680577622072910506,-0.228063621081482735535559088594
-0.821372574761005584294880801316,-0.221616612227853480632011519501
-0.694999624345852453404810123778,-0.220345862217277034264625139929
-0.571962178462879249568879625858,-0.219068434914725047243779707507
-0.448924732579906045732949127937,-0.217791007612173060222934275086
-0.325887286696932841897018630017,-0.216513580309621073202088842665
-0.202849840813959638061088132095,-0.215236153007069086181243410244
-0.079812394930986434225157634174,-0.213958725704517099160397977823
0.043225050951986769610772863747,-0.212681298401965112139552545402
0.166262496834959973446703361668,-0.211403871099413125118707112981
0.289299942717933177282633859588,-0.210126443796861138097861680560
0.412337388600906381118564357509,-0.208849016494309151077016248138
0.535374834483879584954494855429,-0.207571589191757164056170815717
0.658412280366852788790425353351,-0.206294161889205177035325383298
0.781449726249825992626355851270,-0.205016734586653190014479950874
-0.756887108785838338933685822367,-0.185466724618083732028408796771
-0.633849662902865135097755324447,-0.184189297315531745007563364350
-0.881554663153756877709987287569,-0.183833305387077951230190132915
-0.510812217019891931261824826526,-0.182911870012979757986717931929
-0.387774771136918727425894328606,-0.181634442710427770965872499508
-0.264737325253945523589963830685,-0.180357015407875783945027067086
-0.141699879370972319754033332764,-0.179079588105323796924181634666
-0.018662433487999115918102834843,-0.177802160802771809903336202245
0.104375012394974087917827663079,-0.176524733500219822882490769824
0.227412458277947291753758160999,-0.175247306197667835861645337402
0.350449904160920495589688658920,-0.173969878895115848840799904981
0.473487350043893699425619156840,-0.172692451592563861819954472560
0.596524795926866903261549654761,-0.171415024290011874799109040138
0.843400128620005806904333118862,-0.170249471016654266958280389882
0.719562241809840107097480152681,-0.170137596987459887778263607716
0.913828825389401641935786937576,-0.160953577227596235739983906628
-0.951367692210281754503414668190,-0.158498065994076857717610601893
-0.818774593225824224462561520957,-0.150587587018890429792192453614
-0.695737147342851020626631023036,-0.149310159716338442771347021193
-0.572699701459877816790700525115,-0.148032732413786455750501588771
-0.449662255576904612954770027195,-0.146755305111234468729656156350
-0.326624809693931409118839529274,-0.145477877808682481708810723929
-0.203587363810958205282909031353,-0.144200450506130494687965291508
-0.080549917927985001446978533432,-0.142923023203578507667119859087
0.042487527954988202388951964489,-0.141645595901026520646274426666
0.165524973837961406224882462410,-0.140368168598474533625428994245
0.288562419720934610060812960331,-0.139090741295922546604583561824
0.411599865603907813896743458251,-0.137813313993370559583738129402
0.534637311486881017732673956172,-0.136535886690818572562892696981
0.657674757369854221568604454092,-0.135258459388266585542047264559
0.780712203252827425404534952012,-0.133981032085714598521201832137
-0.757624631782836906155506721625,-0.114431022117145140535130678035
-0.895801706799266969155151411921,-0.114237064703145277088500249899
-0.634587185899863702319576223705,-0.113153594814593153514285245614
-0.511549740016890498483645725784,-0.111876167512041166493439813193
-0.388512294133917294647715227863,-0.110598740209489179472594380771
-0.265474848250944090811784729943,-0.109321312906937192451748948350
-0.142437402367970886975854232022,-0.108043885604385205430903515929
-0.019399956484997683139923734100,-0.106766458301833218410058083508
0.958655036099610618216884566234,-0.105842545633759225828074882728
0.103637489397975520696006763821,-0.105489030999281231389212651087
0.226674935280948724531937261742,-0.104211603696729244368367218666
0.349712381163921928367867759662,-0.102934176394177257347521786245
0.472749827046895132203798257583,-0.101656749091625270326676353824
0.595787272929868336039728755503,-0.100379321789073283305830921402
0.842662605623007239682512219605,-0.099213768515715675465002271146
0.718824718812841539875659253423,-0.099101894486521296284985488980
-0.960483365056847206224694239284,-0.080189097670513082486080556834
-0.819512116222822791684382420218,-0.079551884517951838298914334878
-0.696474670339849587848451922294,-0.078274457215399851278068902457
-0.573437224456876384012521424373,-0.076997029912847864257223470035
-0.450399778573903180176590926453,-0.075719602610295877236378037614
-0.327362332690929976340660428532,-0.074442175307743890215532605193
-0.204324886807956772504729930611,-0.073164748005191903194687172772
-0.081287440924983568668799432690,-0.071887320702639916173841740351
0.041750004957989635167131065231,-0.070609893400087929152996307929
0.164787450840962839003061563153,-0.069332466097535942132150875508
0.287824896723936042838992061073,-0.068055038794983955111305443087
0.410862342606909246674922558993,-0.066777611492431968090460010666
0.533899788489882450510853056914,-0.065500184189879981069614578244
0.656937234372855654346783554834,-0.064222756887327994048769145823
0.779974680255828858182714052755,-0.062945329584776007027923713401
0.902991864212853003564053824485,-0.061703829459880405766237556825
-0.881399600662808677213258118807,-0.044672746918758536062697991721
-0.758362154779835473377327620887,-0.043395319616206549041852559299
-0.635324708896862269541397122962,-0.042117892313654562021007126878
-0.512287263013889065705466625042,-0.040840465011102575000161694457
-0.389249817130915861869536127121,-0.039563037708550587979316262035
-0.266212371247942658033605629200,-0.038285610405998600958470829614
-0.143174925364969454197675131280,-0.037008183103446613937625397193
-0.020137479481996250361744633358,-0.035730755800894626916779964772
0.102899966400976953474185864563,-0.034453328498342639895934532351
0.225937412283950157310116362484,-0.033175901195790652875089099929
0.348974858166923361146046860405,-0.031898473893238665854243667508
0.472012304049896564981977358325,-0.030621046590686678833398235087
0.595049749932869768817907856245,-0.029343619288134691812552802665
0.718087195815842972653838354165,-0.028066191985582704791707370244
0.841124641698816176489768852086,-0.026788764683030717770861937823
0.964141825655840321871108623816,-0.025547264558135116509175781247
-0.945062977665318027529465770360,-0.009812047394490198007027171045
-0.820249639219821358906203319476,-0.008516182017013246805636216142
-0.697212193336848155070272821555,-0.007238754714461259784790783721
-0.574174747453874951234342323631,-0.005961327411909272763945351299
-0.451137301570901747398411825710,-0.004683900109357285743099918878
-0.328099855687928543562481327790,-0.003406472806805298722254486457
-0.205062409804955339726550829869,-0.002129045504253311701409054035
-0.082024963921982135890620331948,-0.000851618201701324680563621614
0.041012481960991067945310165974,0.000425809100850662340281810807
0.164049927843964271781240663895,0.001703236403402649361127243228
0.287087373726937475617171161816,0.002980663705954636381972675650
0.410124819609910679453101659736,0.004258091008506623402818108071
0.533162265492883883289032157656,0.005535518311058610423663540492
0.656199711375857087124962655576,0.006812945613610597444508972914
0.779237157258830290960893153497,0.008090372916162584465354405335
0.902274603141803494796823651417,0.009367800218714571486199837756
-0.882137123659807244435079018065,0.026362955582180055430580127015
-0.759099677776834040599148520144,0.027640382884732042451425559437
-0.636062231893860836763218022220,0.028917810187284029472270991858
-0.513024786010887632927287524299,0.030195237489836016493116424279
-0.389987340127914429091357026379,0.031472664792388003513961856701
-0.266949894244941225255426528458,0.032750092094939990534807289122
-0.143912448361968021419496030537,0.034027519397491977555652721543
-0.020875002478994817583565532616,0.035304946700043964576498153965
0.102162443403978386252364965306,0.036582374002595951597343586386
0.225199889286951590088295463227,0.037859801305147938618189018807
0.348237335169924793924225961147,0.039137228607699925639034451229
0.471274781052897997760156459067,0.040414655910251912659879883650
0.594312226935871201596086956987,0.041692083212803899680725316071
0.717349672818844405432017454908,0.042969510515355886701570748492
0.840387118701817609267947952828,0.044246937817907873722416180914
0.963403561084439678851332223289,0.045559863862839254070381008533
-0.961943359021270241383256221920,0.060230626545341414881077985158
-0.820987162216819926128024218733,0.062519520483925344687641902594
-0.697949716333846722292093720809,0.063796947786477331708487335015
-0.574912270450873518456163222888,0.065074375089029318729332767437
-0.451874824567900314620232724968,0.066351802391581305750178199858
-0.328837378684927110784302227047,0.067629229694133292771023632279
-0.205799932801953906948371729127,0.068906656996685279791869064701
-0.082762486918980703112441231205,0.070184084299237266812714497122
0.040274958963992500723489266716,0.071461511601789253833559929544
0.163312404846965704559419764637,0.072738938904341240854405361965
0.286349850729938908395350262558,0.074016366206893227875250794386
0.409387296612912112231280760478,0.075293793509445214896096226808
0.532424742495885316067211258399,0.076571220811997201916941659229
0.655462188378858519903141756319,0.077848648114549188937787091650
0.778499634261831723739072254239,0.079126075417101175958632524071
0.901516076644453793322456524700,0.080439001462032556306597351690
-0.897980462399984481435328726321,0.095613252242461260116921843934
-0.759837200773832607820969419398,0.098676085385670633944703678173
-0.636799754890859403985038921478,0.099953512688222620965549110594
-0.513762309007886200149108423557,0.101230939990774607986394543015
-0.390724863124912996313177925636,0.102508367293326595007239975437
-0.267687417241939792477247427716,0.103785794595878582028085407858
-0.144649971358966588641316929795,0.105063221898430569048930840280
-0.021612525475993384805386431873,0.106340649200982556069776272701
0.101424920406979819030544066048,0.107618076503534543090621705123
0.224462366289953022866474563969,0.108895503806086530111467137544
0.347499812172926226702405061889,0.110172931108638517132312569966
0.470537258055899430538335559810,0.111450358411190504153158002387
0.593574703938872634374266057730,0.112727785713742491174003434808
0.716612149821845838210196555650,0.114005213016294478194848867228
0.840421018553914536591132996828,0.116688261411534818110916345940
0.956250814212831144486398980668,0.125723915873940370160636128447
-0.821724685213818493349845117987,0.133555222984863936180920021330
-0.698687239330845289513914620067,0.134832650287415923201765453751
-0.575649793447872085677984122146,0.136110077589967910222610886173
-0.452612347564898881842053624225,0.137387504892519897243456318594
-0.329574901681925678006123126305,0.138664932195071884264301751015
-0.954453443825436598125219359395,0.138711017136867271822304835144
-0.206537455798952474170192628384,0.139942359497623871285147183437
-0.083500009915979270334262130463,0.141219786800175858305992615859
0.039537435966993933501668367459,0.142497214102727845326838048280
0.162574881849967137337598865380,0.143774641405279832347683480702
0.285612327732940341173529363300,0.145052068707831819368528913123
0.408649773615913545009459861221,0.146329496010383806389374345544
0.531687219498886748845390359141,0.147606923312935793410219777966
0.654724665381859952681320857061,0.148884350615487780431065210386
0.777762111264833156517251354982,0.150161777918039767451910642807
-0.885181489953593575661179144518,0.165490296214637711961481050925
-0.760574723770831175042790318656,0.169711787886609225437981796909
-0.637537277887857971206859820735,0.170989215189161212458827229330
-0.514499832004884767370929322815,0.172266642491713199479672661751
-0.391462386121911563534998824894,0.173544069794265186500518094173
-0.268424940238938359699068326973,0.174821497096817173521363526594
-0.145387494355965155863137829052,0.176098924399369160542208959016
-0.022350048472991952027207331131,0.177376351701921147563054391438
0.100687397409981251808723166790,0.178653779004473134583899823859
0.910290017342122772240048259520,0.179892357987245036512153554148
0.223724843292954455644653664711,0.179931206307025121604745256280
0.346762289175927659480584162631,0.181208633609577108625590688702
0.469799735058900863316514660552,0.182486060912129095646436121123
0.592837180941874067152445158473,0.183763488214681082667281553544
0.715874626824847270988375656393,0.185040915517233069688126985965
0.839683495556915969369312097571,0.187723963912473409604194464676
-0.825796415870290145070267141919,0.204513090688448583653496143798
-0.699424762327843856735735519324,0.205868352788354514695043572488
-0.576387316444870652899805021404,0.207145780090906501715889004909
-0.453349870561897449063874523483,0.208423207393458488736734437330
-0.941654471379045692351069777591,0.208588061109043723666864042135
-0.330312424678924245227944025563,0.209700634696010475757579869751
-0.207274978795951041392013527641,0.210978061998562462778425302173
-0.084237532912977837556083029720,0.212255489301114449799270734595
0.038799912969995366279847468201,0.213532916603666436820116167016
0.161837358852968570115777966122,0.214810343906218423840961599438
0.284874804735941773951708464042,0.216087771208770410861807031859
0.407912250618914977787638961963,0.217365198511322397882652464280
0.530949696501888181623569459883,0.218642625813874384903497896702
0.653987142384861385459499957805,0.219920053116426371924343329125
0.777024588267834589295430455724,0.221197480418978358945188761544
-0.761312246767829742264611217913,0.240747490387547816931259915645
-0.638274800884856538428680719996,0.242024917690099803952105348071
-0.515237355001883334592750222072,0.243302344992651790972950780487
-0.392199909118910130756819724152,0.244579772295203777993796212909
-0.269162463235936926920889226231,0.245857199597755765014641645330
-0.146125017352963723084958728310,0.247134626900307752035487077752
0.932190906222230175139464441458,0.247471689415087254537271734679
-0.023087571469990519249028230388,0.248412054202859739056332510174
0.099949874412982684586902267533,0.249689481505411726077177942595
0.222987320295955888422832765453,0.250966908807963713098023375016
0.346024766178929092258763263374,0.252244336110515700118868807438
0.469062212061902296094693761294,0.253521763413067687139714239859
0.592099657944875499930624259215,0.254799190715619674160559672280
0.861584384437023372268728279509,0.255303295340315627629312645207
0.715137103827848703766554757140,0.256076618018171661181405104710
-0.892449393881809893993545606699,0.259827453362113766035852844133
-0.823192098107526837901768195057,0.275640168246232474914276405168
-0.700162285324842423957556418585,0.276904055289293106188321691228
-0.577124839441869220121625920661,0.278181482591845093209167123645
-0.454087393558896016285695422741,0.279458909894397080230012556066
-0.331049947675922812449764924820,0.280736337196949067250857988487
-0.208012501792949608613834426899,0.282013764499501054271703420909
-0.084975055909976404777903928978,0.283291191802053041292548853331
0.038062389972996799058026568943,0.284568619104605028313394285752
0.161099835855970002893957066864,0.285846046407157015334239718174
0.284137281738943206729887564785,0.287123473709709002355085150595
0.407174727621916410565818062705,0.288400901012260989375930583016
0.530212173504889614401748560626,0.289678328314812976396776015438
0.653249619387862818237679058547,0.290955755617364963417621447861
0.776287065270836022073609556477,0.292233182919916950438466880280
-0.762543618984501379362299169452,0.312631747693951385720801258888
-0.639012323881855105650501619254,0.313060620191038395445383466809
-0.515974877998881901814571121330,0.314338047493590382466228899223
0.911446906504614356984807566311,0.315415058817027499109704161219
-0.392937432115908697978640623409,0.315615474796142369487074331645
-0.269899986232935494142710125489,0.316892902098694356507919764066
-0.146862540349962290306779627567,0.318170329401246343528765196488
-0.023825094466989086470849129646,0.319447756703798330549610628910
0.099212351415984117365081368275,0.320725184006350317570456061331
0.222249797298957321201011866196,0.322002611308902304591301493752
0.840840384719407554114071404362,0.323246664742255872201745071747
0.345287243181930525036942364116,0.323280038611454291612146926174
0.468324689064903728872872862037,0.324557465914006278632992358595
0.591362134947876932708803359957,0.325834893216558265653837791016
0.714399580830850136544733857891,0.327112320519110252674683223446
-0.906460479160374113602486644214,0.329471580604041035487025162969
-0.828115568055895038300955327172,0.346508880761985646602096055345
-0.700899808321840991179377317845,0.347939757790231697681599809964
-0.577862362438867787343446819919,0.349217185092783684702445242381
-0.454824916555894583507516321998,0.350494612395335671723290674802
-0.331787470672921379671585824078,0.351772039697887658744136107223
-0.208750024789948175835655326156,0.353049467000439645764981539645
-0.085712578906974971999724828235,0.354326894302991632785826972067
0.037324866975998231836205669686,0.355604321605543619806672404489
0.160362312858971435672136167606,0.356881748908095606827517836910
0.283399758741944639508066665527,0.358159176210647593848363269331
0.406437204624917843343997163448,0.359436603513199580869208701752
0.529474650507891047179927661368,0.360714030815751567890054134174
0.652512096390864251015858159298,0.361991458118303554910899566597
0.781994315306879958343119129156,0.363043085242960946421982944653
0.885758150593365687028915376890,0.381647247288383641723254356561
-0.767467088932869579761486301568,0.383500460209704557408620909065
-0.639749846878853672872322518515,0.384096322691976986938661585546
-0.516712400995880469036392020588,0.385373749994528973959507017960
-0.393674955112907265200461522667,0.386651177297080960980352450381
-0.270637509229934061364531024746,0.387928604599632948001197882802
-0.147600063346960857528600526824,0.389206031902184935022043315225
-0.024562617463987653692670028903,0.390483459204736922042888747646
0.098474828418985550143260469017,0.391760886507288909063734180067
0.221512274301958753979190966938,0.393038313809840896084579612489
0.344549720184931957815121464858,0.394315741112392883105425044910
-0.879750607827178081666636615080,0.395298609576470497840176773507
0.467587166067905161651051962779,0.395593168414944870126270477331
0.590624611950878365486982460707,0.396870595717496857147115909753
0.713662057833851569322912958631,0.398148023020048844167961342182
-0.701637331318839558401198217110,0.418975460291170289174877928700
-0.578599885435866354565267719179,0.420252887593722276195723361117
-0.455562439552893150729337221256,0.421530314896274263216568793538
-0.332524993669919946893406723335,0.422807742198826250237414225960
-0.209487547786946743057476225413,0.424085169501378237258259658381
-0.086450101903973539221545727492,0.425362596803930224279105090803
0.036587343978999664614384770428,0.426640024106482211299950523225
0.159624789861972868450315268349,0.427917451409034198320795955646
0.282662235744946072286245766269,0.429194878711586185341641388067
0.405699681627919276122176264190,0.430472306014138172362486820489
0.528737127510892479958106762116,0.431749733316690159383332252910
0.651774573393865683794037260038,0.433027160619242146404177685333
0.775136099395591792619906640892,0.433750792351076882310423068421
0.855264004406556131771440301925,0.445808933817888485089286101965
-0.834091778812846524832924158612,0.449721824319932591536787954099
-0.763207254785457455381392466028,0.454412157291423710339524384058
-0.640487369875852240094143417781,0.455132025192915578431939704282
-0.517449923992879036258212919848,0.456409452495467565452785136696
-0.394412478109905832422282421924,0.457686879798019552473630569117
-0.271375032226932628586351924003,0.458964307100571539494476001538
-0.148337586343959424750421426082,0.460241734403123526515321433961
-0.025300140460986220914490928161,0.461519161705675513536166866382
0.097737305421986982921439569760,0.462796589008227500557012298803
0.220774751304960186757370067680,0.464074016310779487577857731225
0.343812197187933390593300565601,0.465351443613331474598703163646
0.466849643070906594429231063521,0.466628870915883461619548596067
0.589887088953879798265161561448,0.467906298218435448640394028489
0.715854685371062225761646415761,0.472895765479503783733265560312
-0.579337408432864921787088618445,0.491288590094660867689001479853
-0.456299962549891717951158120513,0.492566017397212854709846912274
-0.333262516666918514115227622592,0.493843444699764841730692344696
-0.210225070783945310279297124671,0.495120872002316828751537777117
-0.705401692142123612214834034304,0.495705400049295873861984650783
-0.087187624900972106443366626750,0.496398299304868815772383209539
0.806516413903767265224584027122,0.497483757379709803725884708441
0.035849820982001097392563871171,0.497675726607420802793228641961
0.158887266864974301228494369091,0.498953153909972789814074074382
0.281924712747947505064424867012,0.500230581212524776834919506803
0.404962158630920708900355364932,0.501508008515076763855764939225
0.527999604513893912736285862853,0.502785435817628750876610371646
0.652018845024739684258835897469,0.504066271687324249530404779328
-0.813713864123625026553511304707,0.517775887849539445557241503189
-0.641224892872850807315964317028,0.526167727693854169925217823020
-0.518187446989877603480033819102,0.527445154996406156946063255432
-0.395150001106904399644103321181,0.528722582298958143966908687853
-0.272112555223931195808172823260,0.530000009601510130987754120274
-0.149075109340957991972242325339,0.531277436904062118008599552697
-0.026037663457984788136311827419,0.532554864206614105029444985118
0.096999782424988415699618670502,0.533832291509166092050290417539
0.220037228307961619535549168423,0.535109718811718079071135849961
0.343074674190934823371479666343,0.536387146114270066091981282382
0.466112120073908027207410164264,0.537664573416822053112826714803
0.589149565956881231043340662184,0.538942000719374040133672147225
0.714143277404740043345817810562,0.543914678824793459338975448375
-0.580074931429863489008909517691,0.562324292595599459182279598589
-0.457037485546890285172979019770,0.563601719898151446203125031010
0.782213941887479069406715885692,0.564237070584901979901541999541
-0.334000039663917081337048521850,0.564879147200703433223970463432
-0.210962593780943877501118023929,0.566156574503255420244815895853
-0.700360015715088986170970578351,0.566565801323759726405590896446
-0.087925147897970673665187526008,0.567434001805807407265661328275
0.035112297985002530170742971913,0.568711429108359394286506760697
0.158149743867975734006673469833,0.569988856410911381307352193118
0.281187189750948937842603967754,0.571266283713463368328197625539
0.404224635633922141678534465675,0.572543711016015355349043057961
0.527262081516895345514464963595,0.573821138318567342369888490382
0.650307437058417501843007292270,0.575085185032613925136114667391
-0.773395286732824794260446338308,0.576265436378785312385359033051
-0.518924969986876170701854718359,0.598480857497344748439341374168
-0.395887524103902966865924220439,0.599758284799896735460186806589
-0.272850078220929763029993722518,0.601035712102448722481032239010
-0.149812632337956559194063224597,0.602313139405000709501877671433
-0.026775186454983355358132726676,0.603590566707552696522723103854
0.096262259427989848477797771244,0.604867994010104683543568536275
0.219299705310963052313728269165,0.606145421312656670564413968697
0.342337151193936256149658767087,0.607422848615208657585259401121
0.465374597076909459985589265006,0.608700275917760644606104833539
0.590011988760038651587462597720,0.612904089303641962766712287073
-0.651891331653106321210313900303,0.618502316756282368875322154322
0.738560998208298918823570482356,0.620282012177478207237208654208
-0.728880906924015883578296672555,0.631628645825222398247963157236
-0.582415469425773158180535275433,0.633325256334570341972596853397
-0.457775008543888852394799919028,0.634637422399090037696403149746
-0.334737562660915648558869421107,0.635914849701642024717248582168
-0.211700116777942444722938923186,0.637192277004194011738094014590
-0.088662670894969240887008425265,0.638469704306745998758939447011
0.034374774988003962948922072655,0.639747131609297985779784879433
0.157412220870977166784852570576,0.641024558911849972800630311854
0.280449666753950370620783068496,0.642301986214401959821475744275
0.671241872153111922067260891996,0.642970120012615059638973109480
0.403487112636923574456713566419,0.643579413516953946842321176700
0.526524558519896778292644064337,0.644856840819505933863166609118
-0.521265507982785839873480476101,0.669481821236315631229658628975
-0.396625047100901534087745119696,0.670793987300835326953464925325
-0.273587601217928330251814621776,0.672071414603387313974310357746
-0.150550155334955126415884123853,0.673348841905939300995155790171
-0.027512709451981922579953625934,0.674626269208491288016001222590
0.095524736430991281255976871984,0.675903696511043275036846655017
0.218562182313964485091907369907,0.677181123813595262057692087433
0.341599628196937688927837867830,0.678458551116147249078537519857
0.464637074079910892763768365750,0.679735978418699236099382952279
-0.680412222862033218617639994508,0.683565161257745040717694415112
0.585909545578484770846167225768,0.683844509152253041798936296149
-0.610936360634700055587861369637,0.698388100836033013814969114187
-0.458512531540887419616620818285,0.705673124900028629189681268482
-0.335475085657914215780690320365,0.706950552202580616210526700904
-0.212437639774941011944759822444,0.708227979505132603231372133326
-0.089400193891967808108829324522,0.709505406807684590252217565750
0.033637251991005395727101173394,0.710782834110236577273062998175
0.651469795536095600296198510991,0.711202663246938308887904894867
0.156674697873978599563031671318,0.712060261412788564293908430590
0.279712143756951803398962169239,0.713337688715340551314753863011
0.402749589639925007234892667161,0.714615116017892538335599295436
0.531793736580413137424064260935,0.729867266419252856415621879740
-0.520420257043400691889671393532,0.740516323563159757122376718491
-0.397362570097900101309566018954,0.741829689801773918446743044061
-0.274325124214926897473635521033,0.743107117104325905467588476482
-0.151287678331953693637705023107,0.744384544406877892488433908913
-0.028250232448980489801774525195,0.745661971709429879509279341336
0.094787213433992714034155972726,0.746939399011981866530124773753
0.217824659316965917870086470650,0.748216826314533853550970206169
0.340862105199939121706016968572,0.749494253617085840571815638593
0.463899551082912325541947466493,0.750771680919637827592661071015
0.597353986538023966874095546158,0.757225420513938123504590478458
-0.587005512116505576943523526533,0.765275539560895129262288563702
-0.459250054537885986838441717543,0.776708827400967220682959387218
-0.213175162771939579166580721702,0.779263682006071194724650252062
-0.335409658871705125848463017481,0.779374107546569862583771115195
-0.090137716888966375330650223780,0.780541109308623181745495684500
0.032899728994006828505280274138,0.781818536611175168766341116912
0.155937174876980032341210772060,0.783095963913727155787186549326
0.278974620759953236177141269981,0.784373391216279142808031981747
0.402012066642926440013071767903,0.785650818518831129828877414172
0.533131604943095299488740344392,0.802950639326622331347708299721
-0.521157780040399259111492292790,0.811552026064098348615654837227
-0.398058848283387432564869367195,0.812865808548939219076221003689
-0.152025201328952260859525922376,0.815420246907816483981712027650
-0.274259697428717807541408218150,0.815530672448315151840832890773
-0.028987755445979057023595424448,0.816697674210368471002557460076
0.093544161225104625610182272111,0.818816750207790096055608067601
0.218761965976295721335698345780,0.822136711142306752288304524243
0.464034006525893590876031975811,0.823354570531576066224161082210
0.348968653312943052173465444003,0.832905567193197134261679190943
-0.459946332723373318093745065784,0.847744946148132521312437346847
0.155184109156452074361964671751,0.854131503342899654457650527882
0.281573019050006235840512199320,0.855365385809326073610491381799
-0.094405977359777431838812871180,0.856973104801865406700566698866
0.033820251740525026825222233636,0.857283223997971306968609846006
-0.227790340346803834297831946817,0.869263472695152526882150873635
-0.317524525985621961877694901494,0.871875766111513953918438430852
0.410795520076353200269535307206,0.871897974575827691543148956057
-0.387665184729756101888742020538,0.883140887545030505929600777551
-0.158924920653785688263560866491,0.886703912496872652311086323724
-0.030366859365837539637081074047,0.887723817582729510233418233375
0.095460199671872475577004633276,0.892597977133080865370652306287
0.338420494503567862530779012586,0.903157622790917231098331771070
0.202415397546747046252652393262,0.907195807417915491923150352663
-0.271055168903707988634118630161,0.925608566358351328959756413714
0.271024860240631046197825767904,0.925617441407046170447143961925
-0.202189749210689842599847549835,0.943049006160071454388691863803
0.007902954882002130963440490227,0.947573932765649607583912183920
0.148143918392732020320005083514,0.953034890310227675439928995079
-0.132227415361110707618408397221,0.955373242943458431579025841155
0.077593169511858487810748233676,0.961353952896894337305804630272
-0.061547725046323573467548752662,0.962514415604775394592507854282
