0.027596870275766026674625967376,-0.965836727051705433466697869027
-0.087122045541404094256092983026,-0.962295131314530506853952484768
0.094998838656654240890100376209,-0.961549474143091077472048567092
-0.154883917106049295019871272619,-0.953736411590149184278108244753
0.161936660450465556570860145632,-0.952564270048545661466752264743
-0.221129656799513653056249631094,-0.940586968575844827995178635994
0.230746852217089448586100369068,-0.938273979583187995239321830048
-0.028663722008055278858740172818,-0.928471614513479305045558410195
-0.286294998280154270199976235249,-0.922841993263600063066190286648
0.296930622748350202628166270734,-0.919457751463141962686323368461
0.047419885109403271996498754903,-0.901185697967403290958542147682
-0.350061555857454903774707391273,-0.900588184289370954580808074824
0.114827467229614237174136589859,-0.896987632719257205583752000826
0.360543665481412463954182586594,-0.896443213958472300519913867195
-0.130949217422147598804362078016,-0.890581554055972821478606486602
0.181765289023425552854896359282,-0.888002428624711789578455698477
-0.412117778037863969253779231540,-0.873934269608476840487120670748
0.247586084922492250110122156567,-0.872868734220037116691669110526
-0.065968735369104493354117282053,-0.872171153971378795139978905548
-0.241430514277142883088005217879,-0.871746665889750024567392900592
0.422332219435602416404195627777,-0.869044111076972990541241929530
-0.000918045657365099879484930164,-0.854010381764567778637792525766
0.311237566363545836302215230453,-0.850287884158981227927191915186
-0.179905202926013993332004167454,-0.843889136525728393101121724858
-0.472160469707217772960972024967,-0.843010475271112801655626474021
0.482008351797776738516624378036,-0.837418724037239746908303582332
0.063897922301801108797941866231,-0.835028912468514422943965471668
-0.358006699723702134192693384374,-0.833518962077798298947128764434
0.131343852286450539883638689444,-0.831500115559305330259343235350
-0.290542132108381897062953461559,-0.825196863667573892652967678122
-0.114636319253546401326514162401,-0.825043052147083230579419658740
0.372986960158330573504265361431,-0.822930650287530023670637191481
0.198281674080261855564398458867,-0.822514911464759914254046933001
-0.049655837200503295876269366438,-0.806632652062489204240792077685
0.262957281293161618749699805567,-0.803060562059976803409792665145
-0.419757266037970867517613162903,-0.799536900947658697083835774715
-0.229226418789195671593188326466,-0.796880981564414087293383327001
0.432663092520504895616694111690,-0.791305263247796780037698844283
0.015298465385050671650310771211,-0.788130099407653330975209629761
-0.506147137890362089158028244818,-0.784646854196598219426402568252
0.564982260542282919110622889231,-0.783834941708712001981064342572
-0.164331547894988435183803748080,-0.778171048086583351469124235589
-0.573332080545041020847062809940,-0.777748350039305834642569001739
0.324706675087946355951749936545,-0.775703328188525599153237941439
0.498502392344581104191858664753,-0.771925575498166971661584853213
0.080214971287722110340225477855,-0.769491443860765074901560143202
-0.342840568821785088496233176911,-0.767705632481229537359328139950
0.147660901272371541425922301069,-0.765962646951555982216937906884
-0.099506263764905726343156944439,-0.759221419684561222429579408442
0.214461401276655010175203992140,-0.756007794953740989866945113819
-0.277703814020733468573066933222,-0.749856009148835220566102595823
0.384382807450120678064178686804,-0.744077941148792355520299594242
0.618357549739584545887949186338,-0.742452767016882512350206713861
-0.034525781711862620892912148471,-0.740811019599967196090951827388
-0.456304641539802494875678002270,-0.739071296748936316161084406198
-0.212808943126526232163682354837,-0.731146075671004484741843504411
0.276225037058097832610075444688,-0.728682730010031291051029755389
-0.634555324953288970647549534498,-0.728657471068810108671593465515
0.449346919834830120073088744290,-0.725609861086492480689910583466
0.030428520873691346633667989179,-0.722308466945131322825369379464
-0.391318427983222097016091500276,-0.720681138329303195197219768075
-0.147983658996443523323035551197,-0.712196447268982355702298677260
-0.569555396597669592919641573716,-0.710315846471053648457629945767
0.517861942100691616932200304798,-0.707221528388566800689994119360
0.095343785290976958686613370709,-0.703669413193543788464091480557
-0.326355091866822608501620830597,-0.702210327850377732677149209330
0.162789721251413587675021695495,-0.700140730501467603829721538871
0.335901169420272154722504194947,-0.697057342970298047418091408191
-0.083020140656520847571541564945,-0.693726277696961447812649813588
-0.504590687689351894026798335799,-0.691849864894700230352974327451
0.581855295549148453959668063597,-0.685628552828409411918130547027
-0.261284886157632073261994039118,-0.684119606248288325539114795655
0.649317635681672344361574658223,-0.682428780498331327995262792613
-0.684016981160612978915371379027,-0.682224855561427917612320203416
0.227749154372666521666388606121,-0.681656198381715582505284894963
0.400871037149398809129401905723,-0.678583329458176772144165723041
-0.018048849449991016199092021818,-0.675283468852401564405799260294
-0.439604474132771496167211833805,-0.673459706475067109389109689328
-0.196459602027549364421347235478,-0.665169977846266196499569968504
-0.618271791964646193423588219697,-0.663111666988545296678448526674
0.466309167651851325609619634027,-0.659922265580112091968077274853
0.046866414967294595853853359712,-0.656644415100814030044521361387
-0.374668198730142435774446746774,-0.654893984944391580229551448671
0.710806025494638067728925598070,-0.654489850716941169889944028389
0.287425286734840843778817356380,-0.650030811341982338872346547765
-0.131496083687626688669853249226,-0.646699808274245288609921104833
-0.553161895455706942647208618464,-0.644797459743134697551089196474
0.531158553446527217563341349551,-0.641005170848767974708264126481
0.111827770341195484893759984546,-0.638166639609526261462887120910
-0.309603765542228075312912780022,-0.636782513081064039351573479247
0.179273272041124685392610131678,-0.634629666388603578452582446553
0.352389399119550285787727413866,-0.631562731279682464041957536990
-0.732914270114392215635062487790,-0.629633896191791540896837133394
-0.066532806296717345766280075643,-0.628228791254263853646931854138
-0.488179798060832492154499159608,-0.626335831430706951496406779402
0.598765035511748010701904026224,-0.620241500795778820213751035319
-0.244744981400373774137880733120,-0.617947864192352949976508336072
-0.666748806507953937021647757278,-0.616086302129901122919683789116
0.417590450720796450377020525805,-0.613147352435217596159564802760
-0.001609467132755560170824790853,-0.609617882869075809649424868393
-0.423205406117375046971361700849,-0.607903949521942206690905525718
0.664611610615856789896897023703,-0.605220368142758317473710553897
0.238949404403299007505038881936,-0.603004279348870334819644099355
-0.179781463060451098386386746868,-0.599477694620332042086859472401
-0.601636929678846776577896027211,-0.597654144610646169130201746267
0.484919155438601535697325389935,-0.591777902480664150615943022278
0.063351888241145328869081833980,-0.591140107377788041067790627916
0.730377441595804497209610266134,-0.589849572631867307102936594004
-0.358196850093251469280693394091,-0.589395125769573375210857032330
0.303913516788008449513948939422,-0.584536199286570459989255088580
-0.114818185669541755482813573285,-0.581006677600350607123870221706
-0.536641915361711470620151275359,-0.579295114324815344480515549096
0.549954533755941435304357003143,-0.573562374867082596680970775082
0.128580630699468152814664476819,-0.572739217614334573874666894446
-0.293232390924812824248419772116,-0.570928265612173987841510120722
0.368877629311696013303385161677,-0.566068119713146008108415135424
-0.049894846505579969887358288496,-0.562395769215162563126363235961
-0.732497008594178545718874957961,-0.562097004258978806299394162269
-0.471672400685332652277729650902,-0.560846048174018600693710146681
0.789449615554937037064571402136,-0.557109930867445688978175101502
0.618679640592670703275500584766,-0.555706127676910398116856013474
0.193252633819786591313094489744,-0.553272890494762196583848656169
-0.228262595746973823860529313260,-0.552451781543897765080741755116
-0.650351033925366082326633648704,-0.550568984316590061742933419173
0.433839755556673657821177492552,-0.547593054548111716080211355228
-0.797841579195907105100505063981,-0.545023838998946074110369012427
0.015066508868320919152548336338,-0.543917993723874794544728995484
-0.406702289901430885550872160451,-0.542399081381393635070266479604
0.684062973946493669315004969708,-0.538782014741115562064995588118
0.258216746204496033322004547230,-0.534804810432462321753459645394
-0.163297965479522019703262374604,-0.533981891803508870757529466472
-0.585387191659016731455529121269,-0.532099954100751481110050611761
0.501661734940572928149655474482,-0.526347848906325361044276909708
0.080104748599417996789986326253,-0.525712685382596353479570401452
-0.341708474173298394069807886892,-0.523900550890099667510290152486
0.323180862421884971991251112563,-0.516336727465000107412607103299
-0.098374123676382148374847270641,-0.515372736942485638517124955733
-0.520204810029716302432749703069,-0.513787653319021715380662251438
0.566697113257912827756687087690,-0.508132321292743807109304662512
0.144776751719736435288416339178,-0.506246358263023976188752163175
-0.276744615814854277486082826508,-0.505431577277451688446546985724
-0.698831727415094979797472362733,-0.503547412268479686491409406276
0.827174454055070076497662455033,-0.499310850422176870980487034527
0.388221458335399894330644599293,-0.497789672757793467838754192458
-0.033412768302481259334940645807,-0.496894961451197869935490715256
0.758920960167717492160215701421,-0.496865370288343878156878731651
-0.455162887158562935863906920495,-0.495356798352157878656536484551
0.631589349657825037889976110186,-0.489413252562206338023509591847
-0.833964035894167810565320287794,-0.487957439066911136377344246032
0.209740864104445877297326396664,-0.487778278200724101358363152400
-0.211775360763663906314586299778,-0.486956919442158834281895380941
-0.764734481706021558636157072594,-0.486111398715548461832964122371
-0.633863762142370011736172443588,-0.485074131478566992983568268277
0.453185573973101212881874427928,-0.479321604138361498169264839392
0.031550010794033553235025613265,-0.478422192000514657202256760246
-0.390198737886328628550446231725,-0.476888848047493974989155578017
0.696553968717363843259379000123,-0.470946954894030287628414223975
0.274704976719043966323687071655,-0.469310198947090433509185490301
-0.146851518960524034986171195815,-0.468347764581135602041490870202
-0.568619777391882375322464280121,-0.466676260396444506268196507885
0.518150625698129370257602118770,-0.460853403640287367113952371475
0.096300877317623484092531335567,-0.459219818096100711672496201962
-0.325221145324453944411579587647,-0.458405712417509032321771001074
0.339669087918767613609863078401,-0.450842114716434092101309350272
-0.081890163586623145946264570981,-0.449869989089847833459856629725
-0.503625068861094976597851128000,-0.448316147593995045534663990838
0.583114757233569833333353772364,-0.442385390943555030444296175432
0.161264989702332926101441393053,-0.440751738033800836842107191187
0.860068196463354263109636644747,-0.440241269373461666366562436115
-0.260257313438859603130648931688,-0.439936645687949771088661860333
-0.683565022221786271407635365545,-0.437757340132470610934063396363
0.404709699570988261685989424317,-0.432295063971438233653008878179
-0.016927384490108333376298311909,-0.431397219639164620726622674715
0.775504514615923386569480718489,-0.431394830341096861841857988037
-0.438660919588860669284390439229,-0.429848197289331141867283084305
-0.866013748030454969030460496332,-0.428508117530817854583056648620
-0.798462542889558870759108656805,-0.427577562175779593602640699833
0.648079376293108638702756662301,-0.423919093275378980049200807561
0.226229102316931015127802068043,-0.422283658780167168992929529089
-0.195333471635719731802233827725,-0.421327490826926538848257349594
-0.617111308341648315084769291433,-0.419646605384610467526701039808
0.469674464730657654989821072217,-0.413827158872323504238940301158
0.047823482033481597481207410393,-0.412194845734750675196862116431
-0.373697063130713543265356525592,-0.411379216992467624992202681825
0.713137523165569737668644017191,-0.405476414946783271313393480361
0.291193213516654662413978074789,-0.403815574549510827585053389059
-0.130372116261818842762327202891,-0.402849715335638770266623109117
-0.552022747229757811620230641782,-0.401209135295992719806931977025
-0.737907225526536977448875866671,-0.397651993244976150845223296299
0.534638923313065840259767288503,-0.395358809047435987531598397732
0.112789107016901615157754554490,-0.393725206405485128296362330757
-0.308733231245119201984425869633,-0.392910150262908363759093541084
0.356157329154355980965207903424,-0.385347505930078857915564035992
-0.065406661660910511863787294054,-0.384374187366487696117384394487
0.822588107453011579117465398449,-0.382974368089358968088754031261
-0.487058597957523504306769953010,-0.382741184991328816139551070496
0.599604859486838073132314705755,-0.376891153712611940397296381549
0.889823406745519824607170116552,-0.376585283008729889758053450107
0.177753220216880859103123917485,-0.375257126548428948597833036087
-0.243834795655256706791515183734,-0.374212585258097018044938757244
-0.665614559845182049726779017691,-0.372648302514127693436879041771
0.421198590328544703793936068605,-0.366800618705400239722684339945
-0.000655795137320581006281571752,-0.365171813462073750587623836203
-0.843362349180948243656433448010,-0.364881707846778301266232117019
-0.422094741499376378287736039372,-0.364272204694465299264470668018
0.664662930741314533112021679369,-0.358448553328131963734180063947
0.242717331416604506389299924232,-0.356789042317772607189956896056
-0.178848284598047405767661555658,-0.355823478163626930398184763875
-0.600499288258632522695755870614,-0.354183282310677252789614541750
0.486162762345594124991986241949,-0.348332564279472124656586327415
0.064311711732759728546430629312,-0.346700234044135091820728245230
-0.357130909613782037006805383413,-0.345803137964906038031361527276
-0.779095934696316312114056226638,-0.344115537077708527536508377805
0.729627549800853338481424569306,-0.339982255659955913339084696075
0.307681454752243029769322899822,-0.338320965763155593399308074770
-0.905246426472810060076019404346,-0.337830518282259155589450636092
-0.113885505581770396306084264309,-0.337350708430773215326007208549
-0.535534386713308161862087266572,-0.335714556538661505928407891950
0.551128949951755155154031860073,-0.329864649761466115423717008659
0.129277337531449548159437078915,-0.328230594920113240052088175664
-0.292232924871540425944396239177,-0.327104008158509915144453078331
-0.714117924484457918350879216808,-0.325650116402426317057013332347
0.794591150950391355751458387347,-0.321512377349462916104456667684
0.372646219911912423073154547713,-0.319853060664040863985239497758
-0.049134639058180465448578542007,-0.318148334526359269796246650265
-0.470570493364889520585639930767,-0.317245538214755343565183250173
0.861826450242899601241163105451,-0.315123292268833837773756086530
0.616188413935043967541579722823,-0.311420613765364924082275637935
0.194241448731173195445613085663,-0.309762510689456898644212035632
-0.227245969226207063307132483652,-0.308716472296623716202330721602
-0.649002539762166257337765596871,-0.307184979440194478699792543713
0.437686887943481173796101238337,-0.301306024112548860140330366202
0.015832434561957550058941647167,-0.299677201771458167211489965002
-0.405606661479295179304709274807,-0.298776471485196082332074109430
-0.841753460617667538901331587954,-0.294173789522736881385125781365
0.681153237244535002916659754002,-0.292954105565432363130884684731
0.259205572652192873744644749257,-0.291294433531417373004211581774
-0.162283190209930053845555192303,-0.290243702563770001130153166275
-0.584010927742182872937612495406,-0.288688703553346038911090456674
0.922866130987281871098153452791,-0.286217181258451185483638432719
0.502652799883082729632278479502,-0.282838393758673087979536323987
0.080799942247307661548113153737,-0.281205622558763203576454090138
-0.340723049513373731670531743396,-0.280027530785081529189970997021
-0.762594462726644489219287298291,-0.278624260544457078151130369209
0.746117910206947828717151512544,-0.274483122507940673722962870017
-0.926635257453014416681163643173,-0.273768643595196436173709294637
0.324170345509799471877269544113,-0.272826520497117599468983536533
-0.097532323686340122988049470001,-0.271041328659356055600392607991
-0.519047064602325528554070332772,-0.270219716369917067522723601730
0.567712504399961049563296877141,-0.264394109814219099108696265045
0.145765563028332189778049044753,-0.262735982171547224740790422636
-0.275744764158566550440439824614,-0.261609379100671732177488749614
-0.697505904401442125961865795988,-0.260186793328493102319926834289
0.811140896966615033560383346524,-0.256033283083283841544529725096
0.389134517526848893075319717445,-0.254358466071189484402885524015
-0.032568213530663708918120853098,-0.252573240756115572796753278980
-0.454083232716731187273139676812,-0.251750649640357806289614460989
0.632678440572282233971786159226,-0.245926454479029709047847909281
0.210729689966761562800957910687,-0.244267901903101664458466721351
-0.210759117633308802343253392489,-0.243217217052262838720440539791
-0.632514179245716607579622221664,-0.241690400682863264821268458638
0.876109128540230953909633999315,-0.237481274564442184058973905709
0.454176914582067747233476065236,-0.235811864826553119933988371960
0.032395896625012281492991653976,-0.234105152852873599713332828076
-0.389199639674290697006348704094,-0.233001643452731624361359348560
-0.811085003023449214594858653562,-0.231612842986116700568136129876
0.697643216337999467881273959463,-0.227455365454978674639894504719
-0.878426521149929814017233902495,-0.226462521098937054439660342513
0.275694463409749315852591393550,-0.225799988265379379073887043536
-0.146008218881405907230250497422,-0.224014809926223418316071245925
-0.567523605631200239629595561603,-0.223193863384601600505406166455
0.941078073691366619623083815889,-0.219030202913467481840185079907
0.519236357391595049447918204951,-0.217367850656765750276560239511
0.097360006780688271904104161050,-0.215637064949631626629912377171
-0.324235779109785528770638033344,-0.214532677599814815822520025385
-0.745982438748884983374124969799,-0.213160933455633044735011272430
0.762667656223171506526076471721,-0.209004028241761599163035927428
-0.943495926509700231467930381897,-0.208368920980481973384942279690
0.340658643124735941879434713845,-0.207331925904266219886629562790
-0.081044101892032261962152931317,-0.205546714978669396307339891191
-0.502559755869050771367533168709,-0.204724778227025121655269654956
0.584200755625823248758417816030,-0.198899503542912066093313416086
0.162324122410739431100818294219,-0.197168996303289109528336708106
-0.259257493754978347540546114563,-0.196114525915405018810037777978
-0.681017543884992476203722420781,-0.194692214571161888441402749214
0.827661782205672188948782222984,-0.190425344945955288692305078428
0.405624544165435466512694544343,-0.188864306785193744196543529773
-0.016079991736356271551040424243,-0.187078627075427423223919440287
-0.437676413157967391720715515405,-0.185974894852743634488678369848
0.649164857482416535212451589746,-0.180431386446498323545675926366
0.227288420877544896548808426888,-0.178701570823908018922876420000
-0.194484100409077857551311211817,-0.176988277104466398709342239355
-0.616026857134733974271605287861,-0.176195560514118826415584168419
0.892630727356807854662232039558,-0.171974273294980586473516252626
0.470760469030246285831156394388,-0.170341324879299174447599030043
0.048884118419319718860072082832,-0.168610539172185450140498989382
-0.372712303002291401309603008327,-0.167506806949501661405257918939
-0.794472982938570900903040048125,-0.166149519912656120580345008145
0.714168221031121755101351745782,-0.161970022827693267461757061491
0.292252552380613718284118639669,-0.160233558013303356433170211936
-0.896839062208443394692779963610,-0.159537139396202435272954485994
-0.129519990253401893796926152495,-0.158520189201224331857114352700
-0.551036370660346275535308495820,-0.157699001279727091970750222662
0.535724608617492254276739337387,-0.151873244385422632352962840890
0.113848228574995709271184589906,-0.150142451268943477057078538477
-0.307756397676815078176002369822,-0.149009881732903268711177819673
-0.729494078232435333615981594593,-0.147666354698301830856487187354
0.955092939449824682084007837521,-0.146286183845438815302179886293
0.779121810684222281955889859229,-0.143464967564406182851636297942
0.357217170595718917169230183296,-0.141767257374401728938480002127
-0.064555880097725903385813645420,-0.140052101297982358773693901796
-0.486152301519337023555488736583,-0.138948369075298570038452831358
0.600688947988559885957493922548,-0.133404882452855593562438917715
0.178812344205047292126200573733,-0.131674382622602450235154526930
-0.242959988770447489386084432995,-0.129961751327021334259116700863
-0.957473962176343509713895745986,-0.129791302964805460968297731291
-0.664530221774009842895705486978,-0.129197374402417450035718458995
0.844328910144956797282329936783,-0.124768973453187336845876788253
0.422208098613614005110374873495,-0.123393766837939798710154187857
0.000408230057950087025298861654,-0.121584013394740385690273450891
-0.421188191363661033144376229508,-0.120480281172056596955032380452
-0.842823567539749395230940018249,-0.118994171882502023185788904418
0.665689862175538822432529376064,-0.114946043819212916367538483138
0.243776642671852757574190706401,-0.113206957143221359629694238825
-0.177995878614771525631699373672,-0.111493663423779267406888814209
-0.599539622163880010177318222078,-0.110700698409244317880928224626
0.487248690824554146856538673902,-0.104846711198612515154416848868
0.065372340213626077436411368728,-0.103115925491498412606852999986
-0.356232286038184710010775591001,-0.101983355955458204260952281184
-0.777859436036429224167398430022,-0.100526159072781521378680735045
0.730749267871682613607775402504,-0.096332144808181474376939728962
0.308740774174921579309500919183,-0.094738944332616697139988030761
-0.113031768459095535220586866598,-0.093025575520537294323468363305
-0.534626896094099242310401546973,-0.091920509673311006033745017813
0.922299163179339883327978235731,-0.087244045359082606965673576873
0.552212800980228891475815443910,-0.086378623295366159822088342513
0.130336447870347388833933110021,-0.084647828797832323401632319562
-0.291435877131817121220857654174,-0.082935225549576269808891162374
-0.899676413573258826430807519896,-0.082536528280497960194012007832
-0.712895579578003733447122322407,-0.082057178776897140557912006689
0.795757933028461864587393024528,-0.077840665779997134256576574260
0.373705392390026778194612462810,-0.076272643693715069645297820951
-0.048067658303419544809474359523,-0.074557487617295321240047912400
-0.469662785938423251899289039899,-0.073452421770069032950324566908
0.617177169782866244533833208445,-0.067910268772168556028792928319
0.195300565999349232667741908460,-0.066179768941914300464432085359
-0.226471766976141157466472594852,-0.064467137646334202956663275720
-0.647931776351476863060150163082,-0.063588011241088336880154284099
-0.964201629768392455254070735179,-0.062589038360913047231703527396
0.860823973594069528710550198252,-0.059276082534169095258670862532
0.438696320407921866135757153009,-0.057899153157253139416972006681
0.016896451852256445601638147551,-0.056089399714053348156627461495
-0.404706880612946928765688401394,-0.054955496553470640256244467641
-0.826335270038723692570904560159,-0.053499577260973549894257245190
0.682141278369852049793813115569,-0.049442175350837971543916120620
0.260264864466154698115732041128,-0.047712343462533209858971797254
-0.161507656820465167055360087775,-0.045999049743092229873242824813
-0.583048459499855459564771271502,-0.044838049282386157772440485594
0.503736912618856087398080008629,-0.039352097517924365383694407297
0.081860559508977756999159888844,-0.037621303020387258951406781070
-0.339910471706579339975770464567,-0.035907366147588705804183348832
0.965582274471413931818558934263,-0.035398330434909665771640857130
-0.761371413580298201850628452544,-0.035030596965089169073488516834
0.747255071966569412490770391121,-0.030841959968757673627575242623
0.325228995969223519851042253910,-0.029244330651928547369265589190
-0.096543546664789176644247580701,-0.027530961839850256789822373909
-0.518084349344179469153658764427,-0.026369961379144184689020034690
0.568701022774535250052154729807,-0.020884009614679122288442353117
0.146824669664653747410272395917,-0.019153215117145285867986330161
-0.274946361550903376221385405244,-0.017439278244346638951955462178
-0.883188116072233123770772061806,-0.017041933658969486902480348603
-0.696407610353771331463656293218,-0.016561429429280365395730794244
0.390193614184328718736153797537,-0.010778030013026919874575379380
-0.031579436509113186233135073627,-0.009062873936608283706401923004
0.816184850019502813934868160445,-0.008593200555978085746930696489
-0.453128444018703146020058125923,-0.007873036162545791994939935423
0.904069666123372526302779137299,-0.007393014854196118672795861948
0.633678016647815929931806823303,-0.002402637275064890299268071508
0.211788787793655591244081194357,-0.000685155261227262930786095963
-0.209982251395227385810272898170,0.001028809658895334131464988727
-0.631524293502149927968277401638,0.002188532529421813711983004260
-0.947713332267366752594035277089,0.002905556260615426059828131832
0.455184542202223806677298487736,0.007595460523435010353750434890
0.033384671147608125164386667666,0.009405222757057805498818757421
-0.388332035112335557230140189095,0.011175094243336142457121183386
-0.809847301941667833685401673721,0.011995928812355895376737021657
0.698647082464738848676808104186,0.016048009488585829205448365719
0.276753086260461056692071327025,0.017782270218153827674674192142
-0.145018141239551395399160391095,0.019496897562137307214885439632
-0.566560183346473937557164894564,0.020656620432663786795403455165
0.520225134413162445974419294526,0.026142516162762672149951582099
0.098348781303284115575499174739,0.027873310660299778582239208330
-0.323367924956659593475755129773,0.029643182146578209309349070040
-0.744883498715140963298429514396,0.030465096348164699054494744247
0.965696229029960569701348572328,0.032139754328276085183872616655
0.764209065146325414183454901406,0.034533631763795415606361893914
0.341717217763529878427381539807,0.036250283028758490164380400206
-0.080054031083875404988047884021,0.037964985465379280298305890537
-0.501604278020997614423564256059,0.039153545649262179489483554432
0.585189244568841608628494015703,0.044610604066007915245203636279
0.163312891458960105986611681813,0.046341398563541751665659659235
-0.258403814800983603064642622699,0.048111270049820182392769520945
-0.866700605424385352627677371701,0.048452859048220473504014121529
-0.680000181863519559803050622816,0.049215058306866878162208542751
0.406681835978635077312493083434,0.054716583667660117659070610016
0.836533673093510919684944789343,0.055806576451581437000834387133
-0.015089923427154093590526142728,0.056433082159045369503526570961
-0.436807869114630025633646319232,0.058201676055144113941544673241
0.904219297483561739951436666639,0.060145000289696915183397032624
0.650196187502631893986910421478,0.063100285272989241742057378042
0.228277009587961949820420480253,0.064809458419459774602859893432
-0.193439704645307612653530115624,0.066579357953062155476189971850
-0.615036071707843569391938115742,0.067683146210108851245628993656
-0.963799729085761252907168230776,0.068500020329786874322397345745
0.471672763996530165253637773633,0.073090074204122047887396424285
0.049874186728521896820586364345,0.074901170062287342586947021870
-0.371843758958954061879261259910,0.076669763958386180793772559895
-0.793359383088193610790573881578,0.077491626236846757563196131267
0.715601075644494850369492614471,0.081423601221138918439385502256
0.293241308054767415268410612922,0.083276883898840865208320181538
-0.128475594489631622242417608550,0.085047445856304128559610422755
-0.550080166382367246258337477237,0.086180071426707243939709092923
0.536713356207468804550758580422,0.091637129843449709683597571495
0.114838296884197887231698871419,0.093369257965529315670367472775
-0.306879648803278071468148752835,0.095137851861628153877193010800
-0.728476382212588192733498997016,0.096242681580396448195027485545
0.784557888220333519933531530303,0.098933408771354938354126977535
0.961091972132499150073378267080,0.099520810253089669209443019741
0.358205439557836237003720825704,0.101744896709445527698026389602
-0.905975824864295264883395363468,0.103397039969111444331655913374
-0.063511486832910310844895867257,0.103515542549970217764831103179
-0.485283757475999657468419540410,0.105228201832589178391770211732
0.601695064664991289436414465408,0.110100784872554923851209217869
0.179802415013199731065507669859,0.111837317821447338607567706973
-0.241915538647602081057036245761,0.113605939764870126960613461705
-0.663511960069213201226711336919,0.114709671987553915695854532147
0.866640464347975783717439079263,0.116263064932808618109792568990
0.423170057772941435888832369331,0.120211197348347155192716599411
0.001452623322765679566216639816,0.121983630453212190848251554089
-0.420319647320323693714034481087,0.123696289735831245243998098386
-0.841827741424712408932922381392,0.124525912872060919971427742960
0.667150180682387895679594931763,0.128475877005542330975994514579
0.244766713480005196513497802528,0.130304743300828429213027995078
-0.176951428491926090645923738687,0.132074027668112100044033912609
-0.598556054743736878093110698415,0.133206597204152308389934631414
0.488160985790836523829977059530,0.138584687884809085421042413681
0.066416733478441669977329146890,0.140451718356454163931672004993
-0.355355537164647703302921974013,0.142164377639073218327418549291
-0.776944740549106990875847496829,0.143276968215610610603259097238
0.732444244391254760745633930444,0.146827833084901732934134169828
0.309730844983074018248808015310,0.148772756111433091702734203142
-0.954449742088585440002634163983,0.150425597549089815780248723079
-0.111987320835204779248401997394,0.150542124361778189249254593034
-0.533759645837369289303192761587,0.152254727610034242841995750223
0.923990580226386917311891815341,0.155955662939614390540838714287
0.553219176303618485358679030127,0.157127310649996718289603153085
0.131380851607443513811137945330,0.158919778212372186868872239191
-0.290391427008971712891809466938,0.160632465542315191410839000196
-0.711980318405731999369059836732,0.161743958622768078104086143840
0.797425810150840133080064729204,0.165234407740533855327608244090
0.374695463198179217133919558936,0.167239056750334719197424412952
-0.047023210679528788837289490321,0.169010212265020162332675043943
-0.468795535681693325548807702265,0.170722815513276309694223636877
-0.890301658649002584052161181906,0.171554470452039291420020552665
0.618649057844747291129098975692,0.175476376605108013085146354406
0.196345150074248979259128077999,0.177387203691753277474332527297
-0.225427316853295722480696959864,0.179100553445557164494259451101
-0.647024413080255676235459198228,0.180240883839366470798166243107
0.862399723767058340425076556810,0.183667975721608248702291590595
0.439660081413284416019031102565,0.185705357389236346692114622755
0.017940899476147201573823016754,0.187478300168262135416095494848
-0.403831425526017335137695195190,0.189190903416518282777644087782
-0.825474296425957875883342109782,0.190496988403009609183606489320
0.683993349429147806055736247737,0.193880108869305145470743182151
0.261309281577317800994438290781,0.195855216502357939964038735361
-0.160463209196574411083175218572,0.197568650139223253699480131525
-0.582228004173888087445541261400,0.199289014245248405250227361916
0.504651009431179503960175792764,0.204078847925698276920440437025
0.082905017605149045407631815194,0.205946360024180158353295729046
-0.338867315370341344726582688116,0.207658991319760255861064538687
-0.760455412301461395964106073631,0.208771303337528398547396311783
0.748967263045366013400748075342,0.212313676850379538845426528655
0.326273899792422999879549834408,0.214321517141259567458728945170
-0.095499099040898420672062711500,0.216036738042465226782900582439
-0.941102078546870148994025550424,0.218385405334490148780903571725
-0.517485096776569067780663476259,0.218518206138379302392822087976
0.940513598880498169967005960239,0.221441506705092196452131073115
0.570173169483374487051363540411,0.222502902382549807523540289623
0.147869127760825004691636978099,0.224414447927422240930716908588
-0.273903205214665354315470181035,0.226127079223002228944484989598
-0.695499506975985072830505435127,0.227268228554126791241476411050
0.813948828804951385735178874102,0.230720251506011661238900602918
0.391239931860211914472910934505,0.232789271801472397328081667197
-0.030534988885222430260950204424,0.234504825945707199866321033339
-0.452307313887386966972468416368,0.236217429193963347227869626273
-0.874583173624040213616396992496,0.237238068919546463782460598855
0.635492226591507201505240291666,0.240880608468870827579895021978
0.212833447574383301642890557014,0.242881798313506156203690681547
-0.208939097557944042917948439743,0.244595175916668318149705670023
-0.630703098069617484040587498299,0.246316358960008725693537529859
0.878922742421169593080190701708,0.249153819487086054613583949423
0.456244385477099672384355663888,0.251176667795507341200274195059
0.034429121208496622071224391943,0.252972914066891460515591998732
-0.387343203731710976561355909294,0.254685517097205320311290077178
-0.809755811400995505447577920372,0.256180586870516781546046535510
0.700523422359524799261594905394,0.259417948411533670340869269840
0.277799286422602338808366317663,0.261349451246706093306167644396
-0.143974987402268052506835932670,0.263063263819910291233126120938
-0.565960190672298464375709713158,0.265545550853139622836132255919
0.521620706831575675600138916184,0.269450365035672589242538976194
0.099393239399455293595831236015,0.271440973704867223677076376385
-0.322379093576034986150243402219,0.273153605000447293394710528083
-0.744736927276499025528341884221,0.274454901805035570909836357974
0.765517484676726476037990259066,0.277792650903685574740031087496
0.342763926060290505899633713519,0.279815676520594428141083151719
-0.079011872810589835425499888595,0.281534853401458533493764727386
-0.923663499590237941910074488072,0.283633407932991056581932819462
-0.501016848449154894463919274417,0.284086537342761323957082104307
0.587016338230134397427504856385,0.287907134246312622018288957194
0.164357349493164079354023885202,0.289909061826087598451321803662
-0.257414985919313674752721660927,0.291621701694113382599931208507
-0.679781021951022702394741245717,0.292951827021633963603916457241
0.830491398292944683383002086671,0.296226218884759968114714434000
0.407823486653935355899185145224,0.298259811661200521605478150492
-0.014046767310638098314999807859,0.299999439681709098865832613383
-0.435819092093080608396129130471,0.301712042874650384761515615669
-0.858943794404304804914051264655,0.302940547539017016689059834536
0.916808224006668373828931121433,0.305065322455218736021406560992
0.651980448385809142046781626393,0.306375222149558977350617463549
0.229321669368686668201658645300,0.308376411994193946975603971548
-0.192450875763637684341609153855,0.310089789597355355683351659421
-0.614984613044655113604823308889,0.311999957427515898055977576050
0.472921753742961506152045406324,0.316623373341665289152568592685
0.050917333393194381621899520500,0.318467560833114542733276272706
-0.370854981937404617985016623397,0.320180130777892357844936066574
-0.794116432181260096745232192530,0.321883065489987334452645771192
0.294285779462266770891235757477,0.326844500115866982630702553517
0.720052263093861078896754952409,0.327735813654372753507618450836
-0.127487761171959467260273109780,0.328561379178903597943990265870
-0.549958119001682020407492087901,0.331230017959690375410260292061
0.538463875578335585976280232158,0.334854596899435403737287643765
0.115881460974003216505127328956,0.336935587440878288625196988752
-0.305890874280683306587494882104,0.338648227471558447050156746998
-0.729097548056763616825996156380,0.340157380424506123816435593655
0.359250419099954937982503153333,0.345310725389755317465618060840
-0.062535474273095997234623330152,0.347071006558416284524445015640
-0.484989051293136210914949808690,0.349695344658899881028397737958
0.868376879878443464131742506397,0.352137721852892649522537045569
0.603397802205060502021175482165,0.353428531645626955339379390363
0.180845561677323041684691140934,0.355403708594087064569956558264
0.798667460534077648279811591285,0.355796705408209093323856736339
-0.240926764125007316176382375032,0.357116315374800420133577197912
-0.897231550929206379653449488665,0.358577348124695321327627304449
-0.664141642731287293692395517875,0.358654305641104516510515692922
0.424214529193218449835775894292,0.363778813512542006131690166402
0.002441420963992310147476103247,0.365494061800941279125733685004
-0.419791043758892817733454203211,0.367320788829116065599105940510
0.668846077394240527094903291218,0.371773665841061565189322392279
0.245809890942778233754528696772,0.373871025730319899557693170198
-0.175963649533329099095046330957,0.375587904956348662394215804361
-0.599345233824919704902477581048,0.377702436046986450962576811731
0.489200336636381479464625119709,0.382170406974795716747818086520
0.067405443563698051964159593528,0.383962457691911303579977618507
-0.354605287542379649682858112932,0.385734332101598308265083113253
-0.777433011089062488833230384596,0.387328228334777420805385820565
0.741509864649313583490279182456,0.391774686338142875510551619742
0.310773991641345220280157661577,0.392339146900247424866740655255
-0.111011362634465629069396551329,0.394097532335861348974670554131
-0.534681822555993399052855004522,0.397197284653384277841635995486
-0.843794610508898445536614607028,0.399879881674553215757413799814
0.554193639460518085321117581350,0.400535495243866288962730481678
0.132369649246815566198520540218,0.402430209560568162880532511483
-0.289641179885658338285336371639,0.404202428795264397470303793678
-0.712477105763586165699629746092,0.405825153551375813499465919831
0.375738640672923756318716917543,0.410805339126163920846349075083
-0.046078937313509426969725688994,0.412676714800628809985101702740
-0.469662939417286490200143850531,0.415471603095281126806448616319
0.620369537276508696351381370540,0.418799519765627498948572186090
0.870343812529438985239509145742,0.419647254920949968033187060551
0.197333565771153620549582140575,0.420898978575841323228990526829
-0.224677069729982347874223864568,0.422670516698506370553724244592
0.801324674670150101281130277473,0.423282593504578793392001374696
-0.647680696857218576909711809264,0.424873283957257747951527038640
0.440781256571930103206327439850,0.429255421202604166698312150976
0.018929332255116998086302159337,0.430988753649797854067504024983
-0.404465182242779678113861670659,0.433097105599741031251210718227
0.690303678949693031688427521265,0.435812538524831687192255561185
0.262298079198735302451976215452,0.439365647854253069480776436822
-0.159713955138304130792887820493,0.441142106280054612814362851040
-0.583017333969659352844746169460,0.444368293041444019773557295956
0.505803868862723336317563200538,0.447650630610470889990718406501
0.083852069305371306584167273337,0.449601762354040522606511020920
-0.339500070254190627956422107499,0.451561669050599004942222158870
-0.778236787402543459997902752117,0.457038163681864053376936978491
0.327261712258727358558423812878,0.457835413926604500797865369312
-0.094761668239440660767238040864,0.459651733659567299394817600810
-0.517998404994169076964772324600,0.462642448398144582665511656041
0.571806978938279713996526519396,0.465736539342575326204087241527
-0.845663467984455849899435135572,0.467392200927092081996219989461
0.148857184365131125354461709172,0.467924996107613172649198762798
-0.274535962597469316558900366207,0.470029765744265094147442839295
-0.696575066136494916797905545923,0.471464554941235368391083293806
0.392226828823541222544196828644,0.476299961276616202326088663627
-0.029829246159559955663422938912,0.478230927451572848620660117531
0.838902811028401479629421306957,0.479420738203526316245236182636
0.765800177767657087640355136954,0.480723136668318472048267564715
-0.452981790758729909022768496748,0.480924837533067999240821420491
0.636736909438958548902949090667,0.484324438747771524872697479267
0.213753565728694110420096988659,0.486629689770853737146752445439
-0.209571852441793326147787859135,0.488497853647507067230863290209
-0.631405264870738785054995416677,0.491485317801429014611798981577
0.457190416210164402000062486799,0.494769887994967052181838421775
0.035179026596032387100904516552,0.496542954986916585178403275194
-0.387833989002233427097372335327,0.498734099320601775544019474556
0.701822076247505208887346685176,0.502361260547199855185256995945
0.278784609108119056737353367493,0.504860687442512513112141031613
-0.144608737850115109066451815060,0.506969443229055309491501896657
-0.566342040284656054680120894553,0.509815527204849015248177644715
0.522172316701283231497321399900,0.513175280891697273263461526175
0.100089951666449350367106331940,0.515197114995434562005423620573
-0.322869881345512115699850594034,0.517202196014267864749240154980
-0.743626212655378208056799609124,0.519916546545082300408903185835
0.343721867420196705990060403469,0.523422970761953015185586010566
-0.810947492525340987923852105680,0.525324980310121958350007554745
-0.079656450951251639040802035432,0.525479070608567996071956646427
-0.501323111309165778800147049693,0.528089682561549578140132004799
0.587176243978093746813787110557,0.531502728005570135706539342356
0.165106635164540477147015512053,0.533479257813762008132021230373
-0.257905771189836125288738086963,0.535670283917509837832660605894
0.803363087036288815839233593357,0.536851861278781673441584381551
0.408713196772724025709643206543,0.541795041633577631629850482366
-0.014724028871370933936986933480,0.544058264400573545297799163149
-0.435698332773766282693376410229,0.546382923801812230538531619102
-0.681235629053541947418952168565,0.547854474396192928874941061435
0.653267952704114364912576238273,0.549808257265678858269174484870
0.229728530661565918450912534077,0.553342725603134680370819773089
-0.192942656598157908207402042888,0.554141873499058080093299212342
-0.614362238439222227799506715565,0.557307278576185873479351231085
0.739384985516136937086225141578,0.558489985157663056578573812781
0.473768147761292568292663321070,0.560275623866558082751119870954
0.050284243884221408827340521984,0.562370291935917281855542320811
-0.370734225117044971295854668936,0.564851020495478319743752299526
0.295105051808461932340210809850,0.570397311014264375217447338063
-0.127990369699294438181752263259,0.572651500878570766673753962112
-0.549351346890421337319826437443,0.575640018801502436366035886674
0.538828592263976233280698021455,0.578661083074964431833874557404
0.115165730591537281057981786171,0.581126585860066333458623854268
-0.771819744517295683250697264754,0.581288613809202717988642094800
-0.305770114961368980884742161864,0.583319108398720292827172750440
0.360030798563834866636671178349,0.588999818570447701424635839506
-0.063057947619413733077937161307,0.591230694670576315899596478834
-0.484170377151122278421471993023,0.593413411711255694585262013619
0.604430196610613452956199360293,0.596799795303232464601740052824
0.180210991546355738584474073701,0.599306792306645709306064891445
-0.240512816492650080593132503358,0.602084399159823234690710131176
0.425037930160182167039861027483,0.607330596555689081550980679936
0.001950325136178609686390294157,0.609542722205920052457339636497
-0.419206269494400967023950251730,0.611881508404921783790482694044
-0.664632836691365656042820106212,0.613410025656049894214982822205
0.669355934866327188141305712437,0.615402332524569419642006103957
0.244231769225244178085674118656,0.620818321878273492687479849001
-0.597735094200576141368485258732,0.622766761873779470568122488468
0.489990753625298181958917620057,0.625838340962562417597827426758
0.736065942306252285133691038701,0.625946562533717316622313977425
0.066831811843494481917031558343,0.628299016130069104060421169953
-0.354248958419836092817095445153,0.630373496320851439194695890927
-0.729327826996892646114565570568,0.633784735804641031136168926739
-0.181130841188753844789171267053,0.634258719480975854282122431531
0.309976814267861219142302497457,0.636277782783005367811862841816
-0.113736776693845781243613145526,0.638668475707441121205643379495
-0.531491423288465516468926288143,0.641601838450340147321614757380
0.555023441552013395076378263130,0.644228855155907056207249564989
0.131851294189588307074601810912,0.646571202495325733162314429155
-0.289276552376379252758108013216,0.648812377307637213754557279167
0.374889184080557752504471196045,0.654926914784801072703539199269
-0.048804354613965076139798043574,0.657247669499446670431485896216
-0.466527315631744205071404546851,0.660069935144006236526835437805
0.620530428770504875900195289710,0.662390864844125566422500107932
0.195901614619912003754237517784,0.667994608664596195739281509963
0.439905004574629036649643071947,0.673212126421623252357219626111
0.016203918141627266624529411890,0.675559697034790406989229053879
-0.401570004557179330864549740273,0.678561923059935891931048634688
0.685456167026218611085301641854,0.680993402065462521462766159066
-0.229963543147997177006620184294,0.681113659254249480860001348154
-0.683272549897071140271683530840,0.683184303924001484089251169177
0.260958006726846044889552504671,0.686252554953634620462558906746
-0.579760132509604042979190005494,0.688840991588874007307707632943
0.504857569920766924345234088685,0.691720776671610808757069409169
0.081256391744915304730197541377,0.694278841635962974213391330904
-0.336597598513722490805562308336,0.697000804046721666490910022928
-0.165275939137111160603631294844,0.700528080864266097996810335488
0.326599758289636670035887248578,0.702144890555727579477619305084
-0.097843732098379910266635596767,0.704310055613832846645780252956
-0.514796024852882731581668264202,0.707309088282540096512928313368
0.569840766820758161401783412446,0.710121591864901733470037355144
0.146008163793974663025123937748,0.713514378477288014151234128391
0.391619971191591079537856025151,0.720434593853128638566088246647
-0.032911310018499205162820494815,0.722889249405838395871622769677
-0.449838713778317857374813457624,0.725801076198469751917141510252
0.634860980187600799482539610897,0.728391176776741815757496972587
-0.633878930702097702837515486133,0.729245961101556748935875609324
-0.277284589285340415054074479414,0.729302085993333933596354091915
0.212609524555922402158243211727,0.733433523880932429391336635211
0.456572536537728967233447041890,0.738943244103116194965938029706
0.032096962737093137601506960649,0.741201276941182132429365927340
-0.384866307734861017315826025687,0.744239957185255526477002898491
0.277630467871808103773912683984,0.751700510754334822968911599317
-0.215551432765935334831196714307,0.756695940509836551795076309528
0.096977202574745135727636493086,0.759961883480668841591054913772
-0.148655700333649705943295932251,0.765989317800613328974759748378
0.343272219434598728920247427891,0.767592846356427781983971997655
-0.081240688362897237543742007284,0.770066331426293066584730213383
-0.581388297412365916000688837581,0.771744658681171797491084451150
-0.513921158614509270232813902745,0.774841602586285896872813142567
-0.325553298506478941564338196765,0.776541239131867793582446967478
0.573593704218838115426744254700,0.777555421208983697132143284445
0.162717923414388743194888107850,0.778955321018729989664352761081
0.506415411720003860446742256744,0.784518387248089885585710471800
-0.016232415607304894779414551820,0.788378358961636803142473371046
-0.433897856411866745635869579999,0.791431061308502636786838052677
0.420699761035058916255022744584,0.798523279255741434039023190402
0.229300382001391253017909745825,0.798876867956632780072262080922
-0.263906267257052280235095202762,0.804128363252603712442184156527
0.048647824230347103346714980617,0.807138965501123512304162357478
-0.198884200198594873794198949797,0.822391349716108115229892347064
-0.374328546234999176573350553458,0.823257200945172660055329094320
0.113685055546585509274901287081,0.825400813241110688617586947575
0.291029580437833081642231098117,0.826279640435253707984618234756
-0.131953533692249052276362668921,0.831429699130519713172815146884
0.358221184981342577943285406506,0.833455842858279580344625866555
-0.064542686633190913237268910335,0.835575007068532219816237132294
-0.484825241042670202647172856503,0.835791036215922057997942127144
0.472409631103052820207459240494,0.842870874459454524913306898467
0.179408723591310052731602595745,0.844398602328385914000021360049
-0.312681514985572515244107559455,0.850844325065908578915066283369
0.000165531022536163552083578225,0.854920612433568679888040051584
-0.425255930865802633584653829962,0.867617175852592081266433168787
0.241025971017274174236094755060,0.872124178774421196520331759142
0.065354614961513684608240585352,0.872578166463434194096510230944
0.412376082694729349354913730626,0.873812415219832947157922729513
-0.249199387553283516909100606665,0.873896990330283053841663394023
-0.183166150176613836853080022119,0.888075052280954281010312737952
0.130375855723506818811615774976,0.890844094550766612953255546543
-0.363608899616375972255410835959,0.895204299973328000126170357836
-0.116235483670268015335243741244,0.897113401695365878953235537772
0.350236094943222191551206616122,0.900520320908912222385608048869
-0.048833582639611690872276794302,0.901401713318171147865257149730
-0.300078935412317393025888202546,0.918437027684250324811248023598
0.286473851640126634119305734535,0.922786488250363750032998457125
0.028277517975104847419567599325,0.929028983624757107726205378730
-0.229597893103089490010921828986,0.938528153823134469598396463893
0.221311950589570551399350074901,0.940544093116961467411082864906
-0.162692938628667582238641239523,0.952435393237429309443931103201
0.155068760672771205216561263421,0.953706375167104986646018616527
-0.095762272122321760720804958647,0.961473742651840907386853903021
0.087051173016846487122733342945,0.962301545175606095358585452755
-0.028363729035537431845610903022,0.965814510890246777688587532695
