0.059316428526271063973840217528,-0.965105973463562460869101743166
-0.059864378961352991560621904761,-0.965072139707563141218527891161
0.125160266356683493197144711667,-0.958792410500670783562680943734
-0.125704621515624436760893754843,-0.958721193485246972747299052694
-0.190956604690182709810115328802,-0.947883723793883931695916674764
0.197543474994070341255643019947,-0.946532912367779136548648962337
-0.000265824894683750742835653448,-0.936379206593530484217515986253
-0.255314969058425114748903406449,-0.932610446694040726153813118210
0.262670369876408096762724034153,-0.930565556797130609561220033692
-0.318478537057855185464225630201,-0.912972836475243174513080859424
0.325676921765004113784450096073,-0.910429855254008101051819280302
0.086319169843807094483287378307,-0.904722829964219194159999555978
-0.095975224224528921069763575899,-0.899632827504859165925529540754
0.152163007674219523706591872446,-0.898409267001327516853578756546
-0.381263689273001831495888790212,-0.888585906489928229114324504972
0.387438498627213165397924787343,-0.885907559490256436989107555008
0.216529540744205326356139983685,-0.883170452149953000159428228527
-0.213087422259626110675339166354,-0.881697714014687435786032844854
-0.033136609387433709256109089147,-0.878979001155263650934515878102
0.032346928310224547570752602431,-0.862748597706057553730415421488
-0.150076438026585796222309095473,-0.861575886972701576773636801516
-0.446374577504641935220872865312,-0.857728229257796529549364348871
0.453634986572407313972286715997,-0.853910579431836403852281995657
-0.328655455300543925924249591137,-0.847614574621016377698545017558
0.335325526530159566312766627101,-0.844991514171658924612958778712
0.269204957297866024659405924059,-0.843163295934815976610518893291
0.094303351528698726287254983544,-0.839060626983001076082829897722
-0.262633924110434421996261652901,-0.837822464508285742209601711181
-0.082068114892870306729364667959,-0.834470801612982944998265366662
0.160147189359111155510559477683,-0.832747064020109398776409098290
-0.390061833821741697087279444289,-0.823027408569691358826960836431
0.510953941845490814931113195230,-0.820898317710980293903361073314
0.396679797977549532817348783380,-0.820274608364417663161219722860
-0.199480803080007386324753726495,-0.816966485291412914874965423568
-0.017639138209778185639030666149,-0.814674254482706229158975429620
-0.538436795891345966130917220023,-0.803139960118050530221452119879
0.218201354233804888609566080290,-0.801045549888668849198898670768
-0.472577141612274892671281767748,-0.796993579413498970069457854027
-0.136469818846967071871723655615,-0.796844658249427055862569380230
0.045371846023262128813999404732,-0.794552427440720370146579386282
0.453998753250633033776175262613,-0.787262346643561553212298800517
-0.304535101919772323944632036417,-0.786023336524102394323662536753
0.286356905523152772595991038789,-0.779279943411634076309641665348
0.108382830256302443267029475613,-0.774430600398734511134183342944
0.352039317420816797593578858716,-0.771463753493927890969770603375
-0.066570643715214783112286244962,-0.770166054940425523222724918180
-0.241524117686732009491601965536,-0.765901509482116535311266493415
-0.592086228240030576814374664005,-0.764448740620754225079630127591
0.542826879764188723908252368485,-0.762938090951978759644690462650
-0.416264397929374654537688346725,-0.762292758725393799347054341587
0.171393814489342757720059546494,-0.754308773356748652121787299606
0.608032850199035358150751999933,-0.751827128924595391494763834229
-0.003559659482174468659256174081,-0.750044227898439664210328874842
-0.178513133453691695038571894655,-0.745779682440130676298870450077
-0.353466607425208921417887615229,-0.741515136981821688387412025313
0.409358272693900298552405337949,-0.738451491773071781020849681032
-0.530144068602565606774311725954,-0.737516010742552212532871620579
0.235314166298408803388017427505,-0.737148048738611895154296196134
0.059451324750865845793773896800,-0.729922400856453805197932831504
-0.115502149220651380585541823774,-0.725657855398144817286474406739
0.473466538607490588159801015639,-0.721444198808589807096870681237
-0.290455623192168606964857544348,-0.721393309939835829375015981975
-0.466550097644705000751003077335,-0.719320436683599571590097068797
-0.646954848667920137323045908392,-0.718600950264722803904144533994
0.297415782955423386626119688255,-0.714065119272776934096995212930
0.122462308983906160246803967681,-0.709800573814467946185536788166
0.658011268686529790523602106236,-0.708497811563103031785582115058
-0.052491164987611066132511752893,-0.705536028356158958274078363401
-0.227444638959128292511827473467,-0.701271482897849970362619938637
-0.583793500951250217457769169935,-0.698824791245255907391049628291
-0.402831713762860550545746698418,-0.697485928092386231612255273874
0.536357298537968487774374540591,-0.697109399818997943286865953934
0.360426767188463701079149759136,-0.693943292230791075084599169592
0.185473293216946474699834038562,-0.689678746772482087173140744828
0.010519819245429248320518317988,-0.685414201314173099261682320063
-0.164433654726087978058797402587,-0.681149655855864111350223895299
0.599547604497771315956584777650,-0.677557998584545317406359538677
-0.339387128697605204438113123161,-0.676885110397555123438765470535
0.423437751421504015532179830017,-0.673821465188805216072203126254
-0.514104912495129421884931948142,-0.673344229336038796191808558888
-0.696465061899160653051038763654,-0.670734221776376244387783696381
0.248484277449986789152864109443,-0.669556919730496228160744701490
0.073530803478469562773548388868,-0.665292374272187240249286276725
0.704910394654029615849360001970,-0.661852940022829367281776041860
-0.101422670493047663605767331706,-0.661027828813878252337827851961
-0.276376144464564889985083052280,-0.656763283355569264426369427197
-0.632463090770548142774715165907,-0.654030337522218495724488593651
0.486448735654544329985209900898,-0.653699638146819357059807082916
-0.451329618436082116364398772854,-0.652498737897260276514911002432
0.311495261683027103605894180324,-0.649435092688510369148348658151
0.136541787711509877226578459749,-0.645170547230201381236890233387
-0.038411686260007349152737260825,-0.640906001771892393325431808623
-0.213365160231524575532052981399,-0.636641456313583405413973383859
-0.567754344843814032568389392124,-0.634653009838742491049986566600
0.550436777265572204754149032659,-0.632479373234731378338219399155
-0.388318634203041801911368701973,-0.632376910855274417502514959094
0.374506245916067418058924251204,-0.629313265646524510135952614813
0.199552771944550191679608530630,-0.625048720188215522224494190049
-0.740692380402098731036758426898,-0.621548691835511323194926489716
0.024599297973032965300292810056,-0.620784174729906534313035765285
-0.150354175998484261079022910518,-0.616519629271597546401577340521
0.621586702054510533711559902769,-0.615191739786950444101312399622
-0.325307649970001487458338631092,-0.612255083813288558490118915756
0.748510754462315434227277473197,-0.612110798109638062440759855723
0.437517230149107732511954322085,-0.609191438604538651123556571475
-0.500668836777458935004897355776,-0.608442337242056691887203077159
0.262563756177590506132638601511,-0.604926893146229663212098146711
-0.676690409273486220760434829151,-0.604844807581353574531631386986
0.087610282206073279753322880937,-0.600662347687920675300639721947
-0.087343191765443946625992839637,-0.596397802229611687389181297183
0.684597686287550848164589973649,-0.595069912744964585088916356284
-0.262296665736961173005308560212,-0.592133256771302699477722872418
0.500528214382148046964984392966,-0.589069611562552792111160528137
-0.437250139708478399384624280786,-0.587868711312993711566264447654
-0.611674101649158130406532460369,-0.585192651776113392296964200104
0.325574740410630820585668672392,-0.584805066104243804199702103373
0.150621266439113594206352951818,-0.580540520645934816288243678609
-0.024332207532403632172962768757,-0.576275975187625828376785253845
-0.199285681503920858552278489331,-0.572011429729316840465326829080
0.573004552067377058260029074407,-0.570302467570175584243974130629
-0.374239155475438084931594209905,-0.567746884271007852553868404316
0.388585724643671135038698743273,-0.564683239062257945187306060035
-0.549192629446955311310909930479,-0.563482338812698864642409979552
0.213632250672153908659383022698,-0.560418693603948957275847635271
0.788608311694055482060540203474,-0.559504163912311011989550893789
0.038678776700636682280067302124,-0.556154148145639969364389210507
-0.738943619653454036602187691370,-0.555425973399499875907518543310
-0.136274697270880544099248418450,-0.551889602687330981452930785742
0.636015536300417372713059145287,-0.550180640528189725231578087291
-0.311228171242397770478564139024,-0.547625057229021993541472360978
0.451596708876711449491728814154,-0.544561412020272086174910016697
-0.486181645213914996857879859598,-0.543360511770713005630013936214
-0.660605607154594727879788039181,-0.540684452233832686360713688663
0.276643234905194223112413093579,-0.540296866561963098263451591933
-0.802946439593620190230387634039,-0.538725341757830801459595117295
0.101689760933676996733097373005,-0.536032321103654110351993167168
-0.073263713037840229646218347569,-0.531767775645345122440534742404
0.699561943258653601665969517565,-0.530624669449066135410077000208
-0.248217187009357456025534068143,-0.527503230187036134529076317640
0.514607693109751763944758885034,-0.524439584978286227162513973359
-0.423170660980874682404849788718,-0.523238684728727146617617892876
0.339654219138234537565443164460,-0.520175039519977239251055548595
-0.598124134952391908784165509295,-0.518974139270418158706159468101
0.164700745166717311186127443886,-0.515910494061668251339597123830
-0.010252728804799915193188276688,-0.511645948603359263428138699066
-0.185206202776317141572503997262,-0.507381403145050275516680274302
0.577618677342792078397788955915,-0.504317757936300368150117930021
0.825598736874116120634234147678,-0.503322575558280703930885136010
-0.360159676747834367951819717837,-0.503116857686741287605221849538
0.758923335350518557867688355009,-0.500393469135412122351906090453
0.402665203371274852018473235341,-0.500053212477991380238659505257
-0.535113150719351594331135438411,-0.498852312228432299693763424773
-0.709537112660031325353043617993,-0.496176252691551980424463177222
0.227711729399757625639157514767,-0.495788667019682392327201080492
0.052758255428240399259841794193,-0.491524121561373404415742655728
-0.122195218543276827119473926382,-0.487259576103064416504284230964
0.640629661575832392850819026796,-0.484195930894314509137721886683
-0.297148692514794053498789646956,-0.482995030644755428592825806200
-0.837899388645624958301918070804,-0.482568744548847354411803909136
0.465676187604315166471503306222,-0.479931385436005521226263461919
-0.472102166486311279878105367530,-0.478730485186446440681367381435
0.290722713632797940092187585648,-0.475666839977696533314805037154
-0.772191463559446348076500080661,-0.474970018445533183254995906722
-0.647055640457828506257421088115,-0.474465939728137452769908956638
0.115769239661280713712871865073,-0.471402294519387545403346612390
-0.059184234310236512666443855501,-0.467137749061078557491888187626
0.703640645808872707303849097677,-0.464074103852328650125325843345
-0.234137708281753739045759576075,-0.462873203602769569580429762862
0.528687171837355480924533377103,-0.459809558394019662213867418581
-0.409091182253270965425075296649,-0.458608658144460581668971338097
0.353733697865838254545217656528,-0.455545012935710674302408993816
-0.584044656224788191804391017227,-0.454344112686151593757512913323
0.178780223894321028165901935954,-0.451280467477401686390950569052
0.003826749922803801786586215380,-0.447015922019092698479492144288
0.794767135286131452659089985058,-0.444801256877760371935950934826
-0.171126724048713424592729505194,-0.442751376560783710568033719523
0.860771505252307730967078102181,-0.440477461913591121310839005867
0.591698156070395795377563447984,-0.439687731352033803201471375243
-0.346080198020230650972045225768,-0.438486831102474722656575294759
0.416744682098878568998247727409,-0.435423185893724815290012950478
-0.521033671991747877351360946343,-0.434222285644165734745116869995
0.241791208127361342618932006835,-0.431158640435415827378554525714
-0.696864522302910075159212605068,-0.430880520064128298542191598541
0.066837734155844116239616286261,-0.426894094977106839467096100950
-0.868931223511979389740632173277,-0.424153872449771780590116367926
-0.108115739815673110139699434313,-0.422629549518797851555637676185
0.654709140303436109830593518864,-0.419565904310047944189075331905
-0.283069213787190336519015154888,-0.418365004060488863644179251421
-0.803223298425800779515214183135,-0.416555146346457609433308365511
0.479755666331918883451277798290,-0.415301358851738956277616907140
-0.458022687758707562898330875462,-0.414100458602179875732720826657
0.304802192360401657071962077716,-0.411036813393429968366158482376
-0.632976161730224789277646596046,-0.409835913143870887821262401860
0.129848718388884430692646357142,-0.406772267935120980454700057612
-0.045104755582632795686669363432,-0.402507722476811992543241632847
0.717720124536476424283623589745,-0.399444077268062085176679288566
-0.220058229554150022065985084007,-0.398243177018503004631783208083
0.542766650564959197904307869171,-0.395179531809753097265220863802
-0.395011703525667248445300804581,-0.393978631560194016720324783319
0.367813176593441971524992148597,-0.390914986351444109353762439038
-0.569965177497184474824616525158,-0.389714086101885028808866358544
0.192859702621924745145676428023,-0.386650440893135121442304014274
-0.745020816725057478441778436511,-0.385126764565037655683514886184
0.017906228650407518766360707448,-0.382385895434826133530845589509
0.780976923798524017641324138171,-0.380108891604483275409962126352
-0.157047245321109707612955013126,-0.378121349976517145619387164745
0.846981293764700295949312255294,-0.375785096640314024784850197393
0.605777634797999512357337940052,-0.375057704767767238252824820464
-0.332000719292626933992270733700,-0.373856804518208157707928739981
0.430824160826482285978022219478,-0.370793159309458250341366395700
-0.506954193264144160371586454274,-0.369592259059899169796470315217
0.255870686854965059598706498903,-0.366528613851149262429907970936
-0.681907667235661386750902174859,-0.365327713601590181885011890420
0.080917212883447833219390778329,-0.362264068392840274518449546171
-0.866037858311138547076941837112,-0.358071344537027615352142571500
-0.094036261088069393159924942245,-0.357999522934531286606991121407
0.668788619031039826810368010933,-0.354935877725781379240428777126
-0.268989735059586619539240662819,-0.353734977476222298695532696643
0.493835145059522600431052290358,-0.350671332267472391328970352362
-0.443943209031103845918556383393,-0.349470432017913310784074271878
0.318881671088005374051736569784,-0.346406786809163403417511927598
-0.618896683002621072297872103978,-0.345205886559604322872615847082
-0.796602359604343383966777947886,-0.343510624476193848349268684074
0.904198663022336134220002147205,-0.342597076019020597435622632702
0.143928197116488147672420849210,-0.342142241350854415506053502833
-0.031025276855029078706894871364,-0.337877695892545427594595078069
0.732527585861327215894591126502,-0.334976944970765313657080908101
-0.205978750826546305086210591938,-0.333613150434236439683136653305
0.556846129292562914884082361239,-0.330549505225486532316574309024
-0.380932224798063531465526312513,-0.329348604975927451771678228540
0.381892655321045688504766640665,-0.326284959767177544405115884260
-0.555885698769580757844842033090,-0.325084059517618463860219803766
0.206939181349528462125450920091,-0.322020414308868556493657459495
-0.730941337997454292764115080036,-0.320496737980770974992122010373
0.031985707378011235746135199517,-0.317755868850559568582199034731
0.797088181609935970061001783049,-0.315955174414765688206282053687
-0.142967766593505990633180521058,-0.313491323392250580670740609967
-0.914753586644577613497765130564,-0.313327072607912368545800966017
0.619857113525603229337112432120,-0.310427678183500673304178265686
-0.317921240565023217012496241632,-0.309226777933941592759282185202
0.444903639554086002957796711546,-0.306163132725191685392719840922
-0.492874714536540443391811962206,-0.304962232475632604847823760438
0.269950165582568776578480990972,-0.301898587266882697481261416157
-0.667828188508085740311056691307,-0.300697687017235714762015397473
0.094996691611051550199165270398,-0.297634041808573709569802991393
-0.842883827735931204690400729729,-0.296110365480476128068267542270
0.859445158694865764344710428613,-0.293889829043492003448966458363
-0.079956782360465676180150450177,-0.293369496350264721658344566629
0.682868097758643543790142503001,-0.290305851141514814291782222348
-0.254910256331982902559466170751,-0.289104950891955733746886141864
0.507914623787126317410826782427,-0.286041305683205826380323797583
-0.429863730303500128938781891325,-0.284840405433646745835427717100
0.332961149815609091031511061853,-0.281776760224896838468865372819
-0.604817204275017355318097611910,-0.280575859975337757923969292303
0.925505746342707446699399282606,-0.279976949399036802520267809184
0.158007675844091864652195341278,-0.277512214766587850557406948055
-0.779872843502890890237370658848,-0.275988538438490269055871498932
-0.016945798127425361727120379296,-0.273247669308278862645948523291
0.745879081991683858243172573882,-0.270184024099528955279386179010
-0.191899272098942588106436099870,-0.268983123849969874734490098526
0.570925608020166631863856853308,-0.265919478641219967367927754245
-0.366852746070459814485751820444,-0.264718578391660886823031673762
0.395972134048649405484541132733,-0.261654933182910979456469329481
-0.541806220041977040865067541022,-0.260454032933351898911573248987
0.221018660077132179105225412159,-0.257390387724601991545010904717
-0.716861859269850575784340587967,-0.255866711396504410043475455594
0.046065186105614952725909691585,-0.253125842266293003633552479953
-0.891928543109276942040580863403,-0.251244148666335023445804394413
0.809157520517600480074190798096,-0.250919775470375532785589556825
-0.128888287865902273653406028989,-0.248861296807984015722094055188
0.633936592253206946316886924188,-0.245797651599234108355531710907
-0.303841761837419500032721749563,-0.244596751349675027810635630424
0.458983118281689719937571203614,-0.241533106140925120444073286143
-0.478795235808936726412037470138,-0.240332205891366039899177205660
0.284029644310172493558255483040,-0.237268560682616132532614861379
-0.653748709780482023331282199239,-0.236067660432969149813368842694
0.109076170338655267178939762466,-0.233004015224307144621156436615
-0.828804349008327487710626237661,-0.231480338896209563119620987492
0.880752242015237076824107564014,-0.231269702423508208533611634846
-0.065877303632861959200375958108,-0.228739469765998156709698011850
0.696947576486247260769916995069,-0.225675824557248249343135667569
-0.240830777604379185579691678683,-0.224474924307689168798239587086
0.521994102514730034390601274495,-0.221411279098939261431677242805
-0.415784251575896411959007399257,-0.220210378849380180886781162322
0.347040628543212808011285553921,-0.217146733640630273520218818041
-0.590737725547413638338323119841,-0.215945833391071192975322737525
0.172087154571695581631969833347,-0.212882188182321285608760393277
-0.765793364775287173257596166780,-0.211358511854223704107224944154
0.943670968677266156633727911421,-0.210769218931649488386073303716
-0.943802277168612469973470003543,-0.210202855164967626841152486582
-0.002866319399821644747345887228,-0.208617642724012297697301968512
0.760744638673920422766911740238,-0.205730263293418787268054992846
-0.177819793371338871126661607802,-0.204353097265703309785843543748
0.585005086747770348843631345376,-0.201289452056953402419281199467
-0.352773267342856097505977328376,-0.200088551807394321874385118984
0.410051612776253122464315624802,-0.197024906598644414507822774703
-0.527726741314373323885293048954,-0.195824006349085333962926694209
0.235098138804735896084999904228,-0.192760361140335426596364349938
-0.702782380542246858804566095899,-0.191236684812237845094828900816
0.060144664833218669705684183653,-0.188495815682026438684905925174
0.830464603837971792553587933496,-0.188299648850391737870234733308
-0.882322607362587348575775506772,-0.185799530431108686905093948108
-0.114808809138298556673631536921,-0.184231270223717450773447500410
0.648016070980810663296661416257,-0.181167625014967543406885156129
-0.289762283109815783052947257495,-0.179966724765408462861989075646
0.473062597009293436917345695683,-0.176903079556658555495426731365
-0.464715757081333009432262978069,-0.175702179307099474950530650881
0.298109123037776210538029975108,-0.172638534098349567583968306600
-0.639669231052878306351507707170,-0.171437633848702584864722287916
0.123155649066258984158714254534,-0.168373988640040579672509881836
-0.814724870280723770730851745592,-0.166850312311942998170974432713
0.894430342043797747173732874999,-0.166553540322123232486554823128
-0.051797824905258242220601466040,-0.164109443181731591761051457072
0.711027055213850977749691487138,-0.161045797972981684394489112791
-0.226751298876775468599917186614,-0.159844897723422603849593032308
0.536073581242333751370375766563,-0.156781252514672696483030688027
-0.401704772848292694979232907189,-0.155580352265113615938134607543
0.361120107270816524991060045989,-0.152516707056363708571572263262
-0.576658246819809921358548627773,-0.151315806806804628026676182746
0.186166633299299298611744325415,-0.148252161598054720660113838498
-0.751713886047683456277821674711,-0.146728485269957139158578389375
-0.955965129742410533501464168828,-0.145184880151959860056664503002
0.011213159327782072232428604841,-0.143987616139745732748655413734
0.956279194786229110525192749339,-0.143101643341940820931414015364
0.774038039446891292202721558019,-0.140923970930995825382093069453
-0.163740314643735154146887115733,-0.139723070681436744837196988970
0.599084565475374065823405837444,-0.136659425472686837470634644689
-0.338693788615252380526202836308,-0.135458525223127756925738564205
0.424131091503856839444090116870,-0.132394880014377849559176219924
-0.513647262586769606905518556885,-0.131193979764818769014280139431
0.249177617532339613064774396296,-0.128130334556068861647717795160
-0.688702901814643141824791603831,-0.126606658227971280146182346037
0.074224143560822386685458675722,-0.123865789097759873736259370396
0.837577024878761767647803232408,-0.122537307617262145640119589525
-0.863656375786160368204107324405,-0.122342112769662292234723921273
-0.100729330410694839693857044853,-0.119601243639450885824800945632
0.662095549708414380276435908325,-0.116537598430700978458238601351
-0.275682804382212066073172765427,-0.115336698181141897913342520867
0.487142075736897153897120187751,-0.112273052972391990546780176586
-0.450636278353729292452488486001,-0.111072152722832910001884096103
0.312188601765379927517804467177,-0.108008507514083002635321751822
-0.625589752325274589371733215102,-0.106807607264436019916075733138
0.137235127793862701138488746602,-0.103743962055774014723863327058
-0.800645391553120053751077253524,-0.102220285727676433222327877935
0.901976406519632858878869117324,-0.100839546618722524848623597213
-0.037718346177654525240826973972,-0.099479416597465026812404902293
0.725106533941454694729465979206,-0.096415771388715119445842558013
-0.212671820149171751620142694546,-0.095214871139156038900946477529
0.550153059969937468350150258632,-0.092151225930406131534384133248
-0.387625294120688977999458415120,-0.090950325680847050989488052765
-0.920856969570122280256784254539,-0.089125187441055697109867654461
0.375199585998420241970834538058,-0.087886680472097143622925708484
-0.562578768092206204378774135705,-0.086685780222538063078029627968
0.200246112026903015591518817483,-0.083622135013788155711467283720
-0.737634407320079739298047182643,-0.082098458685690574209931834597
0.025292638055385789212203096909,-0.079357589555479167800008858955
0.963825259262064222230328991664,-0.077387649638540113293482789450
0.788117518174495009182496050087,-0.076293944346729260433446514675
-0.149660835916131437167112623665,-0.075093044097170179888550434191
0.613164044202977782803180329513,-0.072029398888420272521988089910
-0.324614309887648663546428344239,-0.070828498638861191977092009427
0.438210570231460556423864608938,-0.067764853430111284610529665146
-0.499567783859165889925744064817,-0.066563953180552204065633584652
0.263257096259943330044548888364,-0.063500307971802296699071240382
-0.674623423087039424845017111762,-0.061976631643704715197535791259
0.088303622288426103665233167790,-0.059235762513493308787612815617
0.851656503606365484627577724477,-0.057907281032995580691473034746
-0.849576897058556651224332832337,-0.057712086185395727286077366495
-0.086649851683091122714082552784,-0.054971217055184320876154390853
0.676175028436018097256210400393,-0.051907571846434413509592046572
-0.261603325654608349093398273359,-0.050706671596875332964695966089
0.501221554464500870876894679819,-0.047643026388125425598133621808
-0.436556799626125575472713993933,-0.046442126138566345053237541325
0.326268080492983644497578959245,-0.043378480929816437686675197044
-0.611510273597670872391958723034,-0.042177580680169454967429178359
-0.966064267348288659880799861641,-0.040838830308629134172711420271
0.151314606521466418118263238671,-0.039113935471507449775216772279
-0.786565912825516336771302761456,-0.037590259143409868273681323157
-0.023638867450050808261052481903,-0.034849390013198461863758347515
0.739186012669058411709240471274,-0.031785744804448554497196003234
-0.198592341421568034640368202478,-0.030584844554889473952299922751
0.564232538697541185329924750700,-0.027521199346139566585737578470
-0.373545815393085261019683923052,-0.026320299096580486040841497987
0.924015194879329046036266603251,-0.024563120948105698546717372790
0.389279064726023958950609030126,-0.023256653887830578674279153706
-0.548499289364602487398999643637,-0.022055753638271498129383073190
-0.903491923229628633209289237952,-0.019391830308161925243498803403
0.214325590754506732571293309552,-0.018992108429521590762820728941
-0.723554928592476022318272690575,-0.017468432101424009261285279819
0.039372116782989506191977588977,-0.014727562971212602851362304177
0.802196996902098726162270542155,-0.011663917762462695484799959896
-0.135581357188527720187338131597,-0.010463017512903614939903879413
0.627243522930581499782954821581,-0.007399372304153707573341535132
-0.310534831160044946566653852171,-0.006198472054594627028445454649
0.452290048959064273403639101007,-0.003134826845844719661883110368
-0.485488305131562172945969572749,-0.001933926596285639116987029874
0.277336574987547047024323380432,0.001129718612464268249575314397
-0.660543944359435707865242619694,0.002653394940561849751110763519
0.102383101016029820645007659858,0.005394264070773256161033739161
0.865735982333969201607352216545,0.006722745551270984257173520032
-0.836257720161096906032756647110,0.007079242897793353835748875231
-0.072570372955487405734308060716,0.009658809529082244072492163925
0.690254507163621814235984892462,0.012722454737832151439054508206
-0.247523846927004632113623781290,0.013923354987391231983950588690
0.515301033192104587856669171888,0.016987000196141139350512932970
-0.422477320898521858492939501864,0.018187900445700219895409013454
0.340347559220587361477353451313,0.021251545654450127261971357735
-0.597430794870067155412184230965,0.022452445904097109981217376419
-0.966595904262222283170110409039,0.025304872488506373812358602105
0.165394085249070135098037730739,0.025516091112759115173429782499
0.966575523373631461213585646537,0.026071753357861709504295610542
-0.772486434097912619791528269387,0.027039767440856696674965231622
-0.009559388722447091281277989835,0.029780636571068103084888207263
0.753265491396662128689014963343,0.032844281779818010451450551544
-0.184512862693964317660593710409,0.034045182029377090996346632028
0.578312017425144902309699242768,0.037108827238126998362908976308
-0.359466336665481544039909430984,0.038309727487686078907805056792
0.403358543453627675930383522194,0.041373372696435986274367401073
-0.534419810636998770419225151568,0.042574272945995066819263481589
-0.890176551205784878308294130403,0.045399935568303330705624716413
0.228405069482110449551067801620,0.045637918154744974185825825837
-0.709475449864872305338498198507,0.047161594482842555687361274960
0.053451595510593223171752081046,0.049902463613053962097284250601
0.817640169143396263381450998387,0.052655097574190416737234539630
-0.121501878460924003207563639528,0.054167009071362950008742675366
0.641323001658185216762729313649,0.057230654280112857375305019647
-0.296455352432441229586879360103,0.058431554529671937920201100130
0.904528193571911917821542806214,0.060299199379374233653024797601
0.466369527686667990383413593075,0.061495199738421845286763444411
-0.471408826403958455966195080680,0.062696099987980925831659524905
0.291416053715150764004097872501,0.065759745196730833198221869175
-0.646464465631831990885468127626,0.067283421524828414699757318298
0.116462579743633537624782151927,0.070024290655039821109680293939
-0.821417939603349217264783848200,0.071547966983137402611215743062
-0.058490894227883688754533568648,0.074288836113348809021138718704
0.704333985891225531215759384530,0.077352481322098716387701062985
-0.233444368199400915133849289222,0.078553381571657796932597143468
0.529380511919708304836443663956,0.081617026780407704299159487749
-0.408397842170918141513165009796,0.082817927029966784844055568232
0.354427037948191078457127943382,0.085881572238716692210617912513
-0.941877584090587503036672636163,0.086658574132470787700637016198
-0.583351316142463438432409738897,0.087082472488363674929863931198
0.179473563976673852077812222807,0.090146117697025680122076337277
-0.758406955370308902811753777319,0.091669794025123261623611786400
0.962531402935254728422307865484,0.092093849260702843652189158376
0.004520090005156625698496502233,0.094410663155334668033534762042
0.767344970124265845668789455411,0.097474308364084575400097106323
-0.170433383966360600680819218341,0.098675208613643655944993186806
0.592391496152748619289473734837,0.101738853822393563311555531087
-0.345386857937877827060134938915,0.102939754071952643856451611570
0.417438022181231392910158014262,0.106003399280702551223013955851
-0.520340331909395053439450659500,0.107204299530261631767910036367
-0.875338745000426980143578597202,0.109860090428001667770125325179
0.242484548209714166530842293688,0.110267944739011539134472380615
-0.695395971137268588358723706438,0.111791621067109120636007829738
0.067531074238196940151526573114,0.114532490197320527045930805380
0.830355954357306160121819526292,0.117596135406070434412493149661
-0.107422399733320286227789147460,0.118797035655629514957389230144
0.655402480385788933742503805718,0.121860680864379422323951574425
-0.282375873704837512607104868034,0.123061581113938502868847654908
0.895979719043620007812960064561,0.125890324089682356989198688648
0.480449006414271707363188085143,0.126125226322688410235409999189
-0.457329347676354738986420588612,0.127326126572247490780306079683
0.305495532442754480983872364569,0.130389771780997398146868423953
-0.632384986904228273905693635557,0.131913448109094979648403873076
0.130542058471237254604556643995,0.134654317239306386058326848718
-0.815057401613589992176912721745,0.137767877491192137091119490730
-0.044411415500279971774759076579,0.138918862697615373969785273482
0.718413464618829248195533876598,0.141982507906365281336347617763
-0.219364889471797198154074797154,0.143183408155924361881243698246
0.543459990647312021816218156024,0.146247053364674269247806042527
-0.394318363443314424533390517728,0.147447953614233349792702123011
0.368506516675794795436902435450,0.150511598822983257159264467292
-0.954985855396261053670270495021,0.151492556586897447097812316076
-0.569271837414859721452635246829,0.151712499072630239878510485977
0.193553042704277569057586714876,0.154776144281292245070722892056
-0.744327476642705185831979285251,0.156299820609389826572258341179
0.953982928406962818413725123830,0.157684973971010966988363049422
0.018599568732760342678270994302,0.159040689739601232982181316820
0.781424448851869562648563947479,0.162104334948351140348743661101
-0.156353905238756883701044726273,0.163305235197910220893639741584
0.606470974880352336269248226905,0.166368880406660128260202085865
-0.331307379210274110080360446847,0.167569780656219208805098166349
0.431517500908835109889932506331,0.170633425864969116171660510630
-0.506260853181791336459676167432,0.171834326114528196716556591145
-0.891687730129161769741762643645,0.173953637238772385055828363252
0.256564026937317883510616785757,0.174897971323278104083118935394
-0.681316492409664871378949214370,0.176421647651375685584654384517
0.081610552965800657131301065182,0.179162516781587091994577360158
0.848120139393212876601589717325,0.181527717336209594264173732330
-0.093342921005716569248014655392,0.183427062239896079906035784922
0.669481959113392650722278297786,0.186490707448645987272598129203
-0.268296394977233795627330375966,0.187691607698205067817494209687
0.494528485141875424342962577212,0.190755252906954975184056553968
-0.443249868948751022006646096544,0.191956153156514055728952634461
0.319575011170358197963646856637,0.195019798365263963095514978732
-0.618305508176624556925919143489,0.196543474693361544597050427855
0.144621537198840971584331136063,0.199284343823572951006973403496
-0.793258982148141783305234864063,0.200808020151670532508508852619
-0.030331936772676254794984584511,0.203548889281881938918431828260
0.732492943346432965175308368667,0.206612534490631846284994172541
-0.205285410744193481174300305085,0.207813434740190926829890253025
0.913370850431054093722315258271,0.209895424840571153090537117179
0.557539469374915738795992648092,0.210877079948940834196452597306
-0.380238884715710707553616025659,0.212077980198499914741348677789
0.382585995403398512416676927518,0.215141625407249822107911022070
-0.555192358687256004472860754761,0.216342525656896804827157040756
-0.942394049227149943786718067973,0.216428821300257607270330915084
0.207632521431881286037361206944,0.219406170865558810019369446834
-0.730247997915101468852204793182,0.220929847193656391520904895957
0.032679047460364059658045486370,0.223670716323867797930827871598
0.795503927579473279628338439548,0.226734361532617705297390215879
-0.142274426511153166721270234204,0.227935261782176785842286296363
-0.853556127393861236438989405670,0.228002253598132310640077570367
0.620550453607956053249022718973,0.230998906990926693208848640644
-0.317227900482670393100585954779,0.232199807240485773753744721127
0.445596979636438826869706998399,0.235263452449235681120307065408
-0.492181374454187619479901675363,0.236464352698794761665203145924
0.270643505664921600490391277825,0.239527997907544669031765490172
-0.667237013682061154399174722302,0.241051674235642250533300939295
0.095690031693404374111075557251,0.243792543365853656943223914936
0.858514911812513594081368510428,0.246856188574603564309786259218
-0.079263442278112852268240163324,0.248057088824162644854682339701
0.683561437840996367702052789854,0.251120734032912552221244683982
-0.254216916249630078647555883898,0.252321634282471632766140764465
0.508607963869479141322737069280,0.255385279491221540132703108746
-0.429170390221147305026871604475,0.256586179740780620677599189240
0.333654489897961914943421348706,0.259649824949530528044161533510
-0.604226029449020839946144651421,0.261173501277628109545696982633
0.158701015926444688564105628132,0.263914370407839515955619958275
-0.798026439950328779035597048147,0.267834004555227703847343960615
-0.016252458045072537815210092443,0.268178915866148503867078383039
0.746572422074036682155082860735,0.271242561074898411233640727320
-0.191205932016589764194525813017,0.272443461324457491778536807803
0.927116103876229625049749540454,0.274597357309794502220251795034
0.571618948102519455775767140161,0.275507106533207399145099152084
-0.366159405988106990573841533591,0.276708006782766479689995232567
0.396665474131002229396451419587,0.279771651991516387056557576848
-0.925392125656151248993312057117,0.280352264984167249090156344806
-0.541112879959652287493086262693,0.280972552241163369775803595534
0.221712000159485003017135699012,0.284036197449825374968016001613
-0.716168519187497751872430301114,0.285559873777922956469551450735
0.046758526187967776637819978438,0.288300742908134362879474426377
0.809583406307076996608112931616,0.291364388116884270246036770658
-0.128194947783549449741495742136,0.292565288366443350790932851141
-0.859743706185108498996326760940,0.293858050049364722676863313561
0.634629932335559770228797211042,0.295628933575193258157495195422
-0.303148421755066676120811462710,0.296829833824752338702391275905
0.459676458364042543849481490467,0.299893479033502246068953620186
-0.478101895726583902500127183295,0.301094379283061326613849700702
0.284722984392525317470165769893,0.304158024491811233980412044951
-0.653157534954457437419400230233,0.305681700819908815481947494073
0.109769510421008091090850049319,0.308422569950120221891870469715
0.872470883674979861589126109710,0.311868954628409292850817372493
-0.065183963550509135288465671255,0.312687115408429209803328894479
0.697640916568600084681827281922,0.315750760617179117169891238760
-0.240137437522026361667781391829,0.316951660866738197714787319243
0.522687442597082858302511561348,0.320015306075488105081349663524
-0.415090911493543588047097112407,0.321216206325047185626245744018
0.347733968625565631923195840774,0.324279851533797092992808088289
-0.590146550721417122966370159352,0.325803527861894674494343537411
0.172780494654048405543880120200,0.328544396992106080904266513053
-0.765100024692934349345685879927,0.330068073320203662405801962176
-0.002172979317468820835435600374,0.332808942450415068815724937817
0.760651900801640399134857352803,0.335872587659164976182287282099
-0.177126453288986047214751320949,0.337073487908724056727183362581
0.585698426830123172755541632229,0.340137133117473964093745706862
-0.352079927260503273594067041523,0.341338033367033044638641787346
-0.904059648512289054239857269004,0.342963745372596378993324516038
0.410744952858605946376225911655,0.344401678575782952005204131627
-0.527033401232048570513311770624,0.345602578825429934724450150313
0.235791478887088719996910191081,0.348666224034091939916662556391
-0.702089040459894034892655809046,0.350189900362189521418198005514
-0.827616401883551149553807021467,0.351677669348000571796688990011
0.060838004915571493617594470506,0.352930769492400927828120981155
-0.114115469055945732761721250068,0.357195314950709915739579405920
0.826825426940265325349140462787,0.359741330138752957819460509391
0.648709411063163487208571703110,0.360258960159459823106141750200
-0.289068943027462959141036970642,0.361459860409018903651037830684
0.473755937091646260829255982536,0.364523505617768811017600174965
-0.464022416998980185520352691227,0.365724405867327891562496255481
0.298802463120129034449940261962,0.368788051076077798929058599729
-0.639078056226853720439625738165,0.370311727404175380430594048852
0.123848989148611808070624541387,0.373052596534386786840517024493
0.891106848639088238054798227203,0.375335267483187405984222160486
-0.051104484822905418308691179187,0.377317141992695774751975449258
0.711720395296203801661601773991,0.380380787201445682118537793539
-0.226057958794422644688006899761,0.381581687451004762663433874022
0.536766921324686575282286053417,0.384645332659754670029996218303
-0.401011432765939871067322620339,0.385846232909313750574892298796
0.361813447353169348902970332842,0.388909878118063657941454643067
-0.576067071993813405986595667284,0.390433554446161239442990092190
0.186859973381652122523654612268,0.393174423576372645852913067831
-0.750974392877587827853480501220,0.394748786978911983249303562243
0.011906499410134896144338891694,0.397438969034681633764371492596
0.774731379529244116114631844871,0.400502614243431541130933836877
-0.163046974561382330234976828880,0.401703514492990621675829917360
-0.878496447297622152306835321033,0.403970259788538067993586988594
0.599777905557726889735316124297,0.404767159701740529042392261641
-0.338000448532899556614292549455,0.405968059951299609587288342124
0.424824431586209663356000403723,0.409031705160049516953850686405
-0.512953922504444853533537278556,0.410232605409696499673096705091
0.249870957614692436976684683149,0.413296250618358504865309111169
-0.813510271078597439179138330181,0.416301884091683024349992192105
-0.688588818755387752384505644425,0.416733149579804663505670310487
0.074917483643175210597368962575,0.417560796076667492776767535934
-0.100035990328342015781946757999,0.421825341534976480688225960698
0.662788889790767204188346195178,0.424888986743726388054788304979
-0.274989464299859242161262478574,0.426089886993285468599684385462
0.487835415819249977809030474604,0.429153532202035375966246729743
-0.449942938271376468540578199158,0.430354432451594456511142810259
0.312881941847732751429714754030,0.433418077660344363877705154507
-0.624998577499250003459851246097,0.434941753988441945379240603630
0.863360769924931268565548208117,0.435380476896693942778651556744
0.137928467876215525050399033456,0.437682623118653351789163579272
-0.037025006095301701328916687119,0.441947168576962339700622004036
0.725799874023807518641376266059,0.445010813785712247067184348317
-0.211978480066818927708232407693,0.446211714035271327612080428800
0.550846400052290292262060545485,0.449275359244021234978642773081
-0.386931954038336154087548128270,0.450476259493580315523538853575
0.375892926080773065882744824911,0.453539904702330222890101197845
-0.561987593266209689006821175216,0.455063581030427804391636646968
0.200939452109255839503429104336,0.457804450160639210801559622610
0.802235721905616330471159725246,0.460658937335583243402542560470
-0.747264797903094051379649324142,0.461087350688787495479637942963
0.025985978137738613124113383762,0.462068995618948198713018047374
-0.148967495833778613255202336812,0.466333541077257186624476472138
0.613857384285330606715090616366,0.469397186286007093991038816420
-0.323920969805295839634518057386,0.470598086535566174535934896903
0.438903910313813380335774895792,0.473661731744316081902497241183
-0.498874443776841136553762786488,0.474862631993963064621743259869
-0.841521806661162429023637680417,0.476223715938103940863290410371
0.263950436342296153956459175217,0.477926277202625069813955665948
0.088996962370778927577143454643,0.482190822660934057725414090712
-0.684657557894814564416893130423,0.482762061774162173209508649678
-0.085956511600738298802172265931,0.486455368119243045636872515476
0.677480516894152149868170272283,0.490190033900587708181235988685
-0.260909985572255525181487986505,0.490719913577552033548330940241
0.501914894546853694788804966672,0.493783558786301940914893284522
-0.435863459543772751560803707090,0.494984459035861021459789365037
0.326961420575336468409489246098,0.498048104244610928826351709286
-0.610919098771647387451084349378,0.499571780572708750171481543067
0.152007946603819242030173525524,0.502312649702919916737810134050
-0.022945527367697984349142195050,0.506577195161228904649268558814
0.747797057140289554066250181678,0.507391868541655626974187963089
-0.197899001339215210728457915625,0.510841740619537892560726983579
0.564925878779894009241835037553,0.513905385828287799927289327860
-0.372852475310732437107773636202,0.515106286077846880472185408353
-0.788790454455468952156411776911,0.516157117397072524220701941569
0.389972404808376782862519316979,0.518169931286596787838747752624
-0.547908114538607072998054278497,0.519693607614694609183877586405
0.215018930836859556483203596405,0.522434476744905775750206177388
0.811214784354942530979230851601,0.526192505032261780505063768279
0.040065456865342330103887875831,0.526699022203214763661664602152
-0.134888017106174896275427844744,0.530963567661523751573123026917
0.627936863012934323694865108434,0.534027212870273658939685371198
-0.725356956076480204467544129920,0.534904472968642622572029701472
-0.309841491077692122654743565318,0.535228113119832739484581451681
0.452983389041417097315549387860,0.538291758328582646851143795962
-0.484794965049295587704713251263,0.539492658578411781576783856348
0.278029915069899870936233667286,0.542556303786891634762602220726
-0.659850604276653219431024389216,0.544079980115463031860610877960
0.103076441098382644556917946711,0.546820849245200622674060645490
-0.071877032873134581822397773863,0.551085394703509610585519070255
0.699489193108991604637185137278,0.552576183632820595520032078901
-0.246830506844651808201713494437,0.555349940161818598496977495019
0.515994373274457411768579458741,0.558413585370568505863539839300
-0.421783980816169034581029215022,0.559614485620127586408435919816
0.341040899302940185389263738166,0.562678130828877493774998264064
-0.596839620043612904977994318336,0.564201807157448890873006921298
0.166087425331422959009948017592,0.566942676287186481686456688828
-0.008866048640094267369367702982,0.571207221745495469597915113593
-0.183819522611611493748683423556,0.575471767203804457509373538357
-0.358772996583128720127999144134,0.579736312662113445420831963132
0.773341792024940722808143085502,0.580422648951448208376596173413
-0.773309391444734018314397006156,0.580465816229980837973985504720
0.404051883535980499842293809047,0.582799957870863352787394307402
-0.533828635810377844639012614329,0.584323634198824908148678560363
0.584543577506880501850692152941,0.584478529674697772420679161272
0.229098409564463273462978088473,0.587064503329172340698852732166
0.054144935592946047083662367899,0.591329048787481328610311156931
-0.120808538378571179295653352675,0.595593594245790316521769581695
0.649947060588316643756619565724,0.596403676862846071579935569231
-0.295762012350088405674969073250,0.599858139704099304433228006459
0.467062867769020814295323879928,0.602921784912849211799790350741
-0.470715486321173443832972799704,0.604122685162883432218862136113
-0.711801119670217183628803516329,0.604796960075600265943564023593
0.292109393797503587916008159354,0.607186330371158199711248775505
-0.645771125549049502451249897141,0.608710006699729596809257432746
0.117155919825986361536692438780,0.611450875829467187622707200269
-0.057797554145530864842623281795,0.615715421287776175534165625033
0.717687169231399109448344752749,0.616169467260671853105211384533
-0.232751028117048091221939002369,0.619979966746085163445624049797
0.530073852002061128748353950809,0.623043611954835070812186394079
-0.407704502088133129379942728816,0.624244512204869291231258179429
0.355120378030543902369038230235,0.627308157413144058723644818843
-0.582760141316009187998219826257,0.628831833741715455821653476074
0.180166904059026675989722509661,0.631572702871453046635103243607
0.005213430087509449610406789086,0.635837248329762034546561668371
-0.169740043884007776768908931488,0.640101793788071022458020093135
-0.344693517855092814926912657932,0.644366339246855150243654222757
0.418131362263584216822068301115,0.647429984455129917736040862181
-0.519749157082774127659238122250,0.648953660783091473097325115139
0.243177888292066990442752580541,0.651694529913438905647499286945
0.068224414320549764063436859967,0.655959075371747893558957711709
0.626346854426964966145851855246,0.658196090043314649259894909252
-0.106729059650967462315878860607,0.660223620830056881470416136473
-0.281682533622052500473882587051,0.664488166288841009256050266095
-0.456636007593569726853198307625,0.668752711747149997167508690889
-0.697721640942613466649029024250,0.669426986659866830892210578369
0.306188872525107304895782651422,0.671816356955424764659895330283
-0.631691646821445785471475405062,0.673340033283996161757903987522
0.131235398553590078516466930848,0.676080902413733752571353755047
0.690774872398996120212043865461,0.676592975407159677845461781430
0.563865451958658000756995927898,0.679906603697244920624494654545
-0.043718075417927147862848789726,0.680345447872042740482812179811
0.495559086956823759517305620925,0.680442416046311542521601111413
-0.218671607740345759820333377350,0.684610176055614011638412969619
-0.393625023360529412400168236737,0.688874538789135856179904734205
0.369199856758147619348812722303,0.691938183997410623672291373621
0.194246382786630392969497001729,0.696202729455719611583749798385
-0.570528029694986673098636418109,0.698813621150698241922745698509
0.019292908815113166590181281155,0.700467274914028599495208223150
-0.155660565156404059789134439420,0.704731820372337587406666647914
-0.330690993591653543711017816744,0.709236207503240124928338803509
0.432210840991187933801842793184,0.712060011039396482684687416959
-0.505339063443869389825136203677,0.713510777035616614068149124738
0.257257367019670707422527072610,0.716324556497705470596145841723
0.082303893048153481043211352035,0.720589101956014458507604266488
0.642901070630956644528477554616,0.722236936254116297565891436571
-0.092649580923363745336104368539,0.724853647414323446419062691252
-0.267603242314423137656427437491,0.729118233701763926279513351482
0.320036871767374526701088844206,0.737157363345489618961504939301
0.531210458412798079417752385185,0.737429846426109705748513880969
-0.623576328359450129946609104781,0.738986157798581491221715139573
-0.444334171259125214303309569317,0.739077849356314334208225169739
0.145314877281193795496241422916,0.740710928998000317520000309826
-0.029638596690323430883074297658,0.744975474456309305431458734590
-0.204769826908227068727689918749,0.749788470454184354665808868389
-0.379792530373540225390774265950,0.753557876638144107934273736689
0.383269861306245901809024845157,0.756570273779039548935683439047
0.208325861514234109949271493797,0.760832756039986176532396353164
0.592018687472142340063771421388,0.764501047999232376998443698865
0.033372387542716883569955773223,0.765097301498295164443854777928
0.471284151032921531860857266310,0.765431806024262870062577561447
-0.141581086428800342809359947351,0.769361846956604152355313202692
-0.318282119364822502987819098643,0.777883611880119140860527897915
-0.505448619112942198865594749080,0.779656525614640364496159701194
-0.571594046796341675180203595286,0.779889879646571843924627063851
0.096383371775757198022985844104,0.785219128540281023456250821266
-0.078570102195760028356329876470,0.789483673998590011367709246030
0.279921165128012934102747863479,0.789750158844005655994075757055
-0.254097307814318063315446321792,0.793870544786411090287829170882
-0.424234826493727945940498549763,0.802549247032220613812291664712
0.538365836993415841423023009386,0.803187527459522715174827350875
0.159394356008797512476015914985,0.805340955582266882468646864604
0.343040497034474690728374505039,0.809565007014752328853060283071
-0.015559117962719713903299805590,0.809605501040575870380105289368
0.422349984666410142366984749874,0.809937080088564889667433448120
0.224008824306213147817651697451,0.825092515886949887008005847245
-0.196167794223029379769526734003,0.825799270294967616128798779150
0.047451866270320600549730265291,0.829727328082561729392501332706
-0.365676146024043165469157131126,0.833308847146224156367856079740
-0.130608873169144666021223525124,0.834591308043667294192478645020
0.482193598209708483118833043350,0.838115333682505162452235443717
-0.478663420056688202745011773995,0.840136482369261961409024428789
-0.300034803615016497904981007121,0.841462755673118824510196647502
0.110462850503360915002760336172,0.849849155124547588404897376044
-0.064490623468156311376555384402,0.854113700582856576316355800809
0.282572373745922617662771198848,0.855842844902210083575549784082
0.175077318800776550344396118638,0.869600715429230592944256358686
-0.420104739587003422273670355358,0.870896082483265503964588843817
-0.001479639235115996923525313521,0.874235527624842435328751844147
0.411198965110286929542423563238,0.875136212140939683189656596241
-0.243899749224689050196349819084,0.876450292398630491028137079070
0.345093238201637656596572918872,0.877439454942541791574982417959
-0.179095322514370152852539414203,0.889703908368280250975035827860
-0.113536401460485439104236205324,0.898495946116979929038715693730
-0.356485633768724137289828744997,0.898813095420792383199418873815
0.060274997116086385361575718631,0.900059546219903239934841419641
0.230858355115891587988814657421,0.905149949529782827943052273069
0.126145813295339952871140539826,0.914108914971511298880506870126
0.295129593043226807901063446424,0.920785806807588712129211690870
-0.294168899476523864782321101648,0.921021130528075261722254937831
-0.038366017458527403536060761230,0.929141512354045583026411632469
-0.226031649198237267708092815780,0.940137049726734127958962418523
0.181926849610454990515559078608,0.949658149072063533879302784510
-0.161227222487918370364282410899,0.953390665696383887905861167314
-0.095668301434033656615979202020,0.962182703445083565969541033184
0.082077760305171878241248191818,0.963437190465185179251970011923
0.016017173396984002152970312871,0.966794408788411281267621299078
