0.020896978030659726970454575354,-0.966823171360541435511400806050
-0.044999939776295344806514845534,-0.966001415004449430024771690327
0.086696848353844249676055805043,-0.963154912179748620702544351922
-0.110687873733111496003779172469,-0.960693459423406041573359265776
0.155214578346580075863026246602,-0.954511036426998047387020824273
-0.175861763046058555013137235142,-0.950923955250261164622000062897
0.219864820440147122882452285150,-0.941723075410049457942025033448
-0.281640883200628733793013113057,-0.925128175595381241334991980530
0.292681788025936998668976145545,-0.921694688781707815063178194464
-0.012473033160482046792419661392,-0.908685802768588849085967575335
-0.343995531374576898311907506509,-0.903797987807447613547517035626
-0.078160967117298197989683988327,-0.903377847187545460634555150784
0.113466864116782430675572136528,-0.902934937785720426658995629968
-0.219951938021663559085802747519,-0.901942984143249573279663555454
-0.143334856430245256999042051000,-0.893608343014400583683195947905
0.049619952104000839388445115061,-0.886605489344407542899771922089
0.176185816452995697952594454253,-0.882701003966188981426901597756
0.242012738933036368546973492356,-0.879555318544522306441684938790
0.343099916590032710450290445148,-0.879255421916460412235906476000
0.408936995384067583317556794513,-0.876329996163956396372729653926
-0.450964640690087750833994619519,-0.855461642166221731994723072908
-0.385137718210047080239615581415,-0.852315956744555057009506413942
-0.308397997110780066488123825104,-0.848337239396493217305149276515
0.467672509663366944643814698955,-0.846443236180452147931076302672
-0.044505946602617332368423706243,-0.846147618224432255081784841979
-0.242999927819133784113982411720,-0.840202647034831721259645197888
-0.177173005339093113519603373617,-0.837056961613165046274428538922
-0.109786036717865282258731594157,-0.836884840338070775900439467517
0.085798890174331418958827033742,-0.829850573170414967507375677741
0.019929686759984752221445233229,-0.827770404541483298839932758036
0.282329522332932170965626832847,-0.827424367697148955467593296357
0.151197480395680368855903248131,-0.821720169919317790480152741181
0.217024402875721039450282286234,-0.818574484497651115494936082215
0.346733697560309066487087625837,-0.813453638537699107862465566233
0.524236109887682027124609373441,-0.812625516126769747324073136194
0.412560620040349737081466663940,-0.810307953116032432877248907266
-0.541275161690297777063284637661,-0.801376894917498068750717985673
-0.475743946425448133818760739858,-0.794395570839838649642348801928
-0.344035701838278106136372198712,-0.792902294986662391599006638366
-0.409917023945407463224381701754,-0.791249885418171974657132142962
-0.278637632546631823762230785329,-0.784767702625000895553502559739
-0.212810710066591153167851747225,-0.781622017203334220568285900773
-0.146983787586550482573472709121,-0.778476331781667545583069241807
-0.081088125518718050010404162202,-0.777559390885317112807487762504
0.578365109506511646049758835367,-0.775033888598420924761948201455
-0.015408934711172023130124478626,-0.772144323495955137492315173141
0.050433975322805799564703221586,-0.769353220089975238510770666246
0.116242941930843368839936323430,-0.765851938332166218464361693027
0.182069864410884039434315361538,-0.762706252910499543479145034058
-0.594598474738082125639890786249,-0.762650891436976592614332872111
0.247916506714105370998981984192,-0.760004626700992515332012698155
0.454246733840417462757337962019,-0.759265353493627098761329107665
0.313723709370965380623073437745,-0.756414882067166193508711716126
0.379550631851006051217452475849,-0.753269196645499518523495057160
0.518918069368531934263685928796,-0.746588704844421388912462860766
-0.513863332612744979515554188017,-0.740382402600942183620825201800
-0.446010142636090011680647366490,-0.735582477296127461740583174645
0.629808128477999166413772463716,-0.733842932563575786685928397892
-0.380183220156049341086268328386,-0.732436791874460786755366515679
-0.314352013659343510931243537325,-0.729382063983187264611049921334
-0.248529375196812252699693120286,-0.726145421030692355568563465259
-0.182702452716771582105314082183,-0.722999735609025680583346806293
-0.116875530236730911510935044079,-0.719854050187359005598130147327
-0.051048600175399150164533127178,-0.716708523416162339127237317010
0.014778314723304658597308911722,-0.713562679344002067743435713841
0.080605237203345329191687949826,-0.710416993922335392758219054875
0.146432159683385999786066987929,-0.707271308500668717773002395909
0.212259082163426670380446026033,-0.704125623079002042787785736943
0.278086004643467340974825064137,-0.700979937657335367802569077977
-0.611489871661655506191109296274,-0.698950343794623738408640579789
0.343912927123508011569204102240,-0.697834252235668692817352419011
0.475604101839412864896864378534,-0.696920009705009995894402160841
0.409739849603548682163583140344,-0.694688566814002017832135760045
0.560481321937185571837428685841,-0.692665119171561830350725289041
-0.676870148966811032739817837052,-0.690673967808339932770008903246
-0.547474770263267121283072909506,-0.683293209544722721340706425094
0.686659825761357551943619891137,-0.680942003445117807477276689782
-0.481647847364430282363321470775,-0.680147532886838084776515540689
-0.415820924884437404617213649214,-0.677001847464171291948593050771
-0.349994002404396734022834611110,-0.673856162042504616963376391804
-0.284167079924353605595190207301,-0.670710476620889374838774160510
0.621960338725880516601211691178,-0.668409827364663580863699146331
-0.218340157444315392834076576198,-0.667564791199171266992943052591
-0.152513234964274722239697538094,-0.664419105777504592007726393625
-0.086686312484234051645318499990,-0.661273420355837917022509734659
-0.020859390004193381050939461887,-0.658127734934171242037293075693
0.044967532475847289543439576217,-0.654982049512504567052076416726
0.110794454955887960137818614321,-0.651836364090837892066859757760
0.176621377435928630732197652425,-0.648690678669171217081643098794
0.242448299915969301326576690528,-0.645544993247504542096426439828
-0.722338849099648753942994246416,-0.642969917999173279256037058133
0.308275222396009971920955728632,-0.642399307825837867111209780862
0.374102144876050642515334766736,-0.639253622404171192125993121896
0.505793319591955495842995043029,-0.638339379873512495203042863726
0.439929067356091313109713804839,-0.636107936982504517140776462928
0.731442969171409827733927886160,-0.632593796381359368030517800492
-0.649309861551516433661266587874,-0.630811545392004957121869357588
-0.583465703871710656511952555458,-0.628033770182506604706622117694
0.570709076230650521312506589263,-0.626980524297747269116909497716
-0.517657269167361301066889146510,-0.624522505206923389094990400038
-0.451829276785730577350354841235,-0.621377371166723051757843566606
-0.386002354305737699604247019674,-0.618231685744056258929921076687
-0.320175431825697029009867981570,-0.615086000322389583944704417721
-0.254348509345653900582223577760,-0.611940314900774341820102186428
0.652253129702544906378183797894,-0.609882689430116580127134966406
-0.188521586865615687821109946657,-0.608794629479056233974271078508
-0.122694664385575017226730908553,-0.605648944057389558989054419542
-0.056867741905534346632351870449,-0.602503258635722884003837760576
0.008959180574506323962027167655,-0.599357573214056209018621101610
0.074786103054546994556406205758,-0.596211887792389534033404442644
0.140613025534587665150785243862,-0.593066202370722859048187783678
-0.764452941325449204272914940577,-0.592279856882992485005502454774
0.206439948014628335745164281966,-0.589920516949056184062971124712
0.272266870494669006339543320070,-0.586774831527389509077754465746
0.338093792974709676933922358174,-0.583629146105722834092537806780
-0.694778561684354154864442997230,-0.583107495582838303607897512480
0.772829224305291407794914061961,-0.581307765671636563484262004421
0.403920715454750347528301396277,-0.580483460684056159107321147814
0.469747637934791018122680434381,-0.577337775262389484122104488846
-0.619491891702439854603975670536,-0.572041078879946963330530250244
0.706029821048117458587077420991,-0.571788772226862302545748834977
0.535377114236018448387376770366,-0.571350213121417823492682997697
-0.553564744175607430551154533860,-0.569261919809213841661820713555
0.601204036716059118981755808470,-0.568204527699751148507466338731
-0.487466981513276409846874472681,-0.565942426755892108208995076212
-0.421640059033235739252495432360,-0.562796741334225433223778463660
-0.355813136553195068658116396473,-0.559651055912558758238561758291
-0.289986214073154398063737358370,-0.556505370490892083253345099325
-0.224159291593113727469358320266,-0.553359685069225408268128440360
-0.158332369113073056874979282162,-0.550213999647558733282911781393
-0.092505446633032386280600244059,-0.547068314225892058297695122427
-0.026678524152991715686221205955,-0.543922628804225383312478463461
0.039148398327048954908157832149,-0.540776943382558708327261804495
-0.803180201959593284147245696052,-0.538595647172907138376607821226
0.104975320807089625502536870252,-0.537631257960892033342045145528
0.170802243287130296096915908356,-0.534485572539225358356828486562
-0.736892653910154605194363691391,-0.532417434466657509357362909121
0.236629165767170966691294946460,-0.531339887117558683371611827596
0.302456088247211637285673984564,-0.528194201695892008386395168630
0.368283010727252307880053022667,-0.525048516274225333401178509664
-0.664960591835277575807152079891,-0.524337029070780309816558405136
0.434109933207292978474432060771,-0.521902830852558658415961850698
0.762395690206649839374809436605,-0.516236877970777174395649151868
0.499739409508520408739128396756,-0.515915268711586997786540359549
-0.588931608720815120089501886737,-0.513653167767727957488069047984
0.565566331988561079333507434861,-0.512769583289920322801323700582
-0.523104686240774449495122846290,-0.510507482346061282502852438063
0.631393254659602281136368079726,-0.509623897966684761772605563995
-0.457277763760733778900743808186,-0.507361796924394607517635779097
0.697220177129386530616566702960,-0.506478212330391217275704022873
-0.391450841280693108306364770082,-0.504216111502727932532419120143
0.826689229086648804643978325308,-0.501765529787161681138541060712
-0.325623918800652437711985731978,-0.501070426081061257547202461176
-0.259796996320611767117606693875,-0.497924740659394582561985802210
-0.193970073840571096523227655771,-0.494779055237727907576769143244
-0.128143151360530425928848617667,-0.491633369816061232591552484278
-0.062316228880489755334469579563,-0.488487684394394557606335825312
0.003510693599550915259909458540,-0.485341998972727882621119166346
0.069337616079591585854288496644,-0.482196313551061207635902507380
0.135164538559632256448667534748,-0.479050628129394532650685848414
-0.775314597435866341553745961252,-0.478874616874823700230091697735
-0.841191488340983416022906701786,-0.477054093697087884024809463417
0.200991461039672927043046572851,-0.475904942707727857665469189447
-0.707074684061078026137072774052,-0.473646967954599515566023801777
0.266818383519713597637425610955,-0.472759257286061182680252530481
0.332645305999754268231804649059,-0.469613571864394507695035871515
0.398472228479794938826183687163,-0.466467886442727832709819212549
-0.634400308853652841292678296093,-0.465949117958561303974097202873
0.464101704781022369090880023148,-0.460480324301756172080397721401
0.529928627261063039685259061251,-0.457334638880089497095181062435
-0.558742390968272489143371222242,-0.455072537936230456796709750869
0.595755549741103710279770359529,-0.454188953458422822110032563048
-0.492915468488231818548992181795,-0.451926852514563781811493140948
0.661582472221144380874142491013,-0.451043268036756147124667157914
-0.427088546008191147954613143691,-0.448781167092897106826276481982
0.727409394881929161562563895408,-0.447897582498893716584275941645
-0.361261623528150477360234105587,-0.445635481671230431841059823028
0.793246788228247146062960802048,-0.444979244388329003358879138223
-0.295434701048109806765855067483,-0.442489796249563756855843164062
0.859798052518129364620549816296,-0.442349192682666068952282722128
-0.229607778568069136171476029379,-0.439344110827897081870626505095
-0.163780856088028465577096991276,-0.436198425406230406885409846129
-0.097953933607987794982717953172,-0.433052739984563731900193187163
-0.032127011127947124388338915068,-0.429907054562897056914976528197
0.033699911352093546206040123036,-0.426761369141230381929759869231
0.099526833832134216800419161139,-0.423615683719563706944543210265
-0.805852513158861821939501137846,-0.420475004176959038245821415110
0.165353756312174887394798199243,-0.420469998297897031959326551299
-0.871729404063978896408661878381,-0.418654480999223222040539180792
0.231180678792215557989177237347,-0.417324312876230356974109892332
-0.740064691711151019805159355942,-0.416596652835281415593592731020
0.297007601272256228583556275450,-0.414178627454563681988893233366
-0.674237769231110349210780317828,-0.413450967413614740608376072056
0.362834523752296899177935313554,-0.411032942032897007003676574400
-0.604211091101110210346547631596,-0.407368488127063803282737905759
0.428464000053524329442631649539,-0.405045379891925346374255083252
0.494290922533565000037010687643,-0.401899694470258671389038424286
0.560117845013605670631389725746,-0.398754009048591996403821765320
-0.528553173215729858197240557747,-0.396491908104732956105350453754
0.625944767493646341225768763850,-0.395608323626925321418605106352
-0.462726250735689187602861517299,-0.393346222683066281120133843833
0.691771689973687011820140634720,-0.392462638205258646433238465145
-0.396899328255648517008482479196,-0.390200537261399606134917184867
0.757598612443471261338959238791,-0.389316952568965102744502385686
-0.331072405775607846414103441091,-0.387054851839732931149700525913
0.823436005789789245839356145431,-0.386398614458400389519105582265
-0.265245483295567175819724402988,-0.383909166418066256164483866947
-0.199418560815526505225345364884,-0.380763480996399581179267207980
0.889068807152559747975091331254,-0.380447610741338825202800516570
-0.133591638335485834630966326780,-0.377617795574732906194050549014
-0.067764715855445164036587288677,-0.374472110153066231208833890048
-0.001937793375404493442208250573,-0.371326424731399556223617231082
0.063889129104636177152170787531,-0.368180739309732881238400572116
0.129716051584676847746549825634,-0.365035053888066206253183913150
0.195542974064717518340928863738,-0.361889368466399531267967254184
0.261369896544758188935307901842,-0.358743683044732856282750595218
-0.898218928432536101937124401070,-0.358310598470063863855321527317
-0.827220714847689005392659130343,-0.358133372689236701430528089856
0.327196819024798859529686939946,-0.355597997623066181297533936251
-0.761432893399978203258317348438,-0.354255021347559078778299405766
-0.695605970919937532663938310334,-0.351109335925892403793082746806
0.392826295326026289794383275931,-0.349610435482094520668112445103
-0.629854289747492344167449267157,-0.346660124426931384567442313854
0.458653217806066960388762314034,-0.346464750060427845682895786137
0.524480140286107630983141352140,-0.343319064638761170697679127170
-0.564190877943227897845488931356,-0.341056963694902130399207815606
0.590307062766148301577595245701,-0.340173379217094495712414345547
-0.498363955463187227251109893252,-0.337911278273235455413991156640
0.656133985247461277832530576362,-0.337027693794609888032501697263
-0.432537032983146556656730852804,-0.334765592851568780428774546718
0.721963841252398380531249143563,-0.333880122373460126550749894279
-0.366710110503105886062351814700,-0.331619907429902105443557887752
0.787968641363325490189803145196,-0.330826161766633777347941652997
-0.300883188023065215467972776596,-0.328474222008235430458341228798
-0.235056265543024544873593738493,-0.325328536586568755473124569832
-0.169229343062983874279214700389,-0.322182851164902080487907910866
0.863630034372756041020999439865,-0.319653302624353991658579986369
-0.103402420582943203684835662285,-0.319037165743235405502691251899
-0.037575498102902533090456624181,-0.315891480321568730517474592933
0.028251424377138137503922413922,-0.312745794899902055532257933967
0.094078346857178808098301452026,-0.309600109478235380547041275001
0.159905269337219478692680490130,-0.306454424056568705561824616035
0.225732191817260149287059528233,-0.303308738634902030576607957069
-0.862858419575187045040907503951,-0.302698428279405875724385451707
0.291559114297300819881438566337,-0.300163053213235355591391298103
-0.797070598127476242906565722047,-0.298820076937728253072156767617
-0.731243675647435572312186683943,-0.295674391516061578086940108651
0.357188590598528250146134902322,-0.294175491072263694961969806954
-0.665491994474990383815697640766,-0.291225180017100558861299675705
0.423015513078568920740513940426,-0.291029805650597019976753147988
0.922519596227289481924322803900,-0.290071237710855307398553751488
0.488842435558609591334892978530,-0.287884120228930344991536489022
-0.599828582670725937493737304965,-0.285622019285071304693065177457
0.554669358038650261929272016633,-0.284738434807263670006319830054
-0.534001660190685266899358266861,-0.282476333863404629707848518491
0.620496280518690932523645800879,-0.281592749385596995020993228344
-0.925212043779304574770569763936,-0.281365247349758778332452278488
-0.468174737710644596304979185113,-0.279330648441737954722631882016
0.686323202998647007633311496875,-0.278447063962160066604056838622
-0.402347815230603925710600147009,-0.276184963020071279737415223053
0.752149958919175201577673973520,-0.275297895032969953560095525478
-0.336520892750563255116221108903,-0.273039277598404604752198564097
0.817975667599880399848022047799,-0.272126911487080391060977472903
-0.270693970270522584521842070799,-0.269893592176737929766981905131
-0.204867047790481913927463032696,-0.266747906755071254781765246165
-0.139040125310441243333083994592,-0.263602221333404579796548587199
-0.073213202830400572738704956488,-0.260456535911737904811331928233
-0.007386280350359902144325918384,-0.257310850490071229826115269267
0.058440642129680768450053119719,-0.254165165068404554840898610300
0.124267564609721439044432157823,-0.251019479646737879855681951334
0.190094487089762109638811195927,-0.247873794225071204870465292368
0.255921409569802780233190234031,-0.244728108803404529885248633402
-0.832710031035502140384033588135,-0.243386243492789611050168725613
0.875675578584686944573154055518,-0.240286695842226930499400884770
-0.766881380374933611960435057551,-0.240239447106230752380797470502
0.321550885871030210497886570017,-0.238740546662432869255827142252
-0.701129699202488423463946014374,-0.235790235607269733155157037556
0.387377808351070881092265608122,-0.235594861240766194270610483286
0.453204730831111551686644646227,-0.232449175819099519285393824319
-0.635466287398223977141985678573,-0.230187074875240478986922539308
0.519031653311152222281069977458,-0.229303490397432844300147404686
-0.569639364918183306547606640469,-0.227041389453573804001705880342
0.940133635704324030046849405744,-0.226566712885715181484390299716
0.584858575792683679429143408137,-0.226157804974807780854680484455
-0.503812442438142635953227558722,-0.223895704031907129016489243868
0.650685498355142363206777362120,-0.223012119498332040308039239578
-0.437985519958101965358848520615,-0.220750018610240454031272584902
0.716511711985011510577860510489,-0.219851635494663232684854125473
-0.372158597478061294764469482503,-0.217604333188573779046055925943
0.782337964712507453555950491879,-0.216691965894280356237717445620
-0.928199007830399251658055355973,-0.215530931786195439090539215846
-0.306331674998020624170090444400,-0.214458647766907104060839266977
-0.240504752517979953575711406296,-0.211312962345240429075622608011
-0.174677830037939282981332368192,-0.208167276923573754090405949045
-0.108850907557898612386953330089,-0.205021591501907079105189290079
-0.043023985077857941792574291985,-0.201875906080240404119972631113
0.022802937402182728801804746119,-0.198730220658573729134755972146
0.088629859882223399396183784223,-0.195584535236907054149539313180
0.154456782362264069990562822326,-0.192438849815240379164322654214
0.220283704842304740584941860430,-0.189293164393573704179105995248
-0.868346007582472322203062469264,-0.187950188118066601659871491319
-0.802519085102431651608683431160,-0.184804502696399926674654832354
0.285913181143532170849638196415,-0.183305602252602043549684504100
-0.736767403929986463112194387983,-0.180355291197438907449014399407
0.351740103623572841444017234519,-0.180159916830935368564467845134
0.417567026103613512038396272622,-0.177014231409268693579251186167
-0.671103992125722016790234052182,-0.174752130465409653280779901160
0.876387444004276311546218801658,-0.174388499299455269517706760730
0.483393948583654182632775310726,-0.173868545987602018594034527199
-0.605277069645681346195855014078,-0.171606445043742978295563242194
0.549220871063694853227151721901,-0.170722860565935343608762896867
-0.539450147165640675601475932331,-0.168460759622076303310346605719
0.615047793543650928345153670488,-0.167577175142498415366271748549
-0.473623224685600005007096894225,-0.165315074200409628325129946754
0.680874007171100033322750483619,-0.164416691091153782839514583539
-0.407796302205559334412717856109,-0.162169388778742953339913287793
0.953381608297462721998620551819,-0.162009991453033858248368727662
0.746700259899691879161328789649,-0.161257021539297986661239814577
-0.341969379725518663818338818006,-0.159023703357076278354696628827
0.812527182374834297988384634088,-0.158111336015130015173458252935
-0.276142457245477993223959779902,-0.155878017935409603369479969861
-0.954527409784099713905635464896,-0.155116576616833979457111353926
-0.210315534765437322629580741798,-0.152732332513742928384263310894
-0.144488612285396652035201703695,-0.149586647092076253399046651928
-0.078661689805355981440822665591,-0.146440961670409578413829992962
-0.012834767325315310846443627487,-0.143295276248742903428613333996
0.052992155154725359747935410616,-0.140149590827076228443396675030
0.118819077634766030342314448720,-0.137003905405409553458180016064
0.184646000114806700936693486824,-0.133858219983742878472963357098
-0.838156789829929691256931804768,-0.129369558286569100968512194205
0.250275476416034131201389822809,-0.127870657842771217843541865949
-0.772405108657484502760442761591,-0.124920346787608081742871761258
0.316102398896074801795768860913,-0.124724972421104542858325206983
0.381929321376115472390147899016,-0.121579286999437867873108548017
-0.706741696853220056438482425790,-0.119317186055578827574637263011
0.447756243856156142984526937120,-0.118433601577771192887891889049
-0.640914774373179385844103387686,-0.116171500633912152589420604045
0.906451081078674184796749582621,-0.115743322295508391483484256754
0.513583166336196813578903348295,-0.115287916156104517902620258717
-0.902420923031691058726520654514,-0.114768180139570705736223237847
-0.575087851893138715249724305939,-0.113025815212245477604203967570
0.579410088816152888696905296882,-0.112142230732667589660129110399
-0.509260929413098044655345267833,-0.109880129790578802618987308605
0.645236282764685836011935311587,-0.108981336837660289042467818115
-0.443434006933057374060966229719,-0.106734444368912127633770649645
0.711062555164782018507983301529,-0.105822077134232030683453856135
-0.377607084453016703466587191614,-0.103588758947245452648553990678
0.776889477639924437335039145968,-0.102676391610064059195672294493
-0.311780161972976032872208153511,-0.100443073525578777663337331712
0.842692826418158077757494520948,-0.099071069220109549228487273104
-0.245953239492935362277829115407,-0.097297388103912102678120672746
-0.180126317012894691683450077303,-0.094151702682245427692904013780
-0.114299394532854021089071039199,-0.091006017260578752707687354813
-0.048472472052813350494692001096,-0.087860331838912077722470695847
-0.963142458801739549859734329198,-0.086316115848566106688085432665
0.017354450427227320099687037008,-0.084714646417245402737254036881
0.963501702001221411155211428326,-0.082753843483056887399374082732
0.083181372907267990694066075112,-0.081568960995578727752037377915
0.149008295387308661288445113215,-0.078423275573912052766820718949
0.214637771688536091553141449200,-0.072435713432940392137399227801
-0.809134079428617181212273865297,-0.070202326300216074691256411428
0.280464694168576762147520487304,-0.069290028011273717152182568834
0.346291616648617432741899525408,-0.066144342589607042166965909868
-0.743303602174535498924350946384,-0.064470882060846683251787848398
0.412118539128658103336278563511,-0.062998657167940367181749250900
-0.676552479100677425492351761295,-0.060736556224081326883277965896
0.477945461610189560329265011707,-0.059852971745315303836040436325
-0.610725556620636754897972679548,-0.057590870802414651898061329421
0.543772384174968218417545238615,-0.056707286267348111460742117386
-0.544898634140596084303593641441,-0.054445185380747976912844670456
0.609598262395410724519730076201,-0.053539824117164945760868393869
0.889010548450034762667707433025,-0.052190927520844441563411662246
-0.479071711660555413709214603327,-0.051299499959081301927628011496
0.675424849727760453672612248743,-0.050387133180535697629371525722
-0.907453665694775527047461948056,-0.049058587527437281468347284368
-0.413244789180514743114835565223,-0.048153814537414626942411352529
0.741251773157359447026467100372,-0.047241447042772055510391831823
-0.347417866700474072520456527119,-0.045008129115747951957194693563
-0.281590944220433401926077489015,-0.041862443694081276971978034597
0.811373199149453560968583692940,-0.041086933392154067944416278177
-0.215764021740392731331698450912,-0.038716758272414601986761375631
-0.149937099260352060737319412808,-0.035571072850747927001544716665
-0.084110176780311390142940374704,-0.032425387429081252016328057698
-0.018283254300270719548561336600,-0.029279702007414577031111398732
0.047543668179769951045817701503,-0.026134016585747902045894739766
0.113370590659810621640196739607,-0.022988331164081227060678080800
-0.966832287613261477225347351263,-0.020470857309267285332913128806
0.179000066961038051904893075592,-0.017000769023109566431256589652
0.966900605738237625349662241086,-0.016939509836412198065207611899
-0.843678049895977216689112670923,-0.014079308167585968164434571609
0.244826989441078722499272113696,-0.013855083601442891446039930686
0.310653911921119393093651151799,-0.010709398179776216460823271720
-0.778017106308175808642391269293,-0.008447297236761064867493388014
0.376480834401160063688030189903,-0.007563712758109541475606612751
-0.712190183828175465140600134904,-0.005301611814250501177135327748
0.442307756881200734282409228007,-0.004418027336442866490389953785
-0.646363261348134794546221053156,-0.002155926392583826191918691272
0.508134679361156809409214445948,-0.001272341913005938432116885584
-0.580536338868094123951842015050,0.000989759029082848793297967693
0.573960557580226548307175006084,0.001895120265705936410239650628
-0.514709416388053453357462976935,0.004135444450749523778514626653
0.639787144913942819801653224540,0.005047811173802473594626042687
-0.448882493908012782763083938832,0.007281129872416198763731285619
0.705614067389085239002417564828,0.008193496697970437262147125139
-0.383055571427972112168704900728,0.010426815294082873748947944585
0.907275063330727764020603601164,0.011129579079610943263586751997
0.771440989810066500088416137205,0.011339183355519880181039730516
-0.317228648947931441574325862624,0.013572500715749548734164603552
-0.901994584466777427076885979772,0.016616959612358126513823801095
-0.251401726467890770979946824520,0.016718186137416223719381262518
0.841562416896888989485853300097,0.017493696441975402506540844487
-0.185574803987850100385567786416,0.019863871559082898704597921484
-0.119747881507809429791188748313,0.023009556980749573689814580450
-0.053920959027768759196809710209,0.026155242402416248675031239416
0.011905963452271911397569327895,0.029300927824082923660247898383
0.077732885932312581991948365999,0.032446613245749598645464557349
0.143362362233540012256644701983,0.038434175386721259274886048497
0.209189284713580682851023740087,0.041579860808387934260102707463
0.275016207193621353445402778191,0.044725546230054609245319366429
-0.965981487858054200075868517861,0.045425691915573838168537430828
-0.815193844191756956552106488025,0.046376091282344303764256620996
0.340843129673662024039781816295,0.047871231651721284230536025397
0.965809134326012547038451707265,0.048953492448516855169598921864
-0.747827888556384170299173765802,0.050133332595123455889794717994
0.406670052153702694634160854398,0.051016917073387959215752684364
-0.682000966075632834194469426765,0.053279018017246999514223946876
0.472496974633658769760966072340,0.054162602496824887274025752565
-0.616174043595592163600090388658,0.056424703438913674499440605841
0.538322851788510503899998969398,0.057330086791930169087570860807
-0.550347121115551493005711350544,0.059570388860580349484657264802
0.604149440181611826265170183477,0.060482755580526317134904330636
-0.484520198635510822411332312440,0.062716074282247024469873923768
0.669976362656754245465934523765,0.063628441104694280802425413088
-0.418693276155470151816953274336,0.065861759703913699455090582734
0.735803285077735506551933096142,0.066774127762243723721318018465
-0.352866353675429481222574236233,0.069007445125580374440307241700
0.801630207557501928605685744362,0.069919813189649350631996853180
0.879917082236367576239747572426,0.071084728403134444763264903513
-0.287039431195388810628195198128,0.072153130547247049425523900667
-0.221212508715348140033816160025,0.075298815968913724410740559633
-0.155385586235307469439437121921,0.078444501390580399395957218599
-0.089558663755266798845058083817,0.081590186812247074381173877565
-0.911086004372272493739112106679,0.081888891896206887340463992714
-0.023731741275226128250679045714,0.084735872233913749366390536531
0.042095181204814542343699992390,0.087881557655580424351607195498
0.107724657506041972608396328375,0.093869119796552084981028686646
0.173551579986082643202775366479,0.097014805218218759966245345612
0.239378502466123313797154404582,0.100160490639885434951462004578
0.305205424946163984391533442686,0.103306176061552109936678663546
-0.849365087279556976994899087956,0.104988836770589328203246042246
-0.783465593283171544437096243856,0.105568277005411150235137482981
0.371032347426204654985912480790,0.106451861483218784921895322512
-0.717638670803130873842717800373,0.108713962427077825220366585025
0.436859269906160730112717698731,0.109597546906655712980168390713
-0.651811748323090203248338762267,0.111859647848744500205583243990
0.502685128560698835538551809456,0.112765415647329928827063057052
0.960232356657953085138017297897,0.114619150221864434022301010481
-0.585984825843049532653959724152,0.115005333270411175190799902951
0.568511735367794192394211159274,0.115917699934864488358901899046
-0.520157903363008862059580686049,0.118151018692077850176016561917
0.634338657842936611594975499562,0.119063385459032452026422981497
-0.454330980882968191465201647945,0.121296704113744525161233220883
0.700165580263917872680974071939,0.122209072116581894945315586874
-0.388504058402927520870822609841,0.124442389535411200146449879849
0.765992502739060291881738412227,0.125354757640749858612836669325
-0.958599512455044270173451347878,0.127556666197498943048378397292
-0.322677135922886850276443571737,0.127588074957077875131666538815
0.831819425218826713935491060448,0.128500443068155485523515504040
-0.256850213442846179682064533633,0.130733760378744550116883197782
-0.191023290962805509087685495530,0.133879445800411225102099856748
0.897437169366414645705236038075,0.134615237663811153730022498697
-0.125196368482764838493306457426,0.137025131222077900087316515714
-0.059369446002724167898927419322,0.140170816643744575072533174680
0.006457476477316502695451618782,0.143316502065411250057749833646
0.072086952778543932960147954767,0.149304064206382910687171324795
-0.896460151477224442495200202583,0.151088012340039050427960246183
0.137913875258584603554526992870,0.152449749628049585672387983761
0.203740797738625274148906030974,0.155595435049716260657604642727
0.269567720218665944743285069078,0.158741120471382935642821301695
0.335394642698706615337664107181,0.161886805893049610628037960661
-0.753276375530628913490976356431,0.164148906836908650926502677138
0.401221565178662690464469325123,0.165032491316486538686311028862
-0.687449453050588242896587135875,0.167294592258575325911725882139
0.467047417642118769311855041403,0.168200488700431688525347699315
-0.832706397073053946127067625110,0.169890795528674895002442021028
-0.621622530570547572302208097761,0.170440277680242000896942541099
0.532874030610436710445736162876,0.171352644325499444023465423385
-0.555795608090506901707829059657,0.173585963101908675882159200066
0.598700953085579129646500503164,0.174498329849667407690986505837
-0.489968685610466231113450021553,0.176731648523575350867375859032
0.664527875506560390732499075541,0.177644016507216850609879111214
0.950196171801352075138406132477,0.179752506142540766095455110769
-0.424141763130425560519070983450,0.179877333945242025852592517998
0.730354256939027973847127723297,0.180801003595036035498111807149
-0.358314840650384889924691945346,0.183023019366908700837809176964
0.796181718466364415698444905849,0.183935388515943268224667399930
-0.292487918170344219330312907242,0.186168704788575375823025835930
-0.226660995690303548735933869138,0.189314390210242050808242494897
0.861799462819665727098009864461,0.190050180904092182307768790551
-0.160834073210262878141554831034,0.192460075631908725793459153863
-0.947685970779333463352439436729,0.192548770856895021048674167563
-0.095007150730222207547175792931,0.195605761053575400778675812829
-0.029180228250181536952796754827,0.198751446475242075763892471795
0.036449248051045893311899581158,0.204739008616213736393313962943
0.102276170531086563906278619262,0.207884694037880411378530621910
0.168103093011127234500657657366,0.211030379459547086363747280876
0.233930015491167905095036695469,0.214176064881213761348963939844
-0.881145469180422555616226045375,0.215185902836633342950936923574
0.299756937971208575689415733573,0.217321750302880436334180598810
-0.788914080258126953139214547577,0.219583851246739476632651861331
0.365583860451164650816220951514,0.220467435726317364392453667011
-0.723087157778086282544835509473,0.222729536668406151617868520294
0.431409712604936926321887703286,0.223635439544983610161872715155
-0.657260235298045611950456471369,0.225875222090072826603085179248
0.497236325881432263659632867822,0.226787588734361839196279120134
-0.591433312818004941356077433265,0.229020907511739501588301838215
0.563063248356574682860397208111,0.229933274258529802863800202586
-0.525606390337964270761698395162,0.232166592933406176573518497181
0.628890170777555943946395780487,0.233078960916079245782692807963
0.911622715745064957364422002280,0.233186274003688801671385678453
-0.459779467857923600167319357058,0.235312278355072851558735156147
0.695392759389420467386897358378,0.236664880555502701257153138907
-0.393952545377882929572940318954,0.238457963776739526543951815113
0.761355639045537986521387947338,0.240376571482457216866575638736
-0.328125622897842258978561280851,0.241603649198406201529168474079
-0.262298700417801588384182242747,0.244749334620072876514385133045
-0.196471777937760917789803204643,0.247895020041739551499601792012
0.834005700476933004765733230561,0.249804560114331346933965886896
-0.130644855457720247195424166539,0.251040705463406226484818450978
-0.064817932977679576601045128435,0.254186390885072901470035109944
-0.932371288482531576473465279522,0.256646661353489313571650844953
0.000811543323547853663651207550,0.260173953026044562099456601092
0.066638465803588524258030245653,0.263319638447711237084673260058
-0.837269682554140658746659641654,0.264359009387779292282408228365
0.132465388283629194852409283757,0.266465323869377912069889919024
0.198292310763669865446788321861,0.269611009291044587055106577993
0.264119233243710536041167359964,0.272756694712711262040323236959
0.329946155723666611167972577906,0.275902380136148190098596305160
-0.757426500684764862774241621071,0.278977990768967115515727408611
0.395771996484869583453932525601,0.279070620664599168591524349589
-0.691599578204724192179862582957,0.282123676190633790500944067571
0.461598621097668716256205344308,0.282222533108021012250717713288
-0.625772655724683521585483544853,0.285269361612300465486160726537
0.527425543572811135456969684596,0.285368218632188975918238795739
-0.559945733244642850991104506749,0.288415047033967140471377385503
0.593252465993792396542968256973,0.288513905289738418837131401116
-0.494118810764602180396725468646,0.291560732455633815456594044470
0.659079388470640250921694413568,0.291659590778218279221015569978
-0.428291888284561509802346430542,0.294706417877300490441810703436
0.724862872186646410803088298686,0.295610834905239847064728196615
-0.362464965804520839207967392438,0.297852103298967165427027362402
0.919801279295671945860876999053,0.298578858890769483939072793705
0.790653577416095055983987923429,0.299439955610724166109842351147
-0.296638043324480168613588354334,0.300997788720633840412244021368
-0.230811120844439498019209316231,0.304143474142300515397460680334
-0.888495501856249679603898875800,0.305819767904635262903122149744
-0.164984198364398827424830278127,0.307289159563967190382677339300
-0.099157275884358156830451240023,0.310434844985633865367893998266
0.855315152373277929122727702415,0.312166297741202615381486574725
-0.033527799583130726565754904038,0.316422407126605525997315489415
0.032299122896909944028624134065,0.319568092548272200982532148381
0.098126045376950614623003172169,0.322713777969938875967748807347
-0.806699396298956439147286424888,0.322741683686251307553989646180
0.163952967856991285217382210273,0.325859463391605550952965466315
0.229779890337031955811761248377,0.329005148813272225938182125281
0.295606812873338117700329765196,0.332150834271110542992754511252
0.361432616603492160839480545151,0.335319844091954917962728029693
-0.727237282932222231828110956565,0.337558620600464616207086705720
0.427259278052754249325707812819,0.338470987124189798541942491930
-0.661410360452181561233731918461,0.340704306022131291192303364686
0.493086200527896668526472153108,0.341616672648357762209463574382
-0.595583437972140890639352880358,0.343849991443797966177520023652
0.558913162287888444073341060513,0.344762383322117758172128811965
-0.529756515492100220044973842254,0.346995676865464641162736682618
0.624740084764736298452067217109,0.347908068810597618556012980827
-0.463929593012059549450594804150,0.350141362287131316147953341584
-0.398102670532018878856215766047,0.353287047708797991133170000551
0.695690246213290286774459062923,0.354704294389213517147209749048
-0.332275748051978208261836727943,0.356432733130464666118386659517
-0.266448825571937537667457689839,0.359578418552131341103603318483
0.765261090475856554881968338231,0.360444026284774202373773071393
-0.200621903091896867073078651735,0.362724103973798016088819977449
0.895888749244297923530626960963,0.364097620629352947543141994180
-0.134794980611856196478699613632,0.365869789395464691074036636415
-0.892811162567548934157006267630,0.371580349810442012307370222169
-0.069165504310628766214003277647,0.371857351536436351703458127563
0.830628105935517474340765225325,0.373269724798489908564312743324
-0.003338581830588095619624239543,0.375003036958103026688674786530
0.062488340649452574974754798561,0.378148722379769701673891445496
0.128315263129493245569133836664,0.381294407801436376659108104464
0.194142185609533916163512874768,0.384440093223103051644324763430
-0.828291204535075569799005758494,0.385006223169491911645990834559
0.259969108089574586757891912872,0.387585778644769726629541422396
0.325794911819728629897042692827,0.390754788465614101599514940838
-0.762874987659720271476359330175,0.392993565010295441913229343868
0.391621573268990718383269960495,0.393905931497848982178729403074
-0.697048065179679600881980292071,0.396139250431962116898446002836
0.457448495744133137584034300784,0.397051617022016945846250485526
-0.631221142699638930287601253967,0.399284935853628791883662661802
0.523275418280439299472602817602,0.400197302479855262900822871497
-0.565394220219598259693222215863,0.402430621275295466868879320767
0.589102380001109945466338521506,0.403343013197202477723300881816
-0.499567297739557589098843177759,0.405576306696962141854095979733
0.654929302479100495679362185938,0.406488698661770173124087025446
-0.433740375259516918504464139655,0.408721992118628816839312638699
-0.367913452779476247910085101551,0.411867677540295491824529297666
0.725879418488803085860526590378,0.413284947657035474765827995639
-0.302086530299435577315706063448,0.415013362961962166809745956632
-0.236259607819394906721327025344,0.418159048383628841794962615598
-0.170432685339354236126947987240,0.421304733805295516780179274564
-0.104803209038126805862251651255,0.427292295946267177409600765712
0.867100641980288849197394575391,0.428159020405238300730731557196
-0.038976286558086135267872613152,0.430437981367933852394817424678
0.800699849910714978087403858629,0.431984105926789669619752174045
0.026850635921954535326506424952,0.433583666789600527380034083644
0.092677558401995205920885463056,0.436729352211267202365250742613
0.158504480882035876515264501159,0.439875037632933877350467401579
-0.859620898100254642929727646136,0.442984920646042271068379862395
0.224331403362076547109643539263,0.443020723054600552335684060545
0.290157207092230590248794319218,0.446189732875444927305657578987
0.355983868541492678735021586887,0.449340875907679807884872041222
-0.794204681224899344607081217817,0.450972262486845801335618371703
0.421810791016635097935785927175,0.452486561431847771552393123674
-0.666858847427136969935849627576,0.454719880263459617589805299950
0.487637713496675768530164965279,0.455632246853514446537609782641
-0.601031924947096299341470589471,0.457865565685126292575021958916
0.553464635973523623842978761354,0.458777932341994287374684565822
-0.535205002467055628747091551367,0.461011251106792967560238617882
0.619290795508488612687933548259,0.461939542824439574444864521839
-0.469378079987014958152712513264,0.464156936528459642545455276848
0.685118474754613294765429713391,0.465069351929592130742705272038
-0.403551157506974287558333475160,0.467302621950126317530671935814
-0.731028647656711046609563751459,0.469730403187792560826619119679
-0.337724235026933616963954437056,0.470448307371792992515888594780
-0.271897312546892946369575398952,0.473593992793459667501105253747
0.750342852293722518133239460482,0.474495890774847810717524948253
-0.206070390066852275775196360849,0.476739678215126342486321912713
-0.140440913765624845510500024864,0.482727240356098003115743403861
-0.074613991285584174916120986760,0.485872925777764678100960062827
0.834596250127918225997764133808,0.488500591241081407211335573336
-0.008787068805543504321741948656,0.489018611199431353086176721793
0.057039853674497166272637089447,0.492164296621098028071393380761
0.122866776154537836867016127551,0.495309982042764703056610039728
0.188693698634578507461395165655,0.498455667464431378041826698694
0.254519502364732550600545945609,0.501624677285275753011800217137
0.320346163813994639086773213278,0.504775820317510633591014679371
0.386173086289137058287537553566,0.507921505841678597258535761823
0.452000008769177728881916591670,0.511067191263345272243752420790
-0.820862596378343045575201655348,0.511241944912068242011388818118
-0.636669629674594338989718963079,0.513300510094957118281164597065
0.517826931246025584194730387746,0.514212876751825113080827203971
-0.570842707194553668395339924976,0.516446195516623793266381256031
0.584455837437069869667322558180,0.517882413291800008283290866332
-0.505015784714512997800960886872,0.519591880938290468251597914997
-0.439188862234472327206581848768,0.522737566359957143236814573963
-0.373361939754431656612202810664,0.525883251781623818222031232929
0.662430790149871195385501532883,0.528033422570747905463467218988
-0.700839429904168415663433086963,0.528311033019290061517978416794
-0.307535017274390986017823772561,0.529028937203290493207247891895
-0.241708094794350315423444734457,0.532174622624957168192464550862
0.732208253616193819934347421108,0.537853726839302730102171403302
-0.176078618493122885158748398472,0.538162184765928828821886042010
-0.110251696013082214564369360368,0.541307870187595503807102700976
0.799387480306845978692356734284,0.544208953159667042355028010814
-0.044424773533041543969990322265,0.544453555609262178792319359942
-0.764492357622427811354223298501,0.545381002347306288492384915057
0.021402148946999126624388715839,0.547599241030928853777536018910
0.087229071427039797218767753943,0.550744926452595528762752677876
0.153055993907080467813146792046,0.553890611874262203747969336843
0.218881797637234510952297572001,0.557059621695106578717942855286
0.284708459086496599438524839670,0.560210764727341459297157317520
0.350535381561639018639289179958,0.563356450251509422964678399972
0.416362304041679689233668218062,0.566502135673176097949895058938
0.482189226518527544546482014137,0.569647821161655938786969842120
0.548016148998568215140861052241,0.572793506583322613772186501086
-0.540653489442011037449209260480,0.575026825348121293957740553146
0.616683106163232809829942750972,0.575518963878037096704903059520
-0.620920595695203667126888693238,0.577294320389559407898025696912
-0.474826566961970366854830222377,0.578172510769787968942957212112
-0.408999644481929696260451184273,0.581318196191454643928173871078
-0.343172722001889025666072146169,0.584463881613121318913390530044
-0.277345799521848355071693108065,0.587609567034787993898607189010
0.689755379770739275315232833586,0.588260398642024356553159719974
-0.686904417923310547271391348865,0.592722945745576320314318310736
-0.211716323220620924806996772080,0.593597129175759654528028680159
-0.145889400740580254212617733977,0.596742814597426329513245339125
0.760466281664360573156472691143,0.597389958755627356638579698913
-0.080062478260539583618238695873,0.599888500019093004498461998091
-0.014235555780498913023859657769,0.603034185440759679483678657059
0.051591366699541757570519380334,0.606179870862426354468895316025
0.117418289179582428164898418438,0.609325556284093029454111974991
-0.750557345641569942962181560405,0.609792915073592547288724808991
0.183244092909736471304049198393,0.612494566104937404424085493435
0.249070754358998559790276466061,0.615645709137172285003299955669
0.314897676834140978991040806350,0.618791394661340248670821038121
0.380724599314181649585419844453,0.621937080083006923656037697087
0.446551521791029504898233640529,0.625082765571486764493112480269
0.512378444271070175492612678632,0.628228450993153439478329139235
-0.579224010493446733308280633577,0.628462711845737536462823480211
0.578205366751110846086991716736,0.631374136414820114463545798201
-0.511404372675249106023111814920,0.634083726020769209952637314654
0.643967985764517636200385429794,0.635658643441641027109047303384
-0.444637349209427735908699557881,0.636753140601285469634316509227
-0.378810426729387065314320519778,0.639898826022952144619533168193
-0.643629812513715834849446304816,0.642425939484477461974862597191
-0.312983504249346394719941481674,0.643044511444618819604749827159
0.718013407818906028537358103621,0.647796630558348983089568015584
-0.247354027948118964455245145689,0.649032073585590480234171318308
-0.181527105468078293860866107585,0.652177759007257155219387977274
-0.115700182988037623266487069482,0.655323444428923830204604636240
-0.049873260507996952672108031378,0.658469129850590505189821295208
-0.707282740231975230540236516356,0.659495908812493688949269095446
0.015953661972043717922271006726,0.661614815272257180175037954174
0.081780584452084388516650044829,0.664760500693923855160254613140
0.147606388182238431655800824784,0.667929510514768230130228131584
0.213433049631500520142028092453,0.671080653547003110709442593818
0.279259972106642939342792432741,0.674226339071171074376963676269
0.345086894586683609937171470845,0.677372024492837749362180335236
0.410913817063531465249985266920,0.680517709981317590199255118418
0.476740739543572135844364305024,0.683663395402984265184471777384
0.542567662023612806438743343128,0.686809080824650940169688436350
-0.596332334011832227780683247646,0.692105341633919826916909978028
-0.480275053926792089275289352299,0.692188085017630982480115317964
0.672226013812684389422510699829,0.695194875357965653645455598995
-0.414448171031520673241792143785,0.695334598684786031307930868280
-0.348621208976844434368189855282,0.698479455854449645310892465308
0.606681982522744330392247866145,0.702054833246227688656309385577
-0.282991732675617004103493519297,0.704467017995421305940313956456
-0.660723448866681827315374213674,0.706136143026389797788336212066
-0.217164810195576333509114481194,0.707612703417087980925530615422
-0.151337887715535662914735443090,0.710758388838754655910747274389
-0.085510965235494992320356404986,0.713904074260421330895963933357
-0.019684042755454321725977366883,0.717049759682088005881180592323
0.046142879724586348868401671221,0.720195445103754680866397251289
0.111968683454740392007552451176,0.723364454924599055836370769732
-0.538325964522845521799130621191,0.723383771240799424728545520147
0.177795344904002480493779718844,0.726515597956833936415585231967
0.243622006793274993675244916573,0.729666741271991802582493612747
0.309449189859185570288923097236,0.732806968902668575068322973385
0.375276112336033425601736893312,0.735952654391148415905397756566
0.441103034816074096196115931416,0.739098339812815090890614415533
0.509481414621604991871162058906,0.743969873937384410394846551484
-0.384257859650710303679191269485,0.753915077874178307502895207514
-0.600688812843293520659517163744,0.757863232051392920344658947580
-0.318628383349482873414494933500,0.759902640015149968132316698663
-0.252801460869442202820115895396,0.763048325436816643117533357629
0.590392056905506490730048118180,0.765911840562185022250109296115
-0.186974538389401532225736857293,0.766194010858483318102750016595
-0.488976315532058514371573268029,0.767060895739230922738714457280
-0.121147615909360861631357819189,0.769339696280149993087966675563
-0.055320693429320191036978781085,0.772485381701816668073183334529
0.076058287896247151615385430271,0.778916373348191519846083153188
0.010163508917804126417757225072,0.779894720601222476073110028968
0.142153044262497703430429741907,0.781947587502095237588117527275
0.207979705711759791916657009575,0.785098730534330118167331989510
0.273817518205305967913699742045,0.788245791356933265906512499461
0.339466659241265876358021339991,0.794013749505707824796126038157
0.405465330088576056547867557807,0.794533284222645916596757053681
-0.547677435663872982098394330286,0.797015153453880709139616773363
0.471292252568616727142246595911,0.797678969644312591581973712648
-0.431700013822746522212136724399,0.799656974068828092280192523925
0.536856414624836112332598265828,0.804343781256891920732946537516
-0.356628502420915988898294592553,0.813745652658595870084790679403
-0.290994336569728539864297010386,0.819739134583679794202131856451
-0.222612243116899571873985230901,0.821628955268314143808892654744
-0.156785320636858901279606192798,0.824774640689980818794109313712
-0.090958398156818230685227154694,0.827920326111647493779325972678
-0.490357308268866025832390490681,0.833471469374355576904381739409
-0.024757407392379215809687133436,0.835783974165951188274286157165
0.106494436728458884001520407003,0.837369088462451408571680019104
0.172187093261429379540873240859,0.842618273039699303916896661837
0.238173780678976272444860190237,0.843676856971076805291632424979
0.040362005594562719044984805872,0.845910232714964644681583676970
0.303820580222285826202251307338,0.849471403684096827741309836346
0.379668833394425590212517474031,0.855176666534931682597802989403
0.445495755874466260806896512134,0.858322351956598357583019648369
-0.431269925480017195752246365991,0.865557612032225824312857048538
-0.258244186948864372392439541295,0.877067602787180219091935147244
-0.366726348741446234297272610591,0.878869477482175787194277698011
-0.192417264468823701798060503191,0.880213288208846894077151806212
-0.064563712607348611953092664205,0.888305751792932458356918119554
0.128501246930739658073492532505,0.899488162543494832259355692153
-0.129469240548088604604727106331,0.899722910051412988251770150366
0.213339139586412217882747939378,0.904720445182852977875107912480
0.337852177147839990937688431516,0.906112374248874988694968625672
0.063147948715865265468844132948,0.907974944760746878973924030722
-0.002685499033124722119151532419,0.910980974941296497729763231367
-0.311863830813713869205191115735,0.915382258622409611815160669756
0.275354165888938457864773393966,0.927018776346021863538569240251
-0.233942699510458133296654002513,0.938325392236738010043375232476
-0.169492006547287383689739989065,0.952079927362741449676481909972
0.167819735225359650816282962674,0.952376115218855604368504861430
-0.104254177150776737702622601046,0.961412915930030142168103252136
0.101269775239348326244822149171,0.961731855037276290477764092718
-0.038532181787770478955725550451,0.966281014683173289005805157627
0.032834523342268964266329555979,0.966491398020362485859710558294
