-0.020969759068353426089956028769,-0.966887777034313822641369926773
0.044794955016217308617986846096,-0.966077179204041036495936351913
-0.087729150299475119015431100142,-0.963061463494885448782873181519
-0.155569030376963528434141939353,-0.954520812220096723265362417838
0.171178569552835891956908415802,-0.951845366380268027660707339293
0.106108247842001344967714759512,-0.942279389173715969855189578767
-0.220084971343614827320034841471,-0.941740043516480184405443828616
0.248852058652362189341843411534,-0.934550350210315335021739663389
-0.283583057424365034699097373258,-0.924603890168969078359320678728
0.311794963220511832575517634745,-0.915475616870302791316475672845
-0.049686231937174496197810967058,-0.907718368777664485950360600710
0.016078482147396238510131907807,-0.906907770947391699804927025850
-0.345769620965452589864959761056,-0.903191603919760206245285678976
-0.115253075092911486870973434820,-0.902556608800799554305516140362
0.198633264304337363956967308530,-0.892080038441992169455293155443
0.373651656557602186173085516122,-0.891988106502863660482847587142
-0.179769016059562785756866336938,-0.889775840097183015445597551139
0.077391774973180274859859821223,-0.883109980917066633164180252704
-0.243267102140312993135928868725,-0.872639686749671909399474401252
-0.424719192069916318753244100514,-0.868864380706919808253778002044
0.257905691861517658632871968390,-0.863576810222251982928435277479
0.439323666438145815892706664108,-0.861572063312806436533083334108
0.139730184646687229673391811317,-0.858049155941642910798907936760
0.322374917954553504853748221120,-0.850562449906323838296400100717
-0.078215083209067969262306883100,-0.848207350805127515553409528227
0.025503015884584955672035145871,-0.841816812655902619979202945855
-0.365416182710397510697531854397,-0.840424834853080932850639663364
-0.299666418428323737698976853684,-0.838805210106568572541272419731
-0.492721134109157904855510971765,-0.832188433094288436706819248370
0.496866024656775790443515807272,-0.829720349102945662708868818746
0.383623488532883572862118174351,-0.826598575228402914150963938768
0.200550554470574447332820938699,-0.826338280891054805618905922623
-0.198117336789097738721262255744,-0.824815494375958144910218743276
0.086816308710368992021763059287,-0.818019022625577553338456172709
-0.133496572838743340913884996387,-0.812575741358010568659670467206
-0.028835918743982850527118730995,-0.804763676879021146284206502136
-0.433452606912592434605513186997,-0.803677095499960132074536600335
0.261402289015724343232007566495,-0.797900113473641269687420740258
-0.548671253671197682189168704621,-0.796272822249673462775782067959
0.441165846751513547412927317516,-0.794746861018542140326749423406
0.552110463541124859978511052269,-0.794031321940227990070650677518
0.146074732897306303148452591644,-0.789486692711096640162890113833
-0.258407854931845179216776845905,-0.787586213380013821482739274216
0.326010678172754994437995093407,-0.784893310007102356454754242299
0.030422505442954460599570801362,-0.776231346964540233108640443260
-0.373722977077956413198216619531,-0.775181813350372530079491078910
-0.085530935293685472582164065777,-0.767576271334865692652988239528
-0.488732117343016007704126118309,-0.766539804527446172789705656363
0.205227055217586491965803934172,-0.760735041426597144540291814169
0.496410285635862616947922562512,-0.759057833855824467688531282179
-0.199149430744907868090087313548,-0.759053883465532908307173215339
0.385944163926553977917469768416,-0.757807668555090303165146813208
-0.603325528685972702655971484084,-0.755850521339724472786935223307
0.604801487126638921694332544882,-0.754670037395912363921957392888
0.091735798268738496949298714778,-0.752433556934215166467893670115
-0.312746794351428146993319425722,-0.750533084629223132572355097534
-0.026272511106748161455474533421,-0.739043941420384779477422180651
-0.428061911706524219397370496397,-0.738128677573491056384494635192
0.264485479404523803092493466529,-0.732202711512116231364725755292
-0.139881812744441027467231789813,-0.730540655938321642881370320817
-0.543071051971583813903279995174,-0.729486668750564699094709212645
0.150888120589018685766650057307,-0.723681905649715670845295370451
-0.253488373243308444942786678257,-0.722000747098344899591593916206
0.442151560936483458829698806137,-0.721887341775886093472992687851
0.549101309221376678663744055125,-0.719696549311508841539837997549
0.328954944563314779681850689659,-0.719189535512107022346823517580
0.032985913080189149671214998936,-0.710511611505903866301856121775
-0.368803487519586908270680964040,-0.709596347659010143208928576315
-0.080632590240866016490253736678,-0.701989223046264546935458242171
-0.482400846335092025596524373263,-0.701075541796609582689498191474
0.210146544775955996893339589664,-0.695149575735234757669729311574
-0.194229949056371133816097145900,-0.693468417183863986416027857330
-0.674504546230958376318720918047,-0.693076706640405485757958021170
0.620452948058894786824068330765,-0.690789786471594230944308400729
-0.608793119762546831132745912838,-0.690308472735129069278497923922
0.386350794589754173901454315849,-0.687074568795476965915396981345
0.094299205905973186020942912352,-0.686713821475578799661109348630
-0.307827307871876251141940555123,-0.684947611321463425896597472488
0.494842584521997520545520298751,-0.682526057231570467324299403221
0.685640949805566872998700922042,-0.682061721637757559708168727068
-0.021374166053928705363564204321,-0.673456893131783633759892183295
-0.423142422148154714469834840906,-0.672543211882128669513932132597
0.269404968962893308020029122020,-0.666617245820753844494163252698
-0.134971524869433822689407613543,-0.664936087269383073240461798453
-0.536739780963659831795678250128,-0.664022406019728108994501747756
0.153451528226253374838294254881,-0.657962170191079304038511048966
-0.248568883684938940015251022766,-0.656415281406982512721031413612
0.554469558852362657873915637565,-0.654107860464824919156833131017
0.332757568205919296511010400530,-0.648950812773295671550212749493
0.439041818175268235617275808462,-0.647713284251161339766703696715
-0.720050986630036622716823504936,-0.645630142439812495418456763369
0.037884258133008605763125328036,-0.644924563217302720584326124418
-0.363883997961217403343145308549,-0.644010881967647756338366073721
-0.075713100682496511562718081186,-0.636403757354902160064895739577
-0.477481356776722520668988717771,-0.635490076105247195818935688879
0.730412985463541407741818045380,-0.633883723438280279150910448402
0.212709952413190685964983787238,-0.629429840276598390862944990089
-0.189310459498001628888561490409,-0.627882951492501599545465354735
-0.656846739834827548400457440435,-0.627440093662580402024643893842
-0.591078715592227637994832126994,-0.626969270242846635299505304038
0.613704612674710427407033250821,-0.625367201250507586303525705442
0.099112593597685568639140378015,-0.620909034414197830343514605248
-0.302907818313506746214404899632,-0.619362145630101039026034969894
0.500029165666545240515123425856,-0.616961172853583485469048108215
0.385448591791433358226831893144,-0.609589528228980045401519464862
-0.016454676495559200436028548829,-0.607871427440421246889329680700
-0.418222932589785209542299185414,-0.606957746190766282643369630003
0.271968376600127997091673319595,-0.600897510362117477687378931213
-0.130052035311064317761871958052,-0.599350621578020686369899295859
0.674088522576401877274477570736,-0.599222682004125652276674756204
-0.531820291405290326868142594637,-0.598436940328365722123939245161
-0.762267315889017943876276125140,-0.595197650617921948141868551134
0.158371017784622879765829910372,-0.592376704499716917167948546371
-0.243649394126569435087715367275,-0.590829815715620125850468911017
0.559287589853482551641812958213,-0.588428842939102572293482049339
0.444913861735767500340941480884,-0.581073041666716495022182166122
0.042803747691378110690660983528,-0.579339097525940333713763621824
-0.358964508402847898415609653057,-0.578425416276285369467803571126
0.331226800787065308218362851952,-0.572365180447636564511812872336
-0.070793611124127006635182425695,-0.570818291663539773194333236982
-0.472561867218353015741453062280,-0.569904610413884808948373186285
-0.688190631852956998964520256546,-0.569619551286850128734034833261
0.732330602445567300354526317774,-0.568141975419399421096035796501
0.217629441971560190892519442729,-0.563844374585236003992382487495
-0.184390969939632123961025834918,-0.562297485801139212674902852141
-0.586159226033858133067296471503,-0.561383804551484248428942801443
0.618624102233079932334568906312,-0.559781735559145199432963202848
0.104032083156055073566676033507,-0.555323568722835443472952102653
-0.297988328755137241286869244140,-0.553776679938738652155472467299
0.504948655224914745442659081347,-0.551375707162221098598485605621
0.795532795702227293028955324756,-0.549944792807369022867024697825
0.390574927107199694141787604019,-0.544019905889835021327185722404
-0.011535186937189695508492893338,-0.542285961749058860018767178106
-0.413303443031415704614763529923,-0.541372280499403895772807127408
0.276887866158497502019208975086,-0.535312044670755090816816428618
-0.125132545752694812834336302561,-0.533765155886658299499336793264
-0.526900801846920821940606939146,-0.532851474637003335253376742567
-0.742469469325267949740976839680,-0.532478435389206021017025758009
0.677882526420017243461258438669,-0.531249405644664286257397143971
-0.808225060838640718612744581954,-0.531115764411222556017942281142
0.163290507342992384693365565864,-0.526791238808354530297386043777
-0.238729904568199930160179711783,-0.525244350024257738979906408423
-0.640498160662425939266450348368,-0.524330668774602774733946357725
0.564207079411852056569348613704,-0.522843377247740185422919546744
0.449833351294137005268477136376,-0.515487575975354108151619663528
0.047723237249747615618196639019,-0.513753631834577946843201119229
-0.354045018844478393488073997566,-0.512839950584922982597241068532
0.336146290345434813145898507443,-0.506779714756274177641250369742
-0.065874121565757501707646770204,-0.505232825972177386323770734388
-0.467642377659983510813917406789,-0.504319144722522422077810683690
0.737250092003936805282061973265,-0.502556509728037034225473293906
0.222548931529929695820055098220,-0.498258908893873617121819984900
-0.179471480381262619033490179426,-0.496712020109776825804340349546
-0.581239736475488628139760816011,-0.495798338860121861558380298849
0.623543591791449437262104561803,-0.494196269867782812562400700253
0.108951572714424578494211688998,-0.489738103031473056602389600059
-0.293068839196767736359333588649,-0.488191214247376265284909964705
-0.694981963523809966645641385000,-0.486974683013997735167681182966
0.509868144783284250370194736838,-0.485790241470858711727923103026
0.800452285260596797956490980247,-0.484359327116006635996462195230
0.395494416665569199069323259510,-0.478434440198472634456623219810
-0.006615697378820190580957237847,-0.476700496057696473148204675511
-0.408383953473046199687227874432,-0.475786814808041508902244624814
-0.842454324665587668096500299467,-0.474955171596215337722322805567
0.281807355716867006946744630577,-0.469726578979392703946253926024
-0.758133121948985823090806886992,-0.468601172815178355505568242341
-0.120213056194325307906800647069,-0.468179690195295912628774290670
-0.521981312288551317013071283654,-0.467266008945640948382814239972
0.682802015978386748388794094160,-0.465663939953301899386834641377
0.168209996901361889620901221355,-0.461205773116992143426823541182
-0.233810415009830425232644056292,-0.459658884332895352109343905828
-0.635578671104056434338914692877,-0.458745203083240387863383855131
0.569126568970221561496884269195,-0.457257911556377798552357044149
0.454752840852506510196012791867,-0.449902110283991721281057160933
0.856269001021416551013160096900,-0.449572132214094307573518117879
0.052642726808117120545732294510,-0.448168166143215559972638616635
-0.349125529286108888560538342075,-0.447254484893560595726678565937
0.341065779903804318073434162934,-0.441194249064911790770687867147
-0.060954632007387996780111114713,-0.439647360280814999453208231793
-0.462722888101614005886381751297,-0.438733679031160035207248181096
0.745430994615736912458575654814,-0.437297582982924059586961654650
0.227468421088299200747590753712,-0.432673443202511230251257482306
-0.174551990822893114105954523935,-0.431126554418414438933777846952
-0.576320246917119123212225160520,-0.430212873168759474687817796254
0.628463081349818942189640217295,-0.428610804176420425691838197659
0.113871062272794083421747344489,-0.424152637340110669731827097464
-0.288149349638398231431797933158,-0.422605748556013878414347462110
-0.804079286080751148868563688928,-0.421541586235559312227902960136
-0.694482601783810214666292052325,-0.421206869265018639750769539697
0.514787634341653755297730392330,-0.420204775779496324857360600431
-0.872787383107521849508773726947,-0.416597993348582555111647194161
0.400413906223938703996858915001,-0.412848974507110247586060717215
-0.001696207820450685653421582356,-0.411115030366334086277642172917
-0.403464463914676694759692218940,-0.410201349116679122031682122219
0.804689418802674223585265187171,-0.408765253068443146411395595773
0.286726845275236511874280286069,-0.404141113288030317075691423429
-0.115293566635955802979264991578,-0.402594224503933525758211788075
-0.517061822730181812085535628163,-0.401680543254278561512251737378
0.687721539906762075641225217232,-0.400078476840002761034913000027
0.173129486459731394548436876846,-0.395620307425629756556261038588
-0.228890925451460920305108400801,-0.394073418641532965238781403234
-0.630659181545686929411379037386,-0.393159737391878000992821352536
0.574046058528591066424419924687,-0.391672445865015411681794541555
0.884844911436114523370494832930,-0.390334711343170704583810421508
0.459672330410876015123548447358,-0.384316644592629334410494658338
-0.748821536412378020865445929190,-0.384153733488137166055773095978
0.057562216366486625473267950001,-0.382582700451853173102076114040
-0.344206039727739383633002686584,-0.381669019202198208856116063342
0.345985269462173823000969818426,-0.375608783373549403900125364552
-0.056035142449018491852575459221,-0.374061894589452612582645729199
-0.457803398543244500958846095806,-0.373148213339797648336685678501
0.746979949141343943412779464401,-0.371546115871190493226788842429
0.232387910646668705675126409203,-0.367087977511148843380694979711
-0.169632501264523609178418868444,-0.365541088727052052063215344357
-0.571400757358749618284689505029,-0.364627407477397087817255293659
0.633382570908188447117175872786,-0.363025338485058038821275695064
0.118790551831163588349282999980,-0.358567171648748282861264594870
-0.283229860080028726504262277666,-0.357020282864651491543784959516
-0.899083951021159935241282570995,-0.356314121513478937471723968909
-0.685009289208974827401396198583,-0.356122992334343673677384044480
-0.808214242868081349833078826298,-0.355901988279487923592148225216
0.519707123900023260225266047821,-0.354619310088133937986798097837
0.405333395782308208924394570493,-0.347263508815747860715498214620
0.003223281737918819274114073136,-0.345529564674971699407079670322
-0.398544974356307189832156563449,-0.344615883425316735161119619624
0.806238373328281254539468996758,-0.343013785956709580051222783553
0.291646334833606016801815941560,-0.338555647596667930205128920834
-0.110374077077586298051729336087,-0.337008758812571138887649285481
-0.512142333171812307157999972672,-0.336095077562916174641689234783
0.692640995095125758243865405143,-0.334493008570577125645709636188
0.178048976018100899475972532337,-0.330034841734267369685698535993
-0.223971435893091415377572745310,-0.328487952950170578368218900639
-0.625739691987317424483843381894,-0.327574271700515614122258849941
0.869848298633760635892684162158,-0.326297563593414900838020922719
0.578965548086960571351955580178,-0.326086980173653024811232038960
-0.739348223837542633600550075449,-0.319069856557462199982387600762
0.464591819969245520051084102850,-0.318731178901266947539932155744
0.062481705924856130400803605493,-0.316997234760490786231513611446
-0.339286550169369878705467031092,-0.316083553510835821985553560748
0.350904759020543327928505473917,-0.310023317682187017029562861958
-0.853864767972870893384256431368,-0.308555560271403100898096362060
-0.051115652890648986925039803730,-0.308476428898090225712083226604
-0.452883908984874996031310440315,-0.307562747648435261466123175906
0.751899438699713448340315119893,-0.305960650179828106356226339835
0.237307400205038210602662064694,-0.301502511819786456510132477116
-0.164713011706154104250883212953,-0.299955623035689665192652841763
-0.566481267800380113357153849537,-0.299041941786034700946692791065
0.638302060466557952044711528277,-0.297439872793695651950713192470
-0.921222411333014717628287695835,-0.294382358560304336527213607054
0.123710041389533093276818655472,-0.292981705957385895990702092275
-0.278310370521659221576726622175,-0.291434817173289104673222456921
-0.680089799650605322473860543092,-0.290537526642981286806821541885
0.524626613458392765152801703312,-0.289033844396771551116235595242
0.923261815010906869883945626374,-0.287922428991747242740258798467
-0.793687158466110439799703952315,-0.282016720780580726287391157044
0.410252885340677713851930225984,-0.281678043124385473844935712026
0.008142771296288324201649728627,-0.279944098983609312536517167728
-0.393625484797937684904620907958,-0.279030417733954348290557117030
0.811157862886650759467004652250,-0.277428320265347193180660280958
0.296565824391975521729351597051,-0.272970181905305543334566418240
-0.105454587519216793124193680596,-0.271423293121208752017086782886
-0.507222843613442802230464317181,-0.270509611871553787771126732188
0.697560484653495263171401060634,-0.268907542879214738775147133593
0.182968465576470404403508187829,-0.264449376042904982815136033398
-0.219051946334721910450037089818,-0.262902487258808191497656398045
-0.620820202428947919556307726403,-0.261988806009153227251696347347
0.583885037645330076279491235669,-0.260501514482290637940669536366
-0.734428734279173128673014419958,-0.253484390866099813111825098167
0.469511309527615024978619758341,-0.253145713209904560669369653149
0.067401195483225635328339260984,-0.251411769069128399360951108851
-0.334367060611000373777931375601,-0.250498087819473435114991058153
0.870379152229522833772719253630,-0.248818993533744336481721528941
0.355824248578912832856041129408,-0.244437851990824630159000359363
-0.848945278414501388456720775877,-0.242970094580040714027533859465
-0.046196163332279481997504148239,-0.242890963206727838841520724010
-0.447964419426505491103774784824,-0.241977281957072874595560673312
0.756818928258082953267850775384,-0.240375184488465719485663837240
0.242226889763407715530197720186,-0.235917046128424069639569974522
-0.159793522147784599323347557461,-0.234370157344327278322090339168
-0.561561778242010608429618194046,-0.233456476094672314076130288470
0.643221550024927456972247183768,-0.231854407102333265080150689875
-0.913235697657837549418874478612,-0.229099381513155840786332807770
0.128629530947902598204354310963,-0.227396240266023509120139589680
-0.273390880963289716649190966684,-0.225849351481926717802659954327
-0.675170310092235817546324887601,-0.224952060951618899936259039291
0.940696004789275205467737943988,-0.224505524981541759016905612794
0.529546103016762270080337358804,-0.223448378705409164245673092648
-0.788767668907740934872168296823,-0.216431255089218339416828654449
0.415172374899047218779465881475,-0.216092577433023086974373209431
0.013062260854657829129185384118,-0.214358633292246925665954665133
-0.388705995239568179977085252467,-0.213444952042591961419994614435
0.817778253399964847480677735120,-0.209337350586795122863688267268
0.301485313950345026656887252542,-0.207384716213943156464003915645
-0.100535097960847288196658025104,-0.205837827429846365146524280292
-0.502303354055073297302928661689,-0.204924146180191400900564229594
0.702479974211864768098936716125,-0.203322077187852351904584630999
0.187887955134839909331043843320,-0.198863910351542595944573530804
-0.214132456776352405522501434327,-0.197317021567445804627093895450
-0.615900712870578414628772070912,-0.196403340317790840381133844752
0.588804527203699581207026891161,-0.194916048790928251070107033771
-0.729509244720803623745478764466,-0.187898925174737426241262595573
0.474430799085984529906155413832,-0.187560247518542173798807150555
0.072320685041595140255874916475,-0.185826303377766012490388606257
0.887813342007891169356511571243,-0.185402089523538852758368343267
-0.329447571052630868850395720110,-0.184912622128111048244428555559
0.360743738137282337783576784899,-0.178852386299462243288437856769
-0.853549208112738539750222749885,-0.177361722257588838628938173266
-0.041276673773909977069968492747,-0.177305497515365451970958221415
-0.443044929868135986176239129332,-0.176391816265710487724998170717
-0.951091858279943343075383803135,-0.175316802638383519143206991691
0.761782591480382549634576431741,-0.174793047172856908159373047611
0.247146379321777220457733375677,-0.170331580437061682769007471927
-0.154874032589415094395811901970,-0.168784691652964891451527836574
-0.556642288683641103502082538555,-0.167871010403309927205567785876
0.648141039583296961899782839260,-0.166268941410970878209588187281
0.133549020506272103131889966454,-0.161810774574661122249577087086
-0.268471391404920211721655311193,-0.160263885790564330932097451732
0.953779638422092445037709595885,-0.160050321790255542424107101040
-0.670250820533866312618789232109,-0.159366595260256513065696536696
0.534465592575131775007873014295,-0.157862913014046777375110590053
-0.784271779469210958749311895653,-0.150815390653669721602471458095
0.420091864457416723707001536966,-0.150507111741660700103810706837
0.017981750413027334056721039610,-0.148773167600884538795392162539
-0.383786505681198675049549596975,-0.147859486351229574549432111841
0.835200972122160895803624420802,-0.145913142632581424295430436350
0.306404803508714531584422908034,-0.141799250522580769593441413051
-0.095615608402477783269122369613,-0.140252361738483978275961777697
-0.497383864496703792375393006198,-0.139338680488829014030001726999
0.707399463770234273026472371617,-0.137736611496489965034022128404
0.192807444693209414258579498811,-0.133278444660180209074011028209
-0.901395932911959839407453027099,-0.132235835967618191677390266444
-0.209212967217982900594965778836,-0.131731555876083417756531392856
-0.610981223312208909701236415421,-0.130817874626428453510571342158
0.593724016762069086134562546652,-0.129330583099565864199544531177
-0.724589755162434118817943108975,-0.122313459483375039370700092978
0.479350288644354034833691069323,-0.121974781827179786928244647960
0.900896975640708408926483223141,-0.120946886332252636165569831513
0.077240174599964645183410571966,-0.120240837686403625619826103662
-0.324528081494261363922860064618,-0.119327156436748661373866052964
-0.838392406616946696019134668378,-0.113362299948594974977750176636
0.365663227695651842711112440391,-0.113266920608099856417875354174
-0.036357184215540472142432837256,-0.111720031824003065100395718821
-0.438125440309766481248703473841,-0.110806350574348100854435668123
0.766657887957171584153161903974,-0.109204281582009051858456069528
-0.961371645680927503684229386495,-0.105243826681126228368903783894
0.252065868880146725385269031168,-0.104746114745699295898444969333
-0.149954543031045589468276246479,-0.103199225961602504580965333979
-0.551722799125271598574546883064,-0.102285544711947540335005283281
0.653060529141666466827318494751,-0.100683475719608491339025684686
0.138468510064641608059425621945,-0.096225308883298735379014584491
-0.263551901846550706794119655701,-0.094678420099201944061534949138
0.962452134480658387031997639164,-0.093977121474716751001940212135
-0.665331330975496807691253576618,-0.093781129568894126195134034102
0.539385082133501279935408669786,-0.092277447322684390504548087459
-0.778928689791001925017096985841,-0.085260323706493565675703649260
0.425011354015786228634537192458,-0.084921646050298313233248204242
0.022901239971396838984256695101,-0.083187701909522151924829659944
-0.378867016122829170122013941484,-0.082274020659867187678869609246
0.825916312144108895279851436333,-0.080671951667528138682890010657
0.311324293067084036511958563525,-0.076213784831218382722878910456
-0.090696118844108278341586714122,-0.074666896047121591405399275103
-0.492464374938334287447857350707,-0.073753214797466627159439224405
0.712318953328603777954008027108,-0.072151145805127578163459625810
0.197726934251578919186115154302,-0.067692978968817822203448525615
-0.908008023555156151327218382721,-0.066799340456367475710704328075
-0.204293477659613395667430123344,-0.066146090184721030885968890261
-0.606061733753839404773700759929,-0.065232408935066066640008839563
0.598643506320438591062098202143,-0.063745117408203477328982028582
-0.719670265604064613890407453484,-0.056727993792012652500137590384
0.887135457366107145606492872365,-0.056633005231470086781881635273
0.484269778202723539761226724815,-0.056389316135817400057682145366
0.082159664158334150110946227458,-0.054655371995041238749263601068
-0.319608591935891858995324409127,-0.053741690745386274503303550370
0.370582717254021347638648095882,-0.047681454916737469547312851580
-0.844561797438810952437834006431,-0.047096962516410421177796513067
-0.031437694657170967214897181765,-0.046134566132640678229833216226
-0.433205950751396976321167818350,-0.045220884882985713983873165528
0.771577377515541089080697559468,-0.043618815890646664987893566933
0.256985358438516230312804686659,-0.039160649054336909027882466738
-0.145035053472676084540740590988,-0.037613760270240117710402831385
-0.546803309566902093647011227572,-0.036700079020585153464442780687
-0.966421334831428254222967237959,-0.036565480744175407892850815479
0.657980018700035971754854150242,-0.035098010028246104468463182092
0.143387999623011112986961277437,-0.030639843191936348508452081897
-0.258632412288181201866584000210,-0.029092954407839557190972446543
0.966685142336900348138758881464,-0.028313022348906194003654804946
-0.660411841417127302763717921127,-0.028195663877531739324571531507
0.544304571691870784862944325277,-0.026691981631322003633985584864
-0.781421139102088292515396947951,-0.019537858872165840885928412526
0.429930843574155733562072847949,-0.019336180358935926362685701648
0.027820729529766343911792350592,-0.017602236218159765054267157349
-0.373947526564459665194478285993,-0.016688554968504800808307106652
0.835360802513722942311343096194,-0.015583886024692763061460238833
0.316243782625453541439494219016,-0.010628319139855995852316407862
-0.085776629285738773414051058631,-0.009081430355759204534836772508
-0.487544885379964782520321695215,-0.008167749106104240288876721810
0.717238442886973282881543682599,-0.006565680113765191292897123215
0.202646423809948424113650809794,-0.002107513277455435332886023020
-0.909961472017173839420215775328,-0.001058647376859863582845724796
-0.199373988101243890739894467853,-0.000560624493358644015406387667
-0.601142244195469899846165104438,0.000353056756296320230553663031
0.603562995878808095989633857634,0.001840348283158909541580474012
0.909849754005699753943778810929,0.005089886920764413464950877160
-0.715267072664785539745297216797,0.008894156274921776047472726338
0.489189267761093044688762380306,0.009196149555544986812880357229
0.087079153716703655038481882949,0.010930093696321148121298901527
-0.314689102377522354067788753636,0.011843774945976112367258952225
0.375502206812390852566183751373,0.017904010774624917323249651015
-0.835404056471872736021795719831,0.018032066862586474928477844777
-0.026518205098801462287361526274,0.019450899558721708640729286369
-0.428286461193027471393632162859,0.020364580808376672886689337066
0.776496867073910594008233214956,0.021966649800715721882668935661
0.261904847996885735240340342151,0.026424816637025477842680035856
-0.140115563914306579613204935496,0.027971705421122269160159671210
-0.541883820008532588719475572081,0.028885386670777233406119721908
0.662899508258405476682389805734,0.030487455663116282402099320503
-0.966571526315456862844614075694,0.032422040187962145337838501045
0.148307489181380617914496932928,0.034945622499426038362110420698
-0.253712922729811696939048344719,0.036492511283522829679590056051
-0.655492351858757797836182265636,0.037389801813830647545990971087
0.966337456604334464582199973813,0.038776592645663912403795042351
0.549224061250240289790479980769,0.038893484060040383236576917730
-0.770077495048875793892871589374,0.045246216540406005381436735236
0.434850333132525238489608503440,0.046249285332426460507876800947
0.032740219088135848839328006083,0.047983229473202621816295345245
-0.369028037006090160266942630502,0.048896910722857586062255395943
0.835755291260847905134922747314,0.050498979715196635058234994536
0.321163272183823046367029874508,0.054957146551506391018246094733
-0.080857139727369268486515403139,0.056504035335603182335725730087
-0.482625395821595277592786039724,0.057417716585258146581685780784
0.722157932445342787809079338090,0.059019785577597195577665379379
-0.885913088190483970600960124143,0.060156791221519715934319097815
0.207565913368317929041186465285,0.063477952413906951537676479574
-0.194454498542874385812358812362,0.065024841198003742855156114928
-0.596222754637100394918629448953,0.065938522447658707101116165626
0.608482485437177600917169513126,0.067425813974521296412142976607
0.898601304269307739137405074808,0.069890558722803948570912565230
-0.709833924228751954025136736790,0.074439069010692544780691050507
0.494108757319462549616298035797,0.074781615246907373683442859823
0.091998643275073159966017538440,0.076515559387683534991861404122
-0.309769612819152849140253098145,0.077429240637338499237821454819
-0.824177490908925014847781687837,0.082836533630924408948840227653
0.380421696370760357493719406864,0.083489476465987304193812153609
-0.021598715540431957359825870782,0.085036365250084095511291788963
-0.423366971634657966466096507367,0.085950046499739059757251839661
0.781416356632280098935768870447,0.087552115492078108753231438256
0.266824337555255240167875997642,0.092010282328387864713242538451
-0.135196074355937074685669280005,0.093557171112484656030722173805
-0.536964330450163083791939916590,0.094470852362139620276682224502
0.667818997816774981609925461225,0.096072921354478669272661823097
-0.962132792521534093991379517151,0.098041795824313514640161902812
0.153226978739750122842032588419,0.100531088190788425232672923292
-0.248793433171442192011512689228,0.102077976974885216550152558646
-0.650577531459674994019139833416,0.102975617566267079877456395690
0.961467365775016224246330249444,0.104365744971196902871088618590
0.554143550808609794718015636260,0.104478949751402770107139420325
-0.764644346612842208172711109372,0.110791129276176774114655059398
0.439769822690894743417144158932,0.111834751023788847378439303541
0.037659708646505353766863661575,0.113568695164565008686857847840
-0.364108547447720655339406975010,0.114482376414219972932817898537
0.840674780819217410062458402804,0.116084445406559021928797497132
0.326082761742192551294565529999,0.120542612242868777888808597327
-0.075937650168999763558979747648,0.122089501026965569206288232681
-0.477705906263225772665250384233,0.123003182276620533452248283379
-0.900172276168604788651722538585,0.124362166741583408295734864582
0.727077422003712292736614993582,0.124605251268959582448227881974
0.212485402926687433968722120776,0.129063418105269338408238982169
-0.189535008984504880884823156871,0.130610306889366129725718617523
-0.591303265078730889991093793456,0.131523988139021093971678668220
0.613401974995547105844705168617,0.133011279665883683282705479201
0.903520793827677244064940730299,0.135476024414166335441475067824
-0.705501876619888474519771190285,0.140065954133958295638225271434
0.499028246877832054543833691288,0.140367080938269760554005362418
0.096918132833442664893553193932,0.142101025079045921862423906716
-0.304850123260783344212717442653,0.143014706328700886108383957414
0.385341185929129862421255062356,0.149074942157349691064374656204
-0.834074862049050529515387520765,0.149107680866741752761099337933
-0.016679225982062452432290215291,0.150621830941446482381854291558
-0.418447482076288461538560851876,0.151535512191101446627814342255
0.786335846190649603863304525939,0.153137581183440495623793940850
0.271743827113624745095411653133,0.157595748019750251583805041045
-0.130276584797567569758133624514,0.159142636803847042901284676399
-0.532044840891793578864404261099,0.160056318053502007147244727097
0.672738487375144486537461116716,0.161658387045841056143224325692
-0.953244361150466347944539733935,0.163208125130402238557198464605
0.158146468298119627769568243911,0.166116553882150812103235425887
-0.243873943613072687083977033736,0.167663442666247603420715061241
-0.645653372958723617274303109970,0.168560732878548780612085709920
0.559063040366979299645551291751,0.170064415442765156977701922919
-0.761699491954178624997146506158,0.176494877407521052155049487017
0.444689312249264248344679814423,0.177420216715151234249001806136
0.042579198204874858694399317066,0.179154160855927395557420350434
-0.359189057889351150411871319519,0.180067842105582359803380401132
0.849403601599278591383221317840,0.181272345934627506636990791960
0.949794710795461533911111902146,0.182213368111967395987293160031
0.331002251300562056222101185490,0.186128077934231164759371099922
-0.071018160610630258631444092157,0.187674966718327956076850735276
-0.472786416704856267737714728742,0.188588647967982920322810785973
-0.886875254676497792465061197589,0.188773686727578335523003315226
0.731996911562081797664150649073,0.190190716960321969318790384568
0.217404892485056938896257776267,0.194648883796631725278801484763
-0.184615519426135375957287501379,0.196195772580728516596281120117
-0.586383775520361385063558137964,0.197109453830383480842241170815
0.618321464553916610772240824108,0.198596745357246070153267981796
-0.699994952385783534457304452770,0.205609989724541220577579359948
0.503947736436201559471369346780,0.205952546629632147424567865012
0.101837622391812169821088849423,0.207686490770408308732986409311
-0.299930633702413839285181787162,0.208600172020063272978946460008
-0.816703029642572450274019542153,0.212554072202042176697058432464
0.390260675487499367348790717847,0.214660407848712077934937158798
-0.011759736423692947504754559800,0.216207296632808869252416794152
-0.413527992517918956611025196385,0.217120977882463833498376844850
0.791255335749019108790840181430,0.218723046874802882494356443445
0.276663316671994250022947308624,0.223181213711112638454367543640
-0.125357095239198064830597969022,0.224728102495209429771847178994
-0.527125351333424073936868605607,0.225641783744864394017807229691
0.677657976933513991464996772207,0.227243852737203443013786828286
-0.939947339658359351757878392940,0.227619645116397165784466915249
0.163065957856489132697103899402,0.231702019573513198973797928481
-0.238954454054703182156441378245,0.233248908357609990291277563835
-0.640733883400354112346767454479,0.234146198569911167482648212515
0.563982529925348804573086947242,0.235649881134127543848264425514
0.915691439063022923734003436384,0.238450558161001966803380869850
-0.754842406032327004051638212832,0.241906153653502704941513979705
0.449608801807633753272215469914,0.243005682406513621119564308730
0.047498687763244363621934972557,0.244739626547289782427982853029
-0.354269568330981645484335664028,0.245653307796944746673942903726
0.850513759935956419917529713787,0.247255376789283795669922502321
0.335921740858931561149636840981,0.251713543625593551629933602516
-0.869231139485442729482879833105,0.252132505266062457699934971290
-0.066098671052260753703908436666,0.253260432409690342947413237870
-0.467866927146486762810179073250,0.254174113659345307193373288568
0.736916401120451302591686304564,0.255776182651684356189352887163
0.222324382043426443823793431759,0.260234349487994112149363987358
-0.179696029867765871029751845888,0.261781238272090903466843622712
-0.581464285961991880136022482473,0.262694919521745867712803673409
0.623240954112286115699776479599,0.264182211048608457023830484390
-0.695075462827414029529768797278,0.271195455415903607448141862544
0.508867225994571064398905002271,0.271538012320994534295130367607
0.106757111950181674748624504914,0.273271956461770695603548911905
-0.295011144144044334357646131671,0.274185637711425659849508962603
-0.809181340660894810250792089698,0.278959289430384178636510423423
0.395180165045868872276326373338,0.280245873540074464805499661393
-0.006840246865323442577218904309,0.281792762324171256122979296747
-0.408608502959549451683489540894,0.282706443573826220368939347444
0.796174825307388613718375836921,0.284308512566165269364918946039
0.281582806230363754950482964116,0.288766679402475025324930046234
-0.120437605680828559903062313531,0.290313568186571816642409681588
-0.922303224467304288775697028455,0.290978463654881287961398571313
-0.522205861775054569009332950116,0.291227249436226780888369732286
0.682577466491883496392532427699,0.292829318428565829884349330881
0.167985447414858637624639554893,0.297287485264875585844360431076
-0.234034964496333677228905722754,0.298834374048972377161840066430
-0.635814393841984607419231798987,0.299731664261273554353210715109
0.568902019483718309500622602734,0.301235346825489930718826928108
0.918034384229069024789288896393,0.304178522494432228040605893592
-0.749922916473957499124102557341,0.307491619344865091812076482300
0.454528291366003258199751125405,0.308591148097876007990126811325
0.052418177321613868549470628048,0.310325092238652169298545355623
-0.349350078772612140556800008537,0.311238773488307133544505406321
0.853454222044274328278094370096,0.316630724695384170839338366475
0.340841230417301066077172496473,0.317299009316955938500496105111
-0.061179181493891248776372781174,0.318845898101052729817975740465
-0.462947437588117257882643417759,0.319759579350707694063935791162
0.741835890678820807519221960056,0.321361648343046743059915389757
0.227243871601795948751329087250,0.325819815179356499019926489952
-0.174776540309396366102216190397,0.327366703963453290337406125306
-0.867900355377705770334611099507,0.327937664434765386893555865230
-0.576544796403622375208486826982,0.328280385213108254583366176004
0.628160443670655620627312135091,0.329767676739970843894392986985
-0.690155973269044524602233141786,0.336780921107265994318704365140
0.513786715552940569326440657762,0.337123478012356921165692870201
0.111676601508551179676160160405,0.338857422153133082474111414500
-0.290091654585674829430110476180,0.339771103402788046720071465197
-0.804261851102525305323256434206,0.344544755121746565507072926018
0.400099654604238377203862028830,0.345831339231436851676062163987
-0.001920757306953937649683248817,0.347378228015533642993541799341
-0.403689013401179946755953885402,0.348291909265188607239501850039
0.286502295788733259878018619607,0.354352145093837412195492548829
-0.115518116122459054975526658040,0.355899033877934203512972184183
-0.517286372216685064081797294625,0.356812715127589167758932234880
0.687496956050253001320068083190,0.358414784119928216754911833475
0.172904936973228142552175210384,0.362872950956237972714922933670
-0.229115474937964172301370067263,0.364419839740334764032402569024
0.808689644692752721176476935252,0.364815652857698765052296132878
-0.630894904283615102491696143496,0.365317129952635941223773217704
0.573821509042087814428158258225,0.366820812516852317589389430703
0.894285948137778551095548402742,0.368190639665182421049188348551
-0.745003426915587994196566901849,0.373077085036227478682638984894
0.459447780924372763127286780897,0.374176613789238394860689313919
0.057337666879983373477006283540,0.375910557930014556169107858218
-0.344430589214242635629264353045,0.376824239179669520415067908915
0.345760719975670571004708151964,0.382884475008318325371058607705
-0.056259691935521743848837125683,0.384431363792415116688538243059
-0.458027948029747752955107762268,0.385345045042070080934498293757
0.746755380237190312446757615547,0.386947114034409129930477892352
0.232163361160165453678864742741,0.391405280870718885890488992547
-0.884268860827724057308232569720,0.391637952635059276569301329291
-0.169857050751026861174680534906,0.392952169654815677207968627901
-0.571625306845252870280951171491,0.393865850904470641453928678598
0.633079933229025125554847790582,0.395353142431333230764955489579
-0.685236483710675019674697486295,0.402366386798628381189266867734
0.518706205111310074253976313254,0.402708943703719308036255372796
0.116596091066920684603695815897,0.404442887844495469344673917094
-0.285172165027305324502574820688,0.405356569094150433590633967792
-0.803800733080762797220185667601,0.410312848127685130188513705580
0.405019144162607882131397684321,0.411416804922799238546624666582
0.002998732251415567277852406674,0.412963693706896029864104301936
-0.398769523842810441828418229911,0.413877374956550994110064352633
0.291421785347102764805554275098,0.419937610785199799066055051423
-0.110598626564089550047991002549,0.421484499569296590383534686777
-0.512366882658315559154261639134,0.422398180818951554629494737475
0.692416445608622506247603738681,0.424000249811290603625474336070
0.867193266807203000621976621002,0.428120943400335160031280090846
0.177824426531597647479710865876,0.428458416647600359585485436265
-0.224195985379594667373834411771,0.430005305431697150902965071619
0.801419031374852774446868821265,0.430182256482557195091495323104
-0.625975414725245597564160488005,0.430902595643998328094335720298
0.578740998600457319355693913716,0.432406278208214704459951933297
-0.740083937357218489269031246358,0.438662550727589865553201487489
0.464367270482742268054822436388,0.439762079480600781731251816514
0.062257156438352878404541939031,0.441496023621376943039670360812
-0.339511099655873130701728697554,0.442409704871031907285630411510
0.350680209534040075932243807455,0.448469940699680712241621110300
-0.051340202377152238921301470192,0.450016829483777503559100745654
-0.855605705400378203131904412251,0.450833207583539676040822408745
-0.453108458471378248027572106777,0.450930510733432467805060796351
0.237082850718534958606400398233,0.456990746562081272761051495141
-0.164937561192657356247144879414,0.458537635346178064078531130495
-0.566705817286883365353415515999,0.459451316595833028324491181193
0.637999422787394630482383446073,0.460938608122695617635517992174
-0.680316994152305514747161830803,0.467951852489990768059829370329
0.523625694669679579181511968745,0.468294409395081694906817875390
0.121515580625290189531231471388,0.470028353535857856215236419689
-0.280252675468935819575039165197,0.470942034785512820461196470386
-0.794611558581323470456987242662,0.475437449926749002206404111396
0.409938633720977387058933339812,0.477002270614161625417187169176
0.007918221809785072205388062165,0.478549159398258416734666804530
-0.393850034284440936900882574420,0.479462840647913380980626855228
0.762667391359468086203387639977,0.483323248979741659293504684965
0.296341274905472269733089930589,0.485523076476562185936617554018
0.836089966767628313811508161447,0.486071261899166317044948900132
-0.105679137005720045120455347057,0.487069965260658977254097189372
-0.507447401435517613759585906129,0.487983663822360360079661556136
0.697197490869777370926734371382,0.489595953128493994437699637546
0.182743916089967152407246521367,0.494043882338962746456047938859
-0.219276495821225162446298756280,0.495590771123059537773527574213
-0.621055925166876092636624832514,0.496488061335360714964898222893
0.583660488158826824283229569208,0.497991743899577091330514435892
-0.735164447798848984341495590867,0.504248016418952252423763990084
0.469286760041111772982358091879,0.505347545171963168601814319108
0.067176645996722383332077594522,0.507081489312739329910232863407
-0.334591610097503625774193042063,0.507995170562394294156192914104
0.355599699092409580859779462946,0.514055406391043099112183612894
-0.046420712818782733993765814700,0.515602295175139890429663248248
-0.448188968913008743100036451285,0.516515976424794854675623298946
0.242002340276904463533936053724,0.522576212253443659631613997736
-0.160018071634287851319609223923,0.524123101037540450949093633090
-0.561806109408969080218595408570,0.525038263088095374004049007711
0.642858556241209564727580494516,0.526649088905375468132696081264
0.528545184228049084109047624236,0.533879875086444081777380377985
0.126435070183659694458767126879,0.535613819227220243085798922283
-0.677689486566203224652482922121,0.536221185151088364138010696927
-0.275300192521841417381303697866,0.536525017335306318413543880593
-0.801766065869241932407069303241,0.540816863452222759943575441623
0.801119895396363596500715252185,0.541773584972413730136979675567
0.414858123279346891986468995303,0.542587736305524012287749671771
0.735364762257866293109499976470,0.543158198061429246052312666319
0.012837711368154577132923717656,0.544134625089620803605229307125
-0.388911897568029132390375531611,0.545075637881284019492379609849
0.301260764463841774660625586081,0.551108542167924572807180056612
-0.100759647447350540192919691566,0.552655430952021364124659691966
-0.502527892716690339080273508689,0.553569128076516263278949880971
0.187663405648336657334782176858,0.559629348030325133326610441454
-0.214336924344060590417543169531,0.561205670093119570523925238144
-0.617245365517200854771410842147,0.562147290105001668202795464827
-0.742625715533000487600166282503,0.569593132313463366298042543554
0.474206249599481277909893747370,0.570933010863325555472376821703
0.072096135555091888259613250013,0.572666955004101716780795366001
-0.329639127150409223580457574732,0.573578153112187792108540324311
0.360519188650779085787315118438,0.579640872082405485982746115489
-0.041501223260413229066230159209,0.581187760866502277300225750843
0.679634114950542201186002400406,0.581931464537798871935112375971
-0.443269460194181468420724053849,0.582101440678950757874911623781
0.611156031290173368083317558992,0.584273776316212732604248060817
0.246921829835273968461471709215,0.588161677944806046502176500330
-0.155078500157123279290853637174,0.589738000007600483699491297020
-0.556866842061662246500648249111,0.590622242271578956159376095419
0.546650775997170503994318204683,0.597108367351859536726754843924
0.131354559742029199386302782370,0.601199284918582629956361424878
-0.672262810604478318218841892336,0.601766634081385701596390357417
-0.271862823675248502246167948794,0.605003516184297404135112162606
0.753374977942088601081036390100,0.606413923640032580104477017670
0.419777612837716396914004650795,0.608173201996886399158312174365
0.017757200926524082060459373148,0.609720090780983190475791809719
-0.383956102704933481132907244745,0.610663471690797758543454765489
0.306180254022211279588161241572,0.616694007859286959677742559207
-0.095820075970185968164164104818,0.618270329922081396875057355897
-0.497607669346274036906383059642,0.619219222161485010541802950705
0.192582895206706162262317832349,0.625214813721687520197172944048
-0.209816863081491163113889040820,0.626819873842387141683808718658
-0.611229034296142889634018774631,0.627641247430134362398986167685
-0.730163294651650231444872293581,0.634171323316648523823008711537
0.479125739157850782837429402862,0.636518476554687942342939324297
0.077015625113461393187148905505,0.638252420695464103651357868596
0.646793392430685505739282338672,0.639551558276133074081029644057
-0.326457809891168930868262885359,0.642594663509619228811054575132
0.365438678209148590714850773929,0.645226337773767872853308618083
-0.036561651783248657037474572461,0.646802659836562310050623414773
-0.438316969843773795426530375369,0.647684422669684437853944991980
0.251841319393643473389007364706,0.653747143636168433372739002925
-0.150558438894553851987199508463,0.655352203756868054859374777535
-0.551988539288766405169729994290,0.656210784331330033255982899699
0.710416877779608110499215197479,0.656216095459121684625744826403
0.539548848578490095152713585580,0.662493513328660527136448982102
0.136163464049054109652954515016,0.667013294060453588739188499104
-0.266943334116878997318632293303,0.670588981875659791005674665200
0.424697102396085901841540306284,0.673758667688248786028874676964
0.022696772403688654089214959896,0.675334989751043223226189473650
-0.380818677030009245161886015983,0.679615614488505908121544801623
0.311090141118125190163964245626,0.682299425371491144902545525817
-0.685372289151984025974993466711,0.682331685792409138188444992643
-0.091300014707616540860509976106,0.683884533671348968034940836411
-0.491069560379463635093460510219,0.686963155837158488559718471263
0.600086293208279123066128587437,0.688200953597248275088474717298
0.197480308486988076807825382587,0.690801931592729068617813203147
-0.204897373523121658186353385328,0.692405339533749528554371221253
-0.620435143939255528524117831693,0.692763457410345935360481270387
0.484045228716220287764965058353,0.702103942246050329213501826892
0.664173222562368304931084419698,0.702983381457101394505918223133
0.081844611339281370555020569408,0.704095863116032708314020104158
-0.320879328044240239609105304195,0.708226240629923902690286567150
0.370358167767518095642386429416,0.710811803465130259723871120678
-0.032041590520679229733820443749,0.712416863585829881210506895288
0.256738732673925387934514914944,0.719334261507209981793379262024
-0.145638949336184347059663852971,0.720937669448230441729937280129
-0.546867285093064797756349486339,0.721780803722289404845840784837
-0.438281438156084927891350987062,0.726194123701811157253126989182
0.545467757859948872936635778642,0.727996346858101377213938534649
0.140928209266519960672971567156,0.732988477110619406057736486671
-0.263179610615932539934820554790,0.739792002083771709618861489185
0.430137391076144048692762134069,0.740131390912456306385623015744
0.027216833666258081392869088608,0.740949193500310794386072954164
-0.375303749511194595203365858890,0.745153697020191256523114654583
0.315621581913371607158886854742,0.748633830666370447504617474457
-0.086380525149247035932974320614,0.749469999362711354905503339006
0.606005202489737900850050780500,0.753703787126689125165964269844
-0.602934894119567163593699080882,0.756162163577871757102951328291
0.202394682021139178146708510058,0.756387780830461856638354206316
-0.199977883964752153258817729837,0.757990805225111915424933723847
-0.494079162869686090554239963182,0.761011771586942073539249302756
0.492731852728461802040449359733,0.767297479124622337349405705228
0.086364672601850797858674698120,0.769710066865300279473903584673
0.375242902982470933136761365564,0.776399866779635735171501388922
-0.317770605570759059990608866546,0.777022051790980808119553340101
-0.027122100962309724806284788257,0.778002329277192268081069397882
0.261279799880227385313913916441,0.785682790340429085776625877183
-0.140719459777814842132128197480,0.786523135139592828600499782724
0.553135584234504782409239258630,0.793317546526795797901035337078
-0.550146771896188456391589557725,0.795393131442524425796359846210
-0.438746707081327255843517531462,0.796564183936838869325403672538
0.143888957226449315267802157595,0.801594410451078518362818506988
-0.258433427063176046662773360622,0.805390237038313916942136884504
0.032025737973282991659520821254,0.806763202642181753168900028391
-0.374562695858970757471650558223,0.810919231511688434872128208868
-0.081461035590877531005438665123,0.815055465054073741776065841600
0.427733025607657419825385795836,0.816028665831091546459933996250
0.206401546379579685422002530281,0.822035322486496764549796136465
-0.195058394406382648331282074346,0.823576270916474302295496226442
-0.494814316107829621680867126005,0.830945543792421221582514215993
0.491261783593322791768072395392,0.833050757249790294330417865520
0.352675361582502194201650440574,0.838176567586885682777496429898
0.089550022597881509068648280729,0.838647546227959992057814950706
-0.022313196655284814539633055612,0.843816338419063226863896472109
0.287378915942126012145993703321,0.846052408761082735206704956603
-0.323699696837805418052916264566,0.852615874278711213988147201653
-0.138245648249828166329925445582,0.856711849402728065762086760619
-0.437193429781986140274724794391,0.862654976876158354510183818666
-0.260588048774566051696925331876,0.871124644259711951872889616227
0.167215804735809187128792505827,0.874857025784435291779007975541
0.405587781464906239634876251515,0.877958003380638480587853927539
-0.076794763092189298268662033436,0.880659432833742108374780202358
0.232553612484873463843091965980,0.882382021865105066535762282467
0.043747829568386879709813415347,0.885847268697024287434787235969
-0.197381000808224274018590672583,0.889304957096633902487157399959
-0.377550599541159566019858136152,0.890374780056046237760201415507
0.107433140469120633194930927865,0.902273950131345154844349555115
0.344977939517372300570389657431,0.903494286323986649912426418833
-0.017649885728498588220361928430,0.909426395987710334665594202912
-0.307925646380123978342058875302,0.916784326041367589769167470772
0.282772634330698675750487450756,0.924852064628402461687687863974
-0.243823362138880508198585923584,0.935874923400041786945106065903
-0.110778647383217019403080573064,0.936968848529181699759956430512
0.209790072930869120844133268532,0.944086770097644343905432181213
-0.175001313102436166873103102851,0.951149959042297837980898926310
0.145138438638158142159472085803,0.956162401375111253558857605303
0.079815564196708170483909290374,0.963815947100743352271944619526
-0.051633770019526309354780468058,0.965735811683149926050770431065
0.014123556590496430452117959907,0.967012010950731054042817485321
