   1  -0.001295121700187965166708483738  -0.967531285015573880350236542360
   2   0.063606861672874304655363677843  -0.965439087345744012393850928063
   3  -0.066191294891798430824612709559  -0.965265387129458571493993312380
   4   0.128225730621317724693723278080  -0.958997733469206100980283530170
   5  -0.130789199858584883954567086377  -0.958651521831571331938494867807
   6   0.192263328809301409908453112244  -0.948235303711513031768239544259
   7  -0.217219623403508558827370767862  -0.942833065986802598558680314803
   8   0.272880139288724981541384810100  -0.928253723934540444412436330335
   9  -0.280531070137883379028519101220  -0.925970233753186313815189843015
  10   0.026226346493970075477144086554  -0.908716206930622622464844707864
  11   0.334529914245918653509702702571  -0.907859158079800751333674279117
  12   0.091093129500292457431640397936  -0.905726693690155897439287562686
  13  -0.342598026863462645477785205506  -0.904845371927656307781028793717
  14  -0.045368051295472454883108064755  -0.903759086099363775114657191667
  15  -0.165395847525302145896770841403  -0.903705980815504671826566156809
  16   0.220612189888463150062058853722  -0.889721992842036851343201177223
  17   0.155715395290882972171140556412  -0.887477312188567585342661553826
  18  -0.230754522371271769492246414939  -0.879323704076852555755549519987
  19  -0.105370977540223637232209460648  -0.878934070845722524863074421969
  20  -0.409001613389880099317578288694  -0.876833071544471113386394894216
  21  -0.293426500542950505638080293033  -0.862327948950198282992645278630
  22   0.438824636115269222117159819670  -0.862294319735401075892374667733
  23   0.279435987852318518797762696592  -0.862219382704946059245726061603
  24   0.374155678020880330758094522792  -0.856415680499766313499925128309
  25  -0.006720089091249801954858722159  -0.851577024452303985218055663286
  26  -0.468257595483000000000000000000  -0.846651442502000000000000000000
  27   0.108298636394102014989965250435  -0.843111970805894613525698625470
  28  -0.354781473904213372496136045295  -0.841062959316641088149654706921
  29  -0.178930746493065356561646488480  -0.840196618905554629023435361992
  30   0.497562951565723894642009539995  -0.829788927582696564886817832268
  31  -0.067239847959982832968880764083  -0.826373158589451175775134097511
  32   0.216040018761461614090915929064  -0.824947520532777318178206743730
  33   0.048597869989099523755376678983  -0.817568849795886911394794716494
  34  -0.238771716974794444893823691243  -0.814884918155904154744385446263
  35  -0.524794446991234865617065240472  -0.812840293979574148048109827687
  36  -0.412856190899053773280809863838  -0.812011973339470425125410510653
  37   0.327386346103628856253688865687  -0.811368348366880425023791330923
  38  -0.127065662067282823348357795960  -0.801124306998233082723374921180
  39   0.156333832979879228355494341271  -0.799416977623124712577973423097
  40  -0.301443695146473181039657569336  -0.797889163029249881981481204906
  41   0.439033669988477347069639910421  -0.797359053160785224979908224172
  42   0.554886552967195886200310675681  -0.792602970247916659008178026908
  43  -0.015429604685958012850717952054  -0.787228155943354230307620535893
  44   0.267751410331774827080496548508  -0.785671909396404074989770115207
  45  -0.469068935172904739022602990618  -0.779504129340226082183294834305
  46  -0.186947941096588031963223764784  -0.775757832984606228012271288269
  47   0.096444632013992482336114536134  -0.773667598059634196156539576017
  48  -0.361251147652252631105150034114  -0.772596848681893166556971670986
  49   0.379173218016629627903928613755  -0.772192431814194350414307539960
  50   0.495271014228500051202075351868  -0.764893784748129891499069841814
  51  -0.075286513226313109287637703181  -0.761938046124520963025631681965
  52  -0.596384097675915022548384129891  -0.761869124685415504262538841136
  53   0.208045213964072349404137379957  -0.760141468498681767251790786924
  54   0.609855807713081093024160020082  -0.751128783171209599927565737964
  55  -0.247242339999537478954146753910  -0.750504167260552956247873729841
  56  -0.532859176699432871067385768272  -0.748407439976276424435503084724
  57   0.036623761757622264649788591658  -0.748407033056877573071365223911
  58   0.319538282244775598730736296576  -0.746495992843718000380286324244
  59  -0.417463891926103596846943160894  -0.740089004682648823614855994638
  60  -0.135100771855098026914270201999  -0.736661751570724558677005490580
  61   0.148332599519567986517642986757  -0.734625679966168148254187819731
  62  -0.309777208832044025089664915153  -0.733010662169297735254677962754
  63   0.430898367147147653120243008184  -0.732935056867539532671182972153
  64   0.548683094286123755585071445173  -0.727964362275058813777378452118
  65  -0.023476261633255328121100293731  -0.722793042439542639477711215761
  66   0.259832089926369062420510945263  -0.720965557298784120602000855760
  67  -0.646144723511647893006934442628  -0.720149672906745577189701698601
  68  -0.477282660312765102310364405752  -0.714823465128158461513023251907
  69  -0.195039312300135792587346037644  -0.711328319154972459480642924566
  70   0.088410487469446492050494074992  -0.709230923240755523073337586052
  71   0.371263485319469416797675288930  -0.707238492706636172117543773967
  72   0.661717963878638791788642753072  -0.705841395279829642131253837425
  73  -0.365989953105894990831458041933  -0.700502818170053392312562286406
  74   0.487135717481873321702666761331  -0.700469799012319874703783882845
  75  -0.083303746026355742528576780828  -0.697499261154853715572432518188
  76   0.200119578475961809473730175926  -0.695449904915167634295483363646
  77  -0.556882386174824901668627627786  -0.688079022569734045187705607981
  78   0.599135502849842013985107995903  -0.687084208038605405836544128490
  79  -0.254837747169048301066068982237  -0.686014305032401820463145780849
  80   0.028578378528138924020612186543  -0.683971750340556032057933391589
  81   0.311557246805596700520910056844  -0.681708162346815754426844492234
  82  -0.692994868776286723552417190409  -0.675186394234491140080550525287
  83  -0.426192560469657444735842337445  -0.674743117845508054353695864113
  84  -0.143157812446841823082643563571  -0.672227925730545445411634327265
  85   0.140298292461441712356027346521  -0.670188789162438968145932353797
  86   0.423478450881915552537246112885  -0.668223904829878149766563407679
  87  -0.616511783270463466878019972149  -0.662369733542473450434880511210
  88   0.539316261633527173701027091340  -0.661819787986268744257023064036
  89  -0.314667062542994969825029954563  -0.660720995128051421494946709081
  90   0.707587440808728458842584933398  -0.659877692242578197262480301655
  91  -0.031493500129945283103851694081  -0.658354261979607152233668730383
  92   0.251844659179424826770733901861  -0.656192439809829913496867909163
  93  -0.486546944177838012945698420586  -0.650114850802656764592572367168
  94  -0.203015774352998164650191130888  -0.646884478538542578924810337748
  95   0.080372826309592037074771301465  -0.644794686980744664864234926234
  96   0.363520380728579985186293950584  -0.642766191158132521093457739813
  97   0.645323975835168175306742667505  -0.641441492260944164907858907559
  98   0.479617729239284796136649580627  -0.635589296559220754642921670082
  99  -0.374496970017103715170909166879  -0.635446827078586977730625994614
 100  -0.091354458269664085795297869379  -0.633064654206009386282713031212
 101   0.192023789400832455235073079197  -0.630931872489709181975231355085
 102  -0.736722091535904800219733700849  -0.627180455739511805980287495626
 103  -0.546025127856796349951570369671  -0.624057522414769144533989714447
 104  -0.262856984845502611652491199542  -0.621575773334627183443031559615
 105   0.020555081485499317946635331324  -0.619526724173341696767578621456
 106   0.303798171888039441817179600098  -0.617237785947776529057473890692
 107   0.585504734618853335022661762942  -0.616177072208607503328337843105
 108  -0.670039408440252312943382289974  -0.614443663138191873347172459654
 109  -0.434495067996776376840857758635  -0.610340471090590407963413703595
 110  -0.151168664370638099463402490736  -0.607788315689784888311294921574
 111   0.132201657342180898311422302100  -0.605674298254762853498616621839
 112   0.415447343353063889842611017488  -0.603766298738688808754018010539
 113  -0.606250798584881199621913597459  -0.598249964878208783156226014167
 114  -0.322700064277786561320775810044  -0.596284177830753083749476823928
 115   0.699557449777775564613749070443  -0.595440499687972072110659222573
 116  -0.039544128175636816871279862994  -0.593919644510838891608921882229
 117   0.764449860876246886349423777847  -0.593072478973627072760518735859
 118   0.243810401932386456357666130384  -0.591755613061539357464534004943
 119   0.526011189210653234571711202824  -0.590154954788247496865744125647
 120  -0.494234134839900878453210890685  -0.584887054168902393320620184151
 121  -0.211035255872772996598741877006  -0.582445977187017022779722421445
 122   0.072346581726360463092328759657  -0.580356926585436664058268046154
 123   0.355732095114164205653534221506  -0.578257019426073165095497979356
 124   0.637293984804215281077906804549  -0.577004299706338039756037828477
 125  -0.777320013823654158654937836590  -0.576100816887834879575331814387
 126  -0.382631260116394574803075117007  -0.571022717733408861137732703130
 127  -0.099371329036311386269503437216  -0.568625827962881666747100856670
 128   0.183986372226798156932926032380  -0.566495530476851936697347799017
 129  -0.713187942884506078992291270525  -0.565917005355179273634936337302
 130   0.466663874784971338048069526021  -0.563801040264294505208851432702
 131  -0.554055163971359003151279672705  -0.559620335478378210070883689277
 132  -0.270889986580294203148237055022  -0.557138956037328845697561674462
 133   0.012504541441907009080378010044  -0.555092095709424193397210487681
 134   0.295764028447017608244081075280  -0.552801110982128999234133946692
 135   0.577800443950067498180122760533  -0.550982171874194495595248884972
 136  -0.442436553517993955426282326735  -0.545725298469278684662986022345
 137  -0.159188147854196837929560513572  -0.543349814582655622814340252733
 138   0.124168580254057818350919010403  -0.541227487426768620120749062378
 139   0.802509620226885561616464352110  -0.540459863961179317619581390305
 140   0.406935781449467005331543891742  -0.538321883944238421198716521318
 141  -0.620535901176536896369042884661  -0.534905127801913112330111341459
 142   0.733731020534000000000000000000  -0.534811843596000000000000000000
 143  -0.330834354100839384437193837053  -0.531860068451180359648660471717
 144  -0.047561083105305461431624832598  -0.529480828771160430377879650748
 145   0.235773069285970028056282303936  -0.527319301317298089508631203520
 146   0.518453327255318694826601341052  -0.524627812077446655706055941750
 147  -0.814212370815102108141637599824  -0.522663128540638080427738192246
 148  -0.502269224014394851241161589738  -0.520443186998042448573315735468
 149  -0.219068257607564588094487732487  -0.518009159889718685034252536292
 150   0.064305289972130232593308327279  -0.515921143303164694174261290174
 151   0.347116521634566942782549970515  -0.513057507928313280033697555250
 152   0.634688733076000000000000000000  -0.510805816051000000000000000000
 153  -0.680440410154152448346000075265  -0.509843556733295951315338690762
 154  -0.745307049475820529889801074765  -0.506851627023360367925926690900
 155  -0.390639758561765692511567652977  -0.506562502699070739030639170710
 156  -0.107391093792683727538756876221  -0.504187361507991630703357279839
 157   0.175955279558966186524274208631  -0.502051342703486134894270746352
 158   0.458725054765230118963246716318  -0.499149075734639165372647246273
 159  -0.562600935379311769375671682281  -0.495249516535944457856256889270
 160  -0.279023118429771965927916389786  -0.492714700460755969009425911952
 161   0.004487498503577690645673645624  -0.490653290919130674310432145527
 162   0.287295798179892584858609299815  -0.487796593641003158212616410536
 163   0.570583235856075180192550610996  -0.485909532550156887606168627541
 164   0.693745432232000000000000000000  -0.483495013664000000000000000000
 165  -0.450466592484462332930645380047  -0.481288111888286723682975604177
 166   0.776571516191499173204539815127  -0.480929642230313546155083280531
 167  -0.167221479109872690478582385469  -0.478912560297326457778501107061
 168   0.841422990480239234925866068558  -0.477625278017116447637018079066
 169   0.116126322798028801829757624784  -0.476790425226178561354977899811
 170   0.398905798915275762310150028896  -0.473884690330789095585186958366
 171  -0.622425209102909043244890457129  -0.469997015398023886669150069081
 172  -0.338828875911665248186351110935  -0.467418346311506429516883373894
 173  -0.055580847660703534137303763554  -0.465042362644532682043006868268
 174   0.227478024193638247860929582375  -0.462528699502569748170092324998
 175  -0.791894645877463738222696892446  -0.461616370841990379347206319377
 176   0.510654621539000000000000000000  -0.460156878458000000000000000000
 177  -0.510819491022978473376728130142  -0.456066426297315631414157532802
 178  -0.227201141141020796285269923817  -0.453584872965393260755236629969
 179   0.056286296731539872531852696687  -0.451482483376245932795979745665
 180  -0.855964340586975665703688513161  -0.451047228960715896959737217337
 181   0.339086539100375699761156107668  -0.448620314314863954420167992298
 182   0.622547179857114181387772842155  -0.446968794702326451633546412638
 183  -0.682604213524874651189696299038  -0.444944015169048964660165881982
 184  -0.398669799818249613031618806797  -0.442125313089299652696259039536
 185  -0.115424113861814772782330079976  -0.439750518807691971352005215638
 186   0.167654372437203322972551901129  -0.437274593644789541551577278190
 187   0.450698091841413881703175879989  -0.434711505897654697838200788171
 188   0.733753315104005978051694804807  -0.432111262536723064041978001283
 189  -0.570643764746575747245946904990  -0.430813925159395060227050712613
 190  -0.287018717468713445302762733256  -0.428273231387766570984243428419
 191  -0.003532266077055580417309308901  -0.426214824795643602062727379699
 192   0.279267280589588353724405143391  -0.423355935211150231015344238655
 193   0.562790752829716436960776224630  -0.421443186690006865787387724954
 194   0.871565554945782486310888341818  -0.420109555403928840583549409913
 195   0.798269545292399063452508390867  -0.419726456063956136628026995603
 196  -0.742599182697166588257919427995  -0.419348299557431641256131897168
 197  -0.459012368483424076268710202717  -0.416917293555348463669294092874
 198  -0.175359891880914197918894322518  -0.414480695209681096162844418420
 199   0.107839607532499285891732547920  -0.411999553561887262800151059863
 200   0.390878189627169032495982662630  -0.409447201014444114818139219841
 201   0.673818968451557563647635854815  -0.407121131852376563080011838276
 202  -0.630674173638216768659505569134  -0.405587488739525561884331774475
 203  -0.346858916977906204550771237727  -0.402981156953539363253423614588
 204  -0.063613848610645592611586618997  -0.400605545249391253779236480155
 205  -0.812776176980000000000000000000  -0.399614288444000000000000000000
 206   0.219448043992268268498202164331  -0.398091504222299278346182456338
 207   0.502622326330828048061767252670  -0.395717633114218201141513714850
 208  -0.884291382853034259231871377521  -0.392615976905557084054447310099
 209  -0.518863011263224259329950523649  -0.391629921931381798377096326769
 210  -0.235196988866980939910729017403  -0.389143434748824653710012038011
 211   0.048021153708519018541350976249  -0.386732202685544373682174965210
 212   0.331058819652582487088221435740  -0.384182838722285891268886440261
 213   0.614095851432303041930338300651  -0.381630313235058643227021335551
 214  -0.690567208644681146022548192334  -0.380498509127133916933460367033
 215  -0.407215681705575519176948947714  -0.377754354708601793159301609832
 216  -0.123555574155512230884496878907  -0.375326052230400137148568105343
 217   0.159628941766719286934637160519  -0.372826755080344754377639710297
 218   0.442668045216829061178197269631  -0.370274320270017675148275941541
 219   0.727009007375975331259494395003  -0.367526846045233438836294576740
 220  -0.578892729281883472660562016996  -0.366404398500896735442232418007
 221   0.832773767164513535017262596245  -0.364716530941054273172308665032
 222  -0.295048756436673247927001164955  -0.363836044806960468550590329211
 223  -0.011798265503413578314371440129  -0.361467611124886121838347887352
 224   0.897782258034143468063806710730  -0.360701500230801899248010566170
 225   0.271239533600103093239072724586  -0.358918463049764342961649059133
 226   0.554276499376287254715247869265  -0.356366155622444467937305415783
 227  -0.750801578638226566213487682996  -0.354932825941982272483047226851
 228  -0.467055198733564616591829927972  -0.352481702288999434939885817997
 229  -0.183362020494657731463063497093  -0.350031178432973689439294125670
 230   0.099810739862526548282411334974  -0.347559874362183218919408126121
 231   0.382848786183840805520107105872  -0.345009935238956404523279299081
 232   0.666043742197000000000000000000  -0.342642809088000000000000000000
 233  -0.638865887409919738449292268212  -0.341170655801549925334695824366
 234  -0.355404697650102207256502921663  -0.338610332540714379976019842006
 235  -0.071745233588495852006703277086  -0.336181069166006903832407192453
 236   0.211420277205227078832862939055  -0.333654017639623504651981160343
 237   0.494457348745227773243534470814  -0.331101521090055383447789436942
 238  -0.810642776245224794895491516821  -0.329720455778969822308087484523
 239   0.778891120062465676644089334009  -0.328477147922675711044609411161
 240  -0.875562172973149704302740349730  -0.328269777055453295284368753804
 241  -0.527111975798531984744565635654  -0.327220395272883473592278032163
 242  -0.243227027834940742534967449101  -0.324706248168018551276358938803
 243   0.039991118566231061775063334554  -0.322295015627990477009939530932
 244   0.323029526037836662451277240992  -0.319745559261365344865589169840
 245   0.606072447139965482652272039041  -0.317192225478115127000742024264
 246  -0.698769604585741123978116447334  -0.316083035511684548160375696716
 247  -0.415258521421103790981520145248  -0.313318750923386335145757715286
 248  -0.131552825630805323437253014575  -0.310884788205572897351287493186
 249   0.151601306056081880842914480514  -0.308388841779067229716780101526
 250   0.434638098615617152082240197044  -0.305837122141977266589031158887
 251   0.717682846382746193805130055507  -0.303264452210231133635637534866
 252  -0.587077330066206948397507713619  -0.301986661422683389372942231600
 253   0.919955009784667351358368597344  -0.299668708879871446795394979445
 254  -0.303594532507962917803548667081  -0.299465226483624358662328621864
 255  -0.019928688233262487414611620784  -0.297042262571756566361415074301
 256   0.263210267373999033519878506104  -0.294481180176051273550615189416
 257   0.833722398117000000000000000000  -0.292076796950000000000000000000
 258   0.546246582071774674953452195558  -0.291928713678957012155628121722
 259  -0.758889414210263107109298126646  -0.290500281654486932592976940780
 260  -0.475304163268872342006445039977  -0.288072175630501110155067523392
 261  -0.191392109242132173110485121545  -0.285593925880106785665370545440
 262  -0.924443152046707582646590932781  -0.285523052910941733009305192843
 263   0.091780704720238591516123693279  -0.283122687304629322247172691842
 264   0.374818842759927927807102768361  -0.280572736751705817780208634745
 265   0.657860697604973258907327651538  -0.278006917574274061951534174906
 266  -0.646962631596991117882132130318  -0.276741816964848104783298366506
 267  -0.363447534831589982340889476975  -0.274174732109552321071732797992
 268  -0.079742560489638687904681074617  -0.271739814501678493506895977457
 269   0.203391037397542439125376511739  -0.269216705408224383681525589823
 270   0.486427330536602750853468133427  -0.266664317805625805493867075833
 271  -0.818873696976000000000000000000  -0.265217039549000000000000000000
 272   0.769564959069236539189724994513  -0.264214754087673405843952369287
 273  -0.535230799627668690115448030266  -0.262794335018449065259270703812
 274  -0.251772803906230412411514951228  -0.260335429844682441388097231456
 275   0.031890908133566916884479980342  -0.257866612487580967703962362436
 276   0.314999582946332736589579980511  -0.255308360732691091614259500500
 277   0.598035814145913340976195070562  -0.252755860974866780849853174228
 278  -0.706855674472871010671501673285  -0.251652856138528817082067916914
 279  -0.423507485956411516396135257253  -0.248909224264888010360939420680
 280   0.882449199611414946387839417016  -0.246659778089630757594116036153
 281  -0.139582864536528448760331942155  -0.246447601617010979238575306519
 282   0.143571209145604757325414513235  -0.243951573053912652472856480312
 283   0.426608072895978724496495201101  -0.241399933320487307300969534963
 284  -0.878586875839225320324332394767  -0.239546597277001580848377289890
 285   0.709652806836550546834146364978  -0.238827265701483678994238603966
 286  -0.595181194050104167696458314939  -0.237558717727365404595772253743
 287  -0.311637362764395458828290274743  -0.235029635218060695483270178714
 288  -0.027927762356521837972860529074  -0.232600841154119649071549464381
 289   0.255180324435845397531430521341  -0.230043981628267032327677686950
 290   0.538216550956607744148457147646  -0.227491492948629525088477152279
 291  -0.767012449861381627026855297736  -0.226074752304025026609861233290
 292   0.821261123793445703496127697485  -0.224919218805863043498619536363
 293  -0.483327401060726229858270917563  -0.223634141864626949025196897047
 294  -0.199939536882749901121622866427  -0.221220918855164257821329554744
 295   0.942005387633385828389396617128  -0.220781350614835790528637184018
 296  -0.942277363055000000000000000000  -0.219399406215000000000000000000
 297   0.083681377572364562833949366945  -0.218694173120083038189277034000
 298   0.366788807619956238660586039741  -0.216135549693863272406310183325
 299   0.649832630485060018812218660554  -0.213565059907983691089782614623
 300  -0.655085667248109637799689301408  -0.212316287614386198800182659017
 301  -0.371696500354793033438155196689  -0.209765204143476704048071373807
 302  -0.087772599395361813227760002197  -0.207302627913116575394183790790
 303   0.195361002228882888168855950930  -0.204779518312454327336731352948
 304   0.478397290838380308114217459303  -0.202227117650902183701118677698
 305  -0.826700672896871435357267089095  -0.200502334132444248525605604245
 306   0.761442027892816172988525071149  -0.199654454688463129157815857407
 307  -0.543134740252484180676449450132  -0.198341559571025838821266229407
 308  -0.259815634162662953436256558890  -0.195899838579118778209038788307
 309   0.023862359668929135273144673966  -0.193429221314426155043573690726
 310   0.306969547806361047443063251891  -0.190871173674848546240361049080
 311   0.590005775682344863400804860930  -0.188318674331204398044877545204
 312  -0.714978710123989530589058844376  -0.187227326788066911098952209425
 313  -0.431512601740932519156671338141  -0.184468936699165713494577287009
 314  -0.148118226730315607555148881158  -0.182075401619671756451519276459
 315   0.888703361771246473880033601984  -0.182026056272338645095463011578
 316   0.135471911520911741776527291736  -0.179523037747281641193429786032
 317   0.418578030983069644843001114193  -0.176962741730658496443730331992
 318  -0.893550247967796006828001905137  -0.176358544333280606143874454613
 319   0.701622767889760733130981212978  -0.174390079118039413028309745747
 320  -0.602959700082524147074120349387  -0.173090683910750701164784822518
 321  -0.319843541076674373180762862331  -0.170614643346729576273034145608
 322  -0.035957801538386522432380621311  -0.168163654199983015679246121639
 323   0.247150289295873708384913792721  -0.165606794570424486953779235530
 324   0.530186512493039266573066938014  -0.163054306304967142283501523255
 325  -0.774814770650266374295657677006  -0.161457671394339891177456076295
 326   0.813231503389420795746544229335  -0.160481980065800338577751128797
 327  -0.491327051863038160454201154722  -0.159193175645011332065342727812
 328   0.954693134920289413773960874365  -0.157097336851095665521441518229
 329  -0.207982367139182442146364474089  -0.156785327589600594642271111594
 330  -0.954977147000000000000000000000  -0.155200062129000000000000000000
 331   0.075651958182543190820327367223  -0.154256909331659095209270370988
 332   0.358758769148985522609388376450  -0.151698363040414609466572122253
 333   0.641802644517910417415016892350  -0.149127747870643051873758383402
 334  -0.662784171620335540071641517200  -0.147838651408431892424719959648
 335  -0.379689891532042650109204289822  -0.145323461167638139587050646440
 336  -0.096299383235417212474516897387  -0.142929291059870098111700342944
 337   0.187261721608489883707280183890  -0.140350998168934975074019969391
 338   0.470367252479681660114338626789  -0.137789930758936191419211976951
 339  -0.841602395108089260370002915819  -0.137299658763405706030384204038
 340   0.753411988829613576723198061767  -0.135217267951112948467938241086
 341  -0.551178074377191462197462918406  -0.133906031200142665596088508598
 342  -0.267931031813370760417898626803  -0.131473346658112733247709818103
 343   0.015832319773411368207484310405  -0.128992033416744687828241436293
 344   0.298939510524680075875117481729  -0.126433983785514976485589057134
 345   0.581975736777140148387937735373  -0.123881487742577876631177490126
 346  -0.722677214496215432861011060167  -0.122749690582112604723489510056
 347   0.865020724445685548386348875154  -0.121309169052778633893407030781
 348  -0.439530328761946608716566663837  -0.120030159932435011494911238067
 349  -0.156126559169031913520453208718  -0.117635513725390196661556336041
 350   0.127442347851860466740351924653  -0.115085643355476434211190800595
 351  -0.905920287865000000000000000000  -0.112608876842000000000000000000
 352   0.410547992519501165335529313883  -0.112525555086996113879527000705
 353   0.693592728751478096203114027826  -0.109952892558458616724472789188
 354  -0.611003034207231428595133817661  -0.108655155539867527939607101709
 355  -0.327836336988596095268572984711  -0.106172826536626073564340285466
 356  -0.044470516278775383426356155397  -0.103788336597808452423451588069
 357   0.239051473189862009973085504950  -0.101178216144716718708129545694
 358   0.925955023293016457287911303354  -0.098867160135109564375354413990
 359   0.522156473587834551560199812457  -0.098617119716340620869801468178
 360  -0.789475146214000000000000000000  -0.098158160604000000000000000000
 361   0.805201464442629545158454649144  -0.096044793482356251673673307058
 362  -0.499370385987745441975214622997  -0.094757647274128158840165007003
 363  -0.216009141295333050102253417661  -0.092347734238182482653279338075
 364   0.067621919277175995044012785913  -0.089819722743052821837437403409
 365   0.350728734009013821643119555351  -0.087261175982572065565627860518
 366   0.633772888114680274251813649178  -0.084689891816965477033961043423
 367  -0.670952398212189671206735183677  -0.083418836020457533377186894053
 368  -0.963914454456000000000000000000  -0.083296681064000000000000000000
 369  -0.387703652062478413036848997243  -0.080884187622715473438579961788
 370  -0.104285762812890501991296967117  -0.078486678748441501464358862637
 371   0.179232255583020929670154543013  -0.075913740191672193472279169218
 372   0.462337213601047305651628513447  -0.073352744107398188137665747000
 373  -0.849590962533000000000000000000  -0.072835241876000000000000000000
 374   0.745381944684940787257283587624  -0.070780074772731929228498978946
 375  -0.559224954528545226430715803069  -0.069467236311049261221160836753
 376  -0.275947114375836568455351096642  -0.067034422391577195596437448774
 377   0.007347869804453437377697170432  -0.064613103253213539406597351497
 378   0.290840802332277301415982852722  -0.062005391765162044168766361538
 379   0.573945697871842618758309531322  -0.059444301153962921597436349178
 380  -0.730845441088069563996104726645  -0.058329875194138245675956444461
 381   0.856990685382444066835334775988  -0.056871982315379122836700549511
 382  -0.447552281494345263326154005808  -0.055591966175659575839269361812
 383  -0.164146263816104677381745069173  -0.053197040142830138550475763046
 384   0.119412305844177627036537941633  -0.050648452665135921521602051300
 385   0.402517955090559961959218754915  -0.048088365002974139823766606814
 386   0.966339939053298126986662002085  -0.048017468697387701021612505163
 387  -0.909536676943000000000000000000  -0.047758450011000000000000000000
 388   0.685562681377951247369885678361  -0.045515707025138762307034472547
 389  -0.619070829259823853363621536824  -0.044222685284056784513958284812
 390  -0.335838267147573467434454178517  -0.041732143315485258740968787696
 391  -0.052470875850852634532125611020  -0.039347413463948433750860882367
 392   0.231021542375079095193741888953  -0.036741016086160707853928109151
 393   0.514126434682537021930571608406  -0.034179933127725665836060327229
 394  -0.790763866418000000000000000000  -0.033215265776000000000000000000
 395   0.797171425304283870722318056502  -0.031607606922783310983739001750
 396  -0.507384292255219799631012070427  -0.030318452317854021791319763745
 397  -0.224031739510462838747730531241  -0.027909620841255914162748663592
 398   0.059188867047174937714786083545  -0.025434039781988836798747263502
 399   0.342630025837163652945635565860  -0.022832583989391132226012235212
 400   0.625743175732898518083429562157  -0.020251913076919590913517772726
 401  -0.678901437805485808211779536990  -0.018971607144261612341200584027
 402  -0.967323785337000000000000000000  -0.017945074162000000000000000000
 403   0.908860444814577920019931677468  -0.017805876843638890170230090866
 404  -0.395717875606935642696774415170  -0.016444940611147869984092357917
 405  -0.112303225358764694788024290435  -0.014047926164285471099252479522
 406   0.171202216677725767534229783408  -0.011476553603056943406002419989
 407   0.454307176172049678238161849875  -0.008915554023301617522161187043
 408  -0.850555253085000000000000000000  -0.007877135174000000000000000000
 409   0.737351872627374276442262421252  -0.006342856605399632386332212427
 410  -0.567233594356520070116795308663  -0.005027363490079887817728180737
 411  -0.283956162511376125260367557917  -0.002594623445280184953048398795
 412  -0.000630289362938891792377001716  -0.000169418932688356627673061700
 413   0.282810763456570250725207485844   0.002431794893509911654254632168
 414   0.565915650798470601004642539747   0.004992884416761692932770799478
 415  -0.738862580540425188461766744168   0.006108917588455485439086078315
 416   0.849096034457678147405648272126   0.007588075607388243779619918941
 417  -0.455553337722883740642548721976   0.008848825559888930003008736983
 418  -0.172172533244068329313909151522   0.011240616078872300134694563089
 419   0.111047493992364012828097526315   0.013746131446886492164465085381
 420   0.394419246994120673940837638491   0.016340226999685981153203870017
 421   0.967384419979342709532029546079   0.016909733613136198723360791567
 422  -0.910467648512000000000000000000   0.017173564579000000000000000000
 423   0.677532469859587879371426247369   0.018921477209033421354877723854
 424  -0.627120430366378105735999041788   0.020212060484836659068569050761
 425  -0.343880321177983250876565044120   0.022703544833618423600257286238
 426  -0.060449016018802764160617919523   0.025096219423537911401512850041
 427   0.222991503469783933057817129348   0.027696170502454542212348640078
 428   0.506096392287983257312232781216   0.030257263521185741246669939665
 429  -0.798853322030000000000000000000   0.031420642916000000000000000000
 430   0.789141377930410679496886629723   0.032829578610493382861214749582
 431  -0.515384019073344406955035309770   0.034122504465172942511616969554
 432  -0.232059410551868132945241979119   0.036527860781845665687612437254
 433   0.051228650085015871130849270401   0.039011809472962610817324511925
 434   0.334599987007333428032266339481   0.041604602608628413885339591194
 435   0.617691826653697593162969738440   0.044182936140192480227296468590
 436  -0.687074474492752759195914172113   0.045447598156527060442483011638
 437   0.909904925740622502565299221462   0.047121325466885009574743205864
 438  -0.403686460626645699799773024705   0.047999910642812467602873413989
 439  -0.120252005603732080170981430923   0.050399334699879944624529430285
 440  -0.966214403521745491628466051403   0.050479606670709960555468968490
 441   0.162982658552659268122262883267   0.052936732328536581122528547836
 442   0.446208468075610390219780733451   0.055513037979358503454809289788
 443  -0.858895297194000000000000000000   0.056754427106000000000000000000
 444   0.729321970954111997728874034161   0.058094347084660589149089289902
 445  -0.575232398593966200347919790538   0.059413707815785169203036688873
 446  -0.291996827190018452975161449113   0.061841238090065213477040833650
 447  -0.008590506325097958376313814861   0.064276430322263090988398713727
 448   0.274780718690104098979592183715   0.066868989231005708883995171699
 449   0.557872552915028275001609970684   0.069447335363413898291436732118
 450  -0.746967443367506985535173199283   0.070536735639595154887564066373
 451   0.850140594898425724596986324207   0.072515366091823332652985345757
 452  -0.463492890739819330349030076325   0.073297223819022104133406432482
 453  -0.180057814216015104483403498858   0.075695677045952496474091585707
 454   0.103163253022084289608464919535   0.078201319636815265522219460360
 455   0.386389208088823144311209434441   0.080777413588300936186945010965
 456   0.669480853789432517286034028039   0.083356003528522981698469098101
 457   0.963882930008842616056254868127   0.083953870352742838509747895071
 458  -0.635176480834757883748065665998   0.084646000230342590172749746465
 459  -0.351795215194782102854796672849   0.087154976105386257852674018011
 460  -0.068409232980961830744554732668   0.089542068678489359017584625468
 461   0.214773807550125163657539472807   0.092109694036325863778414992968
 462   0.497997684191543969293851664792   0.094685855523845862223640416496
 463  -0.806757565525000000000000000000   0.095877090570000000000000000000
 464   0.790310744491126423630449088646   0.097754651749637791576816845317
 465  -0.523307398186504113698951382111   0.098572893166139793029223169817
 466  -0.239863319496042826432406430571   0.100992824486695459041203189099
 467   0.043343006042977455744866420615   0.103466826021861541469235764852
 468  -0.929051369060494779034520550204   0.103729440233259370066287653556
 469   0.326569948102035898402638135430   0.106041789197243368919080732142
 470   0.609661580981168618257931091386   0.108620401521695391590772353189
 471  -0.695001182347459309468482055192   0.109897577542580431419792156972
 472   0.905264199217943133815426357924   0.111890887744379762060776587091
 473  -0.411600940300679733485879917041   0.112451392796180151891695471396
 474  -0.128212110831151114039366688479   0.114845197755975229920258870223
 475   0.154954587460908133358442238557   0.117374164111797160706562900534
 476   0.438178424204756723385280365782   0.119950231132788294955776137673
 477  -0.866527697563087707635261230688   0.121263218994303323157567692536
 478   0.721270024571949380523768804437   0.122528881006899173175659760900
 479  -0.583115191365878415833355295995   0.123869073134675880650217254068
 480  -0.299656040866111771702394985387   0.126323553387676201517597958977
 481  -0.016489601936158917948471241199   0.128729808148041287729021645545
 482   0.266566165262805477504154642407   0.131282913597299581243391713016
 483   0.549773840808784748854937558472   0.133875932663646503461391784490
 484  -0.754894151222213535807741082362   0.134986715025648525864873211707
 485   0.842291270129810081425458430548   0.136974924691873670616374016762
 486  -0.471406218761332779110024683296   0.137748847381974348982112145306
 487  -0.188017856463364913063069440384   0.140141547881072547500614012124
 488   0.095133123639838369466878131765   0.142638494950301514981247103923
 489   0.378359164217969477476709066771   0.145214606741730727687911858850
 490   0.661450766057700813563954894301   0.147793260102417655828701709974
 491  -0.642951480351463276285521765945   0.149114457035138235030831516430
 492  -0.359454549404176999700187648021   0.151637277085929469426213480276
 493   0.955264697370765648187508103686   0.153583570302217118373075339454
 494  -0.076330424684542160892467744192   0.153992726256761600578779811107
 495   0.206746797903831522477870254633   0.156547258053092355816478030661
 496   0.489954514760162101417946799548   0.159140395550343791947858693855
 497  -0.814673342313239815899981936884   0.160349921892883076537114726521
 498   0.773889223770981764200969961033   0.160579536926726898615208153937
 499  -0.531220706619656825514105724076   0.163024519134135085703252897221
 500  -0.953554943283208810969765659225   0.163864350149118688662327905714
 501  -0.247823259502928186698858537120   0.165438707949980814681356937193
 502   0.035300006234851815309602805463   0.167902396123809594966908444850
 503   0.318368708768348003126149834552   0.170457410079667078596320301325
 504   0.601562871877928548152647851133   0.173048994851785806989998202047
 505  -0.702776260862201039108245768897   0.174366024820036808154969699151
 506   0.894280963868809376359246243289   0.175890896193926935876296990761
 507  -0.419260236700830534454843559575   0.176933765127779567166283065439
 508  -0.136178334860690260430696791475   0.179290304746248464003534315327
 509   0.146922606915238841110420414211   0.181811108707196475718468478469
 510   0.430134759965485647665778601467   0.184405424866214381393221244807
 511   0.713240013454849513617290877207   0.186966078673614313681519362964
 512  -0.591026416022568671224063790378   0.188320954912541351480571332727
 513  -0.886314274098961463023607842664   0.188555523623027033828065559273
 514  -0.307633014799616225098084923532   0.190767330644605838002119459652
 515  -0.024532715867397290752049295549   0.193165364004770654367488302412
 516   0.258549436885709197423428509233   0.195721757522407596930548352051
 517   0.541743611874900017902451424224   0.198313370422273237846749667624
 518  -0.762669229736955265447504796067   0.199455162303104902600050753886
 519   0.825678480323401077296831787998   0.199752301011282691147854441994
 520  -0.479065544939178626204039283664   0.202231149316520205433430217199
 521  -0.195992965840916238567019176400   0.204585555908915321362380260472
 522   0.087099104368487597487970748941   0.207075185388468304687306613818
 523   0.370158033575110324655247430170   0.209630241462311783164402211956
 524   0.653352057958754981394412679428   0.212221852104762702879899545158
 525  -0.650853201566171467952509380439   0.213567504613368401091817252370
 526  -0.367445510294550120186796475213   0.216079321469430356305843837220
 527  -0.084363556991417183294260454799   0.218429527276185367090824797329
 528   0.942162681726000000000000000000   0.220017038516000000000000000000
 529   0.198730168966393367275976173451   0.220986114349243361983172538952
 530   0.481924349592087744225218471006   0.223577748598471055968577126839
 531  -0.822450520540677042038841237374   0.224818115904312056069271740268
 532   0.765859234930090685366058891412   0.225016729754252646770694519150
 533  -0.940415849352279019953248421807   0.227456776985580708578856455828
 534  -0.538880032797502672608120324444   0.227506821068680942154570969114
 535  -0.255800233436432640094548475265   0.229882485206910451165878437868
 536   0.027275679611448959263862101440   0.232340294308942224982923952822
 537   0.310338770255007508781515170482   0.234894609178856221004313613744
 538   0.593532797955726451144216252520   0.237486227675250133736651010735
 539   0.877663912881426063431150728951   0.238664347244186027388100998003
 540  -0.710677863103550009939605735137   0.238819086983878798066522210639
 541  -0.427251298893411835833740836449   0.241375801033094472218559139534
 542  -0.144177044232038522366441902898   0.243731387827379839930560992630
 543   0.138910948341109576813939510028   0.246250583155458016595137018900
 544   0.421933598427015078707359763754   0.248821100403431918020460612981
 545   0.705141270115996884908801494756   0.251394674882917947748980402402
 546  -0.598685742200414518318078390746   0.252803256847087207931889404620
 547  -0.880826531051335839070528654510   0.253258825057496415956705041293
 548  -0.315591341641935012733028276759   0.255213413335079735020207019596
 549  -0.032543588097218423606757101401   0.257604936213112102706599413665
 550   0.250519498372368703078793845163   0.260158956621596739338541664470
 551   0.533713537842036303676554027012   0.262750602983720556705447658278
 552  -0.770570831978304236278864762307   0.263908224466946892511603265375
 553   0.817648672702821967647753887845   0.264189516421735218179472093301
 554  -0.487058025305173808093475534189   0.266673005263379405879217431732
 555  -0.203989548255447594042084347995   0.269026902961597102272470964272
 556   0.079091790162055812891092020366   0.271515199816431049316874480764
 557   0.362113470564901530317790845434   0.274086610251743924279039818122
 558   0.645322010112968354658605067848   0.276659050453405378605731867980
 559  -0.658512527744017315046523980807   0.278049806547914257543135324262
 560  -0.375389732616911670435705739978   0.280527144333895401254741626740
 561   0.925272555374900153805294383294   0.282823714316248372799106657491
 562  -0.092362310225111308226577463753   0.282870604912915176467455843397
 563   0.190700230453052872931341509381   0.285423313448432504391165851372
 564   0.473723218928272014956556510392   0.287993383316384007307939556668
 565   0.757760480104012246179899335686   0.289445315882955193090441669828
 566  -0.546872556616069711239100433236   0.291948671626266651027943459699
 567  -0.263780656460949966680564149490   0.294357831089766386126799546000
 568   0.019273087655328409506601805609   0.296780895347886652625589099856
 569   0.302290868980556051339298927782   0.299355356017794933146920620436
 570   0.585502749999278207190942842341   0.301923425761875801574528515523
 571  -0.718337189281395857033620335505   0.303301388918424654517840282532
 572  -0.435195418124640148938303919071   0.305823636605102625189665264453
 573  -0.917580362504083778102126790946   0.306862830879380934787887400680
 574  -0.152179390901660416083166377940   0.308172019326890785990193116280
 575  -0.848796184071787531937618924201   0.309745012861651792613067086871
 576   0.130881072273999109008494019719   0.310687930109405537112903313236
 577   0.413903484570799905590839379525   0.313258372907328126344223661104
 578   0.697111175055342008967953216035   0.315831935652841309630748543707
 579  -0.606726185359857972164295410721   0.317239146024441856617288373723
 580  -0.323579047435926624383241612708   0.319671562088582052361334153144
 581  -0.040546053209364113313318706971   0.322045553004119480898424306295
 582   0.874239814887551778338139771061   0.322977069576145706408545629433
 583   0.242470610459074947343864407308   0.324621021216982450719945132401
 584  -0.786178628441016558574540657018   0.326940194369966072180385605448
 585   0.525512407178220574407892066398   0.327166237701633508044810088108
 586   0.809549699784332904454727558995   0.328618128715072041068878381854
 587  -0.495000728667517296247564540640   0.331121015345727087486601842054
 588  -0.211970499107162788721646179434   0.333502947455060069844521698009
 589   0.071062369767271705624003804962   0.335953625640861140421617932327
 590   0.354083398442605572901748225374   0.338523792700911394629075156358
 591   0.637291914941651861500290990527   0.341096310961311732599545191250
 592  -0.666555070353722869503906375953   0.342485433716799961994339601763
 593  -0.383384432972985409117822607014   0.344968763535388987817174453691
 594  -0.100364766590205324485390999519   0.347311222790161956006146936459
 595   0.182633319807335319284705561243   0.349909574841936414410028038222
 596   0.465693023301407517868262072194   0.352430763928906896475488650721
 597   0.749730438893866342415743708133   0.353882502184344311734323339776
 598  -0.554815216541044933663348810883   0.356396687061908760242507832181
 599  -0.271768890082139446424323642653   0.358816678453875736079056305152
 600   0.011243228902579182804083292382   0.361218283297093968694453138766
 601   0.294260732055152078355639328512   0.363792641624365601737729979769
 602  -0.734458370153605300726960963006   0.366204012612210904522293984918
 603   0.577301619335462477922280881726   0.366339060479788752913890945353
 604  -0.894930416924679049510859807879   0.367720143550304674549546100120
 605  -0.443190043488121189233598969884   0.370265433102516823145578482539
 606  -0.160155874795707697123870801014   0.372642150918331239860475518188
 607  -0.830353362098464990351411741617   0.374534578981704290052801103830
 608   0.122797143140557492306629126871   0.375198316546655403775045840570
 609   0.405873412448503948174796759466   0.377695555356495596694258999340
 610   0.690215949802206323446642954829   0.380423811603326432856724661712
 611  -0.614620958874190559304166972574   0.381693044986676590193054330100
 612  -0.331574275619198231158904636958   0.384113879900682671534896605699
 613  -0.048575484478262028367989000166   0.386483953083136443802175768930
 614   0.886909820856523907952652002802   0.386664615368260993265420390914
 615   0.234440798628082196372560183188   0.389058236102756492982177379151
 616   0.517482328440310763628862391194   0.391603463778497820920172270973
 617   0.822219705753305034069239790736   0.392305674507187327925753143335
 618  -0.502995289124377182453917995643   0.395562965287764744180313685524
 619  -0.219954265770684354826548264232   0.397955881917146906095010125331
 620   0.062956798940196978526979817306   0.400490910077600641955208683269
 621   0.346053330521641818739204337055   0.402960987062557595489716357311
 622   0.629090784277836132231629029913   0.405511945679224683938907621080
 623  -0.674447746592686611140219431003   0.406939589533655310365242176367
 624  -0.391379886134334011274680999828   0.409410549467810506863300634548
 625  -0.108366592683764401006468801660   0.411814881211305727656504350659
 626   0.174604655989304544083065208309   0.414346932776395633434506769738
 627   0.457662869377551051064609436211   0.416868054527099276688786584180
 628   0.762400444862838472030255939874   0.417570047976459598591198101257
 629  -0.562809933976164816513901615581   0.420838265514094125190812860825
 630  -0.279757122409492615136922340900   0.423259061126778208081847094755
 631   0.003117481498027804104903384789   0.425783696197445890155479225365
 632  -0.867988060867871786176674017013   0.427452080706677867854978238176
 633   0.286230875636918799529853283088   0.428229930314933012228483470373
 634   0.569271520720887364117773902629   0.430776312834981267216205256487
 635  -0.734705642868687798742743950229   0.431139144832611801339279279828
 636  -0.799680658237000000000000000000   0.431810406889000000000000000000
 637  -0.451185131770590004495000025587   0.434708081653058427898035837533
 638  -0.168164983658741058709146264879   0.437128612210121393891038957802
 639   0.114767330382272468188027004846   0.439635531316875368855055644425
 640   0.397843346250006400877369627172   0.442132747440823979638243827311
 641   0.680879917240001752882824650385   0.444684873158591111563637402087
 642  -0.622615676309310442154719777272   0.446134623438861955141359358744
 643   0.857693939528000000000000000000   0.447659120127000000000000000000
 644  -0.339562507946551399871503335205   0.448556262573585143537687395302
 645  -0.056673626707474568533576416705   0.451114624325615174009807807094
 646   0.226412134810051421170919830254   0.453495594037215712006656110668
 647   0.509452237573704304196012655566   0.456040671010043595252126733433
 648  -0.510987993238673248078898809596   0.460011249448925716305375248539
 649  -0.227967840297549319019520341547   0.462431791419752695877875927226
 650   0.054928057581530888417625434641   0.464928258350727272532060131641
 651   0.338023528951495104068483551401   0.467398203226981088762262406953
 652   0.621060653683052984768969523101   0.469949240314347694840935037495
 653  -0.682442464027806493990772235701   0.471381167985840675313547205011
 654  -0.399368118461687179987279698075   0.473852932140712978866091424150
 655  -0.116472017682451226236253879924   0.476428355324430840244342414237
 656   0.737009688353204335299676941553   0.477335774142424006494585867516
 657   0.166574843231019519964463086285   0.478784147546615598514516573593
 658   0.449632746653408650690324366047   0.481305321343143059424472298882
 659   0.802278227598000000000000000000   0.481635792398000000000000000000
 660  -0.837361039985786245354302783507   0.484711299459336964847458239881
 661  -0.570805516556664884941397534422   0.485279736629168576453875458175
 662  -0.287773225834608103754101335852   0.487728992866559631333716227773
 663  -0.004863050623971484220854366853   0.490259186478896556386388713369
 664  -0.760332802631673909865617349568   0.490803885029473101533494691124
 665   0.278202137505745755972308031403   0.492667371646312602578944073783
 666   0.561241380672945042710888862305   0.495213585087540259933204217074
 667  -0.459173364097943173207598723834   0.499150464325960899900826627135
 668  -0.176274874321259486546627956591   0.501731534534062142231179383661
 669   0.106738589023606378078672622181   0.504072879590001999431907092796
 670   0.389813602320675881215202213112   0.506569970788093922665878345175
 671   0.672849674220527567970580201119   0.509122316425952803348402065320
 672  -0.631185839464539974030396381877   0.511359361073336101206159596820
 673  -0.347578836349743883869877698722   0.513025662433687466662120256621
 674  -0.064661441598948141923531830072   0.515572917477712222620923320513
 675   0.218382322051766397052317708230   0.517932808807435677086665914523
 676   0.501422112396620415977243150085   0.520477941069074265676726125290
 677  -0.518975418126939773622756518847   0.524455540381755366644093639954
 678  -0.236122608887549547359711107545   0.527084377622203914396444206287
 679   0.046947480818104005440192820687   0.529403807718171283286235674525
 680  -0.709037239757181666946453681573   0.530620938783682290625799763592
 681   0.329994854857524886514283178917   0.531835559881094256073774613643
 682   0.613030401210419625912499540323   0.534386661199145368440671244900
 683  -0.407384081985999877090196724481   0.538323194618935387696855459606
 684  -0.802962227817339148533987786943   0.539787194928012432538996856399
 685  -0.124464298237756402233905906739   0.540876096687343524607760289937
 686   0.728979598348179611220741061169   0.541772954363068151322228547221
 687   0.158546101872353429855108703620   0.543221495819742229091368021965
 688   0.441602968063887646502120997151   0.545742590514025128918132171583
 689   0.798408203201000000000000000000   0.546462978124000000000000000000
 690  -0.578793747431963690959515648892   0.549722119482066667017144174465
 691  -0.296175624784131403190497911102   0.552703646014225607173744997836
 692  -0.012850910156872652262484642532   0.554717538716986949520770281668
 693   0.270172336561907799362883779884   0.557104587888783149232372797032
 694   0.553211132934094999178853828103   0.559651017180679374184193153115
 695  -0.467076660953375473849006096102   0.563885443277850344523987307746
 696  -0.184269860605275509702922555019   0.566173079631886780251742268489
 697   0.098754993666851057216628902125   0.568552423947911512945696603694
 698   0.381784220600736651801201962956   0.571008179607025462326028440051
 699   0.670124282169000000000000000000   0.576708632680000000000000000000
 700  -0.637535371869553959989757175989   0.577399801803924266586586962764
 701  -0.356154421864784127840279293289   0.578225011073017487966216296530
 702  -0.072651822494490715535236205780   0.580025334950047487296376596026
 703   0.210353580693100306942963325565   0.582370157080562307663517362895
 704   0.493510196012988335802283404433   0.585193739647531144897049851422
 705  -0.527003499591881612756253084010   0.588893572977430412680512649509
 706  -0.244122650911579545993404049537   0.591525295274657661689833793747
 707  -0.764946569641570871149222200527   0.592431684418743687067352846420
 708   0.038956602691874399513951438907   0.593866154946727179180231210837
 709  -0.700059155365270616146836503971   0.594932885892507211908507127390
 710   0.321965053913686929904858927398   0.596272776123564802727203336892
 711   0.605000341162519097645426069941   0.598823845153006067395338505883
 712   0.759923127778098970434794151870   0.598861749469431058956994966928
 713  -0.415920110733160337615907294933   0.603880941897609764531081427869
 714  -0.132459284064783555831262451470   0.605317641841864811234415715131
 715   0.150562472487597934304483524070   0.607701085208731591517845944623
 716   0.433574219820011087365739545000   0.610179961812385028132826949017
 717  -0.585745124029471881786494611107   0.616571255299288012249955437808
 718  -0.304170717559224478354124225347   0.617145177900069425035522148346
 719  -0.020844247653087050998816603171   0.619174075412385651363005358383
 720   0.262138118698584077517761148657   0.621549158648177298671484135972
 721   0.545223063515910793649056488920   0.624467349198202108579157775766
 722  -0.192269916639869997111866983588   0.630613995544992168856117002194
 723   0.090764081512621276601806060852   0.633014816207547257752380551767
 724  -0.479834864337000000000000000000   0.634508396987000000000000000000
 725   0.373760782863210536473948893449   0.635458120362631860298689172494
 726  -0.645477193487804956004118218372   0.642041088798968455506664475840
 727   0.653422038425426123390439840110   0.642090134275785631532321157275
 728  -0.363866012441216919947912244905   0.642701083464704343347270935838
 729  -0.080651743875675460997048564299   0.644466286384573196428292901698
 730   0.202347010493081704879281347163   0.646880086776346582525812717701
 731   0.718041865627255760007971930857   0.648486263783718497813654366310
 732   0.485096356958130771664830380705   0.649703396948989226918055551492
 733  -0.252117415163004952271646495873   0.655966867918725724792338131976
 734   0.030966972605831521905534809683   0.658331575610482230588353782753
 735  -0.708056734408177636435650504024   0.659374109264887607799968827334
 736   0.313936298573571458120762999130   0.660710122654634331779778489178
 737  -0.538927940176917470556188630769   0.661568853417328595854454811986
 738  -0.424285130723000000000000000000   0.668297229524000000000000000000
 739  -0.140459207599974441166969401186   0.669758574204049562152472305012
 740   0.142548610687852044864369341243   0.672193829446477157350841555855
 741   0.425282920001330220773039729153   0.674981555499236059083917774969
 742   0.601327850082864853392547152876   0.680856460916393772280194909893
 743  -0.311764437515622589485938254263   0.681635238820341256047524356745
 744  -0.028844237559691957544508537424   0.683615002569898783704302006581
 745   0.254145190368069085482283197635   0.686041050782803615634107070907
 746  -0.598660009635250544773812238034   0.687038686917009039111163850018
 747   0.536888844424096356576298443511   0.688871889163578860763992774940
 748  -0.200264680891295403390109429924   0.695055568189060231958621340423
 749   0.082751976005504381720364165417   0.697512451573479350612971845127
 750   0.365418504907726582691115867659   0.700285556590904050772406085725
 751  -0.487358386044985188969302683085   0.701030399597252629814273131559
 752  -0.661222746683000000000000000000   0.706293630433000000000000000000
 753   0.660947567936317594457710704942   0.706588188090278922416068142705
 754  -0.371459732397615031079726273821   0.707191144384976174359273144237
 755  -0.088651726042721947580802832698   0.708907231843507823868880466817
 756   0.194346796764060384923387919713   0.711354785250582187164691740629
 757   0.477107745837000000000000000000   0.714263460278000000000000000000
 758  -0.259911703243913040604401188314   0.720723939090675763213807565192
 759   0.022940088976879352738714976766   0.722794284101718217324662159055
 760  -0.548535732584371824559311418552   0.728320515733127685489472551367
 761   0.309435339661151196663079504227   0.733187194076767955287570911358
 762  -0.430955740829296094748216959744   0.733207629946517855290829214424
 763  -0.148457199334042909803942861436   0.734204225828518493675029502228
 764   0.134673093324973442243923570281   0.736961097958553514675120777990
 765   0.417238983470121875496015396577   0.739417008670285169258468851804
 766  -0.319606998125905482198189207872   0.746279844655310681525556352684
 767  -0.036867399630498942937224955731   0.748086513081285960143070169023
 768   0.612063265237304371740998894370   0.749331111363118129606720170629
 769   0.246868972033763263871527193284   0.750567705639754652137049611602
 770  -0.610055541791241445663662897976   0.750966571186382042852251791829
 771   0.547230192628699229320931847236   0.752978745720328918860274946036
 772  -0.208104221686660547018234619826   0.759872596730134024930215726997
 773   0.074739659076366193878340287019   0.761953416767428426448252778154
 774  -0.495283826344155752185834934597   0.765480534867404345669594841841
 775  -0.379103006557586545866679893795   0.772296330216852362457112422871
 776   0.361411732816154030665395260094   0.772593277004647773006477021262
 777  -0.096672872921819905160364984469   0.773383507066296629949219204434
 778   0.186685659052905571176460005528   0.775836871982071364025455135153
 779   0.468865574780434887572261395041   0.778803905094787620338944566476
 780  -0.267799516568652988612022639384   0.785428502294768943241964514489
 781   0.014932168414431758138669421851   0.787245640888671624142290393296
 782  -0.554322163312683659983438507160   0.792997789637514066453753253885
 783  -0.438881181128466657964749211256   0.797657765216669571146150924706
 784   0.301601639942328821067445692248   0.797879393503576809778720109531
 785  -0.156319895274437542374656742859   0.799051877967912161204405429202
 786   0.126752912116000000000000000000   0.801487137738000000000000000000
 787  -0.327295525000334052280513325307   0.811444987856310624173520584676
 788   0.413041919626587746553916150134   0.811975460161454701521520147330
 789   0.523743307968851829245023995325   0.813517979191290506947330863448
 790   0.238969137776490864997888397495   0.815020984524418048447873497721
 791  -0.047787126156556825892445536543   0.816124778730569106952215152403
 792  -0.216015190156429983968444762417   0.824607783532547079516154216695
 793   0.066739620954128005550936988421   0.826394336928561532820618976503
 794  -0.496535632416521385231303475202   0.830404070829594201597422526529
 795   0.179161776954626928082383260608   0.840335117992701553387389894838
 796   0.354931927524426119469916145190   0.840955821756218910031189550667
 797  -0.107434148509174463106737294933   0.841793149632184638207401377171
 798   0.467806137273000000000000000000   0.846917472200000000000000000000
 799   0.006574782632363315283473008138   0.851641189206596918566266706824
 800  -0.373546015247674979312852856023   0.857024859424330567076088294858
 801  -0.278990422389000000000000000000   0.861445989135000000000000000000
 802   0.293632493018203215789893331794   0.862380384050320971129927763206
 803  -0.438242685956462268736216872986   0.862590229086384988404275964264
 804   0.409092163513591810176656174408   0.876790828454201617040418780390
 805   0.105315507726132304272274096488   0.878629703300686029869621379941
 806   0.230984351502246709068081878788   0.879463794274080679877958283683
 807  -0.155254406468391880261950760443   0.885723269925560505990512427283
 808  -0.220084941664586332489490212731   0.889415727975635460044218473877
 809   0.045408455243049273181030586216   0.903685193778138396300001129739
 810   0.165195032968475141603396724580   0.903750909422769379044074136645
 811   0.342836604311241061945269816218   0.904755004326571311606328909415
 812  -0.092157990241055489392903215711   0.904906358756959191774341623571
 813  -0.333583654532942656223506197761   0.908207300421045345348955728114
 814  -0.027360538785221256378458658556   0.909141335013929148549855190177
 815   0.280274489056000000000000000000   0.926019674955000000000000000000
 816  -0.271912658499594129616019440008   0.928537592807808534031798661210
 817   0.217017607516094922589095342759   0.942879585704148505534642525489
 818  -0.192482109892590193720181877923   0.948192562004387395502911669477
 819   0.130565445498892785691405172592   0.958682017753785233109235926504
 820  -0.128445672095828380275679706601   0.958961859544083329175923422575
 821   0.065965999048622968252863053029   0.965280809961098118138301160251
 822  -0.063832012995509342040891589049   0.965420865546324770610529499352
 823   0.001069335957217426684411376366   0.967531561937040446386366677321
