-0.009791590537000000000000000000,-0.969253173868000000000000000000
0.055605808620817789934993522015,-0.967737629710402105042253632916
-0.072628413357510278986092711753,-0.966609145147640828782557325896
0.116695173692866843054548850871,-0.962283930213257791457003648471
-0.139445409338255186426159460084,-0.959251324588279526833929349621
0.177317325943254011837005956416,-0.952977802380630569350441055278
-0.200920618227564777191867316652,-0.948282147401782270683539875936
0.259167258829404364296842307981,-0.934045211893265303015818393628
-0.307450807626030247434301590307,-0.919283485547295195256927022057
0.022145570340948769217886259358,-0.916336639321493167713774037102
0.317718379873327083954084780772,-0.915785540943156942365065803125
-0.039176236642271800178004689064,-0.915202907863447603666406631926
-0.100421432400973142103560212210,-0.911935591658261416139797987049
0.083234904438097255809543667306,-0.910882959987933812643656353855
-0.247166186419812071685048871143,-0.907995713192702331150932287654
-0.160910047585689758886300700242,-0.901797702738886167667700523516
0.143857056688484424592000772728,-0.901576832155306590537093760742
0.208171053010932752347189861658,-0.899971228404004714048547274435
-0.364971733438454017576739511023,-0.897999866203114987205140747503
0.374997539652821213195170568331,-0.893859592533532715432058998533
0.431065635815000000000000000000,-0.868072995920000000000000000000
-0.444164156169240870847153408194,-0.861583616536635728953451814299
-0.010176578552850144518678574594,-0.861159691920991308730635522959
0.051103957832297881169673308267,-0.858640720096045651404521291982
-0.071421774311551486444234097740,-0.857892375715805121204026878082
0.310849648239001389383161451835,-0.854839089984615192478730471975
0.249517592218493213234656060167,-0.854670973942644492173573552847
-0.319818723472000000000000000000,-0.851436743466000000000000000000
0.111726110082685049952130413689,-0.849334592263418429297958698869
0.174710783756163165102184677970,-0.848570258178680735235199979899
-0.193409096058000000000000000000,-0.848306844042000000000000000000
-0.131910389496268103226974585772,-0.847754486796429872731929414550
-0.255043687267537603854922317746,-0.847171422493176663499308004468
-0.386538726382114391432362484341,-0.840584587974455111165000153276
0.485243009493303240269240519274,-0.839134880485708551583537220723
0.378842260659497291536730393754,-0.832647931233686059551117824936
-0.497762427179887248613126754614,-0.831769614735877327086863512873
0.537339373260425464710625917724,-0.806767949198513656584163698659
0.433889284610506798371332157685,-0.805602145742351059051631552029
0.020726927312292497123481595735,-0.805359528522536500598382190095
-0.040603367452023703672409246497,-0.804865258527078634519925052362
-0.433537133465321060767460500052,-0.801179016155897392350669030101
-0.549367944335647417127700168609,-0.798625686818491553873842174548
0.329385999082037905829359707213,-0.796374972304364680237377190595
0.142680997742723637934298255245,-0.796265935540493413497597993691
0.206670162213599662677039323947,-0.796220722595632219918071813230
0.268002441604509171487057741451,-0.796190552416439445829848071326
0.081349079562679665905938701157,-0.796053400689909278491819596982
-0.101091982636740320455149734529,-0.794727369607703386047827588830
-0.162462044619411738992939930346,-0.794573233257773863116721562381
-0.223794078624067233115531743033,-0.794397268607621444621804583878
-0.285557314412665315205689279191,-0.793968340654297758320289200244
-0.346889346422938263676267370294,-0.793791682234811162907423082933
0.485734149079000000000000000000,-0.769470172972000000000000000000
0.606191417145905184705881973329,-0.756399426023395077734933195778
-0.505449291548000000000000000000,-0.752748011689000000000000000000
-0.008268405112271738846230612529,-0.751313991645793986589319523818
0.545744748990350953537704892009,-0.746014356567747361574594828526
0.424073440949929503239560749803,-0.745060436384773240182142765413
0.362741349321622896729722240770,-0.744905855650773872755426304422
0.298853753798084341198278370644,-0.743182572879006771100348751698
0.175979881536078170087173232054,-0.743119347456860340057991143325
0.237319260553797391387440236472,-0.743085074739315001637807379787
-0.068961830819663260351213152936,-0.742484640899127100546075729270
0.113737638408851688233747821743,-0.742192547361309666340124884559
0.052353747138115429936226492899,-0.742007863813166764482756930741
-0.131643637759883956221115079102,-0.741546116069047376432619736661
-0.192975671764539450343706891790,-0.741370151418894957937702758157
-0.254307705769194944466298704477,-0.741194186768742539442785779654
-0.377934351034700128163298877985,-0.740896908888458636199578352376
-0.316070339738733989903931511064,-0.740764913657937714081217652854
-0.569118945810913090868325032367,-0.740560660344456649752185011428
-0.439274546373593731923393660530,-0.740115676484484830146980503794
-0.630311360302939233335117548129,-0.736420881685833697324868087376
0.652813408968457573868499731835,-0.716549216021386565547035941219
0.586570896711000000000000000000,-0.697282985215000000000000000000
-0.675621608983909643692894952823,-0.695085295042180745547095123125
0.516282132655275881963143633475,-0.692222130387763987805435539514
0.454943149706662365118174095322,-0.692063168153468981968845925906
0.393541265978355297063902898146,-0.691867996600425138398441707453
0.332209104037669332098640904202,-0.691713456225415963618397865525
0.268170572747372561098660865665,-0.690077095201882326908308060159
0.206817159276468592396724662125,-0.689875384114637451651115019228
0.145485078986810430085899400731,-0.689716368237298552626846364098
-0.473938907989208780877711541664,-0.689518923698478936666647276822
-0.535271104801444859606667978809,-0.689414076707774895932597251775
0.083205453147312067937362110310,-0.689000113483347812931152909929
0.021839590328760466174858807108,-0.688805085756749285631678021569
-0.039492599159388492857780232166,-0.688696038537108245229923704653
-0.100824631075679682448779219873,-0.688519347492173927606414306582
-0.162156663085952630919357310976,-0.688342689072687332193548189272
-0.223488697090608125041949123663,-0.688166724422534913698631210767
-0.284820731095263619164540936351,-0.687990759772382495203714232264
-0.346590823619390910280237658777,-0.687565764958011300683819670613
-0.407928071058130929381191419498,-0.687399001285802181202852391348
-0.599851497622236655314205124997,-0.683187000330262192574222753719
0.667134796134558160985750570820,-0.656912421771989067394906250253
-0.718227058161681412369942454124,-0.650966987514957672899535654837
-0.645163315502388389209816211209,-0.641850515838169379897832120181
0.726543356451792128473369940868,-0.641671938848541574912782266715
0.608414659909944573713598320220,-0.639203809164866388680825961003
0.547082376531867199745854330637,-0.639184461360469621392665542241
0.485750285858423521862977517935,-0.639029502234232624723431709816
0.424410974735088158942516243734,-0.638870728369120880185144867986
0.363009020694401732432821561578,-0.638675597175067229261413268556
0.301549384236759186652717579866,-0.638592478949990395751924034153
0.237668471470043762107945291318,-0.636867404577204776921615699600
0.176288830921020068036014272411,-0.636680736578177181325885365928
0.114952893725270809789513689298,-0.636523934359336699217874389468
0.052691296337957104175994424519,-0.635797335426930334080074000758
-0.008673406695850791808027413686,-0.635601642529055970969344079044
-0.070005596183999750840666452960,-0.635492595309414930567589762128
-0.131338256226356894434559674125,-0.635315571884000338985332682278
-0.192670290231080342270124272417,-0.635139607233808427014529385046
-0.254002324235735836392716085105,-0.634963642583656008519612406541
-0.315341214975920539540818217407,-0.634791611072456081806299689150
-0.439332951848783457374684682340,-0.634717099068520533781734274151
-0.377115042048651802802860943005,-0.634368758952136394848767149017
-0.562279050993182778801519979575,-0.634348477635300343053100931497
-0.500663923151945354303954920926,-0.634315455299674307277920409796
0.765668963997642628822900898975,-0.594440210181527835197766938591
-0.714898768873007147253255953731,-0.589725074994876972328622280577
0.639405410924871786563400715074,-0.586266541014618445903646597854
0.577882485772852960798250991332,-0.586011368901529765435128158982
0.516550202515155922197158176110,-0.585991643183883890366446825718
0.455218110886849315687319666352,-0.585837062449884522939730651900
0.393878729451134594311434865646,-0.585678328943762971048116404906
0.701721800240359720713539829694,-0.585586827580496270560257592706
0.332353126189252537815460368761,-0.585554363277542931197707203226
0.271021042954982917113243521460,-0.585396487215568947228235300712
0.207140143114595237747234901604,-0.583672757040744506596386046300
0.145756645659480447739628560978,-0.583488302700215327916913391298
0.084424610867127486473367573803,-0.583312612814544689227458758503
0.022178299313345846193108203725,-0.582593892199237019417740058233
-0.039186432030149829764525811576,-0.582398215537416173089667891289
-0.100518621518298788797164850850,-0.582289168317775132687913574372
-0.161854764678611777410744502669,-0.582110815585954729562983521284
-0.223188641083737199667953922787,-0.581933780342472438917414532573
-0.284522808116392756749992839519,-0.581764493883729595111297214050
-0.408387441544010381609197186715,-0.581608107055964588580022350364
-0.345865433405181432063470365981,-0.581594605066581175971263729795
-0.469719233926414039347991513338,-0.581361932589267143491971125630
-0.775656268167120023761970776262,-0.581347984913458817765337546404
-0.531499910075723101444414621099,-0.581298559227356673893475896258
-0.654164342304309729342721548239,-0.581182312673600422947351022613
-0.592832057544423880815083502183,-0.581168000490147354004009260730
0.802047284434000000000000000000,-0.544357904895000000000000000000
0.740847407786210221063070787802,-0.538355098913482530845242264583
0.670014515003787489957872660006,-0.533086375947839149508571192150
0.608682332499151358125738515511,-0.532973469241542785444422907351
0.547350240667083393904320981764,-0.532818969373894885109476423070
0.486017957435481258874754638401,-0.532799162686724159955095068712
0.424685865602895751056238329841,-0.532644663024526613802702212970
0.363212472139972293184124983956,-0.532551060303104466978908980681
0.301824797833804013454749979049,-0.532359715741082660872477549926
0.240492714599534392752533131746,-0.532201839679108676903005647412
-0.810858045748347918698193376852,-0.531123646054414766777030720171
0.176607957853055617450849190171,-0.530480323162782653187414071670
0.115242780167482723838965956659,-0.530285357561411295597550069010
0.053910748309499770157430681209,-0.530108646277999202148393858650
-0.008334726020953191763390194165,-0.529390465207597221538063870477
-0.069700059433933233423948639959,-0.529195133846884377245929086882
-0.131032248922082192456587679233,-0.529086086627243336844174769966
-0.192368392013859431059010699030,-0.528907733856080304257412821525
-0.377137832900540010869806609692,-0.528833953170409369702518931142
-0.253709367465869762335526496039,-0.528734490734712456453452287067
-0.315047026545653649291643979697,-0.528567487877854689287162796214
-0.438840144393289136751620492581,-0.528370129559821380014036962102
-0.500301911135373795756910233267,-0.528198512708310514099596290220
-0.684803190884285912161427407869,-0.528048229058610681301902606254
-0.623470905494773224673458574143,-0.528036932789773640156500598113
-0.561691900434926334480419962812,-0.527912296229689379386748271231
-0.746133755103138290919553165895,-0.527588608232771143400079583629
0.776610853713613401086434465921,-0.488529148906442725208063504571
0.837931192834221253702905559677,-0.487318624705953003842501525265
0.709140122549637990307403618114,-0.485854647280825409793555864027
0.639482269898017923063942650438,-0.479893976420204269182919456239
0.578150087393381791231808505942,-0.479781069713907905118771171440
0.516701245469654837424347126280,-0.479693746822442844600742223786
0.455369107165144563695085272958,-0.479539220309687975954231395421
0.394029982889995817886951409292,-0.479523422321779053217599322408
0.332682440460629342193735513331,-0.479355421101625849903729658688
0.271295480896988119630730257148,-0.479165635562196520832956615353
0.209960529337994772456147420314,-0.479009405801146823494033672782
-0.781331033663154962558111728759,-0.477361116351544696302087913632
0.146094092361057893550186585852,-0.477277378023978620868050749382
-0.843761739213000000000000000000,-0.477106661170000000000000000000
0.084729800699061471602605149367,-0.477081904264975506569844336933
0.023397722975200732200932283319,-0.476905219286359404268717670894
-0.038848353424736595422813022548,-0.476187383517065425694325066070
-0.100213686769150372778507562259,-0.475992052117027689462398807292
-0.161545876257299331811146601536,-0.475883004897386649060644490378
-0.346258498399561974425617864178,-0.475770770333872757300253852532
-0.222888875930601091595210360977,-0.475708585176855550263133817723
-0.407590535749818766012229915557,-0.475595975674266161136533542880
-0.284233585895144938160162534831,-0.475537484728845746317053941774
-0.469417556875505786531972060313,-0.475203681450146961676604411175
-0.592688299176399026228036825766,-0.474989025131183466627528802698
-0.530749349326673684358379937137,-0.474957524115936554698427248240
-0.654059715244312005924075005904,-0.474877041172005622802010158141
-0.715424010956000000000000000000,-0.474449926863000000000000000000
0.744902306937651123775982164604,-0.436027791806050857118313502429
0.806222678564397381685994594403,-0.434818915359074739519276313082
0.867605642459000000000000000000,-0.432262014985000000000000000000
0.678252841236000000000000000000,-0.432008290240000000000000000000
0.547501098854920376961028459200,-0.426655851029411349233479933607
0.486169000067608233370928855889,-0.426501347464869914035706695414
0.424833939286828444195568245301,-0.426348498549691406381225295002
0.363501656028546687062651658890,-0.426328773927914801902150012317
0.302151672853741167981944605575,-0.426160496409145242424202483941
0.610180661942996097032667811562,-0.426013876847574276194879889446
0.240763295635448499334344545715,-0.425973201684234667423984640723
0.179431263793391987047487780188,-0.425796484873242699358783222214
-0.812272629944014679457169990553,-0.424405786324120331317171766104
-0.750539443367000000000000000000,-0.424129631101000000000000000000
0.115581112892636641313825778560,-0.424073924727542831840345017305
0.054216775364762433646106751477,-0.423878477273335708690168149178
-0.007115904428582671458490545064,-0.423702137595827608424978866488
-0.069361980759953734777371676769,-0.422984301787208737910794632729
-0.130734170685891820531540780806,-0.422792903437803059155927875117
-0.315448433780461778360100006285,-0.422738805662806766318982645220
-0.192066360174040779564179820083,-0.422683856218162018754173558202
-0.376803565389775741176782752240,-0.422550528547895929161301613358
-0.253413094359876321364001575533,-0.422511579170988871079664954704
-0.438167948232035415792581483289,-0.422429527564591742799100991954
-0.499870274596335666728967131800,-0.421965712460695693377750446251
-0.561352758683470600134084108448,-0.421806035948184975773735270507
-0.684258375766240370413067166860,-0.421494550958569097589337814507
-0.622684243003084409596310123494,-0.421492364369481188670472310978
-0.873468090981335763741564428238,-0.420311289146367510159920572086
0.770910935080568646751837249395,-0.380483209524519927319642014370
0.832231306707314904661849679194,-0.379274333077543809720604825023
0.709601866494614507706169634997,-0.378781150833387211196690997011
0.648275256528906478818534039867,-0.377946723592555641397407017474
0.893471825687785257259716953788,-0.375920500388071719210828039475
0.578300945286811634794024650988,-0.373617951198458045694207776693
0.516968853452873772907610188809,-0.373463451671838418668444405235
0.455636715220058628628150796425,-0.373308970748892896882616865601
0.394304623521985609968631958806,-0.373154417698182749991099450508
0.332972340263936170050194471422,-0.373134693076272813278721670503
0.271618868328981218532672693174,-0.372967702040702967888405806556
0.210250316182567025347115754806,-0.372769742859994275816809447286
0.148918284324584145463416259164,-0.372593031576556568999183640025
0.085068087558337603357327380670,-0.370870497735903033960668829550
0.023703147960979029986683923095,-0.370675395582803912846429344771
-0.037629531763799810813049199286,-0.370499055865970920641448433147
-0.099882464676686828854206481975,-0.369785153107979315079511008197
-0.284624566971174667083420958196,-0.369714862074747894849490364239
-0.161258389115167050300332027033,-0.369595897431936379972459030272
-0.345956579269015332140519562874,-0.369531487584039576223343403933
-0.222590578603316009332971066307,-0.369486850212295339570704713355
-0.407288538087832794741001437539,-0.369331022741236683570000826970
-0.468620665952865295989576554776,-0.369191558575140474500247027029
-0.530415059949652608211334671015,-0.368780512955324690614581172732
-0.591746853287674855312740969387,-0.368534576686240565514525929176
-0.837105099918417368187378733427,-0.368325506423992246824467355353
-0.653108768606858200873178296205,-0.368238279075565622891262543637
-0.775773191721267919542737580334,-0.368110110038801179220270808979
-0.714440905710715557508661122892,-0.368102938837776380603451695596
-0.898300560955716664673790221414,-0.364231009246229777982857853830
0.793051974725334697483949088546,-0.323286848432618117899960697816
0.854372346352080955393961518345,-0.322077971985642000300923508469
0.731764855431079953203119726053,-0.320933474829020727758248895835
0.670432823574385718965333378585,-0.320756763098327168051478947461
0.609100791717693544831961474356,-0.320580051366918599845707674383
0.547768699884765030740606380597,-0.320425551840885115129172248322
0.486436608051839456881745877339,-0.320271052313684438426247627199
0.425104516239169491082259217012,-0.320116544745769920113996857810
0.363772440405434144621575642953,-0.319955819417156732910361090051
0.302440155474743417323827103379,-0.319942258927186274108364988691
0.241103127382132542156166686194,-0.319762635791316346254589365823
0.179737085104522312666179259786,-0.319566143329245623027398070539
0.118405053133509308046683174040,-0.319389471280070417147258019205
0.915587467099417117088005147029,-0.318288730558208942784629714149
0.054554460154554199697904552288,-0.317667416045371238116930025143
-0.006810479374238109367874731127,-0.317472313852947225062898911430
-0.068150015680532904889884004491,-0.317299907186741497810164808614
-0.253802051214614275522285739735,-0.316690133116054409570241309738
-0.130406683105970411624804306167,-0.316588147102117428813366421117
-0.315135531080486105234443142377,-0.316505905576232435365240974994
-0.191795365557705958958300810363,-0.316406213954271795835251331696
-0.376468855715935966359194794064,-0.316304646877882482458538047566
-0.437828056949769049978759011190,-0.316106130842085318390027235607
-0.499165451306182237471944093991,-0.316006359069769471737077753510
-0.560839585553426399488202843726,-0.315526427661409124835371405390
-0.622171378891448646589609142099,-0.315280491392324999735316161835
-0.683655193184950647319734023507,-0.315054021026766720654031521060
-0.745113259158254859128051530510,-0.314991206680977492887654963971
-0.806454883029017652807890539039,-0.314966151445215152666833873835
-0.878767863819164308139337993550,-0.306092183137698480235198802640
-0.930193255180577241081929358891,-0.272669459101021918494456767678
0.823909000781026701094406615165,-0.268846083654258806172291521360
0.762583908207663500083392512064,-0.267906733040933473261271957514
0.701251876350970295897812347321,-0.267730021309882409305000284896
0.639919844494277091712232177344,-0.267553309578831345348730428828
0.578587812637583887526652008266,-0.267376597847780281392460260575
0.517255720804655373435296914507,-0.267222098321746796675924834513
0.455923628971729799576436411249,-0.267067598794546119973000213390
0.394591537159059833776949750923,-0.266913091226631601660749444002
0.333259468150655148348330200041,-0.266749782149705004130899261291
0.271927182703771510597523581905,-0.266738801789663264166358389032
0.210589210270178942039917895253,-0.266558636960156933267309843330
0.149223514636171581256048239061,-0.266362385848988646896885546741
0.087891425729725904387260345657,-0.266186389589538621303519214798
0.885124121528362862788450243849,-0.265056842226825748655997727041
0.024040832819337060343345898066,-0.264464334315514550333399591802
-0.037330963290971203444709536332,-0.264273165173717802231615286898
-0.098674234109816487660481828684,-0.264102901180879611544020221534
-0.222929711377509301582007489122,-0.263563978298697804632674773933
-0.284261903188819546741425272767,-0.263456245634340054200518497637
-0.160943659548509320282773089497,-0.263398463624452844676158722541
-0.345593910393414508320749773492,-0.263271175480525784817387645831
-0.406925863232761429041894593038,-0.263068889498692390969754412454
-0.468257776329385208172197396652,-0.262854892735843812708665391549
-0.529589976909956028748812266702,-0.262752273775853905957867986169
-0.591273653274594298506890606648,-0.262277794996807423565969711394
-0.652605446612616545608296905020,-0.262031858727723298465914467839
-0.713936933116559573512917386567,-0.261718614537074317291762216704
-0.775269072914186742477185572356,-0.261584500590600878937212316171
-0.836601351844234698780293912600,-0.261554169861684035119700104983
0.939831190648846071500988615368,-0.237329852722860597275341692032
-0.885211585073980278883828277374,-0.224155044416614337624008479923
0.793716845617073552714138684324,-0.215060961182586702646072535729
0.732070929127553842778084350960,-0.214703279521795154808023795277
0.670738897270860638592502881231,-0.214526567790744090851752871087
0.609406865414167434406922711254,-0.214349856059693026895483015020
0.548074833557474230221342271365,-0.214173144328641962939213002081
0.486742741724545716129987177606,-0.214018644802608478222677576019
0.425410649891620142271126674348,-0.213864145275407801519752954896
0.364078558078950176471640014022,-0.213709637707493283207502185508
0.302746489070545491043020463140,-0.213546328630566685677652002797
0.241414203623661853292213845004,-0.213535348270524945713111130538
0.180075665692631370789349113774,-0.213354894549213780044470218973
-0.945575149846747238577717135431,-0.213297355591164933707969029987
0.118709832399792963315786683055,-0.213159272290700969675024894588
0.057377798394508765032701691436,-0.212983307859681933519988781457
-0.006479651097396033733488907139,-0.211265185636285127502115967270
-0.067855181720254786215307360525,-0.211076159167855915965470699817
-0.129212410708091353532195026774,-0.210912492110782693777292371897
-0.192031865050404357658015224698,-0.210529069478328338155204995560
-0.253363779098677200600695252044,-0.210315345634096103363273079937
-0.314695970909987445760113035689,-0.210207612969738352931116803641
-0.376027978114582407339437536414,-0.210022542815924083547985951835
-0.437359930953929328060582355960,-0.209820256834090689700352718457
-0.498691844050553107190885159574,-0.209606260071242111439263697552
-0.560024044631123927767500029624,-0.209503641111252204688466292172
-0.621663621545612195451834199163,-0.209003981662366583990496863473
-0.682999771422716027392096020356,-0.208760530810686236761714729768
-0.744484688930573604723309486741,-0.208535121106934801266654072936
-0.805876786670802033724151349692,-0.208435491029749943298265875348
0.865497192155627530191352763905,-0.206949760024189036375895437007
0.952958882943419937263076034369,-0.177418976800993897680960117301
-0.896807941856912776574530696655,-0.163929021236686073633004789709
0.762889981904137389658353483385,-0.161676537733707900311045636914
0.824222198986679326851127210590,-0.161584307335941779542715775564
0.701557950047444185472773314308,-0.161499826002656836354775468660
0.640225918190750981287193144330,-0.161323114271605772398505612593
0.578893886334057777101612974353,-0.161146402540554708442235756526
0.517561819960155964409964964788,-0.160969710605655701775343601210
0.456229728127227450318609871030,-0.160815211079622217058808175149
0.394897636294301876459749367771,-0.160660711552421540355883554026
0.333565544481631910660262707445,-0.160506203984507022043632784638
0.272233475473227225231643156563,-0.160342894907580424513782601927
0.210901190026343587480836538427,-0.160331914547538684549241729668
0.149561800767024487167187532423,-0.160151674660043659052302500488
0.088196061245817981246959801686,-0.159956106972897254423186711671
0.026857314477775670955866886231,-0.159784159180452510688705156925
-0.037003869526679616504086731332,-0.158068179630423241235971380189
-0.160303467202842103148849510433,-0.158040526568843232099654959695
-0.098392133887940314312199113180,-0.157886461753649776891026537160
-0.222421833327345796819729208322,-0.157255256147266574504198816982
-0.283753747375618639762409235667,-0.157041532303034339712266901358
-0.345085939186928884921827019312,-0.156933799638676589280110625062
-0.406417946391523846501151520038,-0.156748729484862319896979773256
-0.467749898214996143138456397445,-0.156546135729789913622169149737
-0.529081812263268986081136428706,-0.156332411885557678830238357839
-0.590414012902141824712443622139,-0.156229827776811365112993444252
-0.652120881783186884706571169802,-0.155768611300858128583390968535
-0.713452675093762815510580940761,-0.155522668187283837754019492291
-0.774785678652518190740875183193,-0.155210648483411090786766942221
-0.836117819451290616643589254888,-0.155076993158504204132779203349
0.896307704241594952862891563337,-0.153918055321183528638345231722
-0.957171506629679736268419554713,-0.153071332411236669716965339777
0.962271477143321284838591256502,-0.116797817557918671821374579748
0.855041287211876427137999797617,-0.108544801258512665804757487467
0.732377002824027732353043747384,-0.108473084214569581857798066233
0.793709219906569669545817475057,-0.108380853816803461089468516286
0.671044970967334528167463577406,-0.108296372483518517901528210166
0.609712939110641323981883407429,-0.108119660752467453945258354099
0.548380872736739511290235667776,-0.107942968817568447278366355656
0.487048192653229432657836861406,-0.107766628859573467860503781801
0.425716100820300918566481767647,-0.107612129333539983143968355740
0.364384008987375344707621264389,-0.107457629806339306441043734617
0.303051917174705378908134604062,-0.107303122238424788128792965229
0.241719848166300693479515053181,-0.107139813161498190598942782518
0.180387562719417055728708435044,-0.107128832801456450634401910259
0.119048108245030659924851399208,-0.106948554828193180655323666454
0.057675949928156659259410429647,-0.106756744534387877162699657776
-0.003666903951507911814730937962,-0.106587153174590624422560569845
-0.871665424825716852136311388844,-0.105096825983409800206862621340
-0.129413533483808838185313165889,-0.104977841229015331509870019903
-0.067540821694365144600978483987,-0.104878482216217102161527217532
-0.190745343964702356428714142031,-0.104736217881465685238229626868
-0.252879093418805282131794808412,-0.104019885702162029753512355695
-0.314211007467078125074474835758,-0.103806161857929794961580440072
-0.375543199278388370233892619403,-0.103698429193572044529424163776
-0.436875206482983331813217120128,-0.103513359039757775146293311970
-0.498207158306455628450521997536,-0.103310765284685368871482688412
-0.559539072354728471393202036693,-0.103097041440453134079551724793
-0.620871273139716513967180592777,-0.102994457415302909705887549313
-0.682517175447326717075223874549,-0.102498406775347868493684264626
-0.743848968757902647879233614911,-0.102252463661773577664312770923
-0.805336000143062759414792586096,-0.102028628819518184109926456654
-0.937989131919790995983838096270,-0.094815981934256943819034728671
0.910998769621170176304491364450,-0.083141298081053478437254405157
0.967731690989027264061007467201,-0.055709067174026533872608138718
0.701874097678032203065904428470,-0.055263854410326779147564419790
0.824791912749763706519146986775,-0.055191031913158968809598629502
0.763206551923327442640146755623,-0.055171488056531419592449712312
0.640533034273311559807024659223,-0.055092321153885209207894625092
0.579199925513323058170506100853,-0.054916227029481192781388953229
0.517867245429812979538107564394,-0.054739887071486213363526536247
0.456534587503689025046068197562,-0.054563534405545117334780210341
0.395202495670760510954713103803,-0.054409034879511632618244784280
0.333870403837834937095852600544,-0.054254535352310955915320163157
0.272538312025164971296365940217,-0.054100027784396437603069393769
0.211206242537484514852740599915,-0.053936718982349185667713652895
0.149873952012053038906360237081,-0.053925741535010652733066040672
0.088527996684896262141963420237,-0.053749192528788953619801156742
0.027151038717082803009785022166,-0.053559766209157593373210946755
-0.034289972233170437493939129590,-0.053341792675509418414255632590
-0.098538272648939629853637386271,-0.051955827397840214128475432683
-0.159870186767130167140330469823,-0.051742123618694033020019395842
-0.221202603794327868687555825528,-0.051500847286559508492009581995
-0.283275387229059946956169991813,-0.050749681260025757237557527426
-0.344607301277332789898850019158,-0.050535957415793522445625611802
-0.405939493088643035058267802804,-0.050428224751435772013469335506
-0.467271500293237996637592303529,-0.050243154597621502630338483700
-0.528603452116710293274897180936,-0.050040560842549096355527860137
-0.589935366164983136217577211254,-0.049826836998316861563596797631
-0.651267566803856346335833297525,-0.049724252889792649616180845404
-0.712970056436852055862336802926,-0.049260531177761075479066756935
-0.896963397293425290810571340954,-0.049224990970324836018104261988
-0.774301849747427986666346543289,-0.049014588064186784649695263232
-0.835633340018769794118831586540,-0.048702082380036341797750888346
-0.968441738080266348213311702491,-0.041577949131181849949201084295
0.914328458875568178237710324641,-0.021899461660388661891846986176
0.856151076660742570006941763398,-0.002481903695072474437106791656
0.794016065011449248841855002422,-0.002139202965474177507593037532
0.671351784748088916239374725132,-0.002065403669651491229454416179
0.732684002357794032016777402437,-0.001973524498460164066803603835
0.610018978314188361610732855768,-0.001889485255506454197881268233
0.548686298206396526418377997470,-0.001713145283398958866549133820
0.487353640280272571926338900552,-0.001536792617457862837802964785
0.426020227803543732996118683269,-0.001360872716523673856745041046
0.364688135970615218904763589365,-0.001206373190490189140209615068
0.303356044137689645045903086099,-0.001051873663289512437284993949
0.242023952322827398467651993490,-0.000897366096632375656829471472
0.180686109450299474893066200208,-0.000737369032872979001935941576
0.119353824003415985302329550541,-0.000726388672003670968027648080
0.058003165664940119102519182801,-0.000552260877368798466375562054
-0.003381144607836416062411314806,-0.000367329643462462626042115354
-0.066043705143770796657862061829,0.000062868452779187252717180924
-0.128937235041306133315670947439,0.001312854246948106079314377597
-0.190270021322032268203729518260,0.001526060297607274328887040295
-0.251601818175718398867598408287,0.001771118259112617165626719976
-0.313728268218585285743282920191,0.002488194337561035777059980265
-0.375060182266858128685962947536,0.002701918181793270568991895889
-0.436392374078168373845380731181,0.002809650846151021001148172185
-0.497724381282763335424705231907,0.002994720999965290384279023991
-0.559056333106235632062010109314,0.003197314755037696659089647556
-0.620388247154508475004690139632,0.003411038599269931451020710191
-0.681720447793381685122946225903,0.003513622707794143398436662287
-0.743364904530520275660016026188,0.004010498172807648964465721524
-0.927416003453900643040044947175,0.004013041832750257851729382389
-0.804696957021797570873124523430,0.004256293404828596158517507406
-0.866085946179245146348305192761,0.004535950423038752072082756030
0.969317664931493203084618178964,0.005602710204876291056536710801
0.907585900437000000000000000000,0.039599885578000000000000000000
-0.968045653641642943755497651278,0.049957365577126049228755944581
0.825375716383273284402563574126,0.050570208030082130636097591067
0.763502009052326050616130040996,0.051063632932904577485539169775
0.640837728788965718013598804228,0.051137432228727263797694835085
0.702169946398670833791052441011,0.051229311399918590926328603472
0.579505351007261829858604752385,0.051313596490575779716958551176
0.518172693056856118806609333629,0.051489949170629391659174437642
0.456839280580127279876389548237,0.051665869071563580640232297413
0.395506868965406162608112630907,0.051842363003885032608387916377
0.334157758689249468499451335525,0.051987098418005031934251112396
0.272825666856323894640590832267,0.052141597945205708637175733520
0.211493575043653931054576944609,0.052296105513121105591923761277
0.150161519022836722001535852329,0.052464221442350454468993027003
0.088829232904605854017862447006,0.052470403495915274073748389518
-0.034350534981083430815773310904,0.052571899862002249783831150714
0.027470756178677167014315495072,0.052640307321086746230155452953
-0.096511023163446366165217194755,0.053372340817202208653364435892
-0.159391779214771131517496677665,0.054549778443343883957341948818
-0.220723693328812077583121391272,0.054763483413398640818437715968
-0.282055486470472139288210716107,0.055009468646575205480323737690
-0.344123116312253505540962144609,0.055759223688129760220592458064
-0.405455030360526348483642171954,0.055972947532361995012524373688
-0.466787222171836593643059955600,0.056080680196719745444680649984
-0.528119229376431555222384456325,0.056265750350534014827811501790
-0.589451181199903851859689333732,0.056468344105606421102622125366
-0.650783095248176694802369361828,0.056682067949838655894553825639
-0.712115295887049904920625449165,0.056784652058362867841969140746
-0.773817769873195546015796414900,0.057248382720629498901080764441
-0.835149563182272923102598129658,0.057494326207903690028351151779
-0.896481053453614730555083172910,0.057806831892054132880295526665
0.967023049645187434336746434750,0.066892057561445303600102178395
0.917443162368557134728323168953,0.102995854264049228541720297344
-0.937677505210346987331819174145,0.103243620085780511906747164088
0.856114296943980098714142402902,0.103643638518597363410017014722
0.794782263012078364253632508617,0.103819628525061880774724523673
0.732988381745399518864001937613,0.104266714678986811400378989184
0.610324101482039186261470700845,0.104340513974809497712534654494
0.671656319091744302038924337628,0.104432393146000824841168422881
0.548991745857721422246836088544,0.104516690944604130242682122638
0.487658333356710826756659981314,0.104692610859650835137209699840
0.426325955113240184521462450735,0.104869123931187916738206696825
0.364957612074476133517589220896,0.105024994211059102282169352249
0.303625520261806169931575333238,0.105179501778974499236917380006
0.242293428428880596072714829979,0.105334001306175175939842001130
0.180961372408063387019673737700,0.105502117235404524816911266856
-0.003418086502052172513347605878,0.105626659580011976129991569583
0.058297051071512711384670871518,0.105662839341787741273904425238
0.119629335824575911252085933381,0.105677180732670607022419871209
-0.064750072011590561656881294492,0.105840343836239035743934208525
-0.127009527106835897365809993333,0.106636620420223660951123930582
-0.189774656049679956207058295428,0.107827636451536009754196317168
-0.251117168194745290640461271574,0.108035296262974232929652798921
-0.312450334564140359085889940525,0.108280497997143929923856215489
-0.374575981654928775896742533321,0.108997108235951610157207500981
-0.435907895703201618839422560666,0.109210832080183844949139416605
-0.497240087514511863998840344312,0.109318564744541595381295692901
-0.558572094719106825578164845037,0.109503634898355864764426544707
-0.619904046542579122215469722444,0.109706228653428271039237168282
-0.681235960590851965158149750540,0.109919952497660505831168868559
-0.742568161229725175276405837877,0.110022536606184717778584183663
-0.804276429337236833450022748628,0.110489599254589733358383397968
-0.870135430160000000000000000000,0.113584998177000000000000000000
0.957783452369569613885002512793,0.149194451226949884417773586440
0.825600691794439691102373739061,0.156846732972625713935740586195
0.764268635705151832501504405234,0.157022710271144114689564343081
0.702474776595859111252233273772,0.157469809133015161926102560646
0.579810496332498778649702037004,0.157543608428837848238258225956
0.641142713942203894427155673787,0.157635487600029175366891994343
0.518477386157576130196886736230,0.157719352633625573720717384836
0.457145050968371889791401187203,0.157895890425818614466447157189
0.395776664876992396182979547369,0.158051735984074306151077862880
0.334444629578898775860724409473,0.158228445771375288947852182616
0.273112537699384274530057389008,0.158382953300954334532911487587
0.211780445866458700671196885750,0.158537452828155011235836108711
0.027459829671740319768614606806,0.158679017391961640724200416391
0.150447144923773628253008646615,0.158704854756544699795098505825
-0.033872178271568851389642587470,0.158863842574720494140337040073
0.089088735560792807671042003418,0.158864783593324666328291212313
-0.095204091959709299952671042114,0.159077669740467484877026537368
-0.157527862801423686347589332704,0.159998449018626959356810633225
0.896574158259000000000000000000,0.160735612432000000000000000000
-0.220239492725048406846280840334,0.161058671431606108687716559814
-0.281571406773321249788960867679,0.161272395275838343479648475435
-0.342903199906815629441670329237,0.161518382544965779860471258406
-0.955724465978777761612094410553,0.161860653154070838228137288009
-0.405028932341336956167752083819,0.162234943965792400265325844450
-0.466360846389609799110432111165,0.162448667810024635057257760074
-0.527693038200920044269849894810,0.162556400474382385489414036370
-0.589025045405515005849174395535,0.162741470628196654872544888176
-0.650356997228987302486479272942,0.162944064383269061147355511752
-0.711688911277260145429159301038,0.163157788227501295939287212029
-0.773021111916133355547415388375,0.163260372336025507886702527132
-0.834761947784256386000329888939,0.163708792444128550970698672087
-0.895383644662413077268768283522,0.173017919071467050732149412767
0.946431048266301714788712126365,0.209466934830850157729714930090
0.856419098492703788972105599315,0.209873850255075753757687571926
0.795087064487513159350245635678,0.210049814718707947850580405603
0.733755030555611424889735741393,0.210225804725172465215287914543
0.671960416895713819202283921457,0.210672470822036605404137822844
0.549296136632353486599752684689,0.210746270117859291716293488154
0.610628354242058602377206321472,0.210838149289050618844927256541
0.487964103769237193231628653719,0.210922632199793353049955250304
0.426595717687123346328483564396,0.211078477752663866510384708454
0.365263682952300462797169434234,0.211255187871801896219048240877
0.303931649155227882648647228905,0.211431898519961051658145483365
0.242599557342557919053624375769,0.211586406087876445036766430303
0.181267465509632345194763872511,0.211740905615077121739691051426
0.119935409488708668818596677322,0.211909021505465055584745208218
-0.002728911237190486612794850766,0.212067117948544178696767039187
0.058603372850964128830272174276,0.212084065993188986012740147839
-0.064241173533947279536851056743,0.212149734362593035881548885531
-0.125585228660997894587737241873,0.212356520060683069284589537133
-0.187992699476792136986811877610,0.213229483998697058290330875871
-0.250692358067723677202061229046,0.214296555979427958624331602731
-0.312024272115996520144741256391,0.214510279823660193416263518351
-0.373356150593223809712679879736,0.214756218274806569968589601875
-0.435509799086973794034667964094,0.215456801516436491584138110266
-0.496841713135246636977348178306,0.215670525360668726376069918868
-0.558173904946556882136765961952,0.215778258025026476808226195164
-0.619505912151151843716090462677,0.215963328178840746191357046970
-0.680837863974624140353395340087,0.216165921933913152466167670544
-0.742169778023250920664058352375,0.216379645777942682612936800896
-0.803506630360281071924076454781,0.216479565526996098820193105303
-0.943575160829612529309589822006,0.221977570432810175488722996404
-0.883224444700454696125845712574,0.233134465214123901499543341844
0.901613430995504326827142020124,0.251336142380965610097857067929
0.825903630208731483905311436034,0.263078001901150389278546288638
0.703240858688817391292084978718,0.263428574145476861935113895470
0.764573109204367685589521654596,0.263543353423778243340948935968
0.518884050615889792202623137846,0.264007460330184950282722816039
0.641757082944047000068191229256,0.264052316989952933694987032789
0.457414770487988649768710319866,0.264105219526638605093892393128
0.580425020290391783243113629271,0.264217995456966947135776466486
0.396082736020962211701381016330,0.264281929788662767277068983734
0.334750701957744126777850083623,0.264458640292976266300254861111
0.273417250295630481980497052787,0.264634537749079393999898640214
0.212085142011244603022133336608,0.264789035869630955222272052965
0.150753050178319029163272833350,0.264943535396831631925196674088
0.089420984142997755887156315004,0.265111645543451720876556438006
-0.033386552475494918803282344592,0.265187343780234094360493857651
0.028046725823251218029162609939,0.265265659413724312921114177297
-0.094718556124263837360781540510,0.265373588602221636423327518622
-0.156050470134479708763604030287,0.265587323367309625683788069420
-0.218445564819467407342592266322,0.266467368546518908226945918787
-0.281145308754131857473070779544,0.267534391709268748732449946200
-0.342477222802404700415750806889,0.267748115553500983524381861821
-0.403837017338860647579595760010,0.267978075825450661287401867690
-0.465990665832610631901583844395,0.268678659067080582902950376066
-0.527322579880883474844263871740,0.268892382911312817694882291689
-0.588654771692193720003681655386,0.269000115575670568127038567985
-0.649986778896788681583006156111,0.269185185729484837510169419792
-0.711318730720260978220311033518,0.269387779484557243784980043367
-0.772650644768533821162991060864,0.269601503328789478576911958976
-0.833982845408310967683442344405,0.269704086896873698210770681766
-0.927648324600467739671998029296,0.281205817464410917340430452408
0.918307888530825715848997956536,0.310352618438992592260734010175
-0.876040002754499665111070275328,0.314345378037075357841330143453
0.857219159059286078761716839564,0.315813066246578127892941847803
0.795747842082674909356268133632,0.316790676898676312207328205972
0.673083581394448758139917976760,0.316834453830178987473115645556
0.734415760498723492519650081134,0.316949192783837941063624902548
0.488233820687110044917461660358,0.317131962812742425602537873904
0.549566041742514238724184819526,0.317221512337339655329794424866
0.426901788821827515141607998546,0.317308671562637505860576798450
0.365569754767875073167482348478,0.317485382061565828842468029375
0.611755419941460720937191954932,0.317545770568737382568203809712
0.304236989874987026488561779282,0.317661673417384920220342007879
0.242904391126557621150468129098,0.317838060038817386079471822775
0.181572298688844174757347000047,0.317992567247622817851754880891
0.120240206855918600898486496789,0.318147066774823494554679502014
0.058908150445653529690282900931,0.318315182441523974785972648866
-0.063756160032797504584172345866,0.318472766697967897213390308164
-0.002423877071659529617708184507,0.318493393894227781702950913755
-0.125170332482538894750594597614,0.318612101763807683910497025901
-0.186502868008835180996054749613,0.318825475311270560165089398472
-0.248898515505875587613601816821,0.319705204276359698335064262257
-0.311626175499768695339986659818,0.320756249259912840051262212016
-0.372958089548041538282666687164,0.320969973104145074843194127636
-0.434317884084497485446511640311,0.321199933376094752606214133491
-0.496471532578247469768499724670,0.321900516617724674221762641881
-0.557803446626520312711179752028,0.322114240461956909013694557497
-0.619135638437830557870597535673,0.322221973126314659445850833794
-0.680467645642425519449922036398,0.322407043280128928828981685600
-0.741799597465897816087226913806,0.322609637035201335103792309175
-0.803398006228560201803801546089,0.322979361823534209453104367415
0.896842708800974686281356386260,0.367806037987976041710542484870
0.580385092353337653433458188381,0.370248255384162981978329031056
0.457720839434022906383562765786,0.370335415085645487167936789518
0.519053060489427100190285924955,0.370424964610242716895193340480
0.396388807568740376607709103968,0.370512123835540567425975714060
0.335056775712128091434527701124,0.370688835594676507368412045024
0.273724743855507949304481210052,0.370865547351085502964756146686
0.212392711998805818082390235544,0.371042259079038225406233115779
0.151060620186134193339781943350,0.371196766646294222887186865993
0.089728528353208619480921440091,0.371351266173494899590111487116
0.028396472332283825811994419159,0.371519382063475222577784150523
-0.094292369023031013334323874907,0.371662890773881682832962501181
-0.032958490108610078618172200707,0.371714179979076847022412923445
-0.155624372128036833334280948932,0.371849314575681681395393193726
-0.216956286158113234756641200463,0.372063043641647400824443955071
-0.894804762811339622295353721799,0.372736585754637980605828870796
-0.279379382251512425480517697094,0.372927061827003789653876528073
0.835753979329435049194075269287,0.373266485795561577342750322492
-0.342107042245405533206902540096,0.373978106810556931370074477829
-0.403438956293678376149582567465,0.374191830654789166162006393436
0.774430649877144159415999461169,0.374314638261624521349939261334
0.651766351126001146881226622557,0.374342931921572625868153496912
-0.464798750830134323313427520586,0.374421790926738843925026399306
0.713098530230275881260958726768,0.374457670875231579458662840864
-0.526952399323884307635415604948,0.375122374168368765540574907695
-0.588284313372157150578095632294,0.375336098012601000332506823318
-0.649616505183467395737513415939,0.375443830676958750764663099614
-0.710948512388062357316837916664,0.375628900830773020147793951420
-0.772280464211534653954142794071,0.375831494585845426422604574996
-0.833605508531244612040364795522,0.376773990151845879666766110592
0.613221642208870762183191881760,0.422049899685202400678588547848
0.549879583751272096622431325400,0.423455992637645444165175656785
0.427215330831957349572535902827,0.423543152339127949354783415260
0.488547551887361543379259061996,0.423632701863725179082039966222
0.365883298966674819796682241016,0.423719861089023029612822339806
0.871763326573405078605785866618,0.423835850715289350002989478708
0.304551267110062534623500838172,0.423896572848158969555258670770
0.243219235253442392493454347103,0.424073284604567965151602772433
0.181887203396740261271363372595,0.424249996332520687593079741527
0.120555111584068636528755080401,0.424404503899776685074033491740
0.059223019751143062669894577143,0.424559003426977361776958112864
-0.002109036269781730999032443790,0.424727119316957684764630776270
-0.124773235766339478405878365671,0.424884748325859264266027981680
-0.063440970016216744673370012031,0.424935113617906192632110983058
-0.186105238855477229680877053382,0.425071177348059257351324305270
-0.247437152903750072623557080735,0.425284901192291492143256220888
-0.309860248997149263347433577372,0.426148919377647880972688793886
-0.372587908991042371073818420394,0.427199964361201022688886743631
-0.433919823039315214016498447740,0.427413688205433257480818659252
-0.495279617575771161180343400865,0.427643648477382935243838665119
0.681402070782812868221461632236,0.428039984718995171749329173368
-0.557433266069521145502331485223,0.428344231719012856859387173510
-0.618790041519769180557067005744,0.428543709393777586812451658080
-0.869441408697973341141147459713,0.428578770765848876602736948212
-0.680122233331079425716484789389,0.428651442058135337244607934376
0.810669088118531158748124022456,0.429234312192907381892079487574
0.747361765193043293813779788800,0.429478335323255008089973576594
-0.746411369047114714368576892645,0.431441199441027907507610890952
-0.808242154417878330886158533432,0.432616175163056775663674187970
0.642062250814256967223333466939,0.476178160824622391174976710423
0.580730631053908101698195472473,0.476464126344057300692056006976
0.519398717005635258755515445088,0.476677850188289535483987922579
0.396734464086320511705620022515,0.476765009889772040673595681054
0.458066685141724705512343181683,0.476854559414369270400852232015
0.335402432221037981929766360703,0.476941718639667120931634605600
0.274070400364425696756584957860,0.477118430398803060874070936564
0.212738368507805554626538466791,0.477295142155212056470415038226
0.151406336651103423404447492283,0.477471853883164778911892007321
0.090074244838431798661839200088,0.477626361450420776392845757534
0.028742153005506224802978696830,0.477780860977621453095770378657
-0.032589903015418568865948324103,0.477948976867601776083443042064
-0.155254102511976316272794245962,0.478106605876503355584840247485
-0.093921836761853582540285892329,0.478156971168550283950923248861
-0.216586105601114067547792933666,0.478293034898703348670136571081
-0.277918019649386910490472961014,0.478506758742935583462068486701
-0.340341115742786101214349457671,0.479370776928291972291501059688
-0.403068775736679208940734300671,0.480421821911845114007699009445
-0.464400689784952051883414328018,0.480635545756077348799630925065
0.712673160176664995589863451011,0.480801413119181894707822210013
-0.525760484321407999047259281140,0.480865506028027026562650930934
-0.587938994217133175481302858673,0.481551843100189443339332008272
-0.711097730068307574604510298030,0.481586949617695861526853133812
-0.649270838270162118118710127506,0.481784788933505760088237587354
0.779217916476865918314785872951,0.481888591801243429239969587118
0.840543446056486497937620385032,0.482798965617542231525119569835
-0.776780831906046508653436591041,0.485264390180403995414519817544
-0.838117824999000000000000000000,0.486850945168000000000000000000
0.672913298116892972299097613999,0.529186294531034247701857060621
0.611581678356544106773959619533,0.529472260050469157218936357174
0.550249764308271263831279592160,0.529685983894701392010868272770
0.488917850259998420888599564807,0.529899707738933626802800188390
0.366253597340683673838704142234,0.529986867440416131992407946865
0.427585818396087867645427301402,0.530076416965013361719664497827
0.304921565475401144062850480422,0.530163576190311212250446871411
0.243589533618788858889669077579,0.530340287949447152192883202375
0.182257501762168716759622586509,0.530516999705856147789227304038
0.120925469905466585537531612001,0.530693711433808870230704273132
0.059593378092794960794923319807,0.530848219001064867711658023345
-0.001738713740130613063937183451,0.531002718528265544414582644469
-0.063070769761055406732864204384,0.531170834418245867402255307875
-0.185734969257613154139710126241,0.531328463427147446903652513298
-0.124402703507490420407201772609,0.531378828719194375269735514673
-0.247066972346750905414708813945,0.531514892449347439988948836894
-0.308398886395023748357388841313,0.531728616293579674780880752502
-0.370821982488422939081265337948,0.532592634478936063610313325502
0.745267947170955934097435383143,0.532967442050970968062782587194
-0.433549642482316046807650180948,0.533643679462489205326511275259
-0.494881556530588889750330208293,0.533857403306721440118443190880
-0.556266212469020029026230654590,0.534073117409203613042595765696
-0.618388779586877061854073765824,0.534791489320303005282362141072
-0.741045567228097273054723927283,0.535110555700965703167233337874
-0.679715424501533746349955528876,0.535623344005890896581192587511
0.806410841413000000000000000000,0.537791179817000000000000000000
-0.805273306619229470879577358720,0.539576711465955311694770801152
0.706507863798491941490772758084,0.580499592177658498713223466463
0.581100811610907268907043739221,0.582694117601113248537748622968
0.643298350657500814552480553827,0.582896266394066882919590181872
0.519768897562634425964363711875,0.582907841445345483329680538584
0.458436983514361583021683684508,0.583121565289577718121612454192
0.335772730595046835971788261935,0.583208724991060223311220212667
0.397104951650451029778511421103,0.583298274515657453038476763628
0.274440698729764306195934600123,0.583385433740955303569259137213
0.213108666873152021022753197280,0.583562145500091243511695468177
0.151776635016531878892706706210,0.583738857256500239108039569839
0.090444603159829747670615731702,0.583915568984452961549516538934
0.029112511347158122928007439508,0.584070076551708959030470289147
-0.032219580485767450930853063750,0.584224576078909635733394910270
-0.093551636506692244599780084683,0.584392691968889958721067573677
-0.216215836003249992006626006540,0.584550320977791538222464779099
-0.154883570253127258274117652908,0.584600686269838466588547780474
-0.277547839092387743281624694244,0.584736749999991531307761102696
-0.338879753140660586224304721590,0.584950473844223766099693018317
-0.401302849234059776948181218225,0.585814492029580154929125591316
-0.464030509227952884674566061225,0.586865537013133296645323541073
-0.525387284678200919729301581743,0.587065014687898026598388025642
-0.586719063226100806375012944789,0.587314612079087082356452863002
-0.648040280001684553593321325502,0.588479829598774943308930377188
0.769686291851690636511820066390,0.589229274599859351873505085968
-0.769538041941280235280864694962,0.589422876986517019447484321482
-0.708723760208611681218613469778,0.597377278035366449988059941993
0.611951858913543273982807886267,0.635702251307525105064628973174
0.550619944865270431040127858922,0.635915975151757339856560888790
0.489288030816997588097447831576,0.636129698995989574648492804385
0.427956116768724745154767804231,0.636343422840221809440424720006
0.305291863849409998104872381658,0.636430582541704314630032478481
0.366624084904814191911595540826,0.636520132066301544357289029442
0.243959831984127468329018719846,0.636607291291599394888071403027
0.182627800127515183155837317003,0.636784003050735334830507733991
0.730805291168862990381324854276,0.636813750094543528938988977685
0.121295768270895041025790825933,0.636960714807144330426851835654
0.059963736414192909803699851426,0.637137426535097052868328804748
-0.001368355398478714938908440769,0.637291934102353050349282554961
-0.062700447231404288797768944027,0.637446433629553727052207176085
-0.124032503252329082466695964960,0.637614549519534050039879839491
-0.246696702748886829873541886817,0.637772178528435629541277044913
-0.185364436998764096141033533185,0.637822543820482557907360046289
-0.308028705838024581148540574521,0.637958607550635622626573368510
-0.369360619886297424091220601867,0.638172331394867857418505284131
-0.431783715979696614815097098501,0.639036349580224246247937857130
-0.494536237375564914653537434675,0.640073148394309883125268375835
-0.555868015923464801299248797720,0.640322745785498938883333213195
-0.637856452912339560164677480648,0.648960727612285326287463307290
0.671236813354047618869439510952,0.651416688481463129047811643688
-0.711178293266737760426147379833,0.658660429277554439713804032545
0.520139078119633593173211978623,0.689137832702401431175373154591
0.458807164071360750230531951278,0.689351556546633665967305070212
0.397470278243971031893752850899,0.689562432678332885016249335048
0.274806025324656284843857428326,0.689649592379815390205857093523
0.336138246380060478650580587494,0.689739141904412619933113644484
-0.592103883854765866176519490114,0.689806189824607900197036781693
0.213473993459373755068003766514,0.689826301129710470463896018069
0.152141961602761469894822363671,0.690003012888846410406332349033
0.090809929746141327764775872601,0.690179724645255406002676450695
0.029477897889439196542684898093,0.690356436373208128444153419790
-0.031854193923232428199923394101,0.690510943940464125925107170003
-0.093186285756158002058783897359,0.690665443467664802628031791126
-0.154518341777082795727710918292,0.690833559357645125615704454533
-0.277177569494523667740457767094,0.690994036079079720860089310727
-0.338509572583661419015456454798,0.691180465101279713945385634324
-0.399841486631934261958136482143,0.691394188945511948737317549945
-0.215847213943321576995931356274,0.691480705031711797700425699414
-0.462289444127308644794068471951,0.692243960961400832727882691892
0.591041845048079566300916402601,0.693360094899187028870719671114
-0.523594089770613985501752373289,0.694085096821429803937030609048
-0.668100413179477469478891154382,0.702317566218654281135122560776
0.658425312871691658327970734871,0.711395975023542921454904435981
0.551575394980518066256174996321,0.741800982446111137423644408233
0.428321325546607036969516997945,0.742570566384744741543129685254
-0.561017486289593022073022974495,0.742676647030181004456015231969
0.366964046762469820106883969517,0.742769755477956862072836689042
0.244293046268909303110902780953,0.742853045912926068731801109161
0.305625267324313496917625940121,0.742942595437523298459057660122
0.182961014403626773335049119141,0.743029754662821148989840033707
-0.622347844121903775490733163848,0.743163028430976855044696035179
0.121621550388106514077944408958,0.743210785280716450406955595980
0.060289518531404382855853434450,0.743387497008669172848432565074
-0.001042537489520410813073586483,0.743555612898649495836105228480
-0.062374629302192035555681878677,0.743710120465905493317058978694
-0.123706721135117609414542381935,0.743864619993106170019983599817
-0.307682118769864656289774102248,0.744202323330358676879733681654
-0.430347214779546291937107855593,0.744601800326688535217262384707
-0.185695444598714942543236920529,0.744889694575570055533928382451
-0.368964861173183238782942638219,0.746667239952917028545301734236
0.612117983450639966515007320906,0.751611402418965707087149610996
-0.246107444779182484273171159304,0.755474570243309890452173863386
-0.497732963951000000000000000000,0.757721130318000000000000000000
0.492330966518000000000000000000,0.765223581166000000000000000000
0.336444318920186377258083696900,0.795969337911837580799708200126
0.213780066004154273659574454839,0.796056498752652469364149970429
0.275112287059558467466297614007,0.796146048277249699091406521390
0.152448034138871743883720793027,0.796233207502547549622188894975
0.091100794613954831891813898451,0.796418757835385104942705734457
-0.030953900607948144297289452443,0.797099610835896227409014209425
-0.092430905314508425601725114752,0.797172907813534268754734974631
-0.153826059797806451461922276105,0.797291905131213068092249593938
-0.332270861237873973315022957366,0.800389894042645537518463267761
-0.544719104085922659610701004736,0.801803731316905327340024702751
0.543538634246690975576369470448,0.802604434943593023041824682278
0.439700855198288541173128703205,0.802837934533792220371821407902
0.030107467609343809600487647709,0.802857967384305603447251663519
-0.439060118894456720528576010109,0.805312052019386186490488427812
-0.272906558402647915394425846496,0.815801866907723276544508159436
-0.211608632481932186629325727325,0.817854581336173538750822011587
0.385886930830369987769535841167,0.832260900102039463814356102527
-0.492921910040320703708372295582,0.834647300667823604098485647502
0.491693165909773342089058524897,0.835371747491801675698971045403
-0.379379329913601657448166510437,0.839663823534540089788932148208
0.183267084337993139032472133519,0.849259950788651370130834375751
0.244599305393397332839195292687,0.849349500313248599858090926713
0.121935052472710609256618471707,0.849436659538546450388873300297
-0.061629125290269512472417424268,0.850209684733372806118851608449
-0.123025568840739985916680399841,0.850329430672191957089479486959
0.309074752987000000000000000000,0.854638611118000000000000000000
0.060935872975361880628467718029,0.855879272359709493583209781407
-0.000370678382000000000000000000,0.857827519486000000000000000000
-0.315935869843854705059324559811,0.859506874808442749820408752110
0.437879241541854788685465662858,0.864794713060048919141505740028
-0.434539772681284725940103073615,0.866477531080858293292447362277
-0.257146457487223370422464595167,0.876984127266088489720054551741
-0.195814317829866738755288745035,0.877118305344860942708696461900
0.377124984686040384586371980043,0.892964093250919109149506097188
-0.363044338519582389192468112881,0.898780804300337302090877632557
0.162946976714969557280657229207,0.907128271871045492350966657588
0.101463338030114806728873375165,0.907251521524779155923183754206
-0.081676706624958782052758041607,0.908172982097613045787325212161
-0.143008828780941650539610530692,0.908314934730263681968764202781
0.258862680114689098093430977248,0.909000196036486699979684020417
0.040470658574481965466610742599,0.913696861820585471621516264454
0.319898198593027403923782076548,0.915026375820292052951190291944
-0.020824466172998171307046183354,0.915831584495119381611681136776
-0.305477883535298994158643318641,0.919940970160953673344404610210
-0.246688471178667659521783353997,0.937418222618599413244050409842
0.210159043032240536138009002939,0.946277603318209800505690130698
-0.186911460371340850558896690571,0.951142592828086440689995102939
0.132311543938290239520909477218,0.960261308837624803978355171602
-0.114389834337675127782693240141,0.962560695078539758131578847397
0.071318864482657398258646844652,0.966706649133431119676687681851
-0.053287613627517058650549722072,0.967868046865773336318422725529
0.009239909772756640832579479655,0.969289817328787205314441548982
