-0.013595531627000000000000000000,-0.969935841797000000000000000000
0.049296447823254495434705804429,-0.968782917389075837751449005315
-0.076424079591401918220540768138,-0.967021117065954696159389990224
0.109023723331160920278596431119,-0.963890195273242869240200955039
-0.140008605710658806593009276223,-0.959879196107425317244817222062
0.168334901418673364481510980681,-0.955318712136031234871396701089
-0.201395580449287771934601467567,-0.948899521007558654917589623924
0.257420458795924970231670430908,-0.935256749874693653215620312884
-0.302584670974541701605940160258,-0.921636044045646107987678452579
0.017132345290718787850892433955,-0.918218535878207440681326890622
0.314680367347305870772708595834,-0.917576562036675185487515163677
-0.042789709220127063448247908310,-0.917422575766557312491958820287
0.076859620798625212694783060645,-0.913325813762374472170078840346
-0.102560465239018305868100520758,-0.913093269328997592100346266235
0.204350142274983989568160701729,-0.907421023304919001000779435662
-0.244424821840030076601367938557,-0.907188964134779445108973872722
0.136170798886137656897697610207,-0.904754330625162837801274586396
-0.161783283520693435470583902088,-0.903931175459373369053994848954
-0.358917328625945780108076085757,-0.901193004857946416785692095882
0.370739274088244842773045147118,-0.896394372718504440634082198953
0.273150343305562232743256416291,-0.874373052082131965067313244364
0.040401399063448211984617775956,-0.862993203775793187538504146626
-0.019688577216000000000000000000,-0.862122274646000000000000000000
-0.079513002660777402863724288042,-0.857585949869939235715871990186
-0.398773973519389767276100654687,-0.856441088394648165532470953986
-0.458677252148131517255558488526,-0.854743036915024639461775647654
0.329209250046501204743592967575,-0.853190862763961220213880279640
-0.321494799505000000000000000000,-0.853016861677000000000000000000
-0.200426231759000000000000000000,-0.851995911820000000000000000000
0.098893521201602168560102583923,-0.849956416707063425729081543148
0.408215791427195097195660744827,-0.849631173325782382560406335978
0.468143121553611180161656706876,-0.849595491122051929752152991849
-0.260418287308328101800008497760,-0.849435217662238996164087239204
0.158816938132302159670603863954,-0.849270652425682879693314330106
0.218744274618365087717666285830,-0.849248047419364118242190399689
-0.139072814128127227284164981966,-0.848473797688066572773404971732
-0.530049929462118448441537784591,-0.812414643559606850904527927772
0.011718685148835050507302450678,-0.810375829346878775484181764137
-0.048087018314756273134843997521,-0.806559548103953868254477533433
-0.350407523187476719752807540826,-0.800510257887064705614759211224
0.370650686571000000000000000000,-0.799126106967000000000000000000
0.249983674832883699587794839721,-0.797885339442247867686966187537
-0.107345938477640764147635073732,-0.797633936056088374729512768456
-0.290549266769982865831673508127,-0.797633574387324844979118549903
-0.410267211632745578868028776842,-0.797626195323506524082800047716
-0.230471001601742434074483297878,-0.797527161947270731865642281497
-0.170543683495578011704002351262,-0.797475066816044202572700067745
0.552293580128371861393505190774,-0.797459893751319309743113814911
0.070210807286989007082787258644,-0.797339042278149013674759160659
0.130134224217688998193288538676,-0.796653277996768467638991947617
0.190069561130824756888096685206,-0.796626312597072366309829625393
-0.472305939312243291891512308368,-0.796385988878965664437424365782
0.310342552205007438305385773863,-0.796310867318656425654935596955
0.432497617551611643135524331351,-0.794843591800734921633789517964
0.492424947695466102020319198810,-0.794807909604733147484965931402
-0.560044550421252332641768218989,-0.760533925727082540036887050457
-0.019936320161000000000000000000,-0.753529898987000000000000000000
-0.618489878435994308842899558584,-0.747288934124618744935931952742
-0.139816578259571636421902166435,-0.746024788145970559667021220513
0.039553115105186156461890747527,-0.745838019534297432516623214113
-0.440261832590594666710602162188,-0.745745477490239413551498026455
-0.380334444063182556791472941275,-0.745709766373446448400594198355
-0.320407113974076369931545251252,-0.745674021563641638841980374823
-0.260479776362308751773120863957,-0.745654629159409374382624239598
-0.200552458255715881238696727508,-0.745602534521047922232134412388
0.582226343494670964181483343729,-0.745543462377839274255410307288
0.099578626463655469856167492957,-0.745100958793906013696730586727
0.160078544110421238630544394895,-0.744743511329388426866896966542
0.220005876537936766708747061938,-0.744711929338229467660195591108
-0.079279784795120713588158450715,-0.744685119385937133992928107726
0.279933204080970942678780374966,-0.744672144290571409073978457996
-0.502300560271377176091742742767,-0.744505271046441353569783488466
0.340278555447853582015328041226,-0.744396304052223904430558675528
0.400205885574505437328911020594,-0.744360622244469154627308202005
0.462430380935350506997201162625,-0.742927160437309896241658558952
0.522357711061765204808297351765,-0.742891478231253111997262423779
0.639849052522897329082018595432,-0.729084131481703809005477413364
-0.663453943365445983099550172677,-0.707671778316557842143526105545
-0.541157297315137178654054848979,-0.698882468024134527132970063802
-0.470256453549728550910832596587,-0.693864759657715102683857149140
-0.410329065021031644634046326622,-0.693829048540179337869292177094
-0.350401734931925457774118636599,-0.693793303730374528310678353562
-0.290474404842518751281617336601,-0.693757558920798888330342755645
-0.230547074753413656508198132462,-0.693721814109163160454884073343
-0.170619656599858815808665429182,-0.693686125223685684086507220455
-0.110692326474625531180527935279,-0.693650441033531577036240342682
0.010580171224285928718605008991,-0.693379896310393150622685092660
-0.049344069873875154558208511082,-0.692770389862862127284713095289
0.070507214354097852610735649108,-0.692697340910630183037913694423
0.130434544480041634488865953608,-0.692661657913691193128234570843
0.190361876907557162567068620651,-0.692630075922532233921533195409
0.250289457385024891098431805025,-0.692590146910222148220611035480
0.310216787511606945193135492215,-0.692554464985236964234119960984
0.370211319159210943759606149608,-0.692479872877689501741576367210
0.430138649285625641564820971001,-0.692444190671632707619577203102
0.553176571595000000000000000000,-0.691476051211000000000000000000
0.492363144301649609785179315581,-0.691010729063829860753955051329
-0.600443988951236552872381244060,-0.690143225256812851100481560593
0.693081955226355051400644691867,-0.678680988486116770158710881438
0.633868914421582445423950979504,-0.669455915697653036032616573448
-0.705885885322487001128838024132,-0.665353738770113564772635242826
-0.645198714493406754523671533732,-0.650289734682646855347896713416
-0.560231480476111405099045146575,-0.642071714587467917588455040312
-0.500304166778809342659344691472,-0.642014773167812881119937593128
-0.440323685980165528834276761021,-0.641948330707655027001651299779
-0.380396355889822959363651381729,-0.641912585897135407985561675903
-0.320469025800716772503723691706,-0.641876841087330598426947852372
-0.260541695711611437487475537590,-0.641841096276097645408435099804
-0.200614273097556591078166834136,-0.641805404811800922309256881411
-0.140686894952429104742744543420,-0.641769692859180121024676404466
-0.080756611553379972150577995647,-0.641735711510456570328025330245
-0.019414454595474658534276246854,-0.640852143565562607281301563157
0.040512875530109027293058411468,-0.640816459963870264210130663470
0.100440205656052809171188715968,-0.640780776966931274300451539890
0.160367564086632645101614438296,-0.640745374278096109633836475826
0.220294894262250769527457461030,-0.640709395639890311820157959400
0.280222304982795515188658569763,-0.640673667120044628672889306978
0.340149945850353192438275258548,-0.640637804978293219154963414535
0.400144082525510037990388467134,-0.640563441504209461320164758998
0.460071412651924744352799123957,-0.640527759298152672131873695479
0.522295907646904512166514429331,-0.639094297678216651740157517104
0.582223237632041796840555106377,-0.639058378984122743045928278110
0.733667206978143401608989853781,-0.634588772511592645878535849138
0.671703141152208384847729773805,-0.622696772156126152627856693743
-0.708120232404175916932434144939,-0.605468065504977203400741125779
-0.766931826254773585336481446031,-0.593957956988874401923617923185
0.619944344196350429689305230075,-0.592492250855791181183797765845
-0.650099480259322264589362207315,-0.590472116390446972334350356813
-0.590172950721433866584458468464,-0.590160304195834466824939056810
-0.530245637024131804144758013361,-0.590103362776179430356421609626
-0.470318306938063030423809506152,-0.590067612874415906676534622120
-0.410390976848956843563881816128,-0.590031868064611097117920798588
-0.350463646759851508547644696990,-0.589996123253378144080907550124
-0.290536316670745321687717006966,-0.589960378443573334522293726592
-0.230608986581639986671468852850,-0.589924633632340381503780974024
-0.170681656492533875600766033027,-0.589888888822408508857890341648
-0.110754326400354812330660428987,-0.589853149164751725286033285317
-0.050826996274979476126645731419,-0.589817465213157050324613798114
0.010518308067277693951825609688,-0.588935711202718217489722877541
0.070445638211248590607349471798,-0.588900028195356951050780967532
0.130372969022351991200964175108,-0.588864345593451284500132637401
0.190300299149826257971436182603,-0.588828662864207205409596320318
0.250227660187299918682669735316,-0.588792963068420881981491711245
0.310155068108392269859276987761,-0.588757235604538877653648163328
0.370082709216652286670958770128,-0.588721373604813178732449371438
0.430076845891809140778366620090,-0.588647010130729425832461251375
0.490004176018208604957489932906,-0.588611327899088165013740267097
0.771452361439877005229532580545,-0.588074599707993817746980127338
0.552232524036058723041914522435,-0.587175402322178647083978642659
0.712272087504322518331017500646,-0.578589553232469165141416353051
-0.802144591217553309319844808642,-0.545467263521198025705877011492
0.654225824003000000000000000000,-0.543328931951000000000000000000
0.589953630600367355890664646133,-0.540609274193847085221848130394
-0.739993279512053619472291825953,-0.540426649619350806127048543624
0.806293208665130176891059055534,-0.539315994991219076050216330150
-0.680094048211841831809797499368,-0.538591367912405468108961555122
-0.620167518673953433804893760517,-0.538279555717792962599550255119
-0.560240204976651371365193305414,-0.538222614298137926131032807934
-0.500312874890582597644244798205,-0.538186864396374402451145820428
-0.440385544801476410784317108181,-0.538151119586569592892531996897
-0.380458214712371075768079989043,-0.538115374775336639855518748432
-0.320530884623264888908152299019,-0.538079629965531830296904924900
-0.260603554534159553891904144903,-0.538043885154298877278392172332
-0.200676224445053442821201325079,-0.538008140344367004632501539957
-0.140748894352874379551095721040,-0.537972400686710221060644483625
-0.080821564227508921359380486075,-0.537936716718526498642315707697
-0.020894234101904465366693144513,-0.537901033151715756788085926870
0.040451070998881374206762477133,-0.537019279289400463566986723654
0.100378401577547694504931568312,-0.536983596821876916202826984176
0.160305731936088332883217872528,-0.536947913959043185550652924535
0.220233062759105592544962229204,-0.536912231630073705254132005785
0.280160423313086136057426410980,-0.536876531552805593772721635124
0.340087831475094408619820607615,-0.536840804230825816054158800970
0.400015472582951389458936942457,-0.536804942231333143244745852581
0.460009609235943820094465145802,-0.536730578744470344769875732953
0.519936940069868806686192137432,-0.536694896920757629698928691863
0.720369063116596097641349588914,-0.519211736202585297783190338715
-0.775206044474833343455655188564,-0.491935956151674429909307631930
-0.835707182036000000000000000000,-0.491882656489000000000000000000
0.772569948691128584712914546820,-0.489777849022420225045395992903
0.838056775882364622698556024234,-0.488499049324086060877258700525
-0.710872804323476971923317321099,-0.487171971362848391161699221479
-0.650400820724641839879657484849,-0.486537564874649325953569185179
-0.590253171282494916967854567983,-0.486352507079968232478578653202
-0.530307500256726994114854537715,-0.486306149111745116126810330814
-0.470380165759373912373849853312,-0.486270401753330472567415319238
-0.410452835589104635182119754701,-0.486234656895172924453806217800
-0.350525505143315901169975315350,-0.486198911879153588045025629734
-0.290598174306447523495187917515,-0.486163166635604561584824551749
-0.230670843498099615384018436300,-0.486127421409846067846898593322
-0.170743510720254536538544326582,-0.486091680199482886148297101992
-0.110816132513401228151870462110,-0.486055968432928571184140827108
-0.050888801783879524321985163439,-0.486020284347760592975512520182
0.009038528587086689225495478373,-0.485984601387729330597386103027
0.551354850345000000000000000000,-0.485659103178000000000000000000
0.070383834365180465480591532395,-0.485102847915920421440724070349
0.130311164491284114319379414271,-0.485067165187468862300981897806
0.190238495523989868786048034816,-0.485031482713329505512551613319
0.250165825883202586931155740229,-0.484995800116950307546815420410
0.310093186679819133725443257820,-0.484960100179074691205470789534
0.370020594843246446488182212710,-0.484924372856274501629707123139
0.429948235927086068775035468169,-0.484888510845074062182160334159
0.489942373287604021823167350329,-0.484814147766139809455064157720
0.671358365023601259884790400802,-0.484726411182550588914973205280
0.611418992604025298951724166707,-0.484658184808992052035150632187
-0.804859118735503204886615128840,-0.439859268889605635074588812992
-0.864785069399975054248646336337,-0.439451094589329838844367455984
-0.744964258335249698806754973469,-0.437886487367423278102238484985
0.705104233365000000000000000000,-0.435199293227000000000000000000
-0.681179576836276979993177306580,-0.435118168325092249006306851536
-0.620486476575957328438714359658,-0.434610518131606212156090703048
-0.560320466562037258744682255800,-0.434436041893266856621548293509
-0.500374791125518308844459592822,-0.434389686468701186243079829624
-0.440447456629402461408888347272,-0.434353939109573208748641877781
-0.380520126457811952735752134514,-0.434318194252080435968212580008
-0.320592796012853872117043965025,-0.434282449235112721208697553407
-0.260665465143513112630824110504,-0.434246703974091463326909479517
-0.200738129903271065296114224622,-0.434210961340103763384967787012
-0.140810748882712094461422825274,-0.434175247944588073062988983487
-0.080883370478601679534558953385,-0.434139536291763645926322689969
-0.020956038948097265133992263823,-0.434103852668407550932839948288
0.038971291953385780499324533636,-0.434068170014249288471123449723
0.520623566933722017284526916397,-0.433336477599848013072526352130
0.580550891454254559114126691017,-0.433292374188428084834903109899
0.100316597709019328744960589558,-0.433186416032851042468405872740
0.160243928036672272687436134248,-0.433150733917243811829025043833
0.220171258668819074551781514868,-0.433115051212159530399394674029
0.280098589249501678622082801279,-0.433079368743470265650668361929
0.340025950047533292443380125804,-0.433043668804776535056729356271
0.399953358187381144715214459082,-0.433007941470015409633719143495
0.459880999978746270503737675026,-0.432972079866743526867348757574
0.641447748721196643505386537985,-0.432797217064882568683955025734
0.764837734051181603295109371990,-0.430351432118303338078578922446
0.825234989908858006764304757364,-0.429959421944423754719150762173
0.880558350406484907202019554172,-0.406924406152162288264014974606
-0.830153199250696615174917795195,-0.385531599510264201890624166268
-0.890270462532136592374050290305,-0.385212907799953359677642880279
-0.770258338850443109095057639824,-0.383558817988081844918273838261
-0.710336296188688487923930295018,-0.382761966343809917094684666708
-0.650409000858697782678607094310,-0.382688184691660279921884304377
-0.590481671038940508010965172558,-0.382651991126621040718836606529
-0.530387743293762380926433530271,-0.382519571070267637237784962291
-0.470442081995546857879498086782,-0.382473223824943922424306388167
-0.410514747498193772660712760207,-0.382437476466529280870044066390
-0.350587417327441587574786202675,-0.382401731608092564230130532293
-0.290660086803374765955827418506,-0.382365986546690000332292143897
-0.230732751345981170581205375715,-0.382330243787157033905424990796
-0.170805368066938121643827732344,-0.382294529084511605996130777684
-0.110877986849501289936034504473,-0.382258815799198530598266961216
-0.050950607636708944333493834827,-0.382223104615933639335461454295
0.008976724433865812952572373389,-0.382187421285871461587540861081
0.068904054880605142504447763254,-0.382151738387614914296271251023
0.490562193624864265975311224266,-0.381494409700451730478888226030
0.610565902276299119823152768747,-0.381423450017469346663427163692
0.550549024931218537065119601764,-0.381415834952244051580054633249
0.130249361082212629429488387260,-0.381269984663345902573679052411
0.190176691224014856366436176758,-0.381234302440585206930899947017
0.250104022035118166233732200085,-0.381198619838679488508437257447
0.310031352615800770324590374269,-0.381162937369990223747651110906
0.369958713391667971759665033286,-0.381127237418517453993922790057
0.429886122239322209992985849581,-0.381091510491522492372886227050
0.671274316398277876756514491308,-0.380819702408017599208720088343
0.731201621210139623911357537875,-0.380754072488532615957339963467
0.794700407144851769431471010408,-0.378394652724265569941229372351
0.880958782177537869697981883855,-0.346998403251110635461652355426
-0.859937004114292801616489130312,-0.333529569385014823604715394759
-0.740145769977924163372247228879,-0.330774646334886542898853468753
-0.800073110695139955916499248971,-0.330772680921469674487314329810
-0.680218474647933443766108125585,-0.330700864682748569938371049099
-0.620291144828176169098466203833,-0.330664671117709330735323351251
-0.560363815217130634650828651394,-0.330628133613350207942243051662
-0.500436485133240060692019923408,-0.330592380060470894436643256240
-0.440509155044133888553939192052,-0.330556635250641403225316033906
-0.380581824955028553791282352051,-0.330520890439408025052777720496
-0.320654494865922444122845651760,-0.330485145629473801462378630146
-0.260727164773743397992744750268,-0.330449405971788277975633689052
-0.200799834648381027477846756103,-0.330413721998419139699116821404
-0.140872504522883720564841493393,-0.330378038251661642118481186430
-0.080945174396824550455266199836,-0.330342355448510394508779391921
-0.021017844270409852651803371375,-0.330306673242453597444354005126
0.038909487397382046440667983584,-0.330270989638252252223351142096
0.098836818253798443188975560956,-0.330235307018109774401544430694
0.460560321629179035752812038133,-0.329609672322917148363046517883
0.520487651622360785755903909633,-0.329573767052847768986416507149
0.580476455596008648332069917193,-0.329496329339186638350772579158
0.640404249448928194819259012871,-0.329452696633419022641746769903
0.160182124441750071503313343143,-0.329353553285967386687092097920
0.220109454590313948048386861976,-0.329317871067105165039942530435
0.280036785401417257915531344962,-0.329282188465199446617392469275
0.339964115959935449640971251658,-0.329246505983731142684789060148
0.399891477443328172051861263359,-0.329210806440186917827023571448
0.701136989491948042892876129727,-0.328862923013979831071370538248
0.761064294303809790047719176294,-0.328797293094494847819990413373
0.824650531018926708968122993455,-0.326488234535108209675351629172
-0.917186461966948833561780149789,-0.315815570828023792856147992660
0.921533584731641985838380734685,-0.302896571463807448508921137059
0.865245501513000000000000000000,-0.282304428220000000000000000000
-0.830828433694768026713567747963,-0.279339264969496697199801308148
-0.770140524949209753922818372143,-0.278856147140190941923949588186
-0.710213194978548864891565492551,-0.278820204301559457303233834647
-0.650285865158791590223923570799,-0.278784010736520218100186136798
-0.590358535547746055776286018360,-0.278747473232161095307105837210
-0.530431113660254383429112336893,-0.278711666603285879353694441102
-0.470503776002052757720805646332,-0.278675917417414636476049512482
-0.410576445912947422958148806331,-0.278640172606181258303511199072
-0.350649115341126920002975497718,-0.278604427517167721495797412399
-0.290721781271311138058682551017,-0.278568685559828336901891052213
-0.230794402939274205739226174140,-0.278532973715121562381700034151
-0.170867072718132222933000181130,-0.278497289796221085775740532420
-0.110939741692708114734435473457,-0.278461606568753917592667008780
-0.051012411469605187463033579665,-0.278425923821876020903051658152
0.008914918656809510340429248796,-0.278390241615819223838626271357
0.068842250769919612545772543950,-0.278354558266299820743337689706
0.128769581613335885262800516840,-0.278318875640731258514957476203
0.430559724586917560074056693840,-0.277725422238067564672869099620
0.490487054727970633623409697434,-0.277689764625254480369283531215
0.550414384721152383626501568933,-0.277653859355185100992653520481
0.610341619163252160943012957263,-0.277540981448888468694531068778
0.670268943831380512101762256549,-0.277497079047417403415387138424
0.190114887808049163185264028361,-0.277437121912487344796134681338
0.250042217956613039730186006853,-0.277401439693625123148897742263
0.309969548745551937231531756728,-0.277365757078940365554750382607
0.369896880011595649917152221281,-0.277330075005400606527148987983
0.731092672789552037474829360594,-0.276903285028956091030060566042
0.791029302638678507359625407386,-0.276880783769086049467304286437
-0.912470378330953401221482925378,-0.256074088385432733376822710609
0.938478584169956429456078484300,-0.245414807717940682436254789788
-0.860062268833063103532086513485,-0.227010774256495880670926230564
-0.800134938577603129022260056887,-0.226975309440815178214270650646
-0.740207608606942239991007177295,-0.226939366602183693593554897106
-0.680280278787184965323365255543,-0.226903173037144454390507199258
-0.620352949176139430875727703104,-0.226866635532785331597426899670
-0.560425619092249159517076268374,-0.226830881979398823200115549061
-0.500498289003143000787892596162,-0.226795137169546851539073401085
-0.440570958914037666025235756160,-0.226759392358313473366535087675
-0.380643628824931557152342218640,-0.226723647548377916022290268291
-0.320716298732752517304667764995,-0.226687907890681858325990853354
-0.260788968607390711040632986935,-0.226652223916365122455598806217
-0.200861638481962956607288717466,-0.226616540052801292396621563994
-0.140934308355846854699230561426,-0.226580857345264036740151023826
-0.081006978229720793584805991115,-0.226545174654452776076369622628
-0.021079648103306095781343116213,-0.226509492448395979011944208983
0.038847682025386399876469337333,-0.226473810243652461430915590900
0.098775014131904788403937417193,-0.226438126890332562028978255786
0.158702344979634976944751202057,-0.226402444267251216624000059621
0.400498255820715453767869064445,-0.225804916413804432866146150577
0.460425586673588565716723223038,-0.225770475879515070017012707919
0.520352916814641639266076226632,-0.225734818266701985713427139514
0.822277635792000000000000000000,-0.225716081543000000000000000000
0.580280246807823389269168098132,-0.225698912996632606336797128780
0.640249405421980820267136125194,-0.225610157361432270280580399197
0.700176730090109171425885424480,-0.225566254959961205001436468843
0.220047651174348254867063173238,-0.225520690539007302905089893166
0.279974981300747719046186418619,-0.225485008307366042086255655594
0.339902312797212137503064159827,-0.225449326100609829399797853394
0.761041505080161784633285182536,-0.224996121614557778861271439915
0.882204565506000000000000000000,-0.224809860144000000000000000000
-0.947581266202729391102513223985,-0.207509577452492273877495988290
0.951841807953976165269356642203,-0.186996399494176754095058957502
-0.830129505467709799265349369683,-0.175094342882470538763290934205
-0.770202175367057846112779542302,-0.175058617434760448766872834731
-0.710274845547300571445137620550,-0.175022423869721209563825136882
-0.650347515936255036997500068111,-0.174985886365362086770744837294
-0.590420185852364765638848633380,-0.174950132811975578373433486685
-0.530492855763258606909664961168,-0.174914388002123606712391338709
-0.470565525674153272147008121167,-0.174878643190890228539853025299
-0.410638195585047163274114583647,-0.174842898380954671195608205915
-0.350710865492868123426440130002,-0.174807158723258613499308790978
-0.290783535367506317162406061673,-0.174771474748941877627724828713
-0.230856205242078562729061082475,-0.174735790885378047569939501619
-0.170928875115962460821002926436,-0.174700108177840791913468961450
-0.111001544989836399706578356124,-0.174664425487029531249687560253
-0.051074214863421701903115527663,-0.174628743280972734185262173458
0.008853115263125551551532761736,-0.174593061074992362962036569473
0.068780445389540253149963894407,-0.174557378868935568085750775075
0.128707777498203880085888102411,-0.174521695516852520138020839203
0.188635108345934068626550346934,-0.174486012893771174732955271449
0.370478711696829988620150568754,-0.173909341626111120221311215929
0.430406042079444113091992232377,-0.173874092326348234452195480996
0.490333372932317225040846390970,-0.173839651792058871603062038337
0.550260703073370298590199394564,-0.173803994179245787299476469932
0.610188033066552048593291266064,-0.173768088909176407922846459199
0.670190898312603348108764532502,-0.173680456691926032789395734337
0.730125562380718918584341246422,-0.173659091545562892832647342716
0.249980415225522177479709943208,-0.173604258743977419322982685143
0.309907745352407919317718821718,-0.173568577329035505931303126381
0.791362673570241049815945273052,-0.173305572084722598225062779858
-0.898373642810000000000000000000,-0.173285345944000000000000000000
0.851290004064459703727815947185,-0.173270513037234889356024329982
-0.958586510515580829483384556516,-0.148601422101008292854319741205
0.904061561241984568514809901660,-0.144872468696834551739341767326
0.961572254312941738407715304326,-0.127864305137935545948305443606
-0.860124072230470878555306144753,-0.123213593716576759544435825721
-0.800196742129818925402736317371,-0.123177868268866669548017726246
-0.740269412310061650735094395619,-0.123141674703827430344970028398
-0.680342082699016116287456843180,-0.123105137199468307551889728809
-0.620414752615125844928805408450,-0.123069383646081799154578378201
-0.560487422526019686199621736238,-0.123033638836229827493536230224
-0.500560092436914351436964896236,-0.122997894024996449320997916814
-0.440632762347808242564071358716,-0.122962149215060891976753097430
-0.380705432255629202716396905071,-0.122926409557364834280453682493
-0.320778102130267396452362836742,-0.122890725583048098408869720228
-0.260850772004839642019017857544,-0.122855041719484268351084393134
-0.200923441878723540110959701505,-0.122819359011947012694613852966
-0.140996111752597478996535131193,-0.122783676321135752030832451768
-0.081068781623537308024887892672,-0.122747994113549489358580111084
-0.021141451496990054606040516443,-0.122712311907569118114713306426
0.038785878629424647028300136126,-0.122676629701512323259005922324
0.098713208755839344831914579625,-0.122640947495455526194793358493
0.158640540864502971767687247288,-0.122605264143372478246976051031
0.218567871712233160308240763914,-0.122569581520291132841847795485
0.340477049896391182368399221949,-0.122024384746385383039405044924
0.400404380092775287882191640404,-0.121988820246255539851396832295
0.760446730870798183767001336938,-0.121968542015727712196438682660
0.460331710475389412351796665874,-0.121953570946492650279772836216
0.520259041327674364991066291560,-0.121919129388807611451594860632
0.580186371468938652745002463050,-0.121883472130969674771768504490
0.640113701462520889195812740787,-0.121847567529334396183024574738
0.700139730603213095267220354444,-0.121773293277527720620606608211
0.279913179538551229254715617342,-0.121687827614537939931303029810
0.821291132808753950380121271379,-0.121386659375491181462776558503
-0.917276135815324433193551654617,-0.105187839993279195947186263908
0.910120951246057607003401123624,-0.085252254322189273527222924879
-0.967341731553362132759959644128,-0.072252717514449683435917819692
-0.770264421766717793549150250876,-0.071261181481468525278015235279
-0.710337092155672259101507475638,-0.071224643977109402493501157832
-0.650409381142579260026711079521,-0.071188670189150643576908745782
-0.590482044126736141260074652234,-0.071152920632417215523505005482
-0.530554713396048603731635332470,-0.071117176192472351215896962382
-0.470627383306943268968978482438,-0.071081431381238973043358654756
-0.410700053217837128858630331220,-0.071045686571303433709232308359
-0.350772680602827809746238800459,-0.071009971430391647279325693075
-0.290845344659546767623836785794,-0.070974290810433578060567948787
-0.230918010191609108098230249563,-0.070938609450572264086439000355
-0.170990678932378512158510411300,-0.070902927396339668054212525385
-0.111063348386298387314844667741,-0.070867244947655710139725002599
-0.051136018257105660756523437782,-0.070831562740145873271477968641
0.008791311869309040906527724676,-0.070795880534089078432323886799
0.068718641995723738710250821344,-0.070760198328032281368048505742
0.128645972122138436513713724502,-0.070724516121975484303748570321
0.188573304230802063449377664267,-0.070688832769892436355868575068
0.248500635772086810667788758258,-0.070653150546684584905590727637
0.310482484082534492305396017573,-0.070143635031887817039404948353
0.370409846839192111708723959391,-0.070107972731674976455992935163
0.730447854770295361782976000125,-0.070075094287883568912365265853
0.430337177035576217222516377846,-0.070072408231545133267984722534
0.790375190109311084331177335265,-0.070049629306496295434152461305
0.490264507418190341692108381267,-0.070037158931782243674221943719
-0.832481298444000000000000000000,-0.070024930272000000000000000000
0.550191838262428061073539554493,-0.070002703374985239676323953720
0.610119168256123941117283815316,-0.069966798963029689435425895544
0.670062533753130636354268562729,-0.069940404114936084014235448611
0.851825895244941771700181114570,-0.069821996550396582507696136853
0.967632786250376251320925805771,-0.068244206832620282159399328356
-0.912782845689538099795139433337,-0.045429187790057353570037704484
0.894225419475653022378101968843,-0.027471476904122473934580166831
-0.800258662452804210017631145722,-0.019380243797524936240118439209
-0.740331332841758675569988370484,-0.019343706293165813455604361761
-0.680404002757870670290456758383,-0.019307952735981079390245014697
-0.620476672669217419914398686640,-0.019272207166821666557389078126
-0.560549334353986944000555543244,-0.019236458359256841603195378699
-0.500622004264881609237898703236,-0.019200713548023463430657076869
-0.440694674175775500343497982423,-0.019164968738087942143900738495
-0.380767297100489841521864758735,-0.019129251018392751742766643685
0.279069940316070073718469158489,-0.019108957964034462013692646180
-0.320839913069354774543883235771,-0.019093542459523646058453947067
-0.260912578386674870496199050101,-0.019057861112757502638120405169
-0.200985246126639665147386996063,-0.019022178479915260442039601542
-0.141057915566079355167039771628,-0.018986496022859663817892660833
-0.081130585019866740063954714345,-0.018950813574252094042547833691
-0.021203254890806565215244628687,-0.018915131366665833605641817692
0.038724075235608132588478409894,-0.018879449160609036541366470217
0.098651405362022830391940359540,-0.018843766954552239475465137120
0.158578735488437528195404141481,-0.018808084748495442412641094357
0.218506068290655713808925658612,-0.018772401796285888419611507220
0.820909952545498905651237178456,-0.018484966481401696479072039655
0.700370657920212902870024208411,-0.018242205125291932305994106254
0.340415097496048882614059497027,-0.018227117202422230674521203293
0.400342427623114473823016948245,-0.018191436089540598908908009244
0.460269757819498579336809366700,-0.018155871589410755720899796614
0.760369832474087286873531086015,-0.018152445861653434691776750380
0.520197088202112703806401369873,-0.018120622289647866127136595540
0.580124419039765653735226855419,-0.018086155282097071066826467146
0.640068000546733688275739637258,-0.018059635548631377266636769417
-0.860130862141808855423721625635,-0.016810054368694492649423664194
-0.969957295405614984437426358440,-0.012382482881245614602011863229
0.970000273280287018531977963140,-0.008363649266217111484392255571
-0.916343869260630587699193019099,0.014392257197724773930723517894
0.912961020800689463288540576556,0.029451834772987568215811990958
0.852916695201720302267553952188,0.032179168701571055183230810835
-0.770326640054247327790470638097,0.032536614778783480717760972212
-0.710398702926292288544253240778,0.032572802022049747006200269895
-0.650471306887488324952756555894,0.032608517552659647977270229718
-0.590543962881440359532472434828,0.032644255097674313723552389531
-0.530616632797550088203390778280,0.032680008651060871683429968851
-0.470689302708590871507604072814,0.032715753707265067096444167780
-0.410761918058428213024092551794,0.032751466814822739832574028053
0.249075223602198083269635702178,0.032771879291327707868445702570
-0.350834529566935860096072091715,0.032787177952428579386635226594
0.309002553729584464027132637943,0.032807559865431124351191098880
-0.290907146677623371607995061206,0.032822887169623182711298663984
-0.230979814321705427541825342610,0.032858569857899501004243486881
-0.171052482760340508155702778224,0.032894252893564743794157123099
-0.111125152199647707916149810862,0.032929935350543952279284512335
-0.051197821653567644505201415402,0.032965617799227945613213284060
0.008729508476147920657643652415,0.033001300007193120793894539309
0.068656838608981644239997054711,0.033036982216961041938072296672
0.128584168745180216152742593403,0.033072664428674331428033365757
0.188511499548291178554952135825,0.033108346225111105523615973491
0.790923965003558548308918500570,0.033400741766965863085428157665
0.670359098948536123467150354885,0.033648541047652132336370759377
0.730286429195956095684341523565,0.033684019446474675399847189894
0.370347962764337081898544439461,0.033689371991441407420878838150
0.430275292960721187412336857916,0.033724936491571250608887050779
0.490206360554422492239041904319,0.033762346249769668525958449855
0.550133705624509332662104505359,0.033796821484315284178920518578
0.610073251330375400893682677361,0.033821008132301241101962658981
-0.840235933953258136196086362302,0.039718504799857908352141272789
-0.968837821804000000000000000000,0.047621028220000000000000000000
0.968665679706443323285352758013,0.051548828810497215264205391908
-0.914595765069257276623588840864,0.074294096076311988652200972572
0.885291420715036719043505104071,0.082608954713783508296615737397
0.822924825970479028126514814113,0.084068592191825461360766723922
-0.800320349739115247617635323643,0.084417859450051536846437095365
-0.740393019704628575780848800792,0.084453695714245663214866712766
-0.680465689575367751503343005154,0.084489373139987413894120429697
-0.620538359477134287368745558347,0.084525102644339780977922600632
-0.560611029435729518186194106666,0.084560927337851177206364914490
-0.500683699305880783529448169824,0.084596603776066887128524590454
-0.440756369177594821429294795913,0.084632282839245916906864295274
0.219080654859833548015662179391,0.084652627312724701811673183281
-0.380829039048316258475722443816,0.084667960235192021782475569872
0.279007991078663082059756578068,0.084688311408561952431923207923
-0.320901708919822324087940599843,0.084703638949054566239067899413
0.338935321207903786847362838724,0.084723988868098370667329420524
-0.260974378792927435131509017466,0.084739320348633789997345368961
-0.201047048666512737333435767918,0.084775002554690596113427323462
-0.141119718540097948430097156042,0.084810684760594393323147464478
-0.081192388413683250626665587774,0.084846366966651190440073526295
-0.021265058287268552823202547346,0.084882049172707987504142920506
0.038662271858810583751487684850,0.084917731390133670546263014015
0.098589602850477920959614645857,0.084953414096431462073081099312
0.158516934284282422681363390921,0.084989096257500181162980429817
0.760846680577800705195592001963,0.085233580111708131439822201158
0.640364349732177836085093394987,0.085529184728584750704970187775
0.700291679732733235936935086323,0.085565077689628102028403508223
0.400281101268487757759377644583,0.085605902500596900107029982626
0.460208431651297647098738031687,0.085641151467538386385061969028
0.520148263519487994783146919676,0.085682844949854953896159516797
0.580082537915119079820560327301,0.085703984898713596347709644705
-0.858988918506024454324675292358,0.096636092061299582845752020053
-0.963977914173685443955379931194,0.108245377629857858757564841704
0.963634099107805626790130295585,0.111264566819664718474402438816
-0.905629945823346829660560376810,0.134264548581397609154044097917
-0.710460278636729051945813593404,0.136370139944009713893933192354
-0.650532948520307251539430913880,0.136405838928930886283981683801
-0.590605615692277385354245635123,0.136441702556546372423381864667
-0.530678282006578843611658854965,0.136477367899996743099623753248
-0.470750942230942668444545308636,0.136513038776872382888945504153
0.189086000016262733922865312437,0.136533431092953721514443375193
-0.410823610658236121722661990965,0.136548717007261336407299432795
0.249013419639931932364455203910,0.136569057871069344621790416154
-0.350896280528955992046676231606,0.136584394403206537978891105062
0.308940864909307820615182583604,0.136604801898078312269506976774
-0.290968949271146895509921149221,0.136620072465955048272199022133
0.368868195111559148505454196819,0.136640356510374612168100748380
-0.231041616762864171553896428799,0.136655752492529451693712673795
-0.171114285937779521661106205199,0.136691434295763473669980066575
-0.111186955173798856793889240971,0.136727116134074435240478179037
-0.051259625047384158944457711728,0.136762798340131232331123999548
0.008667705079030538859046097134,0.136798480546188029394928546697
0.068595112786062347479508127134,0.136834207604971741208688637720
0.128522445552443431059051088290,0.136869890536459552932048137944
0.909681231009938925406722056934,0.137348550282976400072992644401
0.430214919039427236808240181382,0.137522510070621352522253496067
0.490142249882712644938230160886,0.137556974637249630122758860846
0.550097095810097741941602741618,0.137590008364253266064948642923
0.610045337958626784739504466701,0.137603086845210651280340317006
0.669972672053271259625559032271,0.137631328817195544307367208110
0.849754671067521514502481891738,0.137654463290173997722984981195
0.729900002053826659477400723607,0.137667221778238895630800528557
0.789827339392134380481507436915,0.137687441590033095405011803567
-0.774090593207000000000000000000,0.138646408513000000000000000000
-0.846818765144574577353593175629,0.155314653192763176191841296238
-0.955454325688907636948340901860,0.167563457577225363616284476047
0.953528002446884609752885730231,0.178198847758715347341410859064
-0.740454823750809302976151700625,0.188250901625961958152530870300
-0.680527493634387502569769021101,0.188286600610883130542579361747
-0.620600163615298429209364223692,0.188322462614526572605589939635
-0.560672833477624929357998663988,0.188358125906707543407082585581
-0.500745503341148745470393556071,0.188393791210759007351275765372
0.159091373558370839575221990420,0.188414329426055664605643630023
-0.440818173211870142741172808113,0.188429468606638301061118173066
0.219018743853188087240513257428,0.188449873727588827046740965720
-0.380890843082591578710936175826,0.188465146002582597463491757354
0.278946187118523986080458456092,0.188485486873579346099556695044
-0.320963512953321555329740213624,0.188500823412872621129078980319
0.338873963259585427754287720170,0.188521299301636268478315566577
-0.261036182824790036715687211610,0.188536502063607208209651599702
0.398801355110689212376131623631,0.188556559200542540075342790733
-0.201108852697895147922925145571,0.188572183463186706852806146702
-0.141181521933782015741276166475,0.188607865301574253664844053490
-0.081254191807367317937813126047,0.188643547507631050728913447702
-0.021326861680952620134373231714,0.188679229713687847831856101416
0.038600468445462168762741901441,0.188714911919591655493745732068
0.098527993218183561944318489566,0.188750705858386909944456550131
0.460161648026635442380036000414,0.189445795241721420378760775387
0.520091082305921554951365465137,0.189464137975142314923239164707
0.580050583265702602891045986517,0.189494485613783888355289191489
0.639977918742823897209289198139,0.189519623487186620972373065852
0.699905252837468372095343763709,0.189547865459171513999399956955
0.819819565275279546858202347897,0.189569544052004669449129291771
0.759892233639224083229593317907,0.189602593747097195125675263283
-0.893459792461896952689478260081,0.192943109712861202500133374102
-0.800196368852648494073439165834,0.192966191452158591229111638360
0.894382293686000000000000000000,0.198317448248000000000000000000
-0.943284172327457759977258785131,0.226242018708688956962373752233
0.940704800676028380663750805989,0.236738165021936220938330062071
-0.710522019299974204557305171560,0.240167373536858128318651480939
-0.590667399611300923289534184968,0.240238893620337352600453926550
-0.650594738842925512515479786988,0.240252381315029468619711337869
-0.530740069473627423438168625264,0.240274556912518323401946572496
0.129096852911794611531581202485,0.240295179559104440167823501685
-0.470812739337151239550563517347,0.240310222216569787346139752287
0.189024260003240965469394203763,0.240330689837573631449758793499
-0.410885409207872636821342769390,0.240345899612449081055982159982
0.248951623675965552566378273496,0.240366237959029688620080947470
-0.350958079078594072791106137102,0.240381577008393377458355744269
0.308879061024408530931524242607,0.240401854514570330898886026192
-0.291030748949324049409910174900,0.240417254418683401123942967234
0.368808085146718406381130979100,0.240438058081824760519824394805
-0.231103418820792530795857172886,0.240452933069417988204515586618
0.428735581826391915822108895948,0.240472146842724057235009921109
-0.171176088693897642003095106848,0.240488614468997486847670133618
-0.111248758567482924092954139281,0.240524296675054295575190296236
-0.051321428441068226289491098854,0.240559978881111092639259690448
0.008605901712959134424663275224,0.240595661102978955207204387736
0.068533232505815825623511371421,0.240631342892909921351498006858
0.850356860039071065608208418563,0.241132707238619111392782354700
0.490110484008963237915505228875,0.241352960423301029909048041701
0.550044569761526415900808710035,0.241368615224672937213579713273
0.609996738583996710847870881231,0.241408109739765494679826694567
0.669924072678641185733925446801,0.241436351711750387706853585671
0.729851410016707691745009263113,0.241456572238443265321299957856
0.789977748769119524086668984640,0.241538305408350222930331486991
-0.830124133242210031288297883266,0.244885504698223509395010867534
-0.770201233734434618680484786098,0.245615082576978706676025178548
-0.889534281285984348845226259132,0.252741742902156632801241244421
0.897440924469117721928971712168,0.278205298813087370525290991135
-0.560734636245001831641212157775,0.292155324993817394510800169297
-0.620661975451686901956754893967,0.292168923046109070224086554600
-0.500807306107328331789846598071,0.292190988285998365312292815243
0.159029788567046845968330086054,0.292211511597863199213868060407
-0.440879975970852147902241490153,0.292226653590049829256485995034
0.218957156286288560636873820676,0.292247044576792709073981436853
-0.380952645841573545173020742196,0.292262330985929122966328402728
0.278884497581850097417444060011,0.292282605600020673419410278618
-0.321025315712294981142785119538,0.292298008381873419370397861254
0.098878584035461288652408431842,0.292307699283839453265992373544
0.338812221058505885344433094813,0.292318057184577279206025436964
-0.261097985583024957761588147706,0.292333685792163443034289209980
0.398754149936441925162287928025,0.292360487645030927372606965755
-0.201170655454493439147535145692,0.292369364442898030114861829364
0.458684414748856628278360137669,0.292379309892561537930655890366
-0.141243325327598550354773079654,0.292405045842477528758016376364
-0.081315995201661670590948395360,0.292440728851008179987056643235
-0.021388665074636596334968654901,0.292476410254514718708772439113
0.038539108259605758259334733744,0.292512347894770024853548299687
0.820515043532911042836675055307,0.293101468594964664873984549920
0.520059132255446240416987616960,0.293260230025049013773196544425
0.579986469816764668320258715490,0.293279777708114234703124989999
-0.680578317016144185377391983247,0.293317044481937290705738787439
0.639965453411841234825241761372,0.293337867112815918558148376679
0.759820141006631083403709851428,0.293352249632169662747101645261
0.699892800542231143132239077968,0.293358094631166328103417426007
-0.800280988591401841937460585402,0.297446487314308337170203397440
-0.740353797946557670924397218809,0.297580616791385490997011625181
-0.921320321990953057735599740986,0.303544634410437852520965031063
-0.859761597315074926270372702858,0.304750140863144364587242304267
0.909663145248848918358873133170,0.336873036868270874120211183659
-0.530810739547956112096339915248,0.344076867495602296666343791383
0.129035368622623584714454989865,0.344094324127167583647751710779
-0.470874592980812034248347226949,0.344107448625526508606271478803
0.188962699989920250955013740674,0.344127857608060551600243158338
-0.410947253281024332378675871320,0.344143108415798349199230810831
0.248890030192173105487939607191,0.344163412217783693873310768001
-0.351019912150139024781379299830,0.344178779468638150335850588384
0.308817657615947451830352912217,0.344198808270027621726549689390
-0.291092571543980458143579827116,0.344214450824074258549983395560
0.368746451577418878736618533423,0.344233642633849616794496441778
-0.231165230926805574483215645970,0.344250122187496824486202940232
0.428703131516523194557095708117,0.344267736589106518185702471608
-0.171237899624760116628767092739,0.344285800161634399419906369660
0.488633062995339630779842525755,0.344286579494309521794804393090
-0.111310566022269745503339130995,0.344321479557336753128661920322
-0.051383231140028388031593458487,0.344357159823588669125486666363
0.068545620426482413928821633279,0.344386332126808111868022312178
0.008544098990078312203167947848,0.344392841225318475864140778814
0.790381102658908294443149879533,0.344901389219442712390638679098
-0.592447522001990585132108632036,0.345038865223446840857757048901
0.850307990031815841907729692754,0.345134496694598838965910338751
0.549998374945932883328545795173,0.345172925162368380688367360157
0.609925712507251311231816893702,0.345192472845433601618295805731
0.670088855467391649979362443501,0.345348584408394532619300263511
0.730138402992416314496439163266,0.345412604968602371606666973336
-0.661552101749000000000000000000,0.350607025763000000000000000000
-0.781408425920696496088234976525,0.354438878820378540888103751972
-0.721475130264571566668725247814,0.354456640525936881778427100718
-0.900818608538547953801678807800,0.359855964663021935069686900376
-0.840917760983255516041060216982,0.361637714212688133941770996901
0.887114078384385881763425506302,0.392427181430009322632092849127
-0.560826318233578263503118594698,0.395945463056571025499493885640
0.099040294242593582306518778004,0.395974779813645391286250027572
-0.500869145107006403387101639579,0.395988206253467222493974402726
0.158968242528508129565520776380,0.396010691768158568447081041927
-0.440941805408618479318327524446,0.396023866042929789858572137312
0.218895573895804795806079527189,0.396044225249051536399572489486
-0.381014474745961634101530538739,0.396059531043624021702854574120
0.278823190226270459900848459397,0.396079614887790642180450178772
-0.321087134139856257239312362623,0.396095202399029378549578469977
0.338751888134860445222538350827,0.396114393719299959315020694204
-0.261159793535098430675624030854,0.396130873755273093285166438793
0.398695284588018265238273736640,0.396140805632836107419577831926
-0.201232463393189882461438554456,0.396166551158282575954973692133
0.458644968387890941306741556500,0.396178935516395055844397315916
0.518572305685826273691400703967,0.396199274631628888709975208822
-0.141305132085910242462518664202,0.396202229129402347844760573611
-0.081377798594868184524267279925,0.396237908589360978598784534931
-0.021450361087782109132689452155,0.396273652070348231694109442271
0.038492026605712041759542730815,0.396300526598766619607115016789
-0.623073267353175200810578267839,0.396549542669822108086116614270
0.579945422982799303117368629728,0.397081646189234092826042527720
0.639872760714216796065027520897,0.397100665580201444427550394930
0.767845929757895540226522436107,0.400430229938672392048059980013
0.706646957584000000000000000000,0.400557018837000000000000000000
0.827772228206930652151419415818,0.400783675121539069353377295852
-0.757483820181210621088589724218,0.409383390916767924043609083479
-0.697556482888935022766476538008,0.409403746701058377352520112088
-0.876878851623645800212610639627,0.414793876965506766945040232287
-0.816978004068353362451992048809,0.416575626515172965817124328812
-0.591432191150416434135364917650,0.447467950499419429663934248870
0.069044395981621614822076855462,0.447854759158451790474455900724
-0.530883835934900029489207096715,0.447857315594249988181549760939
0.128973168148478127157584564519,0.447891147454636376085579358720
-0.470936357534812848457081937076,0.447904623670870503746275061235
0.188901402562605483978429628586,0.447926894438165516754220452699
-0.411009026873555781041182191865,0.447940288670755462362195900601
0.248828733929902150218988379395,0.447960427919058484706711900257
-0.351081696735678866559463601532,0.447975953974015249916582455713
0.308757420745183453293033898007,0.447995200337062979768921183586
-0.291154356130974229772057834314,0.448011625330228213284356079115
0.368700721145459831724193554044,0.448021556718286449940102084352
-0.231227026001642444797360958996,0.448047302726150924420299080675
0.428636861907126182596581342753,0.448052154266290064915171882716
-0.171299695858067631539808406818,0.448082980128199710721469150319
0.488591262506070276984301604672,0.448090219233437600295535143177
0.548518907863241607925428453165,0.448107724688702861051685685187
-0.111372364656794694295186105348,0.448118658160438362437550616491
-0.051445034529899805939950055527,0.448154339560018595910793717753
0.008489506648820958557801402754,0.448185992511813954257877685438
0.670595435442552001522673149720,0.448553589956149533287737400707
-0.652405426074640747518258281557,0.448807658154776905528358633699
0.610048409536279858680946605235,0.449079618067907180828104745150
0.738118944871646733667130770939,0.452464762115610955826995327965
0.857996468960000000000000000000,0.452555284491000000000000000000
0.798065789273954367923714833725,0.452829939687033782325975903377
-0.729322080111000000000000000000,0.462691967471000000000000000000
-0.849543498891634900276927640405,0.468124571627503766938787417693
-0.789179459011865842703722655824,0.469665428379961960313170881554
-0.620785569992740573052743652570,0.499714149594081974446751457067
0.039049833248742034559389229929,0.499735510654198950337451359278
-0.560858239797844862089349171864,0.499749716602116232575970000529
0.098977269887506159673142641977,0.499771126799442775273785231872
-0.500930909661007217595836349706,0.499785381298811217633977985158
0.158906328182575481570493416725,0.499807350124643324392718769492
-0.441003578999750150179936604495,0.499821046298696176249898824524
0.218835633081518477370615067196,0.499842479887437854342691457513
-0.381076248863273013499115254658,0.499856711601146690575923782194
0.278762964448815143611173818005,0.499876013368330822295182905071
-0.321148918726796839092209073223,0.499892376905214084651360064850
0.701496338542550769923990544584,0.499899674099973064253413962286
0.338706022864285332645610735421,0.499902496552641827248458446673
-0.261221588597518243903650849621,0.499928054301106044413790480042
0.398635494061092209604418227562,0.499936829420928029594447250025
-0.201294258468239685292686463862,0.499963731697059443568995122209
0.458575368185594108403435080262,0.499965274102360949119139372885
0.518539925119297893769169959932,0.499997480546082309075648267718
-0.141366928338969665654984243504,0.499999409107355755179347980131
0.578471386131347509786684734967,0.500012784315860244693196766827
-0.081439598212074777299748193684,0.500035090506935988652591081392
-0.021512250789445136864070811921,0.500070759186638576359046942797
0.640506200974000000000000000000,0.500690162409000000000000000000
-0.683168591097000000000000000000,0.500975495344000000000000000000
0.767776259038633222382279130122,0.504539034896906540933495401631
0.827688880543583885686731971298,0.505867174085637540035029749090
-0.755347729500549452850845674268,0.519129559298974814116439284433
-0.817203464143396748684816915262,0.522636564913814518090166693775
-0.650780121594515519268594799686,0.551594907525212661892367543019
0.009055054630973615450182656447,0.551616137336720646387202822720
-0.590852791457677874775340060051,0.551630572221907646950226318773
0.068982707154626579410455016444,0.551651878295189935136780690426
-0.530925461262782163811945579345,0.551666139229941905079444862235
0.128910429921603514086051494183,0.551687329469449723580924642643
-0.470998131125944519318691017125,0.551701803926636890137601748448
0.188840558701488474962678855335,0.551722935573915661981189774306
-0.411070800989467382637869667288,0.551737469229087404463626706117
0.248769786150078100870089190223,0.551758109994065301461809795558
-0.351143470852991205357468592025,0.551773134533154800200357008329
0.308710423103956882372081944353,0.551783969303800828813925571240
-0.291216140723712610168910368423,0.551808811929046759962787423520
0.368640011265916203958685864001,0.551818221604606074991359649528
-0.231288810594434051557945982664,0.551844489325000159117992065687
0.428571651585124325214657220579,0.551851303722383255573979732161
0.488520137086086356834804727963,0.551874781755547489228759056883
-0.171361480465164031920243762306,0.551880166735296470728344923609
-0.111434150338269143565007712485,0.551915848134876704201588024870
0.548463481008251482780688920323,0.551919219464003680088472183110
0.608390819149789499349092165803,0.551936899110000770102498803745
-0.051506814471620108223868950077,0.551951510133555969100844306436
0.671819825282184246359135256266,0.551963007934903474033062384300
0.731745385478123772935228704894,0.552424965187198498767969090704
-0.710291665742431985376070291094,0.558642054638102326543902342543
0.792769091286212441526810352915,0.559005946921956060873956831470
-0.783371734632080358831939933706,0.572100695832827371893435096655
0.640084392195065179199234109728,0.602797528254004627862942205481
-0.020939509051201355909615481709,0.603496888283638039129000186359
-0.620847343585633491801340271288,0.603511330456411496627145152105
0.038987928536858160301248442963,0.603532504977711631186532153868
-0.560920013448795847308085531652,0.603546995153106481685003927859
0.098915867188723933823363868650,0.603568080965196883443920101197
-0.500992683253900136344691050947,0.603582562161140739814222471322
0.158844660440516507478236932793,0.603602914918722061169395647457
-0.441065353117062491851436488727,0.603618226857835724872379357534
0.218774711769194302952410461093,0.603638565681035401025204408726
-0.381138022980585355170615138890,0.603653892160286239198404315203
0.278716528443579258176912914378,0.603666479216250935104965239981
-0.321210692851306759982056915288,0.603689569556178198960834730395
0.338644429427228833180859375746,0.603699684022356274943709983989
-0.261283362722028201371092529529,0.603725246952131598116039372562
0.398575392602435042424149171167,0.603733143482013531227030290683
-0.201356032592758181733390309170,0.603760924362427909726392230484
0.458506737149392776530902445311,0.603766396147997276584055798489
0.518453338576381250535384027166,0.603790960523264275750855060972
-0.141428702465863293378154259350,0.603796605762008143199635331745
-0.081501366597814474489128468879,0.603832267761496684649841249914
0.579828927501156048389580580288,0.604619956298738806062298352387
0.756738217725702992079759927688,0.606891877212248018708430520543
-0.680358887733549957908815762696,0.610558477569301161278679951629
0.697934124743734877292450483894,0.618440245835918118270454684524
-0.746550206680291869327124998180,0.619381360470666153916688926747
-0.050934061177395722174875000511,0.655377645911578754677997129837
0.008993364854683188941450304806,0.655413255924629023928329517507
-0.590914565048992798331114065019,0.655427753085149477665118287104
0.068921088570955514714157295168,0.655448707647718579493671564639
-0.530987235068998238000544141072,0.655463680358423263311621467830
0.128848655701487848213580310299,0.655484497840307480487176941348
-0.471059904718837438067545718365,0.655498984788966412317846234611
0.188775985830704439723960136945,0.655520175340346880812025247348
-0.411132574582360301386724368528,0.655534650091416926643871192280
0.248703315021727455809317310954,0.655557395373667935399625550020
-0.351205244453081706198166144926,0.655570327487308886406301607472
0.308630644800227405109340738798,0.655593657185990784195027592034
-0.291277914311386979088010259223,0.655606004890440619523721182978
0.368557976167823743637718430812,0.655627190131338278787206742177
-0.231350581300264660720908258934,0.655641683966862588153433687546
0.428485306371557796429674686057,0.655662742244412618447858102164
-0.171423251228839896825687865525,0.655677458407863428392369119030
0.488412636567878684227102332280,0.655698306851066193879168368049
-0.111495921034718233504036387985,0.655713026720077057651679079192
0.548339966709104834624585244512,0.655733964172999578031796588504
0.633169650272081007291630131640,0.662324602039288621749981819314
-0.706879412479810910316503737469,0.664298108536428951612546260858
-0.647792657622236069577538456316,0.674300186805517615459919435442
0.693546055072998125940735087255,0.678206716485144846543222793826
0.587485510257378478800009495408,0.701109206206627689486675345156
-0.080928613337446440842567709969,0.707258403519945620997865335006
-0.021001187271511177323809213996,0.707294013552569739477326460985
0.038926524888780543338167707093,0.707329458594635972244804381118
0.098853877083719429104373736817,0.707365124522829176536928404790
0.158781520879706398429038927187,0.707400983368012272871819936126
-0.441127137185434675519190525687,0.707415413759874929711687626635
0.218708850070729414514396101195,0.707438203401333327459420238798
-0.381199807048957538838369175850,0.707451079062325444037712584305
0.278636179849229363814419529039,0.707474465213656176254822280813
-0.321272476919678943649810952248,0.707486756458217403800142999496
0.338563510045550251611847175262,0.707510029820309751686132546697
-0.261345146790408923398966608711,0.707522433868512685515945574334
0.398490841413146590140224867276,0.707543562765657246278311696840
-0.201417771297250789505283848024,0.707558623186969874097570917455
0.458418171616880642932181122521,0.707579114878731585938963056827
-0.141490422958555290187377308710,0.707593863082128952986994660048
0.521443249537000000000000000000,0.709803550190000000000000000000
-0.573680020418131183884694152921,0.712827989551932330728149060177
-0.513752687845383191914361303385,0.712859294749220602580936991389
0.650344002935336066942585141575,0.719738257034405101963255554862
-0.635430229422403610791878299346,0.732938540621975550813293149626
-0.473882276669245108192344137783,0.757598946982399652040765236040
0.604659862920633538450964505344,0.758522861201744169699949080704
-0.110923069636250074031510361597,0.759139216549805501693215901647
-0.050995739431561895991501923453,0.759174771160936605797194666154
0.008931972762586177072908188291,0.759210216222576687793801324596
0.068859313401544457744575732363,0.759245875469746569278725845728
0.128786644527632860695129956358,0.759281553545333371600343736472
-0.411194359175151907977123588480,0.759331836690266157925415508228
0.188713950271979363118282069611,0.759346326407972080875642507603
0.248641290389705867287995135528,0.759355027812871366014311694395
-0.351266803207187685400396956773,0.759367644652798091620924651702
-0.231417397584927751629292679421,0.759441755867109131091840353605
-0.171490067778622130719497283962,0.759477971697813840774627123367
0.368253351810189247524251645421,0.759565764041342670598930381916
0.428180683177785586052629337434,0.759599296986690165191109532060
0.488108013381519638844585592680,0.759634849099764504851760892047
-0.291363779443781780247929828074,0.761074663487183684387539281943
0.308440609076175304197151264810,0.763270082593354895682690770556
-0.588959445273316854598987977415,0.770777044686870965347960753641
0.546517124572793120479433107013,0.773038650767409794321302107455
-0.529668695005624288924354492198,0.779488709395423152949003810366
-0.443949498658962340650277200576,0.809515369912790880254493117632
-0.140917342702987559889729305035,0.811020135513313713390727563108
-0.080990012500734705363609608258,0.811055690123036867135601070485
-0.021062579427473111419985820279,0.811090973848245499868094625981
0.038864750708980750956935047883,0.811126639189803102401030448811
0.098792080845457889335331951904,0.811162304492250764342141177410
-0.381261591640507319330018091943,0.811248265660458692100290478204
0.159574220990219083320071084070,0.811718033276667870412899773168
-0.202751586613267563049277475948,0.812068340884922761547853701965
0.275187435390441390001435921022,0.813124998189778617722491215075
0.394338350375845767518325250443,0.813518141367368045794336372439
0.454265681743442106046702942457,0.813551674312715540386515522583
-0.262657277013769060711093182148,0.813679063374795685813097671844
-0.322134582701059820135630032305,0.821009566596313974159342378047
0.334880059081000000000000000000,0.821203012326000000000000000000
0.513441650721130607913449669169,0.823011635457020931411627969079
0.217188737324792758938393022453,0.828206019109790812352983718857
-0.499735916995341521382287554991,0.831405132325814381162731691958
-0.170964388971228712678216024168,0.862870508509602709557814964574
-0.051056852496645920792093505084,0.862971892810345761206501030312
0.068779093403638983287765773452,0.863053686770487557941880072217
0.128706423540116121666162677473,0.863089352072935219882990800816
-0.111029150627000000000000000000,0.863654179183000000000000000000
0.008864487409790180757658597976,0.864289064405859376375052786358
-0.432418593362557760763739283584,0.868322889775011464532069929615
0.371345451625878478193095171874,0.868859019354384771330747817688
0.431272782993474816721472863888,0.868892552299732265922926967831
-0.285582281502000000000000000000,0.869641648066000000000000000000
-0.372532146324974461962206278069,0.870536400677367776623908500605
0.285338668955353223557905322192,0.872186310623644554520505957071
0.227339970889704592494862423623,0.887267331543656749150998460853
-0.228400881143000000000000000000,0.887647581754000000000000000000
0.169182098581909160144916510627,0.907282178404946299266186222719
0.329954232679065954033194280360,0.912195530097603907872297645681
-0.329583214901936698160325362953,0.912329647248067678223328174099
-0.079792385013924653804338382101,0.915560440425283143897751834881
0.039963535579515861231070240768,0.915598427673690577194640864403
0.099890865715992999609467144789,0.915634092976138239135751593001
-0.019915196229994761747608657555,0.918011650867848215542291909955
-0.159810912607819169281544826612,0.921750777991925770228182119049
0.272997450367173713821219528017,0.930829131949522901694524175094
-0.272618859003070191228911841471,0.930940083200172408944994612677
0.214998752301525082758176629448,0.945910152869535096325016678877
-0.214614032273489486859578282212,0.945997514766393773241688582676
0.140366540757786038088220977943,0.959826919308149318518947014905
-0.116368706821378820694993958156,0.963031050831487870369538033550
0.069896313589801099859722048939,0.967514850604080380686055186227
-0.051973826143086274244177840151,0.968642969410777292631315406054
0.009938297564000000000000000000,0.969984806043000000000000000000
